Cost: 2253
Path: 494 2339 3766 139 3935 3656 3271 2659 1034 4513 3050 2057 4013 4220 246 3209 4839 4139 3641 4900 2686 2160 4460 1284 1781 771 1069 2680 1213 2823 95 1119 422 4985 1205 1503 4758 3016 4340 4369 4556 207 1782 4350 1423 4307 421 879 1926 696 4053 824 3149 1732 4974 2654 2888 873 456 3110 4984 
Cost: 2410
Path: 494 2339 3766 139 3935 3656 3271 2659 1034 4513 3050 2057 4013 4220 246 3209 4839 4139 3641 4900 2686 2160 4460 1284 1781 771 1069 2680 1213 2823 95 1119 422 4985 1205 1503 4758 3016 4340 4369 4556 207 1782 4350 1423 4307 4441 2408 3856 3860 2798 3981 488 960 110 2387 4553 4615 4974 2654 2888 873 456 3110 4984 
Cost: 2449
Path: 494 2339 3766 139 3935 3656 3271 2659 1034 4513 3050 2057 4013 4220 246 3209 4839 4139 3641 4900 2686 2160 4460 1284 1781 771 1069 2680 1213 2823 95 1119 422 4985 1205 1503 4758 3016 4340 4369 4556 879 1926 696 2015 935 2496 803 1124 2477 3199 207 3619 3042 3110 4984 
Cost: 2530
Path: 494 2339 3766 139 3935 3656 3271 2659 1034 4513 3050 2057 4013 4220 246 3209 4839 4139 3641 4900 2686 2160 4460 1284 1781 771 1069 2680 1213 2823 95 1119 422 4985 1205 1503 4758 3016 4340 4369 4556 879 1926 696 2015 935 2496 803 1124 2477 3199 1410 2465 375 849 2905 3042 3110 4984 
Cost: 2534
Path: 494 2339 3766 139 3935 3656 3271 2659 1034 4513 3050 2057 4013 4220 246 3209 4839 4139 3641 4900 2686 2160 4460 1284 1781 771 1069 2680 1213 2823 95 1119 422 4985 1205 1503 4758 3016 4340 4369 4556 207 1782 4350 1423 4307 2735 685 2798 3981 488 960 110 2387 4553 4615 4974 2654 2888 873 456 3110 4984 
Cost: 2559
Path: 494 2339 3766 139 3935 3656 3271 2659 1034 4513 3050 2057 4013 4220 246 3209 4839 4139 3641 4900 2686 2160 4460 4441 2408 3856 771 4758 3016 4340 4369 3860 2798 3981 4426 1094 4067 1069 2680 1213 2823 95 1119 422 4985 1205 1503 4556 207 1782 4350 1423 4307 421 879 1926 696 4053 824 3149 1732 4974 2654 2888 873 456 3110 4984 
Cost: 2567
Path: 494 2339 3766 139 3935 3656 3271 2659 1034 4513 3050 2057 4013 4220 246 3209 4839 4139 3641 4900 2686 2160 4460 1284 1781 771 1069 2680 1213 2823 95 1119 422 4985 1205 1503 4758 3016 4340 4369 4556 4441 2408 3856 3860 2798 3981 488 960 110 3416 835 2323 1135 4128 3852 4080 421 861 879 1926 696 2015 935 2431 3910 2689 4307 4053 824 3149 1732 4974 2654 2888 873 456 3110 4984 
Cost: 2683
Path: 494 2339 3766 139 3935 3656 3271 2659 1034 4513 3050 2057 4013 4220 246 3209 4839 4139 3641 4900 2686 2160 4460 4441 2408 3856 771 4758 3016 4340 4369 3860 2798 3981 4426 1094 4067 1069 2680 1213 2823 95 1119 422 4985 1205 1503 4556 879 1926 696 2015 935 2496 803 1124 2477 3199 1410 2465 375 849 2905 3042 3110 4984 
Cost: 2691
Path: 494 2339 3766 139 3935 3656 3271 2659 1034 4513 3050 2057 4013 4220 246 3209 4839 4139 3641 4900 2686 2160 4460 1284 1781 771 1069 2680 1213 2823 95 1119 422 4985 1205 1503 4758 3016 4340 4369 4556 2735 685 2798 3981 488 960 110 3416 835 2323 1135 4128 3852 4080 421 861 879 1926 696 2015 935 2431 3910 2689 4307 4053 824 3149 1732 4974 2654 2888 873 456 3110 4984 
Cost: 2716
Path: 494 2339 3766 139 3935 3656 3271 2659 1034 4513 3050 2057 4013 4220 246 3209 4839 4139 3641 4900 2686 2160 4460 4441 2408 3856 771 4758 3016 4340 4369 3860 2798 3981 4426 1094 4067 1069 2680 1213 2823 95 1119 422 4985 1205 1503 4556 207 1782 4350 1423 4307 488 960 110 2387 4553 4615 4974 2654 2888 873 456 3110 4984 
Cost: 2720
Path: 494 2339 3766 139 3935 3656 3271 2659 1034 4513 3050 2057 4013 4220 246 3209 4839 4139 3641 4900 2686 2160 4460 4441 2408 3856 771 4758 3016 4340 4369 3860 2798 3981 4426 1094 4067 1069 2680 1213 2823 95 1119 422 4985 1205 1503 4556 488 960 110 3416 835 2323 1135 4128 3852 4080 421 861 879 1926 696 2015 935 2431 3910 2689 4307 4053 824 3149 1732 4974 2654 2888 873 456 3110 4984 
Cost: 2723
Path: 494 2339 3766 139 3935 3656 3271 2659 1034 4513 3050 2057 4013 4220 246 3209 4839 4139 3641 4900 2686 2160 4460 1284 1781 771 1069 2680 1213 2823 95 1119 422 4985 1205 1503 4758 3016 4340 4369 4556 879 1926 696 2015 935 4773 196 4441 2408 3856 3860 2798 3981 488 960 110 3416 835 2323 508 774 1124 2477 3199 207 3619 3042 3110 4984 
Cost: 2724
Path: 494 2339 3766 139 3935 3656 3271 2659 1034 4513 3050 2057 4013 4220 246 3209 4839 4139 3641 4900 2686 2160 4460 1284 1781 771 1069 2680 1213 2823 95 1119 422 4985 1205 1503 4758 3016 4340 4369 4556 4441 2408 3856 3860 2798 3981 488 960 110 3416 835 2323 1135 4128 3852 4080 421 861 879 1926 696 2015 935 2431 3910 2689 4307 2387 4553 4615 4974 2654 2888 873 456 3110 4984 
Cost: 2743
Path: 494 2339 3766 139 2057 4773 249 4357 295 4834 3271 2659 1034 4513 3935 3050 4013 4220 246 3209 4839 4139 3641 4900 2686 2160 4460 1284 1781 771 1069 2680 1213 2823 95 1119 422 4985 1205 1503 4758 3016 4340 4369 4556 207 1782 4350 1423 4307 421 879 1926 696 4053 824 3149 1732 4974 2654 2888 873 456 3110 4984 
Cost: 2747
Path: 494 2339 3766 139 3935 3656 3271 2659 1034 4513 3050 2057 4013 4220 246 3209 4839 4139 3641 4900 2686 2160 4460 1284 1781 771 1069 2680 1213 2823 95 1119 422 4985 1205 1503 4758 3016 4340 4369 4556 207 1782 4350 1423 4307 4441 2408 3856 3860 2798 3981 4426 1161 500 4255 3989 4552 3829 2707 2983 4953 110 2387 4553 4615 4974 2654 2888 873 456 3110 4984 
Cost: 2755
Path: 494 2339 3766 139 3935 3656 3271 2659 1034 4513 3050 2057 4013 4220 246 3209 4839 4139 3641 4900 2686 2160 4460 4441 2408 3856 771 4758 3016 4340 4369 3860 2798 3981 4426 1094 4067 1069 2680 1213 2823 95 1119 422 4985 1205 1503 4556 879 1926 696 2015 935 2496 803 1124 2477 3199 207 3619 3042 3110 4984 
Cost: 2769
Path: 494 2339 3766 139 3935 3656 3271 2659 1034 4513 3050 2057 4013 4220 246 3209 4839 4139 3641 4900 2686 2160 4460 1284 1781 771 1069 2680 1213 2823 95 1119 422 4985 1205 1503 4758 3016 4340 4369 4556 207 1782 4350 1423 4307 421 4773 196 4750 879 1926 696 2015 935 2496 803 1124 3140 824 3149 1732 4974 2654 2888 873 456 3110 4984 
Cost: 2774
Path: 494 2339 3766 139 3935 3656 3271 2659 1034 4513 3050 2057 4013 4220 246 3209 4839 4139 3641 4900 2686 2160 4460 1284 1781 771 1069 2680 1213 2823 95 1119 422 4985 1205 1503 4758 3016 4340 4369 4556 3123 4924 2735 2511 4441 2408 3856 3860 2798 3981 4426 1161 500 4255 3989 4552 3829 2707 1445 405 982 3620 879 1926 696 2015 935 2496 803 1124 2477 3199 1410 2465 375 849 3104 1125 3110 4984 
Cost: 2807
Path: 494 2339 3766 139 3935 3656 3271 2659 1034 4513 3050 2735 2057 4013 4220 246 3209 4839 4139 3641 4900 2686 2160 4460 1284 685 2798 3981 4426 1094 4067 771 1069 2680 1213 2823 95 1119 422 4985 1205 1503 4758 3016 4340 4369 4556 207 1782 4350 1423 4307 421 879 1926 696 4053 824 3149 1732 4974 2654 2888 873 456 3110 4984 
Cost: 2807
Path: 494 2339 3766 139 3935 3656 3271 2659 1034 4513 3050 2735 2057 4013 4220 246 3209 4839 4139 3641 4900 2686 2160 4460 1284 685 2798 3981 4426 1094 4067 771 1069 2680 1213 2823 95 1119 422 4985 1205 1503 4758 3016 4340 4369 4556 879 1926 696 2015 935 2496 803 1124 2477 3199 1410 2465 375 849 2905 3042 3110 4984 
Cost: 2813
Path: 494 2339 3766 139 3935 3656 3271 2659 1034 4513 3050 2057 4013 4220 246 3209 4839 4139 3641 4900 2686 2160 4460 1284 1781 771 1069 2680 1213 2823 95 1119 422 4985 1205 1503 4758 3016 4340 4369 4556 4441 2408 3856 3860 2798 3981 488 960 110 3416 835 2323 1135 4128 3852 4080 421 861 1167 2387 4553 4036 401 3910 2689 4307 879 1926 696 4053 824 3149 1732 4974 2654 2888 873 456 3110 4984 
Cost: 2835
Path: 494 2339 3766 139 3935 3656 3271 2659 1034 4513 3050 2057 4013 4220 246 3209 4839 4139 3641 4900 2686 2160 4460 1284 1781 771 1069 2680 1213 2823 95 1119 422 4985 1205 1503 879 1926 696 4773 1507 1484 3923 3016 4340 4369 4556 2015 935 2496 803 1124 2477 3199 207 3619 3042 3110 4984 
Cost: 2836
Path: 494 2339 3766 139 3935 3656 3271 2659 1034 4513 3050 2057 4013 4220 246 3209 4839 4139 3641 4900 2686 2160 4460 1284 1781 771 1069 2680 1213 2823 95 1119 422 4985 1205 1503 4758 3016 4340 4369 4556 207 1782 4350 1423 4307 3619 2294 4573 2408 3856 3860 2798 3981 488 960 110 2387 4553 4615 4974 2654 2888 873 456 3110 4984 
Cost: 2847
Path: 494 2339 3766 139 3935 3656 3271 2659 1034 4513 3050 2057 4013 4220 246 3209 4839 4139 3641 4900 2686 2160 4460 1284 1781 771 1069 2680 1213 2823 95 1119 422 4985 1205 1503 4758 3016 4340 4369 4556 879 1926 696 2015 935 4773 196 2735 685 2798 3981 488 960 110 3416 835 2323 508 774 1124 2477 3199 207 3619 3042 3110 4984 
Cost: 2870
Path: 494 2339 3766 139 3935 3656 3271 2659 1034 4513 3050 2057 4013 4220 246 3209 4839 4139 3641 4900 2686 2160 4460 1284 1781 771 1069 2680 1213 2823 95 1119 422 4985 1205 1503 2735 685 2798 3981 488 960 110 2387 1809 4174 4340 4369 4556 207 1782 4350 1423 4758 4307 421 879 1926 696 4053 824 3149 1732 4974 2654 2888 873 456 3110 4984 
Cost: 2871
Path: 494 2339 3766 139 3935 3656 3271 2659 1034 4513 3050 2057 4013 4220 246 3209 4839 4139 3641 4900 2686 2160 4460 1284 1781 771 1069 2680 1213 2823 95 1119 422 4985 1205 1503 4758 3016 4340 4369 4556 207 1782 4350 1423 4307 2735 685 2798 3981 4426 1161 500 4255 3989 4552 3829 2707 2983 4953 110 2387 4553 4615 4974 2654 2888 873 456 3110 4984 
Cost: 2877
Path: 494 2339 3766 139 3935 3656 3271 2659 1034 4513 3050 2057 4013 4220 246 3209 4839 4139 3641 4900 2686 2160 4460 4441 2408 3856 771 4758 3016 4340 4369 3860 2798 3981 4426 1094 4067 1069 2680 1213 2823 95 1119 422 4985 1205 1503 4556 488 960 110 3416 835 2323 1135 4128 3852 4080 421 861 879 1926 696 2015 935 2431 3910 2689 4307 2387 4553 4615 4974 2654 2888 873 456 3110 4984 
Cost: 2896
Path: 494 2339 3766 139 3935 3656 3271 2659 1034 4513 3050 2057 4013 4220 246 3209 4839 4139 3641 4900 2686 2160 4460 1284 1781 771 1069 2680 1213 2823 95 1119 422 4985 1205 1503 4758 3016 4340 4369 4556 207 1782 4350 1423 4307 4441 2408 411 2543 944 1644 1732 4974 2654 2888 873 456 3110 4984 
Cost: 2898
Path: 494 2339 3766 139 3935 3656 3271 2659 1034 4513 3050 2057 4013 4220 246 3209 4839 4139 3641 4900 2686 2160 4460 1284 1781 771 1069 2680 1213 2823 95 1119 422 4985 1205 1503 4758 3016 4340 4369 4556 3123 4924 2735 2511 685 2798 3981 4426 1161 500 4255 3989 4552 3829 2707 1445 405 982 3620 879 1926 696 2015 935 2496 803 1124 2477 3199 1410 2465 375 849 3104 1125 3110 4984 
Cost: 2900
Path: 494 2339 3766 139 2057 4773 249 4357 295 4834 3271 2659 1034 4513 3935 3050 4013 4220 246 3209 4839 4139 3641 4900 2686 2160 4460 1284 1781 771 1069 2680 1213 2823 95 1119 422 4985 1205 1503 4758 3016 4340 4369 4556 207 1782 4350 1423 4307 4441 2408 3856 3860 2798 3981 488 960 110 2387 4553 4615 4974 2654 2888 873 456 3110 4984 
Cost: 2904
Path: 494 2339 3766 139 3935 3656 3271 2659 1034 4513 3050 2057 4013 4220 246 3209 4839 4139 3641 4900 2686 2160 4460 1284 1781 771 1069 2680 1213 2823 95 1119 422 4985 1205 1503 4758 3016 4340 4369 4556 4441 2408 3856 3860 2798 3981 4426 1161 500 4255 3989 4552 3829 2707 2983 4953 110 3416 835 2323 1135 4128 3852 4080 421 861 879 1926 696 2015 935 2431 3910 2689 4307 4053 824 3149 1732 4974 2654 2888 873 456 3110 4984 
Cost: 2916
Path: 494 2339 3766 139 3935 3656 3271 2659 1034 4513 3050 2057 4013 4220 246 3209 4839 4139 3641 4900 2686 2160 4460 1284 1781 771 1069 2680 1213 2823 95 1119 422 4985 1205 1503 879 1926 696 4773 1507 1484 3923 3016 4340 4369 4556 2015 935 2496 803 1124 2477 3199 1410 2465 375 849 2905 3042 3110 4984 
Cost: 2917
Path: 494 2339 3766 139 3935 3656 3271 2659 1034 4513 3050 2057 4013 4220 246 3209 4839 4139 3641 4900 2686 2160 4460 1284 1781 771 1069 2680 1213 2823 95 1119 422 4985 1205 1503 4758 3016 4340 4369 4556 207 1782 4350 1423 4307 879 1926 696 2015 935 2496 803 1124 2477 3199 1410 2465 375 849 2905 2294 4573 2408 3856 3860 2798 3981 488 960 110 2387 4553 4615 4974 2654 2888 873 456 3110 4984 
Cost: 2924
Path: 494 2339 3766 139 3935 3656 3271 2659 1034 4513 3050 2057 4013 4220 246 3209 4839 4139 3641 4900 2686 2160 4460 1284 1781 771 1069 2680 1213 2823 95 1119 422 4985 1205 1503 4758 3016 4340 4369 4556 879 1926 696 2015 935 4773 196 207 1782 1608 774 1124 2477 3199 3619 3042 3110 4984 
Cost: 2927
Path: 494 2339 3766 139 3935 3656 3271 2659 1034 4513 3050 2057 4013 4220 246 3209 4839 4139 3641 4900 2686 2160 4460 4441 2408 3856 771 4758 3016 4340 4369 3860 2798 3981 4426 1094 4067 1069 2680 1213 2823 95 1119 422 4985 1205 1503 4556 3123 4924 2735 2511 1161 500 4255 3989 4552 3829 2707 1445 405 982 3620 879 1926 696 2015 935 2496 803 1124 2477 3199 1410 2465 375 849 3104 1125 3110 4984 
Cost: 2966
Path: 494 2339 3766 139 3935 3656 3271 2659 1034 4513 3050 2057 4013 4220 246 3209 4839 4139 3641 4900 2686 2160 4460 4441 2408 3856 771 4758 3016 4340 4369 3860 2798 3981 4426 1094 4067 1069 2680 1213 2823 95 1119 422 4985 1205 1503 4556 488 960 110 3416 835 2323 1135 4128 3852 4080 421 861 1167 2387 4553 4036 401 3910 2689 4307 879 1926 696 4053 824 3149 1732 4974 2654 2888 873 456 3110 4984 
Cost: 2968
Path: 494 2339 3766 139 3935 3656 3271 2659 1034 4513 3050 2735 2057 4013 4220 246 3209 4839 4139 3641 4900 2686 2160 4460 1284 685 2798 3981 4426 1094 4067 771 1069 2680 1213 2823 95 1119 422 4985 1205 1503 4758 3016 4340 4369 4556 488 960 110 3416 835 2323 1135 4128 3852 4080 421 861 879 1926 696 2015 935 2431 3910 2689 4307 4053 824 3149 1732 4974 2654 2888 873 456 3110 4984 
Cost: 2970
Path: 494 2339 3766 139 3935 3656 3271 2659 1034 4513 3050 2057 4013 4220 246 3209 4839 4139 3641 4900 2686 2160 4460 1284 1781 771 1069 2680 1213 2823 95 1119 422 4985 1205 1503 4758 3016 4340 4369 4556 4441 2408 3856 3860 2798 3981 488 960 110 3416 835 2323 1135 4128 3852 4080 421 861 1167 2387 4553 4036 401 3910 2689 4307 4615 4974 2654 2888 873 456 3110 4984 
Cost: 2972
Path: 494 2339 3766 139 3935 3656 3271 2659 1034 4513 3050 2057 4013 4220 246 3209 4839 4139 3641 4900 2686 2160 4460 1284 1781 771 1069 2680 1213 2823 95 1119 422 4985 1205 1503 4758 3016 4340 4369 4556 2735 685 2798 3981 488 960 110 3416 835 2323 1135 4128 3852 4080 421 861 879 1926 696 2015 935 2431 3910 2689 4307 2387 4553 4615 4974 2654 2888 873 456 3110 4984 
Cost: 2993
Path: 494 2339 3766 139 3935 3656 3271 2659 1034 4513 3050 2057 4013 4220 246 3209 4839 4139 3641 4900 2686 2160 4460 1284 1781 771 1069 2680 1213 2823 95 1119 422 4985 1205 1503 4758 3016 4340 4369 4556 207 3619 2294 4573 2408 3856 3860 2798 3981 488 960 110 3416 835 2323 1135 4128 3852 4080 421 861 879 1926 696 2015 935 2431 3910 2689 4307 4053 824 3149 1732 4974 2654 2888 873 456 3110 4984 
Cost: 3003
Path: 494 2339 3766 139 3935 3656 3271 2659 1034 4513 3050 2735 2057 4013 4220 246 3209 4839 4139 3641 4900 2686 2160 4460 1284 685 2798 3981 4426 1094 4067 771 1069 2680 1213 2823 95 1119 422 4985 1205 1503 4758 3016 4340 4369 4556 879 1926 696 2015 935 2496 803 1124 2477 3199 207 3619 3042 3110 4984 
Cost: 3025
Path: 494 2339 3766 139 3935 3656 3271 2659 1034 4513 3050 2057 4013 4220 246 3209 4839 4139 3641 4900 2686 2160 4460 1284 1781 771 1069 2680 1213 2823 95 1119 422 4985 1205 1503 879 1926 696 4773 1507 1484 3923 3016 4340 4369 4556 207 1782 4350 1423 4307 421 4053 824 3149 1732 4974 2654 2888 873 456 3110 4984 
Cost: 3028
Path: 494 2339 3766 139 3935 3656 3271 2659 1034 4513 3050 2057 4013 4220 246 3209 4839 4139 3641 4900 2686 2160 4460 1284 1781 771 1069 2680 1213 2823 95 1119 422 4985 1205 1503 4758 3016 4340 4369 4556 2735 685 2798 3981 4426 1161 500 4255 3989 4552 3829 2707 2983 4953 110 3416 835 2323 1135 4128 3852 4080 421 861 879 1926 696 2015 935 2431 3910 2689 4307 4053 824 3149 1732 4974 2654 2888 873 456 3110 4984 
Cost: 3029
Path: 494 2339 3766 139 3935 3656 3271 2659 1034 4513 3050 2057 4013 4220 246 3209 4839 4139 3641 4900 2686 2160 4460 4441 2408 3856 771 4758 3016 4340 4369 3860 2798 3981 4426 1094 4067 1069 2680 1213 2823 95 1119 422 4985 1205 1503 4556 879 1926 696 2015 935 4773 196 488 960 110 3416 835 2323 508 774 1124 2477 3199 207 3619 3042 3110 4984 
Cost: 3029
Path: 494 2339 3766 139 3935 3656 3271 2659 1034 4513 3050 2057 4013 4220 246 3209 4839 4139 3641 4900 2686 2160 4460 1284 1781 771 1069 2680 1213 2823 95 1119 422 4985 1205 1503 4758 3016 4340 4369 4556 4773 249 4357 295 3000 4159 739 1869 2259 4441 2408 3856 3860 2798 3981 488 2097 2514 421 207 1782 4350 1423 4571 382 1125 3110 4984 
Cost: 3037
Path: 494 2339 3766 139 2057 4773 249 4357 295 4834 3271 2659 1034 4513 3935 3050 4013 4220 246 3209 4839 4139 3641 4900 2686 2160 4460 1284 1781 771 1069 2680 1213 2823 95 1119 422 4985 1205 1503 4758 3016 4340 4369 4556 879 1926 696 2015 935 2496 803 1124 2477 3199 207 3619 3042 3110 4984 
Cost: 3043
Path: 494 2339 3766 139 3935 3656 3271 2659 1034 4513 3050 2057 4013 4220 246 3209 4839 4139 3641 4900 2686 2160 4460 1284 1781 771 1069 2680 1213 2823 95 1119 422 4985 1205 1503 4758 3016 4340 4369 4556 207 1782 4350 1423 4307 421 4773 196 4750 879 1926 696 2015 935 4441 2408 3856 3860 2798 3981 488 960 110 3416 835 2323 508 774 1124 3140 824 3149 1732 4974 2654 2888 873 456 3110 4984 
Cost: 3048
Path: 494 2339 3766 139 3935 3656 3271 2659 1034 4513 3050 2057 4013 4220 246 3209 4839 4139 3641 4900 2686 2160 4460 1284 1781 771 1069 2680 1213 2823 95 1119 422 4985 1205 1503 4758 3016 4340 4369 4556 3123 4924 2735 2511 4441 2408 3856 3860 2798 3981 4426 1161 500 4255 3989 4552 3829 2707 1445 405 982 3620 879 1926 696 2015 935 4773 196 488 960 110 3416 835 2323 508 774 1124 2477 3199 1410 2465 375 849 3104 1125 3110 4984 
Cost: 3049
Path: 494 2339 3766 139 2057 4773 249 4357 295 4834 3271 2659 1034 4513 3935 3050 4013 4220 246 3209 4839 4139 3641 4900 2686 2160 4460 4441 2408 3856 771 4758 3016 4340 4369 3860 2798 3981 4426 1094 4067 1069 2680 1213 2823 95 1119 422 4985 1205 1503 4556 207 1782 4350 1423 4307 421 879 1926 696 4053 824 3149 1732 4974 2654 2888 873 456 3110 4984 
Cost: 3053
Path: 494 2339 3766 139 3935 3656 3271 2659 1034 4513 3050 2057 4013 4220 246 3209 4839 4139 3641 4900 2686 2160 4460 4441 2408 3856 771 4758 3016 4340 4369 3860 2798 3981 4426 1094 4067 1069 2680 1213 2823 95 1119 422 4985 1205 1503 4556 207 1782 4350 1423 4307 1161 500 4255 3989 4552 3829 2707 2983 4953 110 2387 4553 4615 4974 2654 2888 873 456 3110 4984 
Cost: 3057
Path: 494 2339 3766 139 3935 3656 3271 2659 1034 4513 3050 2057 4013 4220 246 3209 4839 4139 3641 4900 2686 2160 4460 4441 2408 3856 771 4758 3016 4340 4369 3860 2798 3981 4426 1094 4067 1069 2680 1213 2823 95 1119 422 4985 1205 1503 4556 1161 500 4255 3989 4552 3829 2707 2983 4953 110 3416 835 2323 1135 4128 3852 4080 421 861 879 1926 696 2015 935 2431 3910 2689 4307 4053 824 3149 1732 4974 2654 2888 873 456 3110 4984 
Cost: 3057
Path: 494 2339 3766 139 2057 4773 249 4357 295 4834 3271 2659 1034 4513 3935 3050 4013 4220 246 3209 4839 4139 3641 4900 2686 2160 4460 1284 1781 771 1069 2680 1213 2823 95 1119 422 4985 1205 1503 4758 3016 4340 4369 4556 4441 2408 3856 3860 2798 3981 488 960 110 3416 835 2323 1135 4128 3852 4080 421 861 879 1926 696 2015 935 2431 3910 2689 4307 4053 824 3149 1732 4974 2654 2888 873 456 3110 4984 
Cost: 3060
Path: 494 2339 3766 139 3935 3656 3271 2659 1034 4513 3050 2057 4013 4220 246 3209 4839 4139 3641 4900 2686 2160 4460 1284 1781 771 1069 2680 1213 2823 95 1119 422 4985 1205 1503 4758 3016 4340 4369 4556 879 1926 696 2015 935 4773 196 4441 2408 3856 3860 2798 3981 4426 1161 500 4255 3989 4552 3829 2707 2983 4953 110 3416 835 2323 508 774 1124 2477 3199 207 3619 3042 3110 4984 
Cost: 3061
Path: 494 2339 3766 139 3935 3656 3271 2659 1034 4513 3050 2057 4013 4220 246 3209 4839 4139 3641 4900 2686 2160 4460 1284 1781 771 1069 2680 1213 2823 95 1119 422 4985 1205 1503 4758 3016 4340 4369 4556 2735 685 2798 3981 488 960 110 3416 835 2323 1135 4128 3852 4080 421 861 1167 2387 4553 4036 401 3910 2689 4307 879 1926 696 4053 824 3149 1732 4974 2654 2888 873 456 3110 4984 
Cost: 3066
Path: 494 2339 3766 139 3935 3656 3271 2659 1034 4513 3050 2057 4013 4220 246 3209 4839 4139 3641 4900 2686 2160 4460 1284 1781 771 1069 2680 1213 2823 95 1119 422 4985 1205 1503 2735 685 2798 3981 488 960 110 2387 1809 4174 4340 4369 4556 879 1926 696 2015 935 2496 803 1124 2477 3199 207 3619 3042 3110 4984 
Cost: 3067
Path: 494 2339 3766 139 3935 3656 3271 2659 1034 4513 3050 2057 4013 4220 246 3209 4839 4139 3641 4900 2686 2160 4460 1284 1781 771 1069 2680 1213 2823 95 1119 422 4985 1205 1503 2735 685 2798 3981 4426 1161 500 1942 2922 1484 3923 3016 4340 4369 4556 879 1926 696 2015 935 2496 803 1124 2477 3199 207 3619 3042 3110 4984 
Cost: 3071
Path: 494 2339 3766 139 3935 3656 3271 2659 1034 4513 3050 2057 4013 4220 246 3209 4839 4139 3641 4900 2686 2160 4460 1284 1781 771 1069 2680 1213 2823 95 1119 422 4985 1205 1503 4758 3016 4340 4369 4556 3123 4924 4441 2408 3856 3860 2798 3981 4426 1161 500 4916 4904 2511 4255 3989 4552 3829 2707 1445 405 982 3620 879 1926 696 2015 935 2496 803 1124 2477 3199 1410 2465 375 849 3104 1125 3110 4984 
Cost: 3072
Path: 494 2339 3766 139 3935 3656 3271 2659 1034 4513 3050 2057 4013 4220 246 3209 4839 4139 3641 4900 2686 2160 4460 1284 1781 771 1069 2680 1213 2823 95 1119 422 4985 1205 1503 4758 3016 4340 4369 4556 2496 331 2735 2511 4441 2408 3856 3860 2798 3981 4426 1161 500 4255 3989 4552 3829 2707 1445 405 982 3620 879 1926 696 2015 935 803 1124 2477 3199 1410 2465 375 849 3104 1125 3110 4984 
Cost: 3074
Path: 494 2339 3766 139 3935 3656 3271 2659 1034 4513 3050 2057 4013 4220 246 3209 4839 4139 3641 4900 2686 2160 4460 1284 1781 771 1069 2680 1213 2823 95 1119 422 4985 1205 1503 4758 3016 4340 4369 4556 879 1926 696 2015 935 2496 803 1124 2477 3199 1410 2465 375 849 2905 2294 4573 2408 3856 3860 2798 3981 488 960 110 3416 835 2323 1135 4128 3852 4080 421 861 2431 3910 2689 4307 4053 824 3149 1732 4974 2654 2888 873 456 3110 4984 
Cost: 3075
Path: 494 2339 3766 139 3935 3656 3271 2659 1034 4513 3050 2057 4013 4220 246 3209 4839 4139 3641 4900 2686 2160 4460 4441 2408 3856 771 4758 3016 4340 4369 3860 2798 3981 4426 1094 4067 1069 2680 1213 2823 95 1119 422 4985 1205 1503 4556 207 1782 4350 1423 4307 421 4773 196 4750 879 1926 696 2015 935 2496 803 1124 3140 824 3149 1732 4974 2654 2888 873 456 3110 4984 
Cost: 3078
Path: 494 2339 3766 139 3935 3656 3271 2659 1034 4513 3050 2057 4013 4220 246 3209 4839 4139 3641 4900 2686 2160 4460 1284 1781 771 1069 2680 1213 2823 95 1119 422 4985 1205 1503 4758 3016 4340 4369 4556 879 1926 696 2015 935 4773 196 4441 2408 3856 3860 2798 3981 488 960 110 3416 835 2323 508 774 1124 2477 3199 1410 2465 375 849 2905 3042 3110 4984 
Cost: 3083
Path: 494 2339 3766 139 3935 3656 3271 2659 1034 4513 3050 2057 4013 4220 246 3209 4839 4139 3641 4900 2686 2160 4460 1284 1781 771 1069 2680 1213 2823 95 1119 422 4985 1205 1503 4758 3016 4340 4369 4556 4441 2408 3856 3860 2798 3981 488 960 110 3416 835 2323 1135 4128 3852 4080 421 861 879 1926 696 2015 935 2431 3910 2689 4307 4773 196 4750 2496 803 1124 3140 824 3149 1732 4974 2654 2888 873 456 3110 4984 
Cost: 3088
Path: 494 2339 3766 139 3935 3656 3271 2659 1034 4513 3050 2735 2057 4013 4220 246 3209 4839 4139 3641 4900 2686 2160 4460 1284 685 2798 3981 4426 1094 4067 771 1069 2680 1213 2823 95 1119 422 4985 1205 1503 4758 3016 4340 4369 4556 207 1782 4350 1423 4307 488 960 110 2387 4553 4615 4974 2654 2888 873 456 3110 4984 
Cost: 3089
Path: 494 2339 3766 139 3935 3656 3271 2659 1034 4513 3050 2057 4013 4220 246 3209 4839 4139 3641 4900 2686 2160 4460 1284 1781 771 1069 2680 1213 2823 95 1119 422 4985 1205 1503 4758 3016 4340 4369 4556 879 1926 696 2015 935 2496 803 1124 2477 3199 2735 2511 4441 2408 3856 3860 2798 3981 4426 1161 500 4255 3989 4552 3829 2707 1445 405 4773 1507 4644 375 849 2905 3042 3110 4984 
Cost: 3094
Path: 494 2339 3766 139 3935 3656 3271 2659 1034 4513 3050 2057 4013 4220 246 3209 4839 4139 3641 4900 2686 2160 4460 1284 1781 771 1069 2680 1213 2823 95 1119 422 4985 1205 1503 4758 3016 4340 4369 4556 3123 4924 2735 2511 4441 2408 3856 3860 2798 421 879 1926 696 4053 824 3149 1732 4974 2654 2597 3997 2976 1468 841 3603 3768 405 982 3620 2015 935 2496 803 1124 2477 3199 1410 2465 375 849 3104 1125 3110 4984 
Cost: 3118
Path: 494 2339 3766 139 2057 4773 249 4357 295 4834 3271 2659 1034 4513 3935 3050 4013 4220 246 3209 4839 4139 3641 4900 2686 2160 4460 1284 1781 771 1069 2680 1213 2823 95 1119 422 4985 1205 1503 4758 3016 4340 4369 4556 879 1926 696 2015 935 2496 803 1124 2477 3199 1410 2465 375 849 2905 3042 3110 4984 
Cost: 3122
Path: 494 2339 3766 139 2057 4773 249 4357 295 4834 3271 2659 1034 4513 3935 3050 4013 4220 246 3209 4839 4139 3641 4900 2686 2160 4460 1284 1781 771 1069 2680 1213 2823 95 1119 422 4985 1205 1503 4758 3016 4340 4369 4556 207 1782 4350 1423 4307 2735 685 2798 3981 488 960 110 2387 4553 4615 4974 2654 2888 873 456 3110 4984 
Cost: 3123
Path: 494 2339 3766 139 3935 3656 3271 2659 1034 4513 3050 2057 4013 4220 246 3209 4839 4139 3641 4900 2686 2160 4460 4441 2408 3856 771 4758 3016 4340 4369 3860 2798 3981 4426 1094 4067 1069 2680 1213 2823 95 1119 422 4985 1205 1503 4556 488 960 110 3416 835 2323 1135 4128 3852 4080 421 861 1167 2387 4553 4036 401 3910 2689 4307 4615 4974 2654 2888 873 456 3110 4984 
Cost: 3147
Path: 494 2339 3766 139 3935 3656 3271 2659 1034 4513 3050 2057 4013 4220 246 3209 4839 4139 3641 4900 2686 2160 4460 1284 1781 771 1069 2680 1213 2823 95 1119 422 4985 1205 1503 2735 685 2798 3981 488 960 110 2387 1809 4174 4340 4369 4556 879 1926 696 2015 935 2496 803 1124 2477 3199 1410 2465 375 849 2905 3042 3110 4984 
Cost: 3148
Path: 494 2339 3766 139 3935 3656 3271 2659 1034 4513 3050 2057 4013 4220 246 3209 4839 4139 3641 4900 2686 2160 4460 1284 1781 771 1069 2680 1213 2823 95 1119 422 4985 1205 1503 2735 685 2798 3981 4426 1161 500 1942 2922 1484 3923 3016 4340 4369 4556 879 1926 696 2015 935 2496 803 1124 2477 3199 1410 2465 375 849 2905 3042 3110 4984 
Cost: 3149
Path: 494 2339 3766 139 3935 3656 3271 2659 1034 4513 3050 2057 4013 4220 246 3209 4839 4139 3641 4900 2686 2160 4460 1284 1781 771 1069 2680 1213 2823 95 1119 422 4985 1205 1503 4758 3016 4340 4369 4556 879 1926 696 2015 935 4773 196 207 3619 2294 4573 2408 3856 3860 2798 3981 488 960 110 3416 835 2323 508 774 1124 2477 3199 3042 3110 4984 
Cost: 3151
Path: 494 2339 3766 139 3935 3656 3271 2659 1034 4513 3050 2057 4013 4220 246 3209 4839 4139 3641 4900 2686 2160 4460 1284 1781 771 1069 2680 1213 2823 95 1119 422 4985 1205 1503 2735 685 2798 3981 488 960 110 2387 1809 4174 4340 4369 4556 207 1782 4350 1423 4758 4307 4553 4615 4974 2654 2888 873 456 3110 4984 
Cost: 3153
Path: 494 2339 3766 139 3935 3656 3271 2659 1034 4513 3050 2057 4013 4220 246 3209 4839 4139 3641 4900 2686 2160 4460 1284 1781 771 1069 2680 1213 2823 95 1119 422 4985 1205 1503 4758 3016 4340 4369 4556 4773 249 4357 295 3000 4159 739 1869 2259 2735 685 2798 3981 488 2097 2514 421 207 1782 4350 1423 4571 382 1125 3110 4984 
Cost: 3162
Path: 494 2339 3766 139 3935 3656 3271 2659 1034 4513 3050 2057 4013 4220 246 3209 4839 4139 3641 4900 2686 2160 4460 1284 1781 771 1069 2680 1213 2823 95 1119 422 4985 1205 1503 4758 3016 4340 4369 4556 4441 2408 3856 3860 2798 421 879 1926 696 4053 824 3149 1732 4974 2654 2597 3997 2976 4645 4514 500 4255 3989 4552 4300 488 960 110 3416 835 2323 1135 4128 3852 4080 861 2015 935 2431 3910 2689 4307 2888 873 456 3110 4984 
Cost: 3162
Path: 494 2339 3766 139 3935 3656 3271 2659 1034 4513 3050 2057 4013 4220 246 3209 4839 4139 3641 4900 2686 2160 4460 1284 1781 771 1069 2680 1213 2823 95 1119 422 4985 1205 1503 4758 3016 4340 4369 4556 879 1926 696 2015 935 4773 196 4441 2408 3856 3860 2798 421 4053 824 3149 1732 4974 2654 2597 3997 2976 1468 841 3603 2660 774 1124 2477 3199 207 3619 3042 3110 4984 
Cost: 3167
Path: 494 2339 3766 139 3935 3656 3271 2659 1034 4513 3050 2057 4013 4220 246 3209 4839 4139 3641 4900 2686 2160 4460 1284 1781 771 1069 2680 1213 2823 95 1119 422 4985 1205 1503 4758 3016 4340 4369 4556 207 1782 4350 1423 4307 421 4773 196 4750 879 1926 696 2015 935 2735 685 2798 3981 488 960 110 3416 835 2323 508 774 1124 3140 824 3149 1732 4974 2654 2888 873 456 3110 4984 
Cost: 3173
Path: 494 2339 3766 139 3935 3656 3271 2659 1034 4513 3050 2057 4013 4220 246 3209 4839 4139 3641 4900 2686 2160 4460 1284 1781 771 1069 2680 1213 2823 95 1119 422 4985 1205 1503 4758 3016 4340 4369 4556 207 1782 4350 1423 4307 3619 2294 4573 2408 3856 3860 2798 3981 4426 1161 500 4255 3989 4552 3829 2707 2983 4953 110 2387 4553 4615 4974 2654 2888 873 456 3110 4984 
Cost: 3175
Path: 494 2339 3766 139 3935 3656 3271 2659 1034 4513 3050 2735 2057 4013 4220 246 3209 4839 4139 3641 4900 2686 2160 4460 1284 685 2798 3981 4426 1094 4067 771 1069 2680 1213 2823 95 1119 422 4985 1205 1503 4758 3016 4340 4369 4556 3123 4924 2511 1161 500 4255 3989 4552 3829 2707 1445 405 982 3620 879 1926 696 2015 935 2496 803 1124 2477 3199 1410 2465 375 849 3104 1125 3110 4984 
Cost: 3184
Path: 494 2339 3766 139 3935 3656 3271 2659 1034 4513 3050 2057 4013 4220 246 3209 4839 4139 3641 4900 2686 2160 4460 1284 1781 771 1069 2680 1213 2823 95 1119 422 4985 1205 1503 4758 3016 4340 4369 4556 879 1926 696 2015 935 4773 196 2735 685 2798 3981 4426 1161 500 4255 3989 4552 3829 2707 2983 4953 110 3416 835 2323 508 774 1124 2477 3199 207 3619 3042 3110 4984 
Cost: 3190
Path: 494 2339 3766 139 3935 3656 3271 2659 1034 4513 3050 2057 4013 4220 246 3209 4839 4139 3641 879 1926 696 2015 935 4900 2686 2160 4460 2496 803 1124 2477 3199 1410 2465 375 849 2905 2294 4573 2408 3856 771 4758 3016 4340 4369 3860 2798 3981 4426 1094 4067 1069 2680 1213 2823 95 1119 422 4985 1205 1503 4556 3042 3110 4984 
Cost: 3193
Path: 494 2339 3766 139 3935 3656 3271 2659 1034 4513 3050 2735 2057 4013 4220 246 3209 4839 4139 3641 4900 2686 2160 4460 1284 685 2798 3981 4426 1094 4067 771 1069 2680 1213 2823 95 1119 422 4985 1205 1503 879 1926 696 4773 1507 1484 3923 3016 4340 4369 4556 2015 935 2496 803 1124 2477 3199 1410 2465 375 849 2905 3042 3110 4984 
Cost: 3196
Path: 494 2339 3766 139 3935 3656 3271 2659 1034 4513 3050 2057 4013 4220 246 3209 4839 4139 3641 4900 2686 2160 4460 1284 1781 771 1069 2680 1213 2823 95 1119 422 4985 1205 1503 4758 3016 4340 4369 4556 2496 331 2735 2511 685 2798 3981 4426 1161 500 4255 3989 4552 3829 2707 1445 405 982 3620 879 1926 696 2015 935 803 1124 2477 3199 1410 2465 375 849 3104 1125 3110 4984 
Cost: 3197
Path: 494 2339 3766 139 3935 3656 3271 2659 1034 4513 3050 2057 4013 4220 246 3209 4839 4139 3641 4900 2686 2160 4460 1284 1781 771 1069 2680 1213 2823 95 1119 422 4985 1205 1503 4758 3016 4340 4369 4556 879 1926 696 2015 935 2496 803 1124 2477 3199 2735 2511 4441 2408 3856 3860 2798 3981 4426 1161 500 4255 3989 4552 3829 2707 1445 405 1942 2922 4644 375 849 2905 3042 3110 4984 
Cost: 3200
Path: 494 2339 3766 139 3935 3656 3271 2659 1034 4513 3050 2057 4013 4220 246 3209 4839 4139 3641 4900 2686 2160 4460 1284 1781 771 1069 2680 1213 2823 95 1119 422 4985 1205 1503 4758 3016 4340 4369 4556 3123 4924 2735 2511 207 3619 2294 4573 2408 3856 3860 2798 3981 4426 1161 500 4255 3989 4552 3829 2707 1445 405 982 3620 879 1926 696 2015 935 2496 803 1124 2477 3199 1410 2465 375 849 3104 1125 3110 4984 
Cost: 3201
Path: 494 2339 3766 139 3935 3656 3271 2659 1034 4513 3050 2057 4013 4220 246 3209 4839 4139 3641 4900 2686 2160 4460 4441 2408 3856 771 4758 3016 4340 4369 3860 2798 3981 4426 1094 4067 1069 2680 1213 2823 95 1119 422 4985 1205 1503 4556 3123 4924 2735 2511 1161 500 4255 3989 4552 3829 2707 1445 405 982 3620 879 1926 696 2015 935 4773 196 488 960 110 3416 835 2323 508 774 1124 2477 3199 1410 2465 375 849 3104 1125 3110 4984 
Cost: 3202
Path: 494 2339 3766 139 3935 3656 3271 2659 1034 4513 3050 2057 4013 4220 246 3209 4839 4139 3641 4900 2686 2160 4460 4441 2408 3856 771 4758 3016 4340 4369 3860 2798 3981 4426 1094 4067 1069 2680 1213 2823 95 1119 422 4985 1205 1503 4556 207 1782 4350 1423 4307 411 2543 944 1644 1732 4974 2654 2888 873 456 3110 4984 
Cost: 3206
Path: 494 2339 3766 139 2057 4773 249 4357 295 4834 3271 2659 1034 4513 3935 3050 4013 4220 246 3209 4839 4139 3641 4900 2686 2160 4460 4441 2408 3856 771 4758 3016 4340 4369 3860 2798 3981 4426 1094 4067 1069 2680 1213 2823 95 1119 422 4985 1205 1503 4556 207 1782 4350 1423 4307 488 960 110 2387 4553 4615 4974 2654 2888 873 456 3110 4984 
Cost: 3207
Path: 494 2339 3766 139 3935 3656 3271 2659 1034 4513 3050 2057 4013 4220 246 3209 4839 4139 3641 4900 2686 2160 4460 1284 1781 771 1069 2680 1213 2823 95 1119 422 4985 1205 1503 2735 685 2798 3981 4426 1161 500 4255 3989 4552 3829 2707 2983 4953 110 2387 1809 4174 4340 4369 4556 207 1782 4350 1423 4758 4307 421 879 1926 696 4053 824 3149 1732 4974 2654 2888 873 456 3110 4984 
Cost: 3207
Path: 494 2339 3766 139 3935 3656 3271 2659 1034 4513 3050 2057 4013 4220 246 3209 4839 4139 3641 4900 2686 2160 4460 1284 1781 771 1069 2680 1213 2823 95 1119 422 4985 1205 1503 4758 3016 4340 4369 4556 2735 685 2798 3981 488 960 110 3416 835 2323 1135 4128 3852 4080 421 861 879 1926 696 2015 935 2431 3910 2689 4307 4773 196 4750 2496 803 1124 3140 824 3149 1732 4974 2654 2888 873 456 3110 4984 
Cost: 3207
Path: 494 2339 3766 139 3935 3656 3271 2659 1034 4513 3050 2057 4013 4220 246 3209 4839 4139 3641 4900 2686 2160 4460 1284 1781 771 1069 2680 1213 2823 95 1119 422 4985 1205 1503 4758 3016 4340 4369 4556 879 1926 696 2015 935 2496 803 1124 2477 3199 421 4053 824 3149 1732 4974 2654 2888 873 4897 1410 2465 375 849 4402 3192 1371 574 3042 3110 4984 
Cost: 3210
Path: 494 2339 3766 139 2057 4773 249 4357 295 4834 3271 2659 1034 4513 3935 3050 4013 4220 246 3209 4839 4139 3641 4900 2686 2160 4460 4441 2408 3856 771 4758 3016 4340 4369 3860 2798 3981 4426 1094 4067 1069 2680 1213 2823 95 1119 422 4985 1205 1503 4556 488 960 110 3416 835 2323 1135 4128 3852 4080 421 861 879 1926 696 2015 935 2431 3910 2689 4307 4053 824 3149 1732 4974 2654 2888 873 456 3110 4984 
Cost: 3210
Path: 494 2339 3766 139 3935 3656 3271 2659 1034 4513 3050 2057 4013 4220 246 3209 4839 4139 3641 4900 2686 2160 4460 1284 1781 771 1069 2680 1213 2823 95 1119 422 4985 1205 1503 4758 3016 4340 4369 4556 4441 2408 3856 3860 2798 3981 488 960 110 3416 835 2323 1135 4128 3852 4080 421 861 879 1926 696 2015 935 2431 3910 2689 4307 411 2543 944 1644 1732 4974 2654 2888 873 456 3110 4984 
Cost: 3213
Path: 494 2339 3766 139 3935 3656 3271 2659 1034 4513 3050 2057 4013 4220 246 3209 4839 4139 3641 4900 2686 2160 4460 1284 1781 771 1069 2680 1213 2823 95 1119 422 4985 1205 1503 4758 3016 4340 4369 4556 879 1926 696 2015 935 2496 803 1124 2477 3199 2735 2511 685 2798 3981 4426 1161 500 4255 3989 4552 3829 2707 1445 405 4773 1507 4644 375 849 2905 3042 3110 4984 
Cost: 3214
Path: 494 2339 3766 139 2057 4773 249 4357 295 4834 3271 2659 1034 4513 3935 3050 4013 4220 246 3209 4839 4139 3641 4900 2686 2160 4460 1284 1781 771 1069 2680 1213 2823 95 1119 422 4985 1205 1503 4758 3016 4340 4369 4556 4441 2408 3856 3860 2798 3981 488 960 110 3416 835 2323 1135 4128 3852 4080 421 861 879 1926 696 2015 935 2431 3910 2689 4307 2387 4553 4615 4974 2654 2888 873 456 3110 4984 
Cost: 3218
Path: 494 2339 3766 139 3935 3656 3271 2659 1034 4513 3050 2057 4013 4220 246 3209 4839 4139 3641 4900 2686 2160 4460 1284 1781 771 1069 2680 1213 2823 95 1119 422 4985 1205 1503 4758 3016 4340 4369 4556 3123 4924 2735 2511 685 2798 421 879 1926 696 4053 824 3149 1732 4974 2654 2597 3997 2976 1468 841 3603 3768 405 982 3620 2015 935 2496 803 1124 2477 3199 1410 2465 375 849 3104 1125 3110 4984 
Cost: 3224
Path: 494 2339 3766 139 3935 3656 3271 2659 1034 4513 3050 2057 4013 4220 246 3209 4839 4139 3641 4900 2686 2160 4460 4441 2408 3856 771 4758 3016 4340 4369 3860 2798 3981 4426 1094 4067 1069 2680 1213 2823 95 1119 422 4985 1205 1503 4556 3123 4924 1161 500 4916 4904 2511 4255 3989 4552 3829 2707 1445 405 982 3620 879 1926 696 2015 935 2496 803 1124 2477 3199 1410 2465 375 849 3104 1125 3110 4984 
Cost: 3225
Path: 494 2339 3766 139 3935 3656 3271 2659 1034 4513 3050 2057 4013 4220 246 3209 4839 4139 3641 4900 2686 2160 4460 4441 2408 3856 771 4758 3016 4340 4369 3860 2798 3981 4426 1094 4067 1069 2680 1213 2823 95 1119 422 4985 1205 1503 4556 2496 331 2735 2511 1161 500 4255 3989 4552 3829 2707 1445 405 982 3620 879 1926 696 2015 935 803 1124 2477 3199 1410 2465 375 849 3104 1125 3110 4984 
Cost: 3231
Path: 494 2339 3766 139 3935 3656 3271 2659 1034 4513 3050 2057 4013 4220 246 3209 4839 4139 3641 4900 2686 2160 4460 4441 2408 3856 771 4758 3016 4340 4369 3860 2798 3981 4426 1094 4067 1069 2680 1213 2823 95 1119 422 4985 1205 1503 4556 879 1926 696 2015 935 4773 196 488 960 110 3416 835 2323 508 774 1124 2477 3199 1410 2465 375 849 2905 3042 3110 4984 
Cost: 3233
Path: 494 2339 3766 139 3935 3656 3271 2659 1034 4513 3050 2057 4013 4220 246 3209 4839 4139 3641 4900 2686 2160 4460 1284 1781 771 1069 2680 1213 2823 95 1119 422 4985 1205 1503 879 1926 696 4773 1507 1484 3923 3016 4340 4369 4556 2015 935 196 2735 685 2798 3981 488 960 110 3416 835 2323 508 774 1124 2477 3199 207 3619 3042 3110 4984 
Cost: 3236
Path: 494 2339 3766 139 3935 3656 3271 2659 1034 4513 3050 2057 4013 4220 246 3209 4839 4139 3641 4900 2686 2160 4460 4441 2408 3856 771 4758 3016 4340 4369 3860 2798 3981 4426 1094 4067 1069 2680 1213 2823 95 1119 422 4985 1205 1503 4556 488 960 110 3416 835 2323 1135 4128 3852 4080 421 861 879 1926 696 2015 935 2431 3910 2689 4307 4773 196 4750 2496 803 1124 3140 824 3149 1732 4974 2654 2888 873 456 3110 4984 
1831340800