Cost: 2650
Path: 61255 69976 37059 35239 26667 29294 71991 35137 80229 61565 75661 35395 15779 85802 48316 92788 13214 25734 33698 92472 59546 96700 29538 91849 3706 66608 64367 20132 40111 66615 88088 91930 17117 25874 39643 40066 70685 63161 28331 50932 18131 32241 31950 69554 12182 67731 50453 16364 37350 91957 50587 59461 76699 63909 32542 12198 88487 85683 40932 67081 66223 67451 4511 89897 28823 85559 13961 53901 6945 32423 85468 6140 35381 10332 77745 70796 92536 55646 81161 4879 6888 65437 18001 90034 79338 56283 87792 36202 74401 20885 98043 75790 13363 11314 19002 71500 47932 96287 37736 
Cost: 2710
Path: 61255 69976 37059 35239 26667 29294 71991 35137 80229 61565 75661 35395 15779 85802 48316 92788 13214 25734 33698 92472 59546 96700 29538 91849 3706 66608 64367 20132 40111 66615 88088 91930 17117 25874 39643 40066 70685 63161 28331 50932 18131 32241 31950 69554 12182 67731 50453 16364 37350 91957 50587 59461 76699 63909 32542 12198 88487 85683 40932 67081 66223 67451 4511 89897 28823 85559 13961 53901 6945 32423 85468 94275 60530 95570 73866 56184 47651 32397 38280 75104 42313 10122 2563 68391 16959 84764 91987 4361 98808 95419 24663 45303 77939 53980 62666 63379 59222 92536 55646 81161 4879 6888 65437 18001 90034 79338 56283 87792 36202 74401 20885 98043 75790 13363 11314 19002 71500 47932 96287 37736 
Cost: 2817
Path: 61255 69976 37059 35239 26667 29294 71991 35137 80229 61565 75661 35395 15779 85802 48316 92788 13214 25734 33698 92472 59546 96700 29538 91849 3706 66608 64367 20132 40111 66615 88088 91930 17117 25874 39643 40066 70685 63161 28331 50932 18131 32241 31950 69554 12182 67731 50453 16364 37350 91957 50587 59461 76699 63909 32542 12198 88487 85683 40932 67081 66223 67451 4511 89897 28823 85559 13961 53901 6945 32423 85468 85391 28871 29565 35906 29158 39228 78244 89389 80479 27706 5185 69280 90885 56819 56235 92276 41254 31002 58380 63379 59222 92536 55646 81161 4879 6888 65437 18001 90034 79338 56283 87792 36202 74401 20885 98043 75790 13363 11314 19002 71500 47932 96287 37736 
Cost: 2914
Path: 61255 69976 37059 35239 26667 29294 71991 35137 80229 61565 75661 35395 15779 85802 48316 92788 13214 25734 33698 92472 59546 96700 29538 91849 3706 66608 64367 20132 40111 66615 88088 91930 17117 25874 39643 40066 70685 63161 28331 50932 18131 32241 31950 69554 12182 67731 50453 16364 37350 91957 50587 59461 76699 63909 32542 12198 79273 86021 40932 67081 66223 67451 4511 89897 28823 85559 13961 53901 6945 32423 85468 6140 35381 10332 77745 70796 92536 55646 81161 4879 6888 65437 18001 90034 79338 56283 87792 36202 74401 20885 98043 75790 13363 11314 19002 71500 47932 96287 37736 
Cost: 3012
Path: 61255 69976 37059 35239 26667 29294 71991 35137 80229 61565 75661 35395 15779 85802 48316 92788 13214 25734 33698 92472 59546 96700 29538 91849 3706 66608 64367 20132 40111 66615 88088 91930 17117 25874 39643 40066 70685 63161 28331 50932 18131 32241 31950 69554 12182 67731 50453 16364 37350 91957 50587 59461 76699 63909 32542 12198 88487 85683 40932 67081 66223 67451 4511 89897 28823 85559 13961 53901 6945 32423 85468 94275 60530 95570 73866 56184 34959 19694 53633 41183 42539 52849 55376 16687 89928 59270 36772 71660 85823 6604 99637 72911 93892 71914 58358 60020 80775 18551 37308 79749 5320 30241 16153 11455 42313 10122 2563 68391 16959 84764 91987 4361 98808 95419 24663 45303 77939 53980 62666 63379 59222 92536 55646 81161 4879 6888 65437 18001 90034 79338 56283 87792 36202 74401 20885 98043 75790 13363 11314 19002 71500 47932 96287 37736 
Cost: 3081
Path: 61255 69976 37059 35239 26667 29294 71991 35137 80229 61565 75661 35395 15779 85802 48316 92788 13214 25734 33698 92472 59546 96700 29538 91849 3706 66608 64367 20132 40111 66615 88088 91930 17117 25874 39643 40066 70685 63161 28331 50932 18131 32241 31950 69554 12182 67731 50453 16364 37350 91957 50587 59461 76699 63909 32542 12198 79273 86021 40932 67081 66223 67451 4511 89897 28823 85559 13961 53901 6945 32423 85468 85391 28871 29565 35906 29158 39228 78244 89389 80479 27706 5185 69280 90885 56819 56235 92276 41254 31002 58380 63379 59222 92536 55646 81161 4879 6888 65437 18001 90034 79338 56283 87792 36202 74401 20885 98043 75790 13363 11314 19002 71500 47932 96287 37736 
Cost: 3238
Path: 61255 69976 37059 35239 26667 29294 71991 35137 80229 61565 75661 35395 15779 85802 48316 92788 13214 25734 33698 92472 59546 96700 29538 91849 3706 66608 64367 20132 40111 66615 88088 91930 17117 25874 39643 40066 70685 63161 28331 50932 18131 32241 31950 69554 12182 67731 50453 16364 37350 91957 50587 59461 76699 63909 32542 12198 79273 86021 40932 67081 66223 67451 4511 89897 28823 85559 13961 53901 6945 32423 85468 94275 60530 95570 73866 56184 47651 32397 38280 75104 42313 10122 2563 68391 16959 84764 91987 4361 98808 95419 24663 45303 77939 53980 62666 63379 59222 92536 55646 81161 4879 6888 65437 18001 90034 79338 56283 87792 36202 74401 20885 98043 75790 13363 11314 19002 71500 47932 96287 37736 
Cost: 3302
Path: 61255 69976 37059 35239 26667 29294 71991 35137 80229 61565 75661 35395 15779 85802 48316 92788 13214 25734 33698 92472 59546 96700 29538 91849 3706 66608 64367 20132 40111 66615 88088 91930 17117 25874 39643 40066 70685 63161 28331 50932 18131 32241 31950 69554 6140 35381 10332 77745 70796 92536 55646 84281 16959 84764 91987 4361 98808 1993 79749 5320 30241 16153 11455 42313 16278 38468 27578 4311 89305 23328 13961 53901 6945 32423 85468 81161 4879 6888 65437 18001 90034 79338 56283 87792 36202 74401 20885 98043 75790 13363 11314 19002 71500 47932 96287 37736 
Cost: 3340
Path: 61255 69976 37059 35239 26667 29294 71991 35137 80229 61565 75661 35395 15779 85802 48316 92788 13214 25734 33698 92472 59546 96700 29538 91849 3706 66608 64367 20132 40111 66615 88088 91930 17117 25874 39643 40066 70685 63161 28331 50932 18131 32241 31950 69554 12182 67731 50453 16364 37350 91957 50587 59461 76699 63909 32542 12198 88487 85683 40932 67081 66223 67451 4511 89897 28823 85559 13961 53901 6945 32423 85468 94275 60530 95570 73866 56184 34959 19694 53633 41183 42539 52849 55376 16687 89928 59270 36772 71660 85823 6604 99637 72911 93892 71914 28129 85165 88628 90205 27720 95657 41414 52322 51451 97704 26264 3905 94323 36265 23914 79418 30669 87090 9071 76629 74282 49684 74166 84056 27264 6140 35381 10332 77745 70796 92536 55646 81161 4879 6888 65437 18001 57033 69833 4052 14184 46742 246 45020 10822 90356 75732 23352 14403 71026 24302 71500 47932 96287 37736 
Cost: 3379
Path: 61255 69976 37059 35239 26667 29294 71991 35137 80229 61565 75661 35395 15779 85802 48316 92788 13214 25734 33698 92472 59546 96700 29538 91849 3706 66608 64367 20132 40111 66615 88088 91930 17117 25874 39643 40066 70685 63161 28331 50932 18131 32241 31950 69554 12182 67731 50453 16364 37350 91957 50587 59461 76699 63909 32542 12198 88487 85683 40932 67081 66223 67451 4511 89897 28823 85559 13961 53901 6945 32423 85468 19225 30807 6337 79704 32504 37201 52305 57213 74915 11947 34448 88623 90059 10664 64000 55646 81161 4879 6888 65437 18001 90034 79338 56283 87792 36202 74401 20885 98043 75790 13363 11314 19002 71500 47932 96287 37736 
Cost: 3400
Path: 61255 69976 37059 35239 26667 29294 71991 35137 80229 61565 75661 35395 15779 85802 48316 92788 13214 25734 33698 92472 59546 96700 29538 91849 3706 66608 64367 20132 40111 66615 88088 91930 17117 25874 39643 40066 70685 63161 28331 50932 18131 32241 31950 69554 12182 67731 50453 16364 37350 91957 50587 59461 76699 63909 32542 12198 88487 85683 40932 67081 66223 67451 4511 89897 28823 85559 13961 53901 6945 32423 85468 94275 60530 95570 73866 56184 34959 19694 53633 41183 42539 52849 55376 16687 89928 59270 36772 71660 85823 6604 99637 72911 93892 71914 28129 85165 88628 90205 27720 95657 41414 52322 51451 97704 26264 3905 94323 36265 23914 79418 30669 87090 9071 76629 74282 49684 74166 84056 27264 47651 32397 38280 75104 42313 10122 2563 68391 16959 84764 91987 4361 98808 95419 24663 45303 77939 53980 62666 63379 59222 92536 55646 81161 4879 6888 65437 18001 57033 69833 4052 14184 46742 246 45020 10822 90356 75732 23352 14403 71026 24302 71500 47932 96287 37736 
Cost: 3471
Path: 61255 69976 37059 35239 26667 29294 71991 35137 80229 61565 75661 35395 15779 85802 48316 92788 13214 25734 33698 92472 59546 96700 29538 91849 3706 66608 64367 20132 40111 66615 88088 91930 17117 25874 39643 40066 70685 63161 28331 50932 18131 32241 31950 69554 12182 67731 50453 16364 37350 91957 50587 59461 76699 63909 32542 12198 88487 85683 40932 67081 66223 67451 4511 89897 28823 85559 13961 53901 6945 32423 85468 94275 60530 95570 73866 56184 47651 32397 38280 75104 42313 10122 2563 68391 16959 84764 91987 4361 98808 1993 79749 5320 30241 50215 37302 99422 43910 25986 17563 22412 20673 80858 96121 28819 33368 78244 89389 80479 27706 5185 69280 90885 56819 56235 92276 41254 31002 58380 63379 59222 92536 55646 81161 4879 6888 65437 18001 90034 79338 56283 87792 36202 74401 20885 98043 75790 13363 11314 19002 71500 47932 96287 37736 
Cost: 3507
Path: 61255 69976 37059 35239 26667 29294 71991 35137 80229 61565 75661 35395 15779 85802 48316 92788 13214 25734 33698 92472 59546 96700 29538 91849 3706 66608 64367 20132 40111 66615 88088 91930 17117 25874 39643 40066 70685 63161 28331 50932 18131 32241 31950 69554 12182 67731 50453 16364 37350 91957 50587 59461 76699 63909 32542 12198 88487 85683 40932 67081 66223 67451 4511 89897 28823 85559 13961 53901 6945 32423 85468 94275 60530 95570 73866 56184 34959 19694 53633 41183 42539 52849 55376 16687 89928 59270 36772 71660 85823 6604 99637 72911 93892 71914 28129 85165 88628 90205 27720 95657 41414 52322 51451 97704 26264 3905 94323 36265 23914 79418 30669 87090 9071 76629 74282 49684 74166 84056 27264 85391 28871 29565 35906 29158 39228 78244 89389 80479 27706 5185 69280 90885 56819 56235 92276 41254 31002 58380 63379 59222 92536 55646 81161 4879 6888 65437 18001 57033 69833 4052 14184 46742 246 45020 10822 90356 75732 23352 14403 71026 24302 71500 47932 96287 37736 
Cost: 3525
Path: 61255 69976 37059 35239 26667 29294 71991 35137 80229 61565 75661 35395 15779 85802 48316 92788 13214 25734 33698 92472 59546 96700 29538 91849 3706 66608 64367 20132 40111 66615 88088 91930 17117 25874 39643 40066 70685 63161 28331 50932 18131 32241 31950 69554 12182 67731 50453 16364 37350 91957 50587 59461 76699 63909 32542 12198 88487 85683 40932 67081 66223 67451 4511 89897 28823 85559 13961 53901 6945 32423 85468 94275 60530 95570 73866 56184 34959 19694 53633 41183 42539 52849 55376 16687 89928 59270 36772 71660 85823 6604 99637 72911 93892 71914 47651 32397 38280 86981 35787 99183 52463 41904 5040 52120 5331 59685 32176 21192 45429 3019 81700 41414 52322 51451 97704 26264 3905 94323 36265 23914 79418 30669 87090 9071 76629 74282 49684 74166 84056 27264 6140 35381 10332 77745 70796 92536 55646 81161 4879 6888 65437 18001 57033 69833 4052 14184 46742 246 45020 10822 90356 75732 23352 14403 71026 24302 71500 47932 96287 37736 
Cost: 3540
Path: 61255 69976 37059 35239 26667 29294 71991 35137 80229 61565 75661 35395 15779 85802 48316 92788 13214 25734 33698 92472 59546 96700 29538 91849 3706 66608 64367 20132 40111 66615 88088 91930 17117 25874 39643 40066 70685 63161 28331 50932 18131 32241 31950 69554 12182 67731 50453 16364 37350 91957 50587 59461 76699 63909 32542 12198 79273 86021 40932 67081 66223 67451 4511 89897 28823 85559 13961 53901 6945 32423 85468 94275 60530 95570 73866 56184 34959 19694 53633 41183 42539 52849 55376 16687 89928 59270 36772 71660 85823 6604 99637 72911 93892 71914 58358 60020 80775 18551 37308 79749 5320 30241 16153 11455 42313 10122 2563 68391 16959 84764 91987 4361 98808 95419 24663 45303 77939 53980 62666 63379 59222 92536 55646 81161 4879 6888 65437 18001 90034 79338 56283 87792 36202 74401 20885 98043 75790 13363 11314 19002 71500 47932 96287 37736 
Cost: 3574
Path: 61255 69976 37059 35239 26667 29294 71991 12182 67731 50453 16364 37350 91957 50587 59461 76699 63909 32542 12198 88487 85683 40932 67081 66223 67451 4511 89897 28823 85559 13961 53901 6945 32423 85468 94275 60530 95570 73866 56184 47651 32397 38280 75104 42313 10122 2563 68391 16959 84764 91987 4361 98808 95419 24663 45303 77939 53980 62666 63379 59222 92536 55646 81161 4879 6888 65437 18001 90034 79338 56283 87792 36202 62523 57608 80734 53136 71043 56236 66567 43241 25660 71598 73315 29032 71415 64405 75833 55355 32056 40066 70685 63161 28331 50932 18131 32241 31950 69554 74401 20885 98043 75790 13363 11314 19002 71500 47932 96287 37736 
Cost: 3582
Path: 61255 69976 37059 35239 26667 29294 71991 12182 67731 50453 16364 37350 91957 50587 59461 76699 63909 32542 12198 88487 85683 40932 67081 66223 67451 4511 89897 28823 85559 13961 53901 6945 32423 85468 94275 60530 95570 73866 56184 47651 32397 38280 75104 42313 10122 2563 68391 16959 84764 91987 4361 98808 95419 24663 45303 77939 53980 62666 63379 59222 92536 55646 81161 4879 6888 65437 18001 90034 79338 56283 87792 36202 62523 57608 80734 53136 71043 56236 66567 43241 38884 29290 88235 41846 74836 62851 64405 75833 55355 32056 40066 70685 63161 28331 50932 18131 32241 31950 69554 74401 20885 98043 75790 13363 11314 19002 71500 47932 96287 37736 
Cost: 3583
Path: 61255 69976 37059 35239 26667 29294 71991 35137 80229 61565 75661 35395 15779 85802 48316 92788 13214 25734 33698 92472 59546 96700 29538 91849 3706 66608 64367 20132 40111 66615 88088 91930 17117 25874 39643 40066 70685 63161 28331 50932 18131 32241 31950 69554 12182 67731 50453 16364 37350 91957 50587 59461 76699 63909 32542 12198 88487 85683 40932 67081 66223 67451 4511 89897 28823 85559 13961 53901 6945 32423 85468 94275 60530 95570 73866 56184 34959 19694 53633 41183 42539 52849 55376 16687 89928 59270 36772 71660 85823 6604 99637 72911 93892 71914 5290 58447 81700 41414 52322 51451 97704 26264 3905 94323 36265 23914 79418 30669 87090 9071 76629 74282 49684 74166 84056 27264 6140 35381 10332 77745 70796 92536 55646 81161 4879 6888 65437 18001 57033 69833 4052 14184 46742 246 45020 10822 90356 75732 23352 14403 71026 24302 71500 47932 96287 37736 
Cost: 3585
Path: 61255 69976 37059 35239 26667 29294 71991 35137 80229 61565 75661 35395 15779 85802 48316 92788 13214 25734 33698 92472 59546 96700 29538 91849 3706 66608 64367 20132 40111 66615 88088 91930 17117 25874 39643 40066 70685 63161 28331 50932 18131 32241 31950 69554 12182 67731 50453 16364 37350 91957 50587 59461 76699 63909 32542 12198 88487 85683 40932 67081 66223 67451 4511 89897 28823 85559 13961 53901 6945 32423 85468 94275 60530 95570 73866 56184 34959 19694 53633 41183 42539 52849 55376 16687 89928 59270 36772 71660 85823 6604 99637 72911 93892 71914 47651 32397 38280 86981 35787 99183 52463 41904 5040 52120 5331 59685 32176 21192 45429 3019 81700 41414 52322 51451 97704 26264 3905 94323 36265 23914 79418 30669 87090 9071 76629 74282 49684 74166 84056 27264 75104 42313 10122 2563 68391 16959 84764 91987 4361 98808 95419 24663 45303 77939 53980 62666 63379 59222 92536 55646 81161 4879 6888 65437 18001 57033 69833 4052 14184 46742 246 45020 10822 90356 75732 23352 14403 71026 24302 71500 47932 96287 37736 
Cost: 3588
Path: 61255 69976 37059 35239 26667 29294 71991 35137 80229 61565 75661 35395 15779 85802 48316 92788 13214 25734 33698 92472 59546 96700 29538 91849 3706 66608 64367 20132 40111 66615 88088 91930 17117 25874 39643 40066 70685 63161 28331 50932 18131 32241 31950 69554 12182 67731 50453 16364 37350 91957 50587 59461 76699 63909 32542 12198 88487 85683 40932 67081 66223 67451 4511 89897 28823 85559 13961 53901 6945 32423 85468 94275 60530 95570 73866 56184 34959 19694 53633 41183 42539 52849 55376 16687 89928 59270 36772 71660 85823 6604 99637 72911 93892 71914 58358 60020 80775 18551 37308 79749 5320 30241 50215 37302 99422 43910 25986 17563 22412 20673 80858 96121 28819 33368 78244 89389 80479 27706 5185 69280 90885 56819 56235 92276 41254 31002 58380 63379 59222 92536 55646 81161 4879 6888 65437 18001 90034 79338 56283 87792 36202 74401 20885 98043 75790 13363 11314 19002 71500 47932 96287 37736 
Cost: 3636
Path: 61255 69976 37059 35239 26667 29294 71991 35137 80229 61565 75661 35395 15779 85802 48316 92788 13214 25734 33698 92472 59546 96700 29538 91849 3706 66608 64367 20132 40111 66615 88088 91930 17117 25874 39643 40066 70685 63161 28331 50932 18131 32241 31950 69554 85391 28871 29565 35906 29158 39228 78244 89389 80479 27706 5185 69280 90885 56819 56235 92276 41254 31002 58380 12182 67731 50453 16364 37350 91957 63379 59222 92536 55646 84281 16959 84764 91987 4361 98808 1993 79749 5320 30241 16153 11455 42313 16278 38468 27578 4311 89305 23328 13961 53901 6945 32423 85468 81161 4879 6888 65437 18001 90034 79338 56283 87792 36202 74401 20885 98043 75790 13363 11314 19002 71500 47932 96287 37736 
Cost: 3643
Path: 61255 69976 37059 35239 26667 29294 71991 35137 80229 61565 75661 35395 15779 85802 48316 92788 13214 25734 33698 92472 59546 96700 29538 91849 3706 66608 64367 20132 40111 66615 88088 91930 17117 25874 39643 40066 70685 63161 28331 50932 18131 32241 31950 69554 12182 67731 50453 16364 37350 91957 50587 59461 76699 63909 32542 12198 79273 86021 40932 67081 66223 67451 4511 89897 28823 85559 13961 53901 6945 32423 85468 19225 30807 6337 79704 32504 37201 52305 57213 74915 11947 34448 88623 90059 10664 64000 55646 81161 4879 6888 65437 18001 90034 79338 56283 87792 36202 74401 20885 98043 75790 13363 11314 19002 71500 47932 96287 37736 
Cost: 3643
Path: 61255 69976 37059 35239 26667 29294 71991 35137 80229 61565 75661 35395 15779 85802 48316 92788 13214 25734 33698 92472 59546 96700 29538 91849 3706 66608 64367 20132 40111 66615 88088 91930 17117 25874 39643 40066 70685 63161 28331 50932 18131 32241 31950 69554 12182 67731 50453 16364 37350 91957 50587 59461 76699 63909 32542 12198 88487 85683 40932 67081 66223 67451 4511 89897 28823 85559 13961 53901 6945 32423 85468 94275 60530 95570 73866 56184 34959 19694 53633 41183 42539 52849 55376 16687 89928 59270 36772 71660 85823 6604 99637 72911 93892 71914 5290 58447 81700 41414 52322 51451 97704 26264 3905 94323 36265 23914 79418 30669 87090 9071 76629 74282 49684 74166 84056 27264 47651 32397 38280 75104 42313 10122 2563 68391 16959 84764 91987 4361 98808 95419 24663 45303 77939 53980 62666 63379 59222 92536 55646 81161 4879 6888 65437 18001 57033 69833 4052 14184 46742 246 45020 10822 90356 75732 23352 14403 71026 24302 71500 47932 96287 37736 
Cost: 3670
Path: 61255 69976 37059 35239 26667 29294 71991 35137 80229 61565 75661 35395 15779 85802 48316 92788 13214 25734 33698 92472 59546 96700 29538 91849 3706 66608 64367 20132 40111 66615 88088 91930 17117 25874 39643 40066 70685 63161 28331 50932 18131 32241 31950 69554 6140 35381 10332 77745 70796 92536 55646 81161 4879 6888 65437 18001 90034 79338 56283 87792 36202 62523 57608 80734 53136 83651 53633 41183 42539 52849 55376 16687 89928 59270 36772 71660 85823 6604 99637 72911 93892 71914 58358 60020 80775 18551 37308 79749 5320 30241 16153 11455 42313 16278 38468 27578 4311 89305 23328 13961 53901 6945 32423 85468 74401 20885 98043 75790 13363 11314 19002 71500 47932 96287 37736 
Cost: 3692
Path: 61255 69976 37059 35239 26667 29294 71991 35137 80229 61565 75661 35395 15779 85802 48316 92788 13214 25734 33698 92472 59546 96700 29538 91849 3706 66608 64367 20132 40111 66615 88088 91930 17117 25874 39643 40066 70685 63161 28331 50932 18131 32241 31950 69554 12182 67731 50453 16364 37350 91957 50587 59461 76699 63909 32542 12198 88487 85683 40932 67081 66223 67451 4511 89897 28823 85559 13961 53901 6945 32423 85468 94275 60530 95570 73866 56184 34959 19694 53633 41183 42539 52849 55376 16687 89928 59270 36772 71660 85823 6604 99637 72911 93892 71914 47651 32397 38280 86981 35787 99183 52463 41904 5040 52120 5331 59685 32176 21192 45429 3019 81700 41414 52322 51451 97704 26264 3905 94323 36265 23914 79418 30669 87090 9071 76629 74282 49684 74166 84056 27264 85391 28871 29565 35906 29158 39228 78244 89389 80479 27706 5185 69280 90885 56819 56235 92276 41254 31002 58380 63379 59222 92536 55646 81161 4879 6888 65437 18001 57033 69833 4052 14184 46742 246 45020 10822 90356 75732 23352 14403 71026 24302 71500 47932 96287 37736 
Cost: 3702
Path: 61255 69976 37059 35239 26667 29294 71991 35137 80229 61565 75661 35395 15779 85802 48316 92788 13214 25734 33698 92472 59546 96700 29538 91849 3706 66608 64367 20132 40111 66615 88088 91930 17117 25874 39643 40066 70685 63161 28331 50932 18131 32241 31950 69554 12182 67731 50453 16364 37350 91957 50587 59461 76699 63909 32542 12198 88487 85683 40932 67081 66223 67451 4511 89897 28823 85559 13961 53901 6945 32423 85468 94275 60530 95570 73866 56184 34959 19694 53633 41183 42539 52849 55376 16687 89928 59270 36772 71660 85823 6604 99637 72911 93892 71914 28129 85165 88628 90205 27720 95657 41414 52322 51451 97704 26264 3905 94323 36265 23914 79418 30669 87090 9071 76629 74282 49684 74166 84056 27264 58358 60020 80775 18551 37308 79749 5320 30241 16153 11455 42313 10122 2563 68391 16959 84764 91987 4361 98808 95419 24663 45303 77939 53980 62666 63379 59222 92536 55646 81161 4879 6888 65437 18001 57033 69833 4052 14184 46742 246 45020 10822 90356 75732 23352 14403 71026 24302 71500 47932 96287 37736 
Cost: 3750
Path: 61255 69976 37059 35239 26667 29294 71991 35137 80229 61565 75661 35395 15779 85802 48316 92788 13214 25734 33698 92472 59546 96700 29538 91849 3706 66608 64367 20132 40111 66615 88088 91930 17117 25874 39643 40066 70685 63161 28331 50932 18131 32241 31950 69554 12182 67731 50453 16364 37350 91957 50587 59461 76699 63909 32542 12198 88487 85683 40932 67081 66223 67451 4511 89897 28823 85559 13961 53901 6945 32423 85468 94275 60530 95570 73866 56184 34959 19694 53633 41183 42539 52849 55376 16687 89928 59270 36772 71660 85823 6604 99637 72911 93892 71914 5290 58447 81700 41414 52322 51451 97704 26264 3905 94323 36265 23914 79418 30669 87090 9071 76629 74282 49684 74166 84056 27264 85391 28871 29565 35906 29158 39228 78244 89389 80479 27706 5185 69280 90885 56819 56235 92276 41254 31002 58380 63379 59222 92536 55646 81161 4879 6888 65437 18001 57033 69833 4052 14184 46742 246 45020 10822 90356 75732 23352 14403 71026 24302 71500 47932 96287 37736 
Cost: 3783
Path: 61255 69976 37059 35239 26667 29294 71991 35137 80229 61565 75661 35395 15779 85802 48316 92788 13214 25734 33698 92472 59546 96700 29538 91849 3706 66608 64367 20132 40111 66615 88088 91930 17117 25874 39643 40066 70685 63161 28331 50932 18131 32241 31950 69554 12182 67731 50453 16364 37350 91957 50587 59461 76699 63909 32542 12198 88487 85683 40932 67081 66223 67451 4511 89897 28823 85559 13961 53901 6945 32423 85468 6140 35381 5658 77372 96143 43430 29720 37887 64441 70099 21150 48751 3371 28086 15047 54204 13775 87613 76904 44583 24045 94911 23121 7381 5617 92803 9802 36616 13466 48129 76777 76902 55052 22536 84415 31989 47065 93045 63993 22851 97348 87842 46055 66379 61087 33125 35057 16153 11455 42313 10122 2563 68391 16959 84764 91987 4361 98808 95419 24663 45303 77939 53980 62666 63379 59222 92536 55646 81161 4879 6888 65437 18001 90034 79338 56283 87792 36202 74401 20885 98043 75790 13363 11314 19002 71500 47932 96287 37736 
Cost: 3836
Path: 61255 69976 37059 35239 26667 29294 71991 35137 80229 61565 75661 35395 15779 85802 48316 92788 13214 25734 33698 92472 59546 96700 29538 91849 3706 66608 64367 20132 40111 66615 88088 91930 17117 25874 39643 40066 70685 63161 28331 50932 18131 32241 31950 69554 12182 67731 50453 16364 37350 91957 50587 59461 76699 63909 32542 12198 88487 85683 40932 67081 66223 67451 4511 89897 28823 85559 13961 53901 6945 32423 85468 94275 60530 95570 73866 56184 34959 19694 53633 41183 42539 52849 55376 16687 89928 59270 36772 71660 85823 6604 99637 72911 93892 71914 19391 17657 65351 66890 36022 1762 77610 2643 13066 2704 27720 95657 41414 52322 51451 97704 26264 3905 94323 36265 23914 79418 30669 87090 9071 76629 74282 49684 74166 84056 27264 6140 35381 10332 77745 70796 92536 55646 81161 4879 6888 65437 18001 57033 69833 4052 14184 46742 246 45020 10822 90356 75732 23352 14403 71026 24302 71500 47932 96287 37736 
Cost: 3862
Path: 61255 69976 37059 35239 26667 29294 71991 35137 80229 61565 75661 35395 15779 85802 48316 92788 13214 25734 33698 92472 59546 96700 29538 91849 3706 66608 64367 20132 40111 66615 88088 91930 17117 25874 39643 40066 70685 63161 28331 50932 18131 32241 31950 69554 6140 35381 10332 77745 70796 92536 55646 81161 4879 6888 65437 18001 90034 79338 56283 87792 36202 62523 57608 80734 53136 83651 53633 41183 42539 52849 55376 16687 89928 59270 36772 71660 85823 6604 99637 72911 93892 71914 12182 67731 50453 16364 37350 91957 50587 59461 76699 63909 32542 12198 88487 85683 40932 67081 66223 67451 4511 28129 85165 88628 90205 27720 95657 41414 52322 51451 97704 26264 3905 94323 36265 23914 79418 30669 87090 9071 76629 74282 49684 74166 84056 27264 57033 69833 4052 14184 46742 246 45020 10822 90356 75732 23352 14403 71026 24302 71500 47932 96287 37736 
Cost: 3868
Path: 61255 69976 37059 35239 26667 29294 71991 35137 80229 61565 75661 35395 15779 85802 48316 92788 13214 25734 33698 92472 59546 96700 29538 91849 3706 66608 64367 20132 40111 66615 88088 91930 17117 25874 39643 40066 70685 63161 28331 50932 18131 32241 31950 69554 12182 67731 50453 16364 37350 91957 50587 59461 76699 63909 32542 12198 79273 86021 40932 67081 66223 67451 4511 89897 28823 85559 13961 53901 6945 32423 85468 94275 60530 95570 73866 56184 34959 19694 53633 41183 42539 52849 55376 16687 89928 59270 36772 71660 85823 6604 99637 72911 93892 71914 28129 85165 88628 90205 27720 95657 41414 52322 51451 97704 26264 3905 94323 36265 23914 79418 30669 87090 9071 76629 74282 49684 74166 84056 27264 6140 35381 10332 77745 70796 92536 55646 81161 4879 6888 65437 18001 57033 69833 4052 14184 46742 246 45020 10822 90356 75732 23352 14403 71026 24302 71500 47932 96287 37736 
Cost: 3887
Path: 61255 69976 37059 35239 26667 29294 71991 35137 80229 61565 75661 35395 15779 85802 48316 92788 13214 25734 33698 92472 59546 96700 29538 91849 3706 66608 64367 20132 40111 66615 88088 91930 17117 25874 39643 40066 70685 63161 28331 50932 18131 32241 31950 69554 12182 67731 50453 16364 37350 91957 50587 59461 76699 63909 32542 12198 88487 85683 40932 67081 66223 67451 4511 89897 28823 85559 13961 53901 6945 32423 85468 94275 60530 95570 73866 56184 34959 19694 53633 41183 42539 52849 55376 16687 89928 59270 36772 71660 85823 6604 99637 72911 93892 71914 47651 32397 38280 86981 35787 99183 52463 41904 5040 52120 5331 59685 32176 21192 45429 3019 81700 41414 52322 51451 97704 26264 3905 94323 36265 23914 79418 30669 87090 9071 76629 74282 49684 74166 84056 27264 58358 60020 80775 18551 37308 79749 5320 30241 16153 11455 42313 10122 2563 68391 16959 84764 91987 4361 98808 95419 24663 45303 77939 53980 62666 63379 59222 92536 55646 81161 4879 6888 65437 18001 57033 69833 4052 14184 46742 246 45020 10822 90356 75732 23352 14403 71026 24302 71500 47932 96287 37736 
Cost: 3892
Path: 61255 69976 37059 35239 26667 29294 71991 35137 80229 61565 75661 35395 15779 85802 48316 92788 13214 25734 33698 92472 59546 96700 29538 91849 3706 66608 64367 20132 40111 66615 88088 91930 17117 25874 39643 40066 70685 63161 28331 50932 18131 32241 31950 69554 12182 67731 50453 16364 37350 91957 50587 59461 76699 63909 32542 12198 88487 85683 40932 67081 66223 67451 4511 89897 28823 85559 13961 53901 6945 32423 85468 6140 35381 5658 77372 96143 43430 29720 37887 64441 70099 21150 48751 3371 28086 15047 54204 13775 87613 76904 44583 24045 94911 23121 7381 5617 92803 9802 36616 13466 48129 76777 76902 55052 22536 84415 31989 47065 93045 63993 22851 97348 87842 46055 28830 90703 88584 41472 66810 94218 23477 23799 15490 24939 5384 69192 6083 67671 96582 11455 42313 10122 2563 68391 16959 84764 91987 4361 98808 95419 24663 45303 77939 53980 62666 63379 59222 92536 55646 81161 4879 6888 65437 18001 90034 79338 56283 87792 36202 74401 20885 98043 75790 13363 11314 19002 71500 47932 96287 37736 
Cost: 3895
Path: 61255 69976 37059 35239 26667 29294 71991 35137 80229 61565 75661 35395 15779 85802 48316 92788 13214 25734 91849 3706 66608 64367 20132 40111 85391 28871 29565 35906 29158 39228 78244 89389 80479 27706 5185 69280 90885 56819 56235 92276 41254 31002 58380 12182 67731 50453 16364 37350 91957 63379 59222 92536 55646 81161 4879 6888 65437 18001 90034 79338 56283 87792 36202 62523 57608 80734 53136 71043 56236 66567 43241 25660 71598 73315 29032 71415 64405 75833 55355 32056 40066 70685 63161 28331 50932 18131 32241 31950 69554 50587 59461 76699 63909 32542 12198 88487 85683 40932 67081 66223 67451 4511 89897 28823 85559 13961 53901 6945 32423 85468 74401 20885 98043 75790 13363 11314 19002 71500 47932 96287 37736 
Cost: 3896
Path: 61255 69976 37059 35239 26667 29294 71991 35137 80229 61565 75661 35395 15779 85802 48316 92788 13214 25734 33698 92472 59546 96700 29538 91849 3706 66608 64367 20132 40111 66615 88088 91930 17117 25874 39643 40066 70685 63161 28331 50932 18131 32241 31950 69554 12182 67731 50453 16364 37350 91957 50587 59461 76699 63909 32542 12198 88487 85683 40932 67081 66223 67451 4511 89897 28823 85559 13961 53901 6945 32423 85468 94275 60530 95570 73866 56184 34959 19694 53633 41183 42539 52849 55376 16687 89928 59270 36772 71660 85823 6604 99637 72911 93892 71914 19391 17657 65351 66890 36022 1762 77610 2643 13066 2704 27720 95657 41414 52322 51451 97704 26264 3905 94323 36265 23914 79418 30669 87090 9071 76629 74282 49684 74166 84056 27264 47651 32397 38280 75104 42313 10122 2563 68391 16959 84764 91987 4361 98808 95419 24663 45303 77939 53980 62666 63379 59222 92536 55646 81161 4879 6888 65437 18001 57033 69833 4052 14184 46742 246 45020 10822 90356 75732 23352 14403 71026 24302 71500 47932 96287 37736 
Cost: 3903
Path: 61255 69976 37059 35239 26667 29294 71991 35137 80229 61565 75661 35395 15779 85802 48316 92788 13214 25734 91849 3706 66608 64367 20132 40111 85391 28871 29565 35906 29158 39228 78244 89389 80479 27706 5185 69280 90885 56819 56235 92276 41254 31002 58380 12182 67731 50453 16364 37350 91957 63379 59222 92536 55646 81161 4879 6888 65437 18001 90034 79338 56283 87792 36202 62523 57608 80734 53136 71043 56236 66567 43241 38884 29290 88235 41846 74836 62851 64405 75833 55355 32056 40066 70685 63161 28331 50932 18131 32241 31950 69554 50587 59461 76699 63909 32542 12198 88487 85683 40932 67081 66223 67451 4511 89897 28823 85559 13961 53901 6945 32423 85468 74401 20885 98043 75790 13363 11314 19002 71500 47932 96287 37736 
Cost: 3919
Path: 61255 69976 37059 35239 26667 29294 71991 35137 80229 61565 75661 35395 15779 85802 48316 92788 13214 25734 33698 92472 59546 96700 29538 91849 3706 66608 64367 20132 40111 66615 88088 91930 17117 25874 39643 40066 70685 63161 28331 50932 18131 32241 31950 69554 6140 35381 5658 77372 96143 43430 29720 37887 64441 70099 12182 67731 50453 16364 37350 91957 50587 59461 76699 63909 32542 12198 88487 85683 40932 67081 66223 67451 21150 48751 3371 28086 15047 54204 13775 87613 76904 44583 24045 94911 23121 7381 5617 92803 9802 36616 13466 48129 76777 76902 55052 22536 84415 31989 47065 93045 63993 22851 97348 87842 46055 66379 61087 33125 35057 16153 11455 42313 16278 38468 27578 4311 89305 23328 13961 53901 6945 32423 85468 10332 77745 70796 92536 55646 81161 4879 6888 65437 18001 90034 79338 56283 87792 36202 74401 20885 98043 75790 13363 11314 19002 71500 47932 96287 37736 
Cost: 3922
Path: 61255 69976 37059 35239 26667 29294 71991 35137 80229 61565 75661 35395 15779 85802 48316 92788 13214 25734 33698 92472 59546 96700 29538 91849 3706 66608 64367 20132 40111 66615 88088 91930 17117 25874 39643 40066 70685 63161 28331 50932 18131 32241 31950 69554 12182 67731 50453 16364 37350 91957 50587 59461 76699 63909 32542 12198 88487 85683 40932 67081 66223 67451 4511 89897 28823 85559 13961 53901 6945 32423 85468 85391 28871 29565 35906 29158 39228 78244 89389 80479 27706 5185 69280 90885 56819 71560 56029 10199 93366 46462 18398 55992 46983 47587 83232 6256 45681 38746 49095 24250 38906 42629 52973 68671 25114 78508 47554 38190 56171 77946 18048 2956 38342 28553 83011 77483 77025 94275 60530 95570 73866 56184 34959 19694 53633 41183 42539 52849 55376 16687 89928 59270 36772 71660 85823 6604 68817 62666 63379 59222 92536 55646 81161 4879 6888 65437 18001 90034 79338 56283 87792 36202 74401 20885 98043 75790 13363 11314 19002 71500 47932 96287 37736 
Cost: 3945
Path: 61255 69976 37059 35239 26667 29294 71991 35137 80229 61565 75661 35395 15779 85802 48316 92788 13214 25734 33698 92472 59546 96700 29538 91849 3706 66608 64367 20132 40111 66615 88088 91930 17117 25874 39643 40066 70685 63161 28331 50932 18131 32241 31950 69554 12182 67731 50453 16364 37350 91957 50587 59461 76699 63909 32542 12198 88487 85683 40932 67081 66223 67451 4511 89897 28823 85559 13961 53901 6945 32423 85468 94275 60530 95570 73866 56184 34959 19694 53633 41183 42539 52849 55376 16687 89928 59270 36772 71660 85823 6604 99637 72911 93892 71914 5290 58447 81700 41414 52322 51451 97704 26264 3905 94323 36265 23914 79418 30669 87090 9071 76629 74282 49684 74166 84056 27264 58358 60020 80775 18551 37308 79749 5320 30241 16153 11455 42313 10122 2563 68391 16959 84764 91987 4361 98808 95419 24663 45303 77939 53980 62666 63379 59222 92536 55646 81161 4879 6888 65437 18001 57033 69833 4052 14184 46742 246 45020 10822 90356 75732 23352 14403 71026 24302 71500 47932 96287 37736 
Cost: 3956
Path: 61255 69976 37059 35239 26667 29294 71991 12182 67731 50453 16364 37350 91957 50587 59461 76699 63909 32542 12198 88487 85683 40932 67081 66223 67451 4511 89897 28823 85559 13961 53901 6945 32423 85468 94275 60530 95570 73866 56184 47651 32397 38280 31369 34959 19694 53633 41183 42539 52849 55376 16687 89928 59270 36772 71660 85823 6604 99637 72911 93892 71914 58358 58082 10328 14597 28129 85165 89633 49 57859 88641 36417 29350 83570 18231 3469 68669 76381 33927 13158 91234 62712 67602 88375 35137 80229 61565 75661 35395 15779 85802 48316 92788 13214 25734 91849 3706 66608 64367 20132 40111 78508 47554 38190 56171 77946 54253 4779 2458 44 67861 19534 33698 92472 59546 96700 29538 66615 88088 91930 17117 25874 39643 40066 70685 63161 18131 32241 31950 69554 6140 35381 10332 77745 70796 92536 55646 81161 4879 6888 65437 18001 90034 79338 56283 87792 36202 74401 20885 98043 75790 13363 11314 19002 71500 47932 96287 37736 
Cost: 3961
Path: 61255 69976 37059 35239 26667 29294 71991 35137 80229 61565 75661 35395 15779 85802 48316 92788 13214 25734 33698 92472 59546 96700 29538 91849 3706 66608 64367 20132 40111 66615 88088 91930 17117 25874 39643 40066 70685 63161 28331 50932 18131 32241 31950 69554 12182 67731 50453 16364 37350 91957 50587 59461 76699 63909 32542 12198 88487 85683 40932 67081 66223 67451 4511 89897 28823 85559 13961 53901 6945 32423 85468 6140 35381 5658 77372 96143 78249 92985 39518 69556 18398 55992 46983 47587 83232 6256 45681 38746 49095 24250 38906 42629 52973 68671 25114 78508 47554 38190 56171 77946 18048 2956 38342 28553 83011 77483 77025 94275 60530 95570 73866 56184 34959 19694 53633 41183 42539 52849 55376 16687 89928 59270 36772 71660 85823 6604 68817 62666 63379 59222 92536 55646 81161 4879 6888 65437 18001 90034 79338 56283 87792 36202 74401 20885 98043 75790 13363 11314 19002 71500 47932 96287 37736 
Cost: 3982
Path: 61255 69976 37059 35239 26667 29294 71991 35137 80229 61565 75661 35395 15779 85802 48316 92788 13214 25734 33698 92472 59546 96700 29538 91849 3706 66608 64367 20132 40111 66615 88088 91930 17117 25874 39643 40066 70685 63161 28331 50932 18131 32241 31950 69554 12182 67731 50453 16364 37350 91957 50587 59461 76699 63909 32542 12198 88487 85683 40932 67081 66223 67451 4511 89897 28823 85559 13961 53901 6945 32423 85468 94275 60530 95570 73866 56184 47651 32397 38280 75104 42313 10122 2563 68391 16959 84764 91987 4361 98808 95419 24663 45303 77939 53980 62666 63379 59222 92536 55646 81161 4879 6888 65437 18001 90034 79338 56283 87792 36202 62523 57608 80734 53136 83651 53633 41183 42539 52849 55376 16687 89928 59270 36772 71660 85823 6604 99637 72911 93892 71914 28129 85165 88628 90205 27720 95657 41414 52322 51451 97704 26264 3905 94323 36265 23914 79418 30669 87090 9071 76629 74282 49684 74166 84056 27264 57033 69833 4052 14184 46742 246 45020 10822 90356 75732 23352 14403 71026 24302 71500 47932 96287 37736 
Cost: 3992
Path: 61255 69976 37059 35239 26667 29294 71991 35137 80229 61565 75661 35395 15779 85802 48316 92788 13214 25734 33698 92472 59546 96700 29538 91849 3706 66608 64367 20132 40111 66615 88088 91930 17117 25874 39643 40066 70685 63161 28331 50932 18131 32241 31950 69554 6140 35381 10332 77745 70796 92536 55646 84281 16959 84764 91987 4361 98808 1993 79749 5320 30241 16153 11455 42313 16278 38468 27578 4311 89305 23328 13961 53901 6945 32423 85468 94275 60530 95570 73866 56184 34959 19694 53633 41183 42539 52849 55376 16687 89928 59270 36772 71660 85823 6604 99637 72911 93892 71914 12182 67731 50453 16364 37350 91957 50587 59461 76699 63909 32542 12198 88487 85683 40932 67081 66223 67451 4511 28129 85165 88628 90205 27720 95657 41414 52322 51451 97704 26264 3905 94323 36265 23914 79418 30669 87090 9071 76629 74282 49684 74166 84056 27264 81161 4879 6888 65437 18001 57033 69833 4052 14184 46742 246 45020 10822 90356 75732 23352 14403 71026 24302 71500 47932 96287 37736 
Cost: 3999
Path: 61255 69976 37059 35239 26667 29294 71991 35137 80229 61565 75661 35395 15779 85802 48316 92788 13214 25734 33698 92472 59546 96700 29538 91849 3706 66608 64367 20132 40111 66615 88088 91930 17117 25874 39643 40066 70685 63161 28331 50932 18131 32241 31950 69554 12182 67731 50453 16364 37350 91957 50587 59461 76699 63909 32542 12198 79273 86021 40932 67081 66223 67451 4511 89897 28823 85559 13961 53901 6945 32423 85468 94275 60530 95570 73866 56184 47651 32397 38280 75104 42313 10122 2563 68391 16959 84764 91987 4361 98808 1993 79749 5320 30241 50215 37302 99422 43910 25986 17563 22412 20673 80858 96121 28819 33368 78244 89389 80479 27706 5185 69280 90885 56819 56235 92276 41254 31002 58380 63379 59222 92536 55646 81161 4879 6888 65437 18001 90034 79338 56283 87792 36202 74401 20885 98043 75790 13363 11314 19002 71500 47932 96287 37736 
Cost: 4003
Path: 61255 69976 37059 35239 26667 29294 71991 35137 80229 61565 75661 35395 15779 85802 48316 92788 13214 25734 33698 92472 59546 96700 29538 91849 3706 66608 64367 20132 40111 66615 88088 91930 17117 25874 39643 40066 70685 63161 28331 50932 18131 32241 31950 69554 12182 67731 50453 16364 37350 91957 50587 59461 76699 63909 32542 12198 88487 85683 40932 67081 66223 67451 4511 89897 28823 85559 13961 53901 6945 32423 85468 94275 60530 95570 73866 56184 34959 19694 53633 41183 42539 52849 55376 16687 89928 59270 36772 71660 85823 6604 99637 72911 93892 71914 19391 17657 65351 66890 36022 1762 77610 2643 13066 2704 27720 95657 41414 52322 51451 97704 26264 3905 94323 36265 23914 79418 30669 87090 9071 76629 74282 49684 74166 84056 27264 85391 28871 29565 35906 29158 39228 78244 89389 80479 27706 5185 69280 90885 56819 56235 92276 41254 31002 58380 63379 59222 92536 55646 81161 4879 6888 65437 18001 57033 69833 4052 14184 46742 246 45020 10822 90356 75732 23352 14403 71026 24302 71500 47932 96287 37736 
Cost: 4004
Path: 61255 69976 37059 35239 26667 29294 71991 35137 80229 61565 75661 35395 15779 85802 48316 92788 13214 25734 33698 92472 59546 96700 29538 91849 3706 66608 64367 20132 40111 66615 88088 91930 17117 25874 39643 40066 70685 63161 28331 50932 18131 32241 31950 69554 85391 28871 29565 35906 29158 39228 78244 89389 80479 27706 5185 69280 90885 56819 56235 92276 41254 31002 58380 12182 67731 50453 16364 37350 91957 63379 59222 92536 55646 81161 4879 6888 65437 18001 90034 79338 56283 87792 36202 62523 57608 80734 53136 83651 53633 41183 42539 52849 55376 16687 89928 59270 36772 71660 85823 6604 99637 72911 93892 71914 58358 60020 80775 18551 37308 79749 5320 30241 16153 11455 42313 16278 38468 27578 4311 89305 23328 13961 53901 6945 32423 85468 74401 20885 98043 75790 13363 11314 19002 71500 47932 96287 37736 
Cost: 4016
Path: 61255 69976 37059 35239 26667 29294 71991 12182 67731 50453 16364 37350 91957 50587 59461 76699 63909 32542 12198 88487 85683 40932 67081 66223 67451 4511 89897 28823 85559 13961 53901 6945 32423 85468 94275 60530 95570 73866 56184 47651 32397 38280 31369 34959 19694 53633 41183 42539 52849 55376 16687 89928 59270 36772 71660 85823 6604 99637 72911 93892 71914 58358 58082 10328 14597 28129 85165 89633 49 57859 88641 36417 29350 83570 18231 3469 68669 76381 33927 13158 91234 62712 67602 88375 35137 80229 61565 75661 35395 15779 85802 48316 92788 13214 25734 91849 3706 66608 64367 20132 40111 78508 47554 38190 56171 77946 54253 4779 2458 44 67861 19534 33698 92472 59546 96700 29538 66615 88088 91930 17117 25874 39643 40066 70685 63161 18131 32241 31950 69554 75104 42313 10122 2563 68391 16959 84764 91987 4361 98808 95419 24663 45303 77939 53980 62666 63379 59222 92536 55646 81161 4879 6888 65437 18001 90034 79338 56283 87792 36202 74401 20885 98043 75790 13363 11314 19002 71500 47932 96287 37736 
Cost: 4027
Path: 61255 69976 37059 35239 26667 29294 71991 12182 67731 50453 16364 37350 91957 50587 59461 76699 63909 32542 12198 88487 85683 40932 67081 66223 67451 4511 89897 28823 85559 13961 53901 6945 32423 85468 94275 60530 95570 73866 56184 47651 32397 38280 86981 35787 99183 52463 21150 48751 3371 28086 15047 54204 13775 87613 76904 44583 24045 94911 23121 7381 99462 54408 63262 72661 6331 2259 29912 74259 27597 89562 41265 55071 51783 68511 8304 29751 90343 63411 59216 97402 14597 28129 85165 89633 49 57859 88641 36417 29350 83570 18231 3469 68669 76381 33927 13158 91234 62712 67602 88375 35137 80229 61565 75661 35395 15779 85802 48316 92788 13214 25734 91849 3706 66608 64367 20132 40111 78508 47554 38190 56171 77946 54253 4779 2458 44 67861 19534 33698 92472 59546 96700 29538 66615 88088 91930 17117 25874 39643 40066 70685 63161 18131 32241 31950 69554 6140 35381 10332 77745 70796 92536 55646 81161 4879 6888 65437 18001 90034 79338 56283 87792 36202 74401 20885 98043 75790 13363 11314 19002 71500 47932 96287 37736 
Cost: 4028
Path: 61255 69976 37059 35239 26667 29294 71991 35137 80229 61565 75661 35395 15779 85802 48316 92788 13214 25734 33698 92472 59546 96700 29538 91849 3706 66608 64367 20132 40111 66615 88088 91930 17117 25874 39643 40066 70685 63161 28331 50932 18131 32241 31950 69554 6140 35381 5658 77372 96143 43430 29720 37887 64441 70099 12182 67731 50453 16364 37350 91957 50587 59461 76699 63909 32542 12198 88487 85683 40932 67081 66223 67451 21150 48751 3371 28086 15047 54204 13775 87613 76904 44583 24045 94911 23121 7381 5617 92803 9802 36616 13466 48129 76777 76902 55052 22536 84415 31989 47065 93045 63993 22851 97348 87842 46055 28830 90703 88584 41472 66810 94218 23477 23799 15490 24939 5384 69192 6083 67671 96582 11455 42313 16278 38468 27578 4311 89305 23328 13961 53901 6945 32423 85468 10332 77745 70796 92536 55646 81161 4879 6888 65437 18001 90034 79338 56283 87792 36202 74401 20885 98043 75790 13363 11314 19002 71500 47932 96287 37736 
Cost: 4035
Path: 61255 69976 37059 35239 26667 29294 71991 35137 80229 61565 75661 35395 15779 85802 48316 92788 13214 25734 33698 92472 59546 96700 29538 91849 3706 66608 64367 20132 40111 66615 88088 91930 17117 25874 39643 40066 70685 63161 28331 50932 18131 32241 31950 69554 12182 67731 50453 16364 37350 91957 50587 59461 76699 63909 32542 12198 79273 86021 40932 67081 66223 67451 4511 89897 28823 85559 13961 53901 6945 32423 85468 94275 60530 95570 73866 56184 34959 19694 53633 41183 42539 52849 55376 16687 89928 59270 36772 71660 85823 6604 99637 72911 93892 71914 28129 85165 88628 90205 27720 95657 41414 52322 51451 97704 26264 3905 94323 36265 23914 79418 30669 87090 9071 76629 74282 49684 74166 84056 27264 85391 28871 29565 35906 29158 39228 78244 89389 80479 27706 5185 69280 90885 56819 56235 92276 41254 31002 58380 63379 59222 92536 55646 81161 4879 6888 65437 18001 57033 69833 4052 14184 46742 246 45020 10822 90356 75732 23352 14403 71026 24302 71500 47932 96287 37736 
Cost: 4047
Path: 61255 69976 37059 35239 26667 29294 71991 35137 80229 61565 75661 35395 15779 85802 48316 92788 13214 25734 33698 92472 59546 96700 29538 91849 3706 66608 64367 20132 40111 66615 88088 91930 17117 25874 39643 40066 70685 63161 28331 50932 18131 32241 31950 69554 6140 35381 10332 77745 70796 92536 55646 81161 4879 6888 65437 18001 90034 79338 56283 87792 36202 62523 57608 80734 53136 83651 53633 41183 42539 52849 55376 16687 89928 59270 36772 71660 85823 6604 99637 72911 93892 71914 12182 67731 50453 16364 37350 91957 50587 59461 76699 63909 32542 12198 88487 85683 40932 67081 66223 67451 4511 89897 28823 85559 13961 53901 6945 32423 85468 94275 60530 95570 73866 56184 47651 32397 38280 86981 35787 99183 52463 41904 5040 52120 5331 59685 32176 21192 45429 3019 81700 41414 52322 51451 97704 26264 3905 94323 36265 23914 79418 30669 87090 9071 76629 74282 49684 74166 84056 27264 57033 69833 4052 14184 46742 246 45020 10822 90356 75732 23352 14403 71026 24302 71500 47932 96287 37736 
Cost: 4053
Path: 61255 69976 37059 35239 26667 29294 71991 35137 80229 61565 75661 35395 15779 85802 48316 92788 13214 25734 33698 92472 59546 96700 29538 91849 3706 66608 64367 20132 40111 66615 88088 91930 17117 25874 39643 40066 70685 63161 28331 50932 18131 32241 31950 69554 12182 67731 50453 16364 37350 91957 50587 59461 76699 63909 32542 12198 79273 86021 40932 67081 66223 67451 4511 89897 28823 85559 13961 53901 6945 32423 85468 94275 60530 95570 73866 56184 34959 19694 53633 41183 42539 52849 55376 16687 89928 59270 36772 71660 85823 6604 99637 72911 93892 71914 47651 32397 38280 86981 35787 99183 52463 41904 5040 52120 5331 59685 32176 21192 45429 3019 81700 41414 52322 51451 97704 26264 3905 94323 36265 23914 79418 30669 87090 9071 76629 74282 49684 74166 84056 27264 6140 35381 10332 77745 70796 92536 55646 81161 4879 6888 65437 18001 57033 69833 4052 14184 46742 246 45020 10822 90356 75732 23352 14403 71026 24302 71500 47932 96287 37736 
Cost: 4069
Path: 61255 69976 37059 35239 26667 29294 71991 35137 80229 61565 75661 35395 15779 85802 48316 92788 13214 25734 33698 92472 59546 96700 29538 91849 3706 66608 64367 20132 40111 66615 88088 91930 17117 25874 39643 40066 70685 63161 28331 50932 18131 32241 31950 69554 12182 67731 50453 16364 37350 91957 50587 59461 76699 63909 32542 12198 88487 85683 40932 67081 66223 67451 4511 89897 28823 85559 13961 53901 6945 32423 85468 94275 60530 95570 73866 56184 34959 19694 53633 41183 42539 52849 55376 16687 89928 59270 36772 71660 85823 6604 99637 72911 93892 71914 28129 85165 88628 90205 27720 95657 41414 52322 51451 97704 26264 3905 94323 36265 23914 79418 30669 87090 9071 76629 74282 49684 74166 84056 27264 19225 30807 6337 79704 32504 37201 52305 57213 74915 11947 34448 88623 90059 10664 64000 55646 81161 4879 6888 65437 18001 57033 69833 4052 14184 46742 246 45020 10822 90356 75732 23352 14403 71026 24302 71500 47932 96287 37736 
Cost: 4075
Path: 61255 69976 37059 35239 26667 29294 71991 12182 67731 50453 16364 37350 91957 50587 59461 76699 63909 32542 12198 88487 85683 40932 67081 66223 67451 4511 89897 28823 85559 13961 53901 6945 32423 85468 94275 60530 95570 73866 56184 47651 32397 38280 86981 35787 99183 52463 21150 48751 3371 28086 15047 54204 13775 87613 76904 44583 24045 94911 23121 7381 99462 54408 63262 72661 6331 2259 29912 74259 27597 89562 41265 55071 51783 68511 72086 21718 90492 68760 32262 75956 1097 73097 96633 13521 4394 27510 4490 83134 17230 11624 50914 75112 3127 8451 86146 54626 1955 21056 73351 35137 80229 61565 75661 35395 15779 85802 48316 92788 13214 25734 33698 92472 59546 96700 29538 91849 3706 66608 64367 20132 40111 66615 88088 91930 17117 25874 39643 40066 70685 63161 28331 19225 30807 6337 79704 32504 37201 52305 67542 45089 97005 8865 90184 56526 18131 32241 31950 69554 6140 35381 10332 77745 70796 92536 55646 81161 4879 6888 65437 18001 90034 79338 56283 87792 36202 74401 20885 98043 75790 13363 11314 19002 71500 47932 96287 37736 
Cost: 4076
Path: 61255 69976 37059 35239 26667 29294 71991 35137 80229 61565 75661 35395 15779 85802 48316 92788 13214 25734 33698 92472 59546 96700 29538 91849 3706 66608 64367 20132 40111 66615 88088 91930 17117 25874 39643 40066 70685 63161 28331 50932 18131 32241 31950 69554 12182 67731 50453 16364 37350 91957 50587 59461 76699 63909 32542 12198 88487 85683 40932 67081 66223 67451 4511 89897 28823 85559 13961 53901 6945 32423 85468 21150 48751 3371 28086 15047 53894 75316 6140 35381 5658 77372 96143 78249 92985 39518 69556 18398 55992 46983 47587 83232 6256 45681 38746 49095 24250 38906 42629 70192 28129 85165 89633 49 57859 88641 36417 29350 5107 12713 50200 78232 72802 85758 12750 70745 29668 3490 73316 22690 60611 41323 59436 14904 6111 13309 49554 10275 41450 17294 69280 90885 56819 56235 92276 41254 31002 58380 63379 59222 92536 55646 81161 4879 6888 65437 18001 90034 79338 56283 87792 36202 74401 20885 98043 75790 13363 11314 19002 71500 47932 96287 37736 
Cost: 4086
Path: 61255 69976 37059 35239 26667 29294 71991 35137 80229 61565 75661 35395 15779 85802 48316 92788 13214 25734 33698 92472 59546 96700 29538 91849 3706 66608 64367 20132 40111 66615 88088 91930 17117 25874 39643 40066 70685 63161 28331 50932 18131 32241 31950 69554 6140 35381 5658 77372 96143 43430 29720 37887 64441 70099 12182 67731 50453 16364 37350 91957 50587 59461 76699 63909 32542 12198 88487 85683 40932 67081 66223 67451 21150 48751 3371 28086 15047 54204 13775 87613 76904 44583 24045 94911 23121 7381 5617 92803 9802 36616 13466 48129 76777 76902 55052 22536 84415 31989 47065 93045 63993 22851 97348 87842 46055 66379 61087 33125 35057 16153 11455 42313 16278 38468 27578 4311 89305 23328 13961 53901 6945 32423 85468 85391 28871 29565 35906 29158 39228 78244 89389 80479 27706 5185 69280 90885 56819 56235 92276 41254 31002 58380 63379 59222 92536 55646 81161 4879 6888 65437 18001 90034 79338 56283 87792 36202 74401 20885 98043 75790 13363 11314 19002 71500 47932 96287 37736 
Cost: 4087
Path: 61255 69976 37059 35239 26667 29294 71991 12182 67731 50453 16364 37350 91957 50587 59461 76699 63909 32542 12198 88487 85683 40932 67081 66223 67451 4511 89897 28823 85559 13961 53901 6945 32423 85468 94275 60530 95570 73866 56184 47651 32397 38280 86981 35787 99183 52463 21150 48751 3371 28086 15047 54204 13775 87613 76904 44583 24045 94911 23121 7381 99462 54408 63262 72661 6331 2259 29912 74259 27597 89562 41265 55071 51783 68511 8304 29751 90343 63411 59216 97402 14597 28129 85165 89633 49 57859 88641 36417 29350 83570 18231 3469 68669 76381 33927 13158 91234 62712 67602 88375 35137 80229 61565 75661 35395 15779 85802 48316 92788 13214 25734 91849 3706 66608 64367 20132 40111 78508 47554 38190 56171 77946 54253 4779 2458 44 67861 19534 33698 92472 59546 96700 29538 66615 88088 91930 17117 25874 39643 40066 70685 63161 18131 32241 31950 69554 75104 42313 10122 2563 68391 16959 84764 91987 4361 98808 95419 24663 45303 77939 53980 62666 63379 59222 92536 55646 81161 4879 6888 65437 18001 90034 79338 56283 87792 36202 74401 20885 98043 75790 13363 11314 19002 71500 47932 96287 37736 
Cost: 4111
Path: 61255 69976 37059 35239 26667 29294 71991 35137 80229 61565 75661 35395 15779 85802 48316 92788 13214 25734 33698 92472 59546 96700 29538 91849 3706 66608 64367 20132 40111 66615 88088 91930 17117 25874 39643 40066 70685 63161 28331 50932 18131 32241 31950 69554 12182 67731 50453 16364 37350 91957 50587 59461 76699 63909 32542 12198 79273 86021 40932 67081 66223 67451 4511 89897 28823 85559 13961 53901 6945 32423 85468 94275 60530 95570 73866 56184 34959 19694 53633 41183 42539 52849 55376 16687 89928 59270 36772 71660 85823 6604 99637 72911 93892 71914 5290 58447 81700 41414 52322 51451 97704 26264 3905 94323 36265 23914 79418 30669 87090 9071 76629 74282 49684 74166 84056 27264 6140 35381 10332 77745 70796 92536 55646 81161 4879 6888 65437 18001 57033 69833 4052 14184 46742 246 45020 10822 90356 75732 23352 14403 71026 24302 71500 47932 96287 37736 
Cost: 4116
Path: 61255 69976 37059 35239 26667 29294 71991 35137 80229 61565 75661 35395 15779 85802 48316 92788 13214 25734 33698 92472 59546 96700 29538 91849 3706 66608 64367 20132 40111 66615 88088 91930 17117 25874 39643 40066 70685 63161 28331 50932 18131 32241 31950 69554 12182 67731 50453 16364 37350 91957 50587 59461 76699 63909 32542 12198 79273 86021 40932 67081 66223 67451 4511 89897 28823 85559 13961 53901 6945 32423 85468 94275 60530 95570 73866 56184 34959 19694 53633 41183 42539 52849 55376 16687 89928 59270 36772 71660 85823 6604 99637 72911 93892 71914 58358 60020 80775 18551 37308 79749 5320 30241 50215 37302 99422 43910 25986 17563 22412 20673 80858 96121 28819 33368 78244 89389 80479 27706 5185 69280 90885 56819 56235 92276 41254 31002 58380 63379 59222 92536 55646 81161 4879 6888 65437 18001 90034 79338 56283 87792 36202 74401 20885 98043 75790 13363 11314 19002 71500 47932 96287 37736 
Cost: 4123
Path: 61255 69976 37059 35239 26667 29294 71991 12182 67731 50453 16364 37350 91957 50587 59461 76699 63909 32542 12198 88487 85683 40932 67081 66223 67451 4511 89897 28823 85559 13961 53901 6945 32423 85468 94275 60530 95570 73866 56184 47651 32397 38280 31369 34959 19694 53633 41183 42539 52849 55376 16687 89928 59270 36772 71660 85823 6604 99637 72911 93892 71914 58358 58082 10328 14597 28129 85165 89633 49 57859 88641 36417 29350 83570 18231 3469 68669 76381 33927 13158 91234 62712 67602 88375 35137 80229 61565 75661 35395 15779 85802 48316 92788 13214 25734 91849 3706 66608 64367 20132 40111 78508 47554 38190 56171 77946 54253 4779 2458 44 67861 19534 33698 92472 59546 96700 29538 66615 88088 91930 17117 25874 39643 40066 70685 63161 18131 32241 31950 69554 85391 28871 29565 35906 29158 39228 78244 89389 80479 27706 5185 69280 90885 56819 56235 92276 41254 31002 58380 63379 59222 92536 55646 81161 4879 6888 65437 18001 90034 79338 56283 87792 36202 74401 20885 98043 75790 13363 11314 19002 71500 47932 96287 37736 
Cost: 4126
Path: 61255 69976 37059 35239 26667 29294 71991 35137 80229 61565 75661 35395 15779 85802 48316 92788 13214 25734 33698 92472 59546 96700 29538 91849 3706 66608 64367 20132 40111 66615 88088 91930 17117 25874 39643 40066 70685 63161 28331 50932 18131 32241 31950 69554 6140 35381 10332 77745 70796 92536 55646 81161 4879 6888 65437 18001 90034 79338 56283 87792 36202 62523 57608 80734 53136 83651 53633 41183 42539 52849 55376 16687 89928 59270 36772 71660 85823 6604 99637 72911 93892 71914 12182 67731 50453 16364 37350 91957 50587 59461 76699 63909 32542 12198 79273 86021 40932 67081 66223 67451 4511 28129 85165 88628 90205 27720 95657 41414 52322 51451 97704 26264 3905 94323 36265 23914 79418 30669 87090 9071 76629 74282 49684 74166 84056 27264 57033 69833 4052 14184 46742 246 45020 10822 90356 75732 23352 14403 71026 24302 71500 47932 96287 37736 
Cost: 4130
Path: 61255 69976 37059 35239 26667 29294 71991 35137 80229 61565 75661 35395 15779 85802 48316 92788 13214 25734 33698 92472 59546 96700 29538 91849 3706 66608 64367 20132 40111 66615 88088 91930 17117 25874 39643 40066 70685 63161 28331 50932 18131 32241 31950 69554 12182 67731 50453 16364 37350 91957 50587 59461 76699 63909 32542 12198 88487 85683 40932 67081 66223 67451 4511 89897 28823 85559 13961 53901 6945 32423 85468 94275 60530 95570 73866 56184 34959 19694 53633 41183 42539 52849 55376 16687 89928 59270 36772 71660 85823 6604 99637 72911 93892 71914 6140 35381 10332 77745 70796 92536 55646 81161 4879 6888 65437 18001 90034 79338 56283 87792 36202 62523 57608 80734 53136 71043 56236 66567 43241 25660 71598 73315 29032 71415 64405 75833 13150 11034 81435 81229 35953 58334 78228 4258 6489 80829 74175 83136 72339 58447 81700 41414 52322 51451 97704 26264 3905 94323 36265 23914 79418 30669 87090 9071 76629 74282 49684 74166 84056 27264 57033 69833 4052 14184 46742 246 45020 10822 90356 75732 23352 14403 71026 24302 71500 47932 96287 37736 
Cost: 4134
Path: 61255 69976 37059 35239 26667 29294 71991 35137 80229 61565 75661 35395 15779 85802 48316 92788 13214 25734 33698 92472 59546 96700 29538 91849 3706 66608 64367 20132 40111 66615 88088 91930 17117 25874 39643 40066 70685 63161 28331 50932 18131 32241 31950 69554 12182 67731 50453 16364 37350 91957 50587 59461 76699 63909 32542 12198 88487 85683 40932 67081 66223 67451 4511 89897 28823 85559 13961 53901 6945 32423 85468 94275 60530 95570 73866 56184 34959 19694 53633 41183 42539 52849 55376 16687 89928 59270 36772 71660 85823 6604 99637 72911 93892 71914 6140 35381 10332 77745 70796 92536 55646 81161 4879 6888 65437 18001 90034 79338 56283 87792 36202 62523 57608 80734 53136 71043 56236 66567 43241 38884 29290 88235 41846 74836 62851 64405 75833 13150 11034 81435 81229 35953 58334 78228 4258 6489 80829 74175 83136 72339 58447 81700 41414 52322 51451 97704 26264 3905 94323 36265 23914 79418 30669 87090 9071 76629 74282 49684 74166 84056 27264 57033 69833 4052 14184 46742 246 45020 10822 90356 75732 23352 14403 71026 24302 71500 47932 96287 37736 
Cost: 4135
Path: 61255 69976 37059 35239 26667 29294 71991 12182 67731 50453 16364 37350 91957 50587 59461 76699 63909 32542 12198 88487 85683 40932 67081 66223 67451 4511 89897 28823 85559 13961 53901 6945 32423 85468 94275 60530 95570 73866 56184 47651 32397 38280 86981 35787 99183 52463 21150 48751 3371 28086 15047 54204 13775 87613 76904 44583 24045 94911 23121 7381 99462 54408 63262 72661 6331 2259 29912 74259 27597 89562 41265 55071 51783 68511 72086 21718 90492 68760 32262 75956 1097 73097 96633 13521 4394 27510 4490 83134 17230 11624 50914 75112 3127 8451 86146 54626 1955 21056 73351 35137 80229 61565 75661 35395 15779 85802 48316 92788 13214 25734 33698 92472 59546 96700 29538 91849 3706 66608 64367 20132 40111 66615 88088 91930 17117 25874 39643 40066 70685 63161 28331 19225 30807 6337 79704 32504 37201 52305 67542 45089 97005 8865 90184 56526 18131 32241 31950 69554 75104 42313 10122 2563 68391 16959 84764 91987 4361 98808 95419 24663 45303 77939 53980 62666 63379 59222 92536 55646 81161 4879 6888 65437 18001 90034 79338 56283 87792 36202 74401 20885 98043 75790 13363 11314 19002 71500 47932 96287 37736 
Cost: 4149
Path: 61255 69976 37059 35239 26667 29294 71991 35137 80229 61565 75661 35395 15779 85802 48316 92788 13214 25734 33698 92472 59546 96700 29538 91849 3706 66608 64367 20132 40111 66615 88088 91930 17117 25874 39643 40066 70685 63161 28331 50932 18131 32241 31950 69554 33927 13158 91234 62712 6140 35381 10332 77745 70796 92536 55646 81161 4879 6888 65437 18001 44112 38187 53758 25052 40669 16506 70048 26481 40350 78131 29441 9182 18198 88656 75896 76138 86814 64310 3425 86156 71899 30941 49578 55530 5989 7971 58489 35063 99836 96262 46883 3941 26030 31040 59461 76699 63909 32542 12198 88487 85683 40932 67081 66223 67451 4511 89897 28823 85559 13961 53901 6945 32423 85468 90034 79338 56283 87792 36202 74401 20885 98043 75790 13363 11314 19002 71500 47932 96287 37736 
Cost: 4159
Path: 61255 69976 37059 35239 26667 29294 71991 35137 80229 61565 75661 35395 15779 85802 48316 92788 13214 25734 91849 3706 66608 64367 20132 40111 85391 28871 29565 35906 29158 39228 78244 89389 80479 27706 5185 69280 90885 56819 56235 92276 41254 31002 58380 12182 67731 50453 16364 37350 91957 63379 59222 92536 55646 81161 4879 6888 65437 18001 90034 79338 56283 87792 36202 62523 57608 80734 53136 71043 56236 66567 43241 25660 71598 73315 29032 71415 64405 75833 55355 32056 40066 70685 63161 28331 50932 18131 32241 31950 69554 50587 59461 76699 63909 32542 12198 33698 92472 59546 96700 79273 86021 40932 67081 66223 67451 4511 89897 28823 85559 13961 53901 6945 32423 85468 74401 20885 98043 75790 13363 11314 19002 71500 47932 96287 37736 
Cost: 4161
Path: 61255 69976 37059 35239 26667 29294 71991 35137 80229 61565 75661 35395 15779 85802 48316 92788 13214 25734 33698 92472 59546 96700 29538 91849 3706 66608 64367 20132 40111 66615 88088 91930 17117 25874 39643 40066 70685 63161 28331 50932 18131 32241 31950 69554 12182 67731 50453 16364 37350 91957 50587 59461 76699 63909 32542 12198 88487 85683 40932 67081 66223 67451 4511 89897 28823 85559 13961 53901 6945 32423 85468 94275 60530 95570 73866 56184 34959 19694 53633 41183 42539 52849 55376 16687 89928 59270 36772 71660 85823 6604 99637 72911 93892 71914 28129 85165 88628 90205 27720 95657 41414 52322 51451 97704 26264 3905 94323 36265 23914 79418 30669 87090 9071 76629 74282 49684 74166 84056 27264 47651 32397 38280 75104 42313 10122 2563 68391 16959 84764 91987 4361 98808 1993 79749 5320 30241 50215 37302 99422 43910 25986 17563 22412 20673 80858 96121 28819 33368 78244 89389 80479 27706 5185 69280 90885 56819 56235 92276 41254 31002 58380 63379 59222 92536 55646 81161 4879 6888 65437 18001 57033 69833 4052 14184 46742 246 45020 10822 90356 75732 23352 14403 71026 24302 71500 47932 96287 37736 
Cost: 4164
Path: 61255 69976 37059 35239 26667 29294 71991 35137 80229 61565 75661 35395 15779 85802 48316 92788 13214 25734 33698 92472 59546 96700 29538 91849 3706 66608 64367 20132 40111 66615 88088 91930 17117 25874 39643 40066 70685 63161 28331 50932 18131 32241 31950 69554 12182 67731 50453 16364 37350 91957 50587 59461 76699 63909 32542 12198 88487 85683 40932 67081 66223 67451 4511 89897 28823 85559 13961 53901 6945 32423 85468 85391 28871 29565 35906 29158 39228 78244 89389 80479 27706 5185 69280 90885 56819 71560 56029 10199 93366 46462 18398 55992 46983 47587 83232 6256 45681 38746 49095 24250 38906 42629 52973 68671 25114 94275 60530 95570 73866 56184 47651 32397 38280 75104 42313 10122 2563 68391 16959 84764 91987 4361 98808 1993 79749 5320 30241 50215 37302 7093 2956 38342 28553 83011 77483 77025 34959 19694 53633 41183 42539 52849 55376 16687 89928 59270 36772 71660 85823 6604 68817 62666 63379 59222 92536 55646 81161 4879 6888 65437 18001 90034 79338 56283 87792 36202 74401 20885 98043 75790 13363 11314 19002 71500 47932 96287 37736 
Cost: 4167
Path: 61255 69976 37059 35239 26667 29294 71991 35137 80229 61565 75661 35395 15779 85802 48316 92788 13214 25734 33698 92472 59546 96700 29538 91849 3706 66608 64367 20132 40111 66615 88088 91930 17117 25874 39643 40066 70685 63161 28331 50932 18131 32241 31950 69554 12182 67731 50453 16364 37350 91957 50587 59461 76699 63909 32542 12198 88487 85683 40932 67081 66223 67451 4511 89897 28823 85559 13961 53901 6945 32423 85468 94275 60530 95570 73866 56184 47651 32397 38280 75104 42313 10122 2563 68391 16959 84764 91987 4361 98808 95419 24663 45303 77939 53980 62666 63379 59222 92536 55646 81161 4879 6888 65437 18001 90034 79338 56283 87792 36202 62523 57608 80734 53136 83651 53633 41183 42539 52849 55376 16687 89928 59270 36772 71660 85823 6604 99637 72911 93892 71914 86981 35787 99183 52463 41904 5040 52120 5331 59685 32176 21192 45429 3019 81700 41414 52322 51451 97704 26264 3905 94323 36265 23914 79418 30669 87090 9071 76629 74282 49684 74166 84056 27264 57033 69833 4052 14184 46742 246 45020 10822 90356 75732 23352 14403 71026 24302 71500 47932 96287 37736 
Cost: 4167
Path: 61255 69976 37059 35239 26667 29294 71991 35137 80229 61565 75661 35395 15779 85802 48316 92788 13214 25734 91849 3706 66608 64367 20132 40111 85391 28871 29565 35906 29158 39228 78244 89389 80479 27706 5185 69280 90885 56819 56235 92276 41254 31002 58380 12182 67731 50453 16364 37350 91957 63379 59222 92536 55646 81161 4879 6888 65437 18001 90034 79338 56283 87792 36202 62523 57608 80734 53136 71043 56236 66567 43241 38884 29290 88235 41846 74836 62851 64405 75833 55355 32056 40066 70685 63161 28331 50932 18131 32241 31950 69554 50587 59461 76699 63909 32542 12198 33698 92472 59546 96700 79273 86021 40932 67081 66223 67451 4511 89897 28823 85559 13961 53901 6945 32423 85468 74401 20885 98043 75790 13363 11314 19002 71500 47932 96287 37736 
Cost: 4183
Path: 61255 69976 37059 35239 26667 29294 71991 35137 80229 61565 75661 35395 15779 85802 48316 92788 13214 25734 33698 92472 59546 96700 29538 91849 3706 66608 64367 20132 40111 66615 88088 91930 17117 25874 39643 40066 70685 63161 28331 50932 18131 32241 31950 69554 6140 35381 5658 77372 96143 43430 29720 37887 64441 70099 12182 67731 50453 16364 37350 91957 50587 59461 76699 63909 32542 12198 79273 86021 40932 67081 66223 67451 21150 48751 3371 28086 15047 54204 13775 87613 76904 44583 24045 94911 23121 7381 5617 92803 9802 36616 13466 48129 76777 76902 55052 22536 84415 31989 47065 93045 63993 22851 97348 87842 46055 66379 61087 33125 35057 16153 11455 42313 16278 38468 27578 4311 89305 23328 13961 53901 6945 32423 85468 10332 77745 70796 92536 55646 81161 4879 6888 65437 18001 90034 79338 56283 87792 36202 74401 20885 98043 75790 13363 11314 19002 71500 47932 96287 37736 
Cost: 4192
Path: 61255 69976 37059 35239 26667 29294 71991 35137 80229 61565 75661 35395 15779 85802 48316 92788 13214 25734 33698 92472 59546 96700 29538 91849 3706 66608 64367 20132 40111 66615 88088 91930 17117 25874 39643 40066 70685 63161 28331 50932 18131 32241 31950 69554 12182 67731 50453 16364 37350 91957 50587 59461 76699 63909 32542 12198 79273 86021 40932 67081 66223 67451 4511 89897 28823 85559 13961 53901 6945 32423 85468 94275 60530 95570 73866 56184 34959 19694 53633 41183 42539 52849 55376 16687 89928 59270 36772 71660 85823 6604 99637 72911 93892 71914 28129 85165 88628 90205 27720 95657 41414 52322 51451 97704 26264 3905 94323 36265 23914 79418 30669 87090 9071 76629 74282 49684 74166 84056 27264 47651 32397 38280 75104 42313 10122 2563 68391 16959 84764 91987 4361 98808 95419 24663 45303 77939 53980 62666 63379 59222 92536 55646 81161 4879 6888 65437 18001 57033 69833 4052 14184 46742 246 45020 10822 90356 75732 23352 14403 71026 24302 71500 47932 96287 37736 
Cost: 4194
Path: 61255 69976 37059 35239 26667 29294 71991 12182 67731 50453 16364 37350 91957 50587 59461 76699 63909 32542 12198 88487 85683 40932 67081 66223 67451 4511 89897 28823 85559 13961 53901 6945 32423 85468 94275 60530 95570 73866 56184 47651 32397 38280 86981 35787 99183 52463 21150 48751 3371 28086 15047 54204 13775 87613 76904 44583 24045 94911 23121 7381 99462 54408 63262 72661 6331 2259 29912 74259 27597 89562 41265 55071 51783 68511 8304 29751 90343 63411 59216 97402 14597 28129 85165 89633 49 57859 88641 36417 29350 83570 18231 3469 68669 76381 33927 13158 91234 62712 67602 88375 35137 80229 61565 75661 35395 15779 85802 48316 92788 13214 25734 91849 3706 66608 64367 20132 40111 78508 47554 38190 56171 77946 54253 4779 2458 44 67861 19534 33698 92472 59546 96700 29538 66615 88088 91930 17117 25874 39643 40066 70685 63161 18131 32241 31950 69554 85391 28871 29565 35906 29158 39228 78244 89389 80479 27706 5185 69280 90885 56819 56235 92276 41254 31002 58380 63379 59222 92536 55646 81161 4879 6888 65437 18001 90034 79338 56283 87792 36202 74401 20885 98043 75790 13363 11314 19002 71500 47932 96287 37736 
Cost: 4195
Path: 61255 69976 37059 35239 26667 29294 71991 35137 80229 61565 75661 35395 15779 85802 48316 92788 13214 25734 33698 92472 59546 96700 29538 91849 3706 66608 64367 20132 40111 66615 88088 91930 17117 25874 39643 40066 70685 63161 28331 50932 18131 32241 31950 69554 6140 35381 5658 77372 96143 43430 29720 37887 64441 70099 12182 67731 50453 16364 37350 91957 50587 59461 76699 63909 32542 12198 88487 85683 40932 67081 66223 67451 21150 48751 3371 28086 15047 54204 13775 87613 76904 44583 24045 94911 23121 7381 5617 92803 9802 36616 13466 48129 76777 76902 55052 22536 84415 31989 47065 93045 63993 22851 97348 87842 46055 28830 90703 88584 41472 66810 94218 23477 23799 15490 24939 5384 69192 6083 67671 96582 11455 42313 16278 38468 27578 4311 89305 23328 13961 53901 6945 32423 85468 85391 28871 29565 35906 29158 39228 78244 89389 80479 27706 5185 69280 90885 56819 56235 92276 41254 31002 58380 63379 59222 92536 55646 81161 4879 6888 65437 18001 90034 79338 56283 87792 36202 74401 20885 98043 75790 13363 11314 19002 71500 47932 96287 37736 
Cost: 4196
Path: 61255 69976 37059 35239 26667 29294 71991 35137 80229 61565 75661 35395 15779 85802 48316 92788 13214 25734 33698 92472 59546 96700 29538 91849 3706 66608 64367 20132 40111 66615 88088 91930 17117 25874 39643 40066 70685 63161 28331 50932 18131 32241 31950 69554 85391 28871 29565 35906 29158 39228 78244 89389 80479 27706 5185 69280 90885 56819 56235 92276 41254 31002 58380 12182 67731 50453 16364 37350 91957 63379 59222 92536 55646 81161 4879 6888 65437 18001 90034 79338 56283 87792 36202 62523 57608 80734 53136 83651 53633 41183 42539 52849 55376 16687 89928 59270 36772 71660 85823 6604 99637 72911 93892 71914 50587 59461 76699 63909 32542 12198 88487 85683 40932 67081 66223 67451 4511 28129 85165 88628 90205 27720 95657 41414 52322 51451 97704 26264 3905 94323 36265 23914 79418 30669 87090 9071 76629 74282 49684 74166 84056 27264 57033 69833 4052 14184 46742 246 45020 10822 90356 75732 23352 14403 71026 24302 71500 47932 96287 37736 
Cost: 4198
Path: 61255 69976 37059 35239 26667 29294 71991 35137 80229 61565 75661 35395 15779 85802 48316 92788 13214 25734 33698 92472 59546 96700 29538 91849 3706 66608 64367 20132 40111 66615 88088 91930 17117 25874 39643 40066 70685 63161 28331 50932 18131 32241 31950 69554 12182 67731 50453 16364 37350 91957 50587 59461 76699 63909 32542 12198 88487 85683 40932 67081 66223 67451 4511 89897 28823 85559 13961 53901 6945 32423 85468 94275 60530 95570 73866 56184 34959 19694 53633 41183 42539 52849 55376 16687 89928 59270 36772 71660 85823 6604 99637 72911 93892 71914 19391 17657 65351 66890 36022 1762 77610 2643 13066 2704 27720 95657 41414 52322 51451 97704 26264 3905 94323 36265 23914 79418 30669 87090 9071 76629 74282 49684 74166 84056 27264 58358 60020 80775 18551 37308 79749 5320 30241 16153 11455 42313 10122 2563 68391 16959 84764 91987 4361 98808 95419 24663 45303 77939 53980 62666 63379 59222 92536 55646 81161 4879 6888 65437 18001 57033 69833 4052 14184 46742 246 45020 10822 90356 75732 23352 14403 71026 24302 71500 47932 96287 37736 
Cost: 4203
Path: 61255 69976 37059 35239 26667 29294 71991 35137 80229 61565 75661 35395 15779 85802 48316 92788 13214 25734 33698 92472 59546 96700 29538 91849 3706 66608 64367 20132 40111 66615 88088 91930 17117 25874 39643 40066 70685 63161 28331 50932 18131 32241 31950 69554 12182 67731 50453 16364 37350 91957 50587 59461 76699 63909 32542 12198 88487 85683 40932 67081 66223 67451 4511 89897 28823 85559 13961 53901 6945 32423 85468 6140 35381 5658 77372 96143 78249 92985 39518 69556 18398 55992 46983 47587 83232 6256 45681 38746 49095 24250 38906 42629 52973 68671 25114 94275 60530 95570 73866 56184 47651 32397 38280 75104 42313 10122 2563 68391 16959 84764 91987 4361 98808 1993 79749 5320 30241 50215 37302 7093 2956 38342 28553 83011 77483 77025 34959 19694 53633 41183 42539 52849 55376 16687 89928 59270 36772 71660 85823 6604 68817 62666 63379 59222 92536 55646 81161 4879 6888 65437 18001 90034 79338 56283 87792 36202 74401 20885 98043 75790 13363 11314 19002 71500 47932 96287 37736 
Cost: 4220
Path: 61255 69976 37059 35239 26667 29294 71991 35137 80229 61565 75661 35395 15779 85802 48316 92788 13214 25734 33698 92472 59546 96700 29538 91849 3706 66608 64367 20132 40111 66615 88088 91930 17117 25874 39643 40066 70685 63161 28331 50932 18131 32241 31950 69554 12182 67731 50453 16364 37350 91957 50587 59461 76699 63909 32542 12198 79273 86021 40932 67081 66223 67451 4511 89897 28823 85559 13961 53901 6945 32423 85468 94275 60530 95570 73866 56184 34959 19694 53633 41183 42539 52849 55376 16687 89928 59270 36772 71660 85823 6604 99637 72911 93892 71914 47651 32397 38280 86981 35787 99183 52463 41904 5040 52120 5331 59685 32176 21192 45429 3019 81700 41414 52322 51451 97704 26264 3905 94323 36265 23914 79418 30669 87090 9071 76629 74282 49684 74166 84056 27264 85391 28871 29565 35906 29158 39228 78244 89389 80479 27706 5185 69280 90885 56819 56235 92276 41254 31002 58380 63379 59222 92536 55646 81161 4879 6888 65437 18001 57033 69833 4052 14184 46742 246 45020 10822 90356 75732 23352 14403 71026 24302 71500 47932 96287 37736 
Cost: 4242
Path: 61255 69976 37059 35239 26667 29294 71991 12182 67731 50453 16364 37350 91957 50587 59461 76699 63909 32542 12198 88487 85683 40932 67081 66223 67451 4511 89897 28823 85559 13961 53901 6945 32423 85468 94275 60530 95570 73866 56184 47651 32397 38280 86981 35787 99183 52463 21150 48751 3371 28086 15047 54204 13775 87613 76904 44583 24045 94911 23121 7381 99462 54408 63262 72661 6331 2259 29912 74259 27597 89562 41265 55071 51783 68511 72086 21718 90492 68760 32262 75956 1097 73097 96633 13521 4394 27510 4490 83134 17230 11624 50914 75112 3127 8451 86146 54626 1955 21056 73351 35137 80229 61565 75661 35395 15779 85802 48316 92788 13214 25734 33698 92472 59546 96700 29538 91849 3706 66608 64367 20132 40111 66615 88088 91930 17117 25874 39643 40066 70685 63161 28331 19225 30807 6337 79704 32504 37201 52305 67542 45089 97005 8865 90184 56526 18131 32241 31950 69554 85391 28871 29565 35906 29158 39228 78244 89389 80479 27706 5185 69280 90885 56819 56235 92276 41254 31002 58380 63379 59222 92536 55646 81161 4879 6888 65437 18001 90034 79338 56283 87792 36202 74401 20885 98043 75790 13363 11314 19002 71500 47932 96287 37736 
Cost: 4250
Path: 61255 69976 37059 35239 26667 29294 71991 35137 80229 61565 75661 35395 15779 85802 48316 92788 13214 25734 33698 92472 59546 96700 29538 91849 3706 66608 64367 20132 40111 66615 88088 91930 17117 25874 39643 40066 70685 63161 28331 50932 18131 32241 31950 69554 12182 67731 50453 16364 37350 91957 50587 59461 76699 63909 32542 12198 88487 85683 40932 67081 66223 67451 4511 89897 28823 85559 13961 53901 6945 32423 85468 94275 60530 95570 73866 56184 34959 19694 53633 41183 42539 52849 55376 16687 89928 59270 36772 71660 85823 6604 99637 72911 93892 71914 47651 32397 38280 75104 42313 10122 2563 68391 16959 84764 91987 4361 98808 95419 24663 45303 77939 53980 62666 63379 59222 92536 55646 81161 4879 6888 65437 18001 90034 79338 56283 87792 36202 62523 57608 80734 53136 71043 56236 66567 43241 25660 71598 73315 29032 71415 64405 75833 13150 11034 81435 81229 35953 58334 78228 4258 6489 80829 74175 83136 72339 58447 81700 41414 52322 51451 97704 26264 3905 94323 36265 23914 79418 30669 87090 9071 76629 74282 49684 74166 84056 27264 57033 69833 4052 14184 46742 246 45020 10822 90356 75732 23352 14403 71026 24302 71500 47932 96287 37736 
Cost: 4253
Path: 61255 69976 37059 35239 26667 29294 71991 12182 67731 50453 16364 37350 91957 50587 59461 76699 63909 32542 12198 88487 85683 40932 67081 66223 67451 4511 89897 28823 85559 13961 53901 6945 32423 85468 94275 60530 95570 73866 56184 47651 32397 38280 86981 35787 99183 52463 21150 48751 3371 28086 15047 54204 13775 87613 76904 44583 24045 94911 23121 7381 99462 54408 63262 72661 6331 2259 29912 74259 27597 89562 41265 55071 51783 68511 72086 21718 90492 68760 32262 75956 1097 73097 96633 13521 4394 27510 4490 83134 17230 11624 50914 75112 3127 8451 86146 54229 52710 89684 73994 28129 85165 89633 49 57859 88641 36417 29350 83570 18231 3469 68669 76381 33927 13158 91234 62712 67602 88375 35137 80229 61565 75661 35395 15779 85802 48316 92788 13214 25734 91849 3706 66608 64367 20132 40111 78508 47554 38190 56171 77946 54253 4779 2458 44 67861 19534 33698 92472 59546 96700 29538 66615 88088 91930 17117 25874 39643 40066 70685 63161 18131 32241 31950 69554 6140 35381 10332 77745 70796 92536 55646 81161 4879 6888 65437 18001 90034 79338 56283 87792 36202 74401 20885 98043 75790 13363 11314 19002 71500 47932 96287 37736 
Cost: 4254
Path: 61255 69976 37059 35239 26667 29294 71991 35137 80229 61565 75661 35395 15779 85802 48316 92788 13214 25734 33698 92472 59546 96700 29538 91849 3706 66608 64367 20132 40111 66615 88088 91930 17117 25874 39643 40066 70685 63161 28331 50932 18131 32241 31950 69554 12182 67731 50453 16364 37350 91957 50587 59461 76699 63909 32542 12198 88487 85683 40932 67081 66223 67451 4511 89897 28823 85559 13961 53901 6945 32423 85468 94275 60530 95570 73866 56184 34959 19694 53633 41183 42539 52849 55376 16687 89928 59270 36772 71660 85823 6604 99637 72911 93892 71914 47651 32397 38280 75104 42313 10122 2563 68391 16959 84764 91987 4361 98808 95419 24663 45303 77939 53980 62666 63379 59222 92536 55646 81161 4879 6888 65437 18001 90034 79338 56283 87792 36202 62523 57608 80734 53136 71043 56236 66567 43241 38884 29290 88235 41846 74836 62851 64405 75833 13150 11034 81435 81229 35953 58334 78228 4258 6489 80829 74175 83136 72339 58447 81700 41414 52322 51451 97704 26264 3905 94323 36265 23914 79418 30669 87090 9071 76629 74282 49684 74166 84056 27264 57033 69833 4052 14184 46742 246 45020 10822 90356 75732 23352 14403 71026 24302 71500 47932 96287 37736 
Cost: 4254
Path: 61255 69976 37059 35239 26667 29294 71991 35137 80229 61565 75661 35395 15779 85802 48316 92788 13214 25734 33698 92472 59546 96700 29538 91849 3706 66608 64367 20132 40111 66615 88088 91930 17117 25874 39643 40066 70685 63161 28331 50932 18131 32241 31950 69554 12182 67731 50453 16364 37350 91957 50587 59461 76699 63909 32542 12198 88487 85683 40932 67081 66223 67451 4511 89897 28823 85559 13961 53901 6945 32423 85468 94275 60530 95570 73866 56184 34959 19694 53633 41183 42539 52849 55376 16687 89928 59270 36772 71660 85823 6604 99637 72911 93892 71914 47651 32397 38280 86981 35787 99183 52463 41904 5040 52120 5331 59685 32176 21192 45429 3019 81700 41414 52322 51451 97704 26264 3905 94323 36265 23914 79418 30669 87090 9071 76629 74282 49684 74166 84056 27264 19225 30807 6337 79704 32504 37201 52305 57213 74915 11947 34448 88623 90059 10664 64000 55646 81161 4879 6888 65437 18001 57033 69833 4052 14184 46742 246 45020 10822 90356 75732 23352 14403 71026 24302 71500 47932 96287 37736 
Cost: 4256
Path: 61255 69976 37059 35239 26667 29294 71991 35137 80229 61565 75661 35395 15779 85802 48316 92788 13214 25734 33698 92472 59546 96700 29538 91849 3706 66608 64367 20132 40111 66615 88088 91930 17117 25874 39643 40066 70685 63161 28331 50932 18131 32241 31950 69554 6140 35381 10332 77745 70796 92536 55646 84281 16959 84764 91987 4361 98808 1993 79749 5320 30241 16153 11455 42313 16278 38468 27578 4311 89305 23328 13961 53901 6945 32423 85468 94275 60530 95570 73866 56184 34959 19694 53633 41183 42539 52849 55376 16687 89928 59270 36772 71660 85823 6604 99637 72911 93892 71914 12182 67731 50453 16364 37350 91957 50587 59461 76699 63909 32542 12198 79273 86021 40932 67081 66223 67451 4511 28129 85165 88628 90205 27720 95657 41414 52322 51451 97704 26264 3905 94323 36265 23914 79418 30669 87090 9071 76629 74282 49684 74166 84056 27264 81161 4879 6888 65437 18001 57033 69833 4052 14184 46742 246 45020 10822 90356 75732 23352 14403 71026 24302 71500 47932 96287 37736 
Cost: 4257
Path: 61255 69976 37059 35239 26667 29294 71991 35137 80229 61565 75661 35395 15779 85802 48316 92788 13214 25734 33698 92472 59546 96700 29538 91849 3706 66608 64367 20132 40111 66615 88088 91930 17117 25874 39643 40066 70685 63161 28331 50932 18131 32241 31950 69554 33927 13158 91234 62712 6140 35381 10332 77745 70796 92536 55646 81161 4879 6888 65437 18001 90034 79338 56283 87792 36202 62523 57608 80734 53136 71043 56236 66567 43241 25660 71598 73315 29032 71415 64405 75833 13150 11034 81435 81229 35953 58334 78228 4258 6489 80829 74175 83136 60008 3425 86156 71899 30941 49578 55530 5989 7971 58489 35063 99836 96262 46883 3941 26030 31040 59461 76699 63909 32542 12198 88487 85683 40932 67081 66223 67451 4511 89897 28823 85559 13961 53901 6945 32423 85468 74401 20885 98043 75790 13363 11314 19002 71500 47932 96287 37736 
Cost: 4261
Path: 61255 69976 37059 35239 26667 29294 71991 35137 80229 61565 75661 35395 15779 85802 48316 92788 13214 25734 33698 92472 59546 96700 29538 91849 3706 66608 64367 20132 40111 66615 88088 91930 17117 25874 39643 40066 70685 63161 28331 50932 18131 32241 31950 69554 33927 13158 91234 62712 6140 35381 10332 77745 70796 92536 55646 81161 4879 6888 65437 18001 90034 79338 56283 87792 36202 62523 57608 80734 53136 71043 56236 66567 43241 38884 29290 88235 41846 74836 62851 64405 75833 13150 11034 81435 81229 35953 58334 78228 4258 6489 80829 74175 83136 60008 3425 86156 71899 30941 49578 55530 5989 7971 58489 35063 99836 96262 46883 3941 26030 31040 59461 76699 63909 32542 12198 88487 85683 40932 67081 66223 67451 4511 89897 28823 85559 13961 53901 6945 32423 85468 74401 20885 98043 75790 13363 11314 19002 71500 47932 96287 37736 
Cost: 4264
Path: 61255 69976 37059 35239 26667 29294 71991 12182 67731 50453 16364 37350 91957 50587 59461 76699 63909 32542 12198 88487 85683 40932 67081 66223 67451 4511 89897 28823 85559 13961 53901 6945 32423 85468 94275 60530 95570 73866 56184 47651 32397 38280 75104 42313 10122 2563 68391 16959 84764 91987 4361 98808 95419 24663 45303 77939 53980 62666 63379 59222 92536 55646 81161 4879 6888 65437 18001 90034 79338 56283 87792 36202 62523 57608 80734 53136 71043 56236 66567 43241 25660 71598 73315 29032 71415 64405 75833 55355 32056 40066 70685 63161 28331 50932 18131 32241 31950 69554 34959 19694 53633 41183 42539 52849 55376 16687 89928 59270 36772 71660 85823 6604 99637 72911 93892 71914 28129 85165 88628 90205 27720 95657 41414 52322 51451 97704 26264 3905 94323 36265 23914 79418 30669 87090 9071 76629 74282 49684 74166 84056 27264 57033 69833 4052 14184 46742 246 45020 10822 90356 75732 23352 14403 71026 24302 71500 47932 96287 37736 
Cost: 4272
Path: 61255 69976 37059 35239 26667 29294 71991 12182 67731 50453 16364 37350 91957 50587 59461 76699 63909 32542 12198 88487 85683 40932 67081 66223 67451 4511 89897 28823 85559 13961 53901 6945 32423 85468 94275 60530 95570 73866 56184 47651 32397 38280 75104 42313 10122 2563 68391 16959 84764 91987 4361 98808 95419 24663 45303 77939 53980 62666 63379 59222 92536 55646 81161 4879 6888 65437 18001 90034 79338 56283 87792 36202 62523 57608 80734 53136 71043 56236 66567 43241 38884 29290 88235 41846 74836 62851 64405 75833 55355 32056 40066 70685 63161 28331 50932 18131 32241 31950 69554 34959 19694 53633 41183 42539 52849 55376 16687 89928 59270 36772 71660 85823 6604 99637 72911 93892 71914 28129 85165 88628 90205 27720 95657 41414 52322 51451 97704 26264 3905 94323 36265 23914 79418 30669 87090 9071 76629 74282 49684 74166 84056 27264 57033 69833 4052 14184 46742 246 45020 10822 90356 75732 23352 14403 71026 24302 71500 47932 96287 37736 
Cost: 4278
Path: 61255 69976 37059 35239 26667 29294 71991 35137 80229 61565 75661 35395 15779 85802 48316 92788 13214 25734 33698 92472 59546 96700 29538 91849 3706 66608 64367 20132 40111 66615 88088 91930 17117 25874 39643 40066 70685 63161 28331 50932 18131 32241 31950 69554 12182 67731 50453 16364 37350 91957 50587 59461 76699 63909 32542 12198 88487 85683 40932 67081 66223 67451 4511 89897 28823 85559 13961 53901 6945 32423 85468 94275 60530 95570 73866 56184 34959 19694 53633 41183 42539 52849 55376 16687 89928 59270 36772 71660 85823 6604 99637 72911 93892 71914 28129 85165 88628 90205 27720 95657 41414 52322 51451 97704 26264 3905 94323 36265 23914 79418 30669 87090 9071 76629 74282 49684 74166 84056 27264 58358 60020 80775 18551 37308 79749 5320 30241 50215 37302 99422 43910 25986 17563 22412 20673 80858 96121 28819 33368 78244 89389 80479 27706 5185 69280 90885 56819 56235 92276 41254 31002 58380 63379 59222 92536 55646 81161 4879 6888 65437 18001 57033 69833 4052 14184 46742 246 45020 10822 90356 75732 23352 14403 71026 24302 71500 47932 96287 37736 
Cost: 4278
Path: 61255 69976 37059 35239 26667 29294 71991 35137 80229 61565 75661 35395 15779 85802 48316 92788 13214 25734 33698 92472 59546 96700 29538 91849 3706 66608 64367 20132 40111 66615 88088 91930 17117 25874 39643 40066 70685 63161 28331 50932 18131 32241 31950 69554 12182 67731 50453 16364 37350 91957 50587 59461 76699 63909 32542 12198 79273 86021 40932 67081 66223 67451 4511 89897 28823 85559 13961 53901 6945 32423 85468 94275 60530 95570 73866 56184 34959 19694 53633 41183 42539 52849 55376 16687 89928 59270 36772 71660 85823 6604 99637 72911 93892 71914 5290 58447 81700 41414 52322 51451 97704 26264 3905 94323 36265 23914 79418 30669 87090 9071 76629 74282 49684 74166 84056 27264 85391 28871 29565 35906 29158 39228 78244 89389 80479 27706 5185 69280 90885 56819 56235 92276 41254 31002 58380 63379 59222 92536 55646 81161 4879 6888 65437 18001 57033 69833 4052 14184 46742 246 45020 10822 90356 75732 23352 14403 71026 24302 71500 47932 96287 37736 
Cost: 4280
Path: 61255 69976 37059 35239 26667 29294 71991 35137 80229 61565 75661 35395 15779 85802 48316 92788 13214 25734 33698 92472 59546 96700 29538 91849 3706 66608 64367 20132 40111 66615 88088 91930 17117 25874 39643 40066 70685 63161 28331 50932 18131 32241 31950 69554 33927 13158 91234 62712 6140 35381 10332 77745 70796 92536 55646 81161 4879 6888 65437 18001 44112 38187 53758 25052 40669 16506 70048 26481 40350 78131 29441 9182 18198 88656 75896 76138 86814 64310 29753 55635 22367 70673 30941 49578 55530 5989 7971 58489 35063 99836 96262 46883 3941 26030 31040 59461 76699 63909 32542 12198 88487 85683 40932 67081 66223 67451 4511 89897 28823 85559 13961 53901 6945 32423 85468 90034 79338 56283 87792 36202 74401 20885 98043 75790 13363 11314 19002 71500 47932 96287 37736 
Cost: 4281
Path: 61255 69976 37059 35239 26667 29294 71991 35137 80229 61565 75661 35395 15779 85802 48316 92788 13214 25734 33698 92472 59546 96700 29538 91849 3706 66608 64367 20132 40111 66615 88088 91930 17117 25874 39643 40066 70685 63161 28331 50932 18131 32241 31950 69554 12182 67731 50453 16364 37350 91957 50587 59461 76699 63909 32542 12198 88487 85683 40932 67081 66223 67451 4511 89897 28823 85559 13961 53901 6945 32423 85468 85391 28871 29565 35906 29158 39228 78244 89389 80479 27706 5185 69280 90885 56819 71560 56029 10199 93366 46462 18398 55992 46983 47587 83232 6256 45681 38746 49095 24250 38906 42629 52973 68671 25114 94275 60530 95570 73866 56184 34959 19694 53633 41183 42539 52849 55376 16687 89928 59270 36772 71660 85823 6604 99637 72911 93892 71914 58358 60020 80775 18551 37308 79749 5320 30241 50215 37302 7093 2956 38342 28553 83011 77483 77025 68817 62666 63379 59222 92536 55646 81161 4879 6888 65437 18001 90034 79338 56283 87792 36202 74401 20885 98043 75790 13363 11314 19002 71500 47932 96287 37736 
Cost: 4288
Path: 61255 69976 37059 35239 26667 29294 71991 35137 80229 61565 75661 35395 15779 85802 48316 92788 13214 25734 33698 92472 59546 96700 29538 91849 3706 66608 64367 20132 40111 66615 88088 91930 17117 25874 39643 40066 70685 63161 28331 50932 18131 32241 31950 69554 12182 67731 50453 16364 37350 91957 50587 59461 76699 63909 32542 12198 88487 85683 40932 67081 66223 67451 4511 89897 28823 85559 13961 53901 6945 32423 85468 6140 35381 5658 77372 96143 43430 29720 37887 64441 70099 21150 48751 3371 28086 15047 54204 13775 87613 76904 44583 24045 94911 23121 7381 5617 92803 9802 36616 13466 48129 76777 76902 55052 22536 84415 31989 47065 93045 63993 22851 97348 87842 46055 28830 90703 88584 41472 66810 94218 23477 23799 15490 24939 5384 69192 6083 82017 5978 59806 70234 82003 80734 53136 83651 53633 41183 42539 52849 55376 16687 89928 59270 36772 71660 85823 6604 99637 72911 93892 71914 58358 60020 80775 18551 37308 79749 5320 30241 16153 11455 42313 10122 2563 68391 16959 84764 91987 4361 98808 95419 24663 45303 77939 53980 62666 63379 59222 92536 55646 81161 4879 6888 65437 18001 90034 79338 56283 87792 36202 74401 20885 98043 75790 13363 11314 19002 71500 47932 96287 37736 
Cost: 4292
Path: 61255 69976 37059 35239 26667 29294 71991 35137 80229 61565 75661 35395 15779 85802 48316 92788 13214 25734 33698 92472 59546 96700 29538 91849 3706 66608 64367 20132 40111 66615 88088 91930 17117 25874 39643 40066 70685 63161 28331 50932 18131 32241 31950 69554 6140 35381 5658 77372 96143 43430 29720 37887 64441 70099 12182 67731 50453 16364 37350 91957 50587 59461 76699 63909 32542 12198 79273 86021 40932 67081 66223 67451 21150 48751 3371 28086 15047 54204 13775 87613 76904 44583 24045 94911 23121 7381 5617 92803 9802 36616 13466 48129 76777 76902 55052 22536 84415 31989 47065 93045 63993 22851 97348 87842 46055 28830 90703 88584 41472 66810 94218 23477 23799 15490 24939 5384 69192 6083 67671 96582 11455 42313 16278 38468 27578 4311 89305 23328 13961 53901 6945 32423 85468 10332 77745 70796 92536 55646 81161 4879 6888 65437 18001 90034 79338 56283 87792 36202 74401 20885 98043 75790 13363 11314 19002 71500 47932 96287 37736 
Cost: 4311
Path: 61255 69976 37059 35239 26667 29294 71991 35137 80229 61565 75661 35395 15779 85802 48316 92788 13214 25734 33698 92472 59546 96700 29538 91849 3706 66608 64367 20132 40111 66615 88088 91930 17117 25874 39643 40066 70685 63161 28331 50932 18131 32241 31950 69554 6140 35381 10332 77745 70796 92536 55646 81161 4879 6888 65437 18001 90034 79338 56283 87792 36202 62523 57608 80734 53136 83651 53633 41183 42539 52849 55376 16687 89928 59270 36772 71660 85823 6604 99637 72911 93892 71914 12182 67731 50453 16364 37350 91957 50587 59461 76699 63909 32542 12198 79273 86021 40932 67081 66223 67451 4511 89897 28823 85559 13961 53901 6945 32423 85468 94275 60530 95570 73866 56184 47651 32397 38280 86981 35787 99183 52463 41904 5040 52120 5331 59685 32176 21192 45429 3019 81700 41414 52322 51451 97704 26264 3905 94323 36265 23914 79418 30669 87090 9071 76629 74282 49684 74166 84056 27264 57033 69833 4052 14184 46742 246 45020 10822 90356 75732 23352 14403 71026 24302 71500 47932 96287 37736 
Cost: 4311
Path: 61255 69976 37059 35239 26667 29294 71991 35137 80229 61565 75661 35395 15779 85802 48316 92788 13214 25734 33698 92472 59546 96700 29538 91849 3706 66608 64367 20132 40111 66615 88088 91930 17117 25874 39643 40066 70685 63161 28331 50932 18131 32241 31950 69554 12182 67731 50453 16364 37350 91957 50587 59461 76699 63909 32542 12198 79273 86021 40932 67081 66223 67451 4511 89897 28823 85559 13961 53901 6945 32423 85468 6140 35381 5658 77372 96143 43430 29720 37887 64441 70099 21150 48751 3371 28086 15047 54204 13775 87613 76904 44583 24045 94911 23121 7381 5617 92803 9802 36616 13466 48129 76777 76902 55052 22536 84415 31989 47065 93045 63993 22851 97348 87842 46055 66379 61087 33125 35057 16153 11455 42313 10122 2563 68391 16959 84764 91987 4361 98808 95419 24663 45303 77939 53980 62666 63379 59222 92536 55646 81161 4879 6888 65437 18001 90034 79338 56283 87792 36202 74401 20885 98043 75790 13363 11314 19002 71500 47932 96287 37736 
Cost: 4312
Path: 61255 69976 37059 35239 26667 29294 71991 35137 80229 61565 75661 35395 15779 85802 48316 92788 13214 25734 33698 92472 59546 96700 29538 91849 3706 66608 64367 20132 40111 66615 88088 91930 17117 25874 39643 40066 70685 63161 28331 50932 18131 32241 31950 69554 12182 67731 50453 16364 37350 91957 50587 59461 76699 63909 32542 12198 88487 85683 40932 67081 66223 67451 4511 89897 28823 85559 13961 53901 6945 32423 85468 94275 60530 95570 73866 56184 34959 19694 53633 41183 42539 52849 55376 16687 89928 59270 36772 71660 85823 6604 99637 72911 93892 71914 5290 58447 81700 41414 52322 51451 97704 26264 3905 94323 36265 23914 79418 30669 87090 9071 76629 74282 49684 74166 84056 27264 19225 30807 6337 79704 32504 37201 52305 57213 74915 11947 34448 88623 90059 10664 64000 55646 81161 4879 6888 65437 18001 57033 69833 4052 14184 46742 246 45020 10822 90356 75732 23352 14403 71026 24302 71500 47932 96287 37736 
Cost: 4313
Path: 61255 69976 37059 35239 26667 29294 71991 12182 67731 50453 16364 37350 91957 50587 59461 76699 63909 32542 12198 88487 85683 40932 67081 66223 67451 4511 89897 28823 85559 13961 53901 6945 32423 85468 94275 60530 95570 73866 56184 47651 32397 38280 86981 35787 99183 52463 21150 48751 3371 28086 15047 54204 13775 87613 76904 44583 24045 94911 23121 7381 99462 54408 63262 72661 6331 2259 29912 74259 27597 89562 41265 55071 51783 68511 72086 21718 90492 68760 32262 75956 1097 73097 96633 13521 4394 27510 4490 83134 17230 11624 50914 75112 3127 8451 86146 54229 52710 89684 73994 28129 85165 89633 49 57859 88641 36417 29350 83570 18231 3469 68669 76381 33927 13158 91234 62712 67602 88375 35137 80229 61565 75661 35395 15779 85802 48316 92788 13214 25734 91849 3706 66608 64367 20132 40111 78508 47554 38190 56171 77946 54253 4779 2458 44 67861 19534 33698 92472 59546 96700 29538 66615 88088 91930 17117 25874 39643 40066 70685 63161 18131 32241 31950 69554 75104 42313 10122 2563 68391 16959 84764 91987 4361 98808 95419 24663 45303 77939 53980 62666 63379 59222 92536 55646 81161 4879 6888 65437 18001 90034 79338 56283 87792 36202 74401 20885 98043 75790 13363 11314 19002 71500 47932 96287 37736 
Cost: 4318
Path: 61255 69976 37059 35239 26667 29294 71991 12182 67731 50453 16364 37350 91957 50587 59461 76699 63909 32542 12198 88487 85683 40932 67081 66223 67451 4511 89897 28823 85559 13961 53901 6945 32423 85468 94275 60530 95570 73866 56184 47651 32397 38280 31369 34959 19694 53633 41183 42539 52849 55376 16687 89928 59270 36772 71660 85823 6604 99637 72911 93892 71914 58358 58082 10328 14597 28129 85165 89633 49 57859 88641 36417 29350 83570 18231 3469 68669 76381 33927 13158 91234 62712 67602 88375 35137 80229 61565 75661 35395 15779 85802 48316 92788 13214 25734 91849 3706 66608 64367 20132 40111 78508 47554 38190 56171 77946 54253 4779 2458 44 67861 19534 33698 92472 59546 96700 29538 66615 88088 91930 17117 25874 39643 40066 70685 63161 18131 32241 31950 69554 60020 80775 18551 37308 79749 5320 30241 16153 11455 42313 10122 2563 68391 16959 84764 91987 4361 98808 95419 24663 45303 77939 53980 62666 63379 59222 92536 55646 81161 4879 6888 65437 18001 90034 79338 56283 87792 36202 74401 20885 98043 75790 13363 11314 19002 71500 47932 96287 37736 
Cost: 4320
Path: 61255 69976 37059 35239 26667 29294 71991 35137 80229 61565 75661 35395 15779 85802 48316 92788 13214 25734 33698 92472 59546 96700 29538 91849 3706 66608 64367 20132 40111 66615 88088 91930 17117 25874 39643 40066 70685 63161 28331 50932 18131 32241 31950 69554 12182 67731 50453 16364 37350 91957 50587 59461 76699 63909 32542 12198 88487 85683 40932 67081 66223 67451 4511 89897 28823 85559 13961 53901 6945 32423 85468 6140 35381 5658 77372 96143 78249 92985 39518 69556 18398 55992 46983 47587 83232 6256 45681 38746 49095 24250 38906 42629 52973 68671 25114 94275 60530 95570 73866 56184 34959 19694 53633 41183 42539 52849 55376 16687 89928 59270 36772 71660 85823 6604 99637 72911 93892 71914 58358 60020 80775 18551 37308 79749 5320 30241 50215 37302 7093 2956 38342 28553 83011 77483 77025 68817 62666 63379 59222 92536 55646 81161 4879 6888 65437 18001 90034 79338 56283 87792 36202 74401 20885 98043 75790 13363 11314 19002 71500 47932 96287 37736 
646832274700