Cost: 4273
Path: 42687 13239 1611 47767 25282 46471 37468 47649 8731 15473 4856 2404 34908 38441 39730 38409 18798 5486 49764 13756 44030 22372 49490 25231 47541 9837 32945 6176 46784 40241 29584 27047 37910 41993 11855 41076 9900 19791 24573 39105 37652 38175 42845 34302 24441 40005 30373 8535 25287 8282 11054 21514 48151 23235 3052 1961 23232 161 38218 45167 21026 32758 37198 40963 31694 1310 13285 8056 21958 26298 48568 4378 8221 10234 30044 37009 6852 41951 44884 8540 159 17221 20496 48214 21345 43784 35346 2780 38683 18676 8027 16484 34250 2617 15496 24046 40503 37422 31659 28366 15905 19192 39816 22158 20912 12246 5186 18591 43134 37830 44718 31468 44239 25525 47792 24890 13508 21654 47689 23085 31481 32138 33557 28559 31986 21134 40418 36346 7291 34505 45743 6677 36983 35988 42728 45269 23009 14734 40126 10278 21643 29055 42047 35637 24378 36410 5215 19431 9778 974 35846 1067 19768 20348 30127 34007 42066 16506 1817 5307 
Cost: 4342
Path: 42687 13239 1611 47767 25282 46471 37468 47649 8731 15473 4856 2404 34908 38441 39730 38409 18798 5486 49764 13756 44030 22372 49490 25231 47541 9837 32945 6176 46784 40241 29584 27047 37910 41993 11855 41076 9900 19791 24573 39105 37652 38175 42845 34302 24441 40005 30373 8535 25287 8282 11054 21514 48151 23235 3052 1961 23232 161 38218 45167 21026 32758 37198 40963 31694 1310 13285 8056 21958 26298 48568 4378 8221 10234 30044 37009 6852 41951 44884 8540 159 17221 20496 48214 21345 43784 35346 2780 38683 18676 8027 16484 34250 2617 15496 24046 40503 37422 31659 28366 15905 19192 39816 22158 36983 35988 48280 29438 6484 25285 37282 12246 5186 18591 43134 37830 44718 31468 44239 25525 47792 24890 13508 21654 47689 23085 31481 32138 33557 28559 31986 21134 40418 36346 7291 34505 45743 6677 42728 45269 23009 14734 40126 10278 21643 29055 42047 35637 24378 36410 5215 19431 9778 974 35846 1067 19768 20348 30127 34007 42066 16506 1817 5307 
Cost: 4383
Path: 42687 13239 1611 47767 25282 46471 37468 47649 8731 15473 4856 2404 34908 38441 39730 38409 18798 5486 49764 13756 44030 22372 49490 25231 47541 9837 32945 6176 23480 27047 37910 41993 11855 41076 9900 19791 24573 39105 37652 38175 42845 34302 24441 40005 30373 8535 25287 8282 11054 21514 48151 23235 3052 1961 23232 161 38218 45167 21026 32758 37198 40963 31694 1310 13285 8056 21958 26298 48568 4378 8221 10234 30044 37009 6852 41951 44884 8540 159 17221 20496 48214 21345 43784 35346 2780 38683 18676 8027 16484 34250 2617 15496 24046 40503 37422 31659 28366 15905 19192 39816 22158 20912 12246 5186 18591 43134 37830 44718 31468 44239 25525 47792 24890 13508 21654 47689 23085 31481 32138 33557 28559 31986 21134 40418 36346 7291 34505 45743 6677 36983 35988 42728 45269 23009 14734 40126 10278 21643 29055 42047 35637 24378 36410 5215 19431 9778 974 35846 1067 19768 20348 30127 34007 42066 16506 1817 5307 
Cost: 4451
Path: 42687 13239 1611 47767 25282 46471 37468 47649 8731 15473 4856 2404 34908 38441 39730 38409 18798 5486 49764 13756 44030 22372 49490 25231 47541 9837 32945 6176 46784 40241 29584 27047 37910 41993 11855 41076 9900 19791 24573 39105 37652 38175 42845 34302 24441 40005 30373 8535 25287 8282 11054 21514 48151 23235 3052 1961 23232 161 38218 45167 21026 32758 37198 40963 31694 1310 13285 8056 21958 26298 48568 4378 8221 10234 30044 37009 6852 41951 44884 8540 159 17221 20496 48214 21345 43784 35346 2780 38683 18676 8027 16484 34250 2617 15496 24046 40503 37422 31659 28366 15905 19192 39816 22158 10575 42570 8314 3892 13664 22935 15012 26444 25525 47792 24890 13508 21654 47689 23085 31481 32138 33557 28559 31986 21134 40418 36346 7291 34505 45743 6677 36983 35988 42728 45269 23009 14734 40126 10278 21643 29055 42047 35637 24378 36410 5215 19431 9778 974 35846 1067 19768 20348 30127 34007 42066 16506 1817 5307 
Cost: 4452
Path: 42687 13239 1611 47767 25282 46471 37468 47649 8731 15473 4856 2404 34908 38441 39730 38409 18798 5486 49764 13756 44030 22372 49490 25231 47541 9837 32945 6176 23480 27047 37910 41993 11855 41076 9900 19791 24573 39105 37652 38175 42845 34302 24441 40005 30373 8535 25287 8282 11054 21514 48151 23235 3052 1961 23232 161 38218 45167 21026 32758 37198 40963 31694 1310 13285 8056 21958 26298 48568 4378 8221 10234 30044 37009 6852 41951 44884 8540 159 17221 20496 48214 21345 43784 35346 2780 38683 18676 8027 16484 34250 2617 15496 24046 40503 37422 31659 28366 15905 19192 39816 22158 36983 35988 48280 29438 6484 25285 37282 12246 5186 18591 43134 37830 44718 31468 44239 25525 47792 24890 13508 21654 47689 23085 31481 32138 33557 28559 31986 21134 40418 36346 7291 34505 45743 6677 42728 45269 23009 14734 40126 10278 21643 29055 42047 35637 24378 36410 5215 19431 9778 974 35846 1067 19768 20348 30127 34007 42066 16506 1817 5307 
Cost: 4479
Path: 42687 13239 1611 47767 25282 46471 37468 47649 8731 15473 4856 2404 34908 38441 39730 38409 18798 5486 49764 13756 44030 22372 49490 25231 47541 9837 32945 6176 46784 40241 29584 27047 37910 41993 11855 41076 9900 19791 24573 39105 37652 38175 42845 34302 24441 40005 30373 8535 25287 8282 11054 21514 48151 23235 3052 1961 23232 161 38218 45167 21026 32758 37198 40963 31694 1310 13285 8056 21958 26298 48568 4378 8221 10234 30044 37009 6852 41951 44884 8540 159 17221 20496 48214 21345 43784 35346 2780 38683 18676 8027 16484 34250 2617 15496 24046 40503 37422 31659 28366 15905 19192 39816 22158 20912 12246 5186 18591 43134 37830 44718 31468 44239 25525 47792 24890 13508 21654 20892 34505 45743 6677 36983 35988 42728 45269 23009 14734 40126 10278 21643 29055 42047 35637 24378 36410 5215 19431 9778 974 35846 1067 19768 20348 30127 34007 42066 16506 1817 5307 
Cost: 4548
Path: 42687 13239 1611 47767 25282 46471 37468 47649 8731 15473 4856 2404 34908 38441 39730 38409 18798 5486 49764 13756 44030 22372 49490 25231 47541 9837 32945 6176 46784 40241 29584 27047 37910 41993 11855 41076 9900 19791 24573 39105 37652 38175 42845 34302 24441 40005 30373 8535 25287 8282 11054 21514 48151 23235 3052 1961 23232 161 38218 45167 21026 32758 37198 40963 31694 1310 13285 8056 21958 26298 48568 4378 8221 10234 30044 37009 6852 41951 44884 8540 159 17221 20496 48214 21345 43784 35346 2780 38683 18676 8027 16484 34250 2617 15496 24046 40503 37422 31659 28366 15905 19192 39816 22158 36983 35988 48280 29438 6484 25285 37282 12246 5186 18591 43134 37830 44718 31468 44239 25525 47792 24890 13508 21654 20892 34505 45743 6677 42728 45269 23009 14734 40126 10278 21643 29055 42047 35637 24378 36410 5215 19431 9778 974 35846 1067 19768 20348 30127 34007 42066 16506 1817 5307 
Cost: 4561
Path: 42687 13239 1611 47767 25282 46471 37468 47649 8731 15473 4856 2404 34908 38441 39730 38409 18798 5486 49764 13756 44030 22372 49490 25231 47541 9837 32945 6176 23480 27047 37910 41993 11855 41076 9900 19791 24573 39105 37652 38175 42845 34302 24441 40005 30373 8535 25287 8282 11054 21514 48151 23235 3052 1961 23232 161 38218 45167 21026 32758 37198 40963 31694 1310 13285 8056 21958 26298 48568 4378 8221 10234 30044 37009 6852 41951 44884 8540 159 17221 20496 48214 21345 43784 35346 2780 38683 18676 8027 16484 34250 2617 15496 24046 40503 37422 31659 28366 15905 19192 39816 22158 10575 42570 8314 3892 13664 22935 15012 26444 25525 47792 24890 13508 21654 47689 23085 31481 32138 33557 28559 31986 21134 40418 36346 7291 34505 45743 6677 36983 35988 42728 45269 23009 14734 40126 10278 21643 29055 42047 35637 24378 36410 5215 19431 9778 974 35846 1067 19768 20348 30127 34007 42066 16506 1817 5307 
Cost: 4589
Path: 42687 13239 1611 47767 25282 46471 37468 47649 8731 15473 4856 2404 34908 38441 39730 38409 18798 5486 49764 13756 44030 22372 49490 25231 47541 9837 32945 6176 23480 27047 37910 41993 11855 41076 9900 19791 24573 39105 37652 38175 42845 34302 24441 40005 30373 8535 25287 8282 11054 21514 48151 23235 3052 1961 23232 161 38218 45167 21026 32758 37198 40963 31694 1310 13285 8056 21958 26298 48568 4378 8221 10234 30044 37009 6852 41951 44884 8540 159 17221 20496 48214 21345 43784 35346 2780 38683 18676 8027 16484 34250 2617 15496 24046 40503 37422 31659 28366 15905 19192 39816 22158 20912 12246 5186 18591 43134 37830 44718 31468 44239 25525 47792 24890 13508 21654 20892 34505 45743 6677 36983 35988 42728 45269 23009 14734 40126 10278 21643 29055 42047 35637 24378 36410 5215 19431 9778 974 35846 1067 19768 20348 30127 34007 42066 16506 1817 5307 
Cost: 4657
Path: 42687 13239 1611 47767 25282 46471 37468 47649 8731 15473 4856 2404 34908 38441 39730 38409 18798 5486 49764 13756 44030 22372 49490 25231 47541 9837 32945 6176 46784 40241 29584 27047 37910 41993 11855 41076 9900 19791 24573 39105 37652 38175 42845 34302 24441 40005 30373 8535 25287 8282 11054 21514 48151 23235 3052 1961 23232 161 38218 45167 21026 32758 37198 40963 31694 1310 13285 8056 21958 26298 48568 4378 8221 10234 30044 37009 6852 41951 44884 8540 159 17221 20496 48214 21345 43784 35346 2780 38683 18676 8027 16484 34250 2617 15496 24046 40503 37422 31659 28366 15905 19192 39816 22158 10575 42570 8314 3892 13664 22935 15012 26444 25525 47792 24890 13508 21654 20892 34505 45743 6677 36983 35988 42728 45269 23009 14734 40126 10278 21643 29055 42047 35637 24378 36410 5215 19431 9778 974 35846 1067 19768 20348 30127 34007 42066 16506 1817 5307 
Cost: 4658
Path: 42687 13239 1611 47767 25282 46471 37468 47649 8731 15473 4856 2404 34908 38441 39730 38409 18798 5486 49764 13756 44030 22372 49490 25231 47541 9837 32945 6176 23480 27047 37910 41993 11855 41076 9900 19791 24573 39105 37652 38175 42845 34302 24441 40005 30373 8535 25287 8282 11054 21514 48151 23235 3052 1961 23232 161 38218 45167 21026 32758 37198 40963 31694 1310 13285 8056 21958 26298 48568 4378 8221 10234 30044 37009 6852 41951 44884 8540 159 17221 20496 48214 21345 43784 35346 2780 38683 18676 8027 16484 34250 2617 15496 24046 40503 37422 31659 28366 15905 19192 39816 22158 36983 35988 48280 29438 6484 25285 37282 12246 5186 18591 43134 37830 44718 31468 44239 25525 47792 24890 13508 21654 20892 34505 45743 6677 42728 45269 23009 14734 40126 10278 21643 29055 42047 35637 24378 36410 5215 19431 9778 974 35846 1067 19768 20348 30127 34007 42066 16506 1817 5307 
Cost: 4687
Path: 42687 13239 1611 47767 25282 46471 37468 47649 8731 15473 4856 2404 34908 38441 39730 38409 18798 5486 49764 13756 44030 22372 49490 25231 47541 9837 32945 6176 46784 40241 29584 27047 37910 41993 11855 41076 9900 19791 24573 39105 37652 38175 42845 34302 24441 40005 30373 8535 25287 8282 11054 21514 48151 23235 3052 1961 23232 161 38218 45167 21026 32758 37198 40963 31694 1310 13285 8056 21958 26298 48568 4378 8221 10234 30044 37009 6852 41951 44884 8540 159 17221 20496 48214 21345 43784 35346 2780 38683 18676 8027 16484 34250 2617 15496 24046 40503 37422 31659 28700 33681 29842 19192 39816 22158 20912 12246 5186 18591 43134 37830 44718 31468 44239 25525 47792 24890 13508 21654 47689 23085 31481 32138 33557 28559 31986 21134 40418 36346 7291 34505 45743 6677 36983 35988 42728 45269 23009 14734 40126 10278 21643 29055 42047 35637 24378 36410 5215 19431 9778 974 35846 1067 19768 20348 30127 34007 42066 16506 1817 5307 
Cost: 4726
Path: 42687 13239 1611 47767 25282 46471 37468 47649 8731 15473 4856 2404 34908 38441 39730 38409 18798 5486 49764 13756 44030 22372 49490 25231 47541 9837 32945 6176 46784 40241 29584 27047 37910 41993 11855 41076 9900 19791 24573 39105 37652 38175 42845 34302 24441 40005 30373 8535 25287 8282 11054 8574 47306 19636 23880 6009 4437 17221 20496 48214 21514 48151 23235 21345 43784 35346 2780 38683 18676 26525 44880 34459 18362 37198 40963 3052 1961 23232 161 31694 1310 13285 8056 21958 26298 48568 4378 8221 10234 30044 37009 6852 41951 44884 8540 159 8027 16484 34250 2617 15496 24046 40503 37422 31659 28366 15905 19192 39816 22158 20912 12246 5186 18591 43134 37830 44718 31468 44239 25525 47792 24890 13508 21654 47689 23085 31481 32138 33557 28559 31986 21134 40418 36346 7291 34505 45743 6677 36983 35988 42728 45269 23009 14734 40126 10278 21643 29055 42047 35637 24378 36410 5215 19431 9778 974 35846 1067 19768 20348 30127 34007 42066 16506 1817 5307 
Cost: 4756
Path: 42687 13239 1611 47767 25282 46471 37468 47649 8731 15473 4856 2404 34908 38441 39730 38409 18798 5486 49764 13756 44030 22372 49490 25231 47541 9837 32945 6176 46784 40241 29584 27047 37910 41993 11855 41076 9900 19791 24573 39105 37652 38175 42845 34302 24441 40005 30373 8535 25287 8282 11054 21514 48151 23235 3052 1961 23232 161 38218 45167 21026 32758 37198 40963 31694 1310 13285 8056 21958 26298 48568 4378 8221 10234 30044 37009 6852 41951 44884 8540 159 17221 20496 48214 21345 43784 35346 2780 38683 18676 8027 16484 34250 2617 15496 24046 40503 37422 31659 28700 33681 29842 19192 39816 22158 36983 35988 48280 29438 6484 25285 37282 12246 5186 18591 43134 37830 44718 31468 44239 25525 47792 24890 13508 21654 47689 23085 31481 32138 33557 28559 31986 21134 40418 36346 7291 34505 45743 6677 42728 45269 23009 14734 40126 10278 21643 29055 42047 35637 24378 36410 5215 19431 9778 974 35846 1067 19768 20348 30127 34007 42066 16506 1817 5307 
Cost: 4767
Path: 42687 13239 1611 47767 25282 46471 37468 47649 8731 15473 4856 2404 34908 38441 39730 38409 18798 5486 49764 13756 44030 22372 49490 25231 47541 9837 32945 6176 23480 27047 37910 41993 11855 41076 9900 19791 24573 39105 37652 38175 42845 34302 24441 40005 30373 8535 25287 8282 11054 21514 48151 23235 3052 1961 23232 161 38218 45167 21026 32758 37198 40963 31694 1310 13285 8056 21958 26298 48568 4378 8221 10234 30044 37009 6852 41951 44884 8540 159 17221 20496 48214 21345 43784 35346 2780 38683 18676 8027 16484 34250 2617 15496 24046 40503 37422 31659 28366 15905 19192 39816 22158 10575 42570 8314 3892 13664 22935 15012 26444 25525 47792 24890 13508 21654 20892 34505 45743 6677 36983 35988 42728 45269 23009 14734 40126 10278 21643 29055 42047 35637 24378 36410 5215 19431 9778 974 35846 1067 19768 20348 30127 34007 42066 16506 1817 5307 
Cost: 4795
Path: 42687 13239 1611 47767 25282 46471 37468 47649 8731 15473 4856 2404 34908 38441 39730 38409 18798 5486 49764 13756 44030 22372 49490 25231 47541 9837 32945 6176 46784 40241 29584 27047 37910 41993 11855 41076 9900 19791 24573 39105 37652 38175 42845 34302 24441 40005 30373 8535 25287 8282 11054 8574 47306 19636 23880 6009 4437 17221 20496 48214 21514 48151 23235 21345 43784 35346 2780 38683 18676 26525 44880 34459 18362 37198 40963 3052 1961 23232 161 31694 1310 13285 8056 21958 26298 48568 4378 8221 10234 30044 37009 6852 41951 44884 8540 159 8027 16484 34250 2617 15496 24046 40503 37422 31659 28366 15905 19192 39816 22158 36983 35988 48280 29438 6484 25285 37282 12246 5186 18591 43134 37830 44718 31468 44239 25525 47792 24890 13508 21654 47689 23085 31481 32138 33557 28559 31986 21134 40418 36346 7291 34505 45743 6677 42728 45269 23009 14734 40126 10278 21643 29055 42047 35637 24378 36410 5215 19431 9778 974 35846 1067 19768 20348 30127 34007 42066 16506 1817 5307 
Cost: 4797
Path: 42687 13239 1611 47767 25282 46471 37468 47649 8731 15473 4856 2404 34908 38441 39730 38409 18798 5486 49764 13756 44030 22372 49490 25231 47541 9837 32945 6176 23480 27047 37910 41993 11855 41076 9900 19791 24573 39105 37652 38175 42845 34302 24441 40005 30373 8535 25287 8282 11054 21514 48151 23235 3052 1961 23232 161 38218 45167 21026 32758 37198 40963 31694 1310 13285 8056 21958 26298 48568 4378 8221 10234 30044 37009 6852 41951 44884 8540 159 17221 20496 48214 21345 43784 35346 2780 38683 18676 8027 16484 34250 2617 15496 24046 40503 37422 31659 28700 33681 29842 19192 39816 22158 20912 12246 5186 18591 43134 37830 44718 31468 44239 25525 47792 24890 13508 21654 47689 23085 31481 32138 33557 28559 31986 21134 40418 36346 7291 34505 45743 6677 36983 35988 42728 45269 23009 14734 40126 10278 21643 29055 42047 35637 24378 36410 5215 19431 9778 974 35846 1067 19768 20348 30127 34007 42066 16506 1817 5307 
Cost: 4835
Path: 42687 13239 1611 47767 25282 46471 37468 47649 8731 15473 4856 2404 34908 38441 39730 38409 18798 5486 49764 13756 44030 22372 49490 25231 47541 9837 32945 6176 46784 40241 29584 27047 47689 23085 31481 32138 33557 28559 31986 21134 40418 36346 7291 34505 45743 6677 37910 41993 11855 41076 21514 48151 23235 3052 1961 23232 161 31694 1310 13285 36983 35988 42728 45269 23009 14734 40126 10278 21643 29055 42047 35637 24378 36410 5215 19431 9778 974 35846 1067 19768 20348 30127 24291 33907 5249 10979 24573 39105 37652 38175 42845 34302 24441 40005 30373 8535 25287 9900 8282 11054 38218 45167 21026 32758 37198 40963 8056 21958 26298 48568 4378 8221 10234 30044 37009 6852 41951 44884 8540 159 17221 20496 48214 21345 43784 35346 2780 38683 18676 8027 16484 34250 2617 15496 24046 40503 37422 31659 28366 15905 19192 39816 22158 48280 29438 6484 25285 37282 12246 5186 18591 43134 37830 44718 31468 44239 25525 47792 24890 13508 21654 34007 42066 16506 1817 5307 
Cost: 4865
Path: 42687 13239 1611 47767 25282 46471 37468 47649 8731 15473 4856 2404 34908 38441 39730 38409 18798 5486 49764 13756 44030 22372 49490 25231 47541 9837 32945 6176 46784 40241 29584 27047 37910 41993 11855 41076 9900 19791 24573 39105 37652 38175 42845 34302 24441 40005 30373 8535 25287 8282 11054 21514 48151 23235 3052 1961 23232 161 38218 45167 21026 32758 37198 40963 31694 1310 13285 8056 21958 26298 48568 4378 8221 10234 30044 37009 6852 41951 44884 8540 159 17221 20496 48214 21345 43784 35346 2780 38683 18676 8027 16484 34250 2617 15496 24046 40503 37422 31659 28700 33681 29842 19192 39816 22158 10575 42570 8314 3892 13664 22935 15012 26444 25525 47792 24890 13508 21654 47689 23085 31481 32138 33557 28559 31986 21134 40418 36346 7291 34505 45743 6677 36983 35988 42728 45269 23009 14734 40126 10278 21643 29055 42047 35637 24378 36410 5215 19431 9778 974 35846 1067 19768 20348 30127 34007 42066 16506 1817 5307 
Cost: 4866
Path: 42687 13239 1611 47767 25282 46471 37468 47649 8731 15473 4856 2404 34908 38441 39730 38409 18798 5486 49764 13756 44030 22372 49490 25231 47541 9837 32945 6176 23480 27047 37910 41993 11855 41076 9900 19791 24573 39105 37652 38175 42845 34302 24441 40005 30373 8535 25287 8282 11054 21514 48151 23235 3052 1961 23232 161 38218 45167 21026 32758 37198 40963 31694 1310 13285 8056 21958 26298 48568 4378 8221 10234 30044 37009 6852 41951 44884 8540 159 17221 20496 48214 21345 43784 35346 2780 38683 18676 8027 16484 34250 2617 15496 24046 40503 37422 31659 28700 33681 29842 19192 39816 22158 36983 35988 48280 29438 6484 25285 37282 12246 5186 18591 43134 37830 44718 31468 44239 25525 47792 24890 13508 21654 47689 23085 31481 32138 33557 28559 31986 21134 40418 36346 7291 34505 45743 6677 42728 45269 23009 14734 40126 10278 21643 29055 42047 35637 24378 36410 5215 19431 9778 974 35846 1067 19768 20348 30127 34007 42066 16506 1817 5307 
Cost: 4881
Path: 42687 13239 1611 47767 25282 46471 37468 47649 8731 15473 4856 2404 34908 38441 39730 38409 18798 5486 49764 13756 44030 22372 49490 25231 47541 9837 32945 6176 46784 40241 29584 27047 37910 41993 11855 41076 9900 19791 24573 39105 37652 38175 42845 34302 24441 40005 30373 8535 25287 8282 11054 21514 48151 23235 3052 1961 23232 161 38218 45167 21026 32758 37198 40963 45249 27826 32693 39747 35844 14088 1310 13285 8056 21958 26298 48568 4378 8221 10234 30044 37009 6852 41951 44884 8540 159 17221 20496 48214 21345 43784 35346 2780 38683 18676 8027 16484 34250 2617 15496 24046 40503 37422 31659 28366 15905 19192 39816 22158 20912 12246 5186 18591 43134 37830 44718 31468 44239 25525 47792 24890 13508 21654 47689 23085 31481 32138 33557 28559 31986 21134 40418 36346 7291 34505 45743 6677 36983 35988 42728 45269 23009 14734 40126 10278 21643 29055 42047 35637 24378 36410 5215 19431 9778 974 35846 1067 19768 20348 30127 34007 42066 16506 1817 5307 
Cost: 4883
Path: 42687 13239 1611 47767 25282 46471 37468 47649 8731 15473 4856 2404 34908 38441 39730 38409 18798 5486 49764 13756 44030 22372 49490 25231 47541 9837 32945 6176 46784 40241 29584 27047 37910 41993 11855 41076 9900 19791 24573 39105 37652 38175 42845 34302 24441 40005 30373 8535 25287 8282 11054 21514 48151 23235 3052 1961 23232 161 38218 45167 21026 32758 37198 40963 31694 1310 13285 8056 21958 26298 48568 4378 8221 10234 30044 37009 6852 41951 44884 8540 159 17221 20496 48214 21345 43784 35346 2780 38683 18676 8027 16484 34250 2617 15496 24046 40503 37422 31659 28366 15905 19192 39816 22158 20912 12246 5186 18591 43134 37830 44718 31468 44239 25525 47792 24890 13508 21654 33853 36722 17098 37235 3487 37608 12219 44339 30051 4985 16794 34802 19259 31808 34113 6555 7792 31521 15233 35522 6465 36202 36728 16376 15852 32577 28559 31986 21134 40418 36346 7291 34505 45743 6677 36983 35988 42728 45269 23009 14734 40126 10278 21643 29055 42047 35637 24378 36410 5215 19431 9778 974 35846 1067 19768 20348 30127 34007 42066 16506 1817 5307 
Cost: 4887
Path: 42687 13239 1611 47767 25282 46471 37468 47649 8731 15473 4856 2404 34908 38441 39730 38409 18798 5486 49764 13756 44030 22372 49490 25231 47541 9837 32945 6176 46784 40241 29584 27047 37910 41993 11855 41076 9900 19791 24573 39105 37652 38175 42845 34302 24441 40005 30373 8535 25287 8282 11054 21514 48151 23235 3052 1961 23232 161 38218 45167 21026 32758 37198 40963 31694 1310 13285 8056 21958 45249 27826 32693 33697 46530 30074 2178 11220 25283 33261 32543 9608 46084 6852 41951 44884 8540 159 17221 20496 48214 21345 43784 35346 2780 38683 18676 8027 16484 34250 2617 15496 24046 40503 37422 31659 28366 15905 19192 39816 22158 20912 12246 5186 18591 43134 37830 44718 31468 44239 25525 47792 24890 13508 21654 47689 23085 31481 32138 33557 28559 31986 21134 40418 36346 7291 34505 45743 6677 36983 35988 42728 45269 23009 14734 40126 10278 21643 29055 42047 35637 24378 36410 5215 19431 9778 974 35846 1067 19768 20348 30127 34007 42066 16506 1817 5307 
Cost: 4893
Path: 42687 13239 1611 47767 25282 46471 37468 47649 8731 15473 4856 2404 34908 38441 39730 38409 18798 5486 49764 13756 44030 22372 49490 25231 47541 9837 32945 6176 46784 40241 29584 27047 37910 41993 11855 41076 9900 19791 24573 39105 37652 38175 42845 34302 24441 40005 30373 8535 25287 8282 11054 21514 48151 23235 3052 1961 23232 161 38218 45167 21026 32758 37198 40963 31694 1310 13285 8056 21958 26298 48568 4378 8221 10234 30044 37009 6852 41951 44884 8540 159 17221 20496 48214 21345 43784 35346 2780 38683 18676 8027 16484 34250 2617 15496 24046 40503 37422 31659 28700 33681 29842 19192 39816 22158 20912 12246 5186 18591 43134 37830 44718 31468 44239 25525 47792 24890 13508 21654 20892 34505 45743 6677 36983 35988 42728 45269 23009 14734 40126 10278 21643 29055 42047 35637 24378 36410 5215 19431 9778 974 35846 1067 19768 20348 30127 34007 42066 16506 1817 5307 
Cost: 4904
Path: 42687 13239 1611 47767 25282 46471 37468 47649 8731 15473 4856 2404 34908 38441 39730 38409 18798 5486 49764 13756 44030 22372 49490 25231 47541 9837 32945 6176 46784 40241 29584 27047 37910 41993 11855 41076 9900 19791 24573 39105 37652 38175 42845 34302 24441 40005 30373 8535 25287 8282 11054 8574 47306 19636 23880 6009 4437 17221 20496 48214 21514 48151 23235 21345 43784 35346 2780 38683 18676 26525 44880 34459 18362 37198 40963 3052 1961 23232 161 31694 1310 13285 8056 21958 26298 48568 4378 8221 10234 30044 37009 6852 41951 44884 8540 159 8027 16484 34250 2617 15496 24046 40503 37422 31659 28366 15905 19192 39816 22158 10575 42570 8314 3892 13664 22935 15012 26444 25525 47792 24890 13508 21654 47689 23085 31481 32138 33557 28559 31986 21134 40418 36346 7291 34505 45743 6677 36983 35988 42728 45269 23009 14734 40126 10278 21643 29055 42047 35637 24378 36410 5215 19431 9778 974 35846 1067 19768 20348 30127 34007 42066 16506 1817 5307 
Cost: 4905
Path: 42687 13239 1611 47767 25282 46471 37468 47649 8731 15473 4856 2404 34908 38441 39730 38409 18798 5486 49764 13756 44030 22372 49490 25231 47541 9837 32945 6176 46784 40241 29584 27047 37910 41993 11855 41076 9900 19791 24573 39105 37652 38175 42845 34302 24441 40005 30373 8535 25287 8282 11054 47689 23085 31481 32138 33557 28559 31986 21134 40418 36346 7291 34505 45743 6677 21514 48151 23235 3052 1961 23232 161 31694 1310 13285 36983 35988 42728 45269 23009 14734 40126 10278 21643 29055 42047 35637 24378 36410 5215 19431 9778 974 35846 1067 19768 23227 46654 29882 38796 41131 16822 16738 35095 23497 37028 14041 8169 5998 22749 2548 2468 34587 35545 23828 38338 45285 28278 2370 7931 46500 45167 21026 32758 37198 40963 8056 21958 26298 48568 4378 8221 10234 30044 37009 6852 41951 44884 8540 159 17221 20496 48214 21345 43784 35346 2780 38683 18676 8027 16484 34250 2617 15496 24046 40503 37422 31659 28366 15905 19192 39816 22158 20912 12246 5186 18591 43134 37830 44718 31468 44239 25525 47792 24890 13508 21654 20348 30127 34007 42066 16506 1817 5307 
Cost: 4932
Path: 42687 13239 1611 47767 25282 46471 37468 47649 8731 15473 4856 2404 34908 38441 39730 38409 18798 5486 49764 13756 44030 22372 49490 25231 47541 9837 32945 6176 46784 40241 29584 27047 37910 41993 11855 41076 9900 19791 24573 39105 37652 38175 42845 34302 24441 40005 30373 8535 25287 8282 11054 8574 47306 19636 23880 6009 4437 17221 20496 48214 21514 48151 23235 21345 43784 35346 2780 38683 18676 26525 44880 34459 18362 37198 40963 3052 1961 23232 161 31694 1310 13285 8056 21958 26298 48568 4378 8221 10234 30044 37009 6852 41951 44884 8540 159 8027 16484 34250 2617 15496 24046 40503 37422 31659 28366 15905 19192 39816 22158 20912 12246 5186 18591 43134 37830 44718 31468 44239 25525 47792 24890 13508 21654 20892 34505 45743 6677 36983 35988 42728 45269 23009 14734 40126 10278 21643 29055 42047 35637 24378 36410 5215 19431 9778 974 35846 1067 19768 20348 30127 34007 42066 16506 1817 5307 
Cost: 4939
Path: 42687 13239 1611 47767 25282 46471 37468 47649 8731 15473 4856 2404 34908 38441 39730 38409 18798 5486 49764 13756 44030 22372 49490 25231 47541 9837 32945 6176 46784 40241 29584 27047 37910 41993 11855 41076 9900 19791 24573 39105 37652 38175 42845 34302 24441 40005 30373 8535 25287 8282 11054 21514 48151 23235 3052 1961 23232 161 38218 45167 21026 32758 37198 40963 31694 1310 13285 8056 21958 26298 48568 4378 8221 10234 30044 37009 6852 41951 44884 8540 159 17221 20496 48214 21345 43784 35346 2780 38683 18676 8027 16484 34250 2617 15496 24046 40503 37422 31659 28366 15905 19192 39816 22158 20912 12246 5186 18591 43134 37830 44718 31468 44239 25525 47792 24890 13508 21654 13960 47055 47212 36754 39727 16794 34802 19259 31808 34113 6555 7792 31521 15233 35522 6465 36202 36728 16376 15852 32577 28559 31986 21134 40418 36346 7291 34505 45743 6677 36983 35988 42728 45269 23009 14734 40126 10278 21643 29055 42047 35637 24378 36410 5215 19431 9778 974 35846 1067 19768 20348 30127 34007 42066 16506 1817 5307 
Cost: 4944
Path: 42687 13239 1611 47767 25282 46471 37468 47649 8731 15473 4856 2404 34908 38441 39730 38409 18798 5486 49764 13756 44030 22372 49490 25231 47541 9837 32945 6176 46784 40241 29584 27047 47689 23085 31481 32138 33557 28559 31986 21134 40418 36346 7291 34505 45743 6677 37910 41993 11855 41076 21514 48151 23235 3052 1961 23232 161 31694 1310 13285 36983 35988 42728 45269 23009 14734 40126 10278 21643 29055 42047 35637 24378 36410 5215 19431 9778 974 35846 1067 19768 20348 30127 24291 33907 5249 10979 24573 39105 37652 38175 42845 34302 24441 40005 30373 8535 25287 9900 8282 11054 38218 45167 21026 32758 37198 40963 8056 21958 26298 48568 4378 8221 10234 30044 37009 6852 41951 44884 8540 159 17221 20496 48214 21345 43784 35346 2780 38683 18676 8027 16484 34250 2617 15496 24046 40503 37422 31659 28366 15905 19192 39816 22158 10575 42570 8314 3892 13664 22935 15012 26444 25525 47792 24890 13508 21654 34007 42066 16506 1817 5307 
Cost: 4945
Path: 42687 13239 1611 47767 25282 46471 37468 47649 8731 15473 4856 2404 34908 38441 39730 38409 18798 5486 49764 13756 44030 22372 49490 25231 47541 9837 32945 6176 23480 27047 47689 23085 31481 32138 33557 28559 31986 21134 40418 36346 7291 34505 45743 6677 37910 41993 11855 41076 21514 48151 23235 3052 1961 23232 161 31694 1310 13285 36983 35988 42728 45269 23009 14734 40126 10278 21643 29055 42047 35637 24378 36410 5215 19431 9778 974 35846 1067 19768 20348 30127 24291 33907 5249 10979 24573 39105 37652 38175 42845 34302 24441 40005 30373 8535 25287 9900 8282 11054 38218 45167 21026 32758 37198 40963 8056 21958 26298 48568 4378 8221 10234 30044 37009 6852 41951 44884 8540 159 17221 20496 48214 21345 43784 35346 2780 38683 18676 8027 16484 34250 2617 15496 24046 40503 37422 31659 28366 15905 19192 39816 22158 48280 29438 6484 25285 37282 12246 5186 18591 43134 37830 44718 31468 44239 25525 47792 24890 13508 21654 34007 42066 16506 1817 5307 
Cost: 4946
Path: 42687 13239 1611 47767 25282 46471 37468 47649 8731 15473 4856 2404 34908 38441 39730 38409 18798 5486 49764 13756 44030 22372 49490 25231 47541 9837 32945 6176 23480 27047 37910 41993 11855 41076 9900 19791 24573 39105 37652 38175 42845 34302 24441 40005 30373 8535 25287 8282 11054 8574 47306 19636 23880 6009 4437 17221 20496 48214 21514 48151 23235 21345 43784 35346 2780 38683 18676 26525 44880 34459 18362 37198 40963 3052 1961 23232 161 31694 1310 13285 8056 21958 26298 48568 4378 8221 10234 30044 37009 6852 41951 44884 8540 159 8027 16484 34250 2617 15496 24046 40503 37422 31659 28366 15905 19192 39816 22158 20912 12246 5186 18591 43134 37830 44718 31468 44239 25525 47792 24890 13508 21654 47689 23085 31481 32138 33557 28559 31986 21134 40418 36346 7291 34505 45743 6677 36983 35988 42728 45269 23009 14734 40126 10278 21643 29055 42047 35637 24378 36410 5215 19431 9778 974 35846 1067 19768 20348 30127 34007 42066 16506 1817 5307 
Cost: 4952
Path: 42687 13239 1611 47767 25282 46471 37468 47649 8731 15473 4856 2404 34908 38441 39730 38409 18798 5486 49764 13756 44030 22372 49490 25231 47541 9837 32945 6176 46784 40241 29584 27047 37910 41993 11855 41076 9900 19791 24573 39105 37652 38175 42845 34302 24441 40005 30373 8535 25287 8282 11054 21514 48151 23235 3052 1961 23232 161 38218 45167 21026 32758 37198 40963 31694 1310 13285 8056 21958 26298 48568 4378 8221 10234 30044 37009 6852 41951 44884 8540 159 17221 20496 48214 21345 43784 35346 2780 38683 18676 8027 16484 34250 2617 15496 24046 40503 37422 31659 28366 15905 19192 39816 22158 36983 35988 48280 29438 6484 25285 37282 12246 5186 18591 43134 37830 44718 31468 44239 25525 47792 24890 13508 21654 33853 36722 17098 37235 3487 37608 12219 44339 30051 4985 16794 34802 19259 31808 34113 6555 7792 31521 15233 35522 6465 36202 36728 16376 15852 32577 28559 31986 21134 40418 36346 7291 34505 45743 6677 42728 45269 23009 14734 40126 10278 21643 29055 42047 35637 24378 36410 5215 19431 9778 974 35846 1067 19768 20348 30127 34007 42066 16506 1817 5307 
Cost: 4956
Path: 42687 13239 1611 47767 25282 46471 37468 47649 8731 15473 4856 2404 34908 38441 39730 38409 18798 5486 49764 13756 44030 22372 49490 25231 47541 9837 32945 6176 46784 40241 29584 27047 37910 41993 11855 41076 9900 19791 24573 39105 37652 38175 42845 34302 24441 40005 30373 8535 25287 8282 11054 21514 48151 23235 3052 1961 23232 161 38218 45167 21026 32758 37198 40963 31694 1310 13285 8056 21958 45249 27826 32693 33697 46530 30074 2178 11220 25283 33261 32543 9608 46084 6852 41951 44884 8540 159 17221 20496 48214 21345 43784 35346 2780 38683 18676 8027 16484 34250 2617 15496 24046 40503 37422 31659 28366 15905 19192 39816 22158 36983 35988 48280 29438 6484 25285 37282 12246 5186 18591 43134 37830 44718 31468 44239 25525 47792 24890 13508 21654 47689 23085 31481 32138 33557 28559 31986 21134 40418 36346 7291 34505 45743 6677 42728 45269 23009 14734 40126 10278 21643 29055 42047 35637 24378 36410 5215 19431 9778 974 35846 1067 19768 20348 30127 34007 42066 16506 1817 5307 
Cost: 4962
Path: 42687 13239 1611 47767 25282 46471 37468 47649 8731 15473 4856 2404 34908 38441 39730 38409 18798 5486 49764 13756 44030 22372 49490 25231 47541 9837 32945 6176 46784 40241 29584 27047 37910 41993 11855 41076 9900 19791 24573 39105 37652 38175 42845 34302 24441 40005 30373 8535 25287 8282 11054 21514 48151 23235 3052 1961 23232 161 38218 45167 21026 32758 37198 40963 31694 1310 13285 8056 21958 26298 48568 4378 8221 10234 30044 37009 6852 41951 44884 8540 159 17221 20496 48214 21345 43784 35346 2780 38683 18676 8027 16484 34250 2617 15496 24046 40503 37422 31659 28700 33681 29842 19192 39816 22158 36983 35988 48280 29438 6484 25285 37282 12246 5186 18591 43134 37830 44718 31468 44239 25525 47792 24890 13508 21654 20892 34505 45743 6677 42728 45269 23009 14734 40126 10278 21643 29055 42047 35637 24378 36410 5215 19431 9778 974 35846 1067 19768 20348 30127 34007 42066 16506 1817 5307 
Cost: 4974
Path: 42687 13239 1611 47767 25282 46471 37468 47649 8731 15473 4856 2404 34908 38441 39730 38409 18798 5486 49764 13756 44030 22372 49490 25231 47541 9837 32945 6176 46784 40241 29584 27047 37910 41993 11855 41076 9900 19791 24573 39105 37652 38175 42845 34302 24441 40005 30373 8535 25287 8282 11054 47689 23085 31481 32138 33557 28559 31986 21134 40418 36346 7291 34505 45743 6677 21514 48151 23235 3052 1961 23232 161 31694 1310 13285 36983 35988 42728 45269 23009 14734 40126 10278 21643 29055 42047 35637 24378 36410 5215 19431 9778 974 35846 1067 19768 23227 46654 29882 38796 41131 16822 16738 35095 23497 37028 14041 8169 5998 22749 2548 2468 34587 35545 23828 38338 45285 28278 2370 7931 46500 45167 21026 32758 37198 40963 8056 21958 26298 48568 4378 8221 10234 30044 37009 6852 41951 44884 8540 159 17221 20496 48214 21345 43784 35346 2780 38683 18676 8027 16484 34250 2617 15496 24046 40503 37422 31659 28366 15905 19192 39816 22158 48280 29438 6484 25285 37282 12246 5186 18591 43134 37830 44718 31468 44239 25525 47792 24890 13508 21654 20348 30127 34007 42066 16506 1817 5307 
Cost: 4975
Path: 42687 13239 1611 47767 25282 46471 37468 47649 8731 15473 4856 2404 34908 38441 39730 38409 18798 5486 49764 13756 44030 22372 49490 25231 47541 9837 32945 6176 23480 27047 37910 41993 11855 41076 9900 19791 24573 39105 37652 38175 42845 34302 24441 40005 30373 8535 25287 8282 11054 21514 48151 23235 3052 1961 23232 161 38218 45167 21026 32758 37198 40963 31694 1310 13285 8056 21958 26298 48568 4378 8221 10234 30044 37009 6852 41951 44884 8540 159 17221 20496 48214 21345 43784 35346 2780 38683 18676 8027 16484 34250 2617 15496 24046 40503 37422 31659 28700 33681 29842 19192 39816 22158 10575 42570 8314 3892 13664 22935 15012 26444 25525 47792 24890 13508 21654 47689 23085 31481 32138 33557 28559 31986 21134 40418 36346 7291 34505 45743 6677 36983 35988 42728 45269 23009 14734 40126 10278 21643 29055 42047 35637 24378 36410 5215 19431 9778 974 35846 1067 19768 20348 30127 34007 42066 16506 1817 5307 
Cost: 4991
Path: 42687 13239 1611 47767 25282 46471 37468 47649 8731 15473 4856 2404 34908 38441 39730 38409 18798 5486 49764 13756 44030 22372 49490 25231 47541 9837 32945 6176 23480 27047 37910 41993 11855 41076 9900 19791 24573 39105 37652 38175 42845 34302 24441 40005 30373 8535 25287 8282 11054 21514 48151 23235 3052 1961 23232 161 38218 45167 21026 32758 37198 40963 45249 27826 32693 39747 35844 14088 1310 13285 8056 21958 26298 48568 4378 8221 10234 30044 37009 6852 41951 44884 8540 159 17221 20496 48214 21345 43784 35346 2780 38683 18676 8027 16484 34250 2617 15496 24046 40503 37422 31659 28366 15905 19192 39816 22158 20912 12246 5186 18591 43134 37830 44718 31468 44239 25525 47792 24890 13508 21654 47689 23085 31481 32138 33557 28559 31986 21134 40418 36346 7291 34505 45743 6677 36983 35988 42728 45269 23009 14734 40126 10278 21643 29055 42047 35637 24378 36410 5215 19431 9778 974 35846 1067 19768 20348 30127 34007 42066 16506 1817 5307 
Cost: 4993
Path: 42687 13239 1611 47767 25282 46471 37468 47649 8731 15473 4856 2404 34908 38441 39730 38409 18798 5486 49764 13756 44030 22372 49490 25231 47541 9837 32945 6176 23480 27047 37910 41993 11855 41076 9900 19791 24573 39105 37652 38175 42845 34302 24441 40005 30373 8535 25287 8282 11054 21514 48151 23235 3052 1961 23232 161 38218 45167 21026 32758 37198 40963 31694 1310 13285 8056 21958 26298 48568 4378 8221 10234 30044 37009 6852 41951 44884 8540 159 17221 20496 48214 21345 43784 35346 2780 38683 18676 8027 16484 34250 2617 15496 24046 40503 37422 31659 28366 15905 19192 39816 22158 20912 12246 5186 18591 43134 37830 44718 31468 44239 25525 47792 24890 13508 21654 33853 36722 46784 40241 17098 37235 3487 37608 12219 44339 30051 4985 16794 34802 19259 31808 34113 6555 7792 31521 15233 35522 6465 36202 36728 16376 15852 32577 28559 31986 21134 40418 36346 7291 34505 45743 6677 36983 35988 42728 45269 23009 14734 40126 10278 21643 29055 42047 35637 24378 36410 5215 19431 9778 974 35846 1067 19768 20348 30127 34007 42066 16506 1817 5307 
Cost: 4997
Path: 42687 13239 1611 47767 25282 46471 37468 47649 8731 15473 4856 2404 34908 38441 39730 38409 18798 5486 49764 13756 44030 22372 49490 25231 47541 9837 32945 6176 23480 27047 37910 41993 11855 41076 9900 19791 24573 39105 37652 38175 42845 34302 24441 40005 30373 8535 25287 8282 11054 21514 48151 23235 3052 1961 23232 161 38218 45167 21026 32758 37198 40963 31694 1310 13285 8056 21958 45249 27826 32693 33697 46530 30074 2178 11220 25283 33261 32543 9608 46084 6852 41951 44884 8540 159 17221 20496 48214 21345 43784 35346 2780 38683 18676 8027 16484 34250 2617 15496 24046 40503 37422 31659 28366 15905 19192 39816 22158 20912 12246 5186 18591 43134 37830 44718 31468 44239 25525 47792 24890 13508 21654 47689 23085 31481 32138 33557 28559 31986 21134 40418 36346 7291 34505 45743 6677 36983 35988 42728 45269 23009 14734 40126 10278 21643 29055 42047 35637 24378 36410 5215 19431 9778 974 35846 1067 19768 20348 30127 34007 42066 16506 1817 5307 
Cost: 5001
Path: 42687 13239 1611 47767 25282 46471 37468 47649 8731 15473 4856 2404 34908 38441 39730 38409 18798 5486 49764 13756 44030 22372 49490 25231 47541 9837 32945 6176 46784 40241 29584 27047 37910 41993 11855 41076 9900 19791 24573 39105 37652 38175 42845 34302 24441 40005 30373 8535 25287 8282 11054 8574 47306 19636 23880 6009 4437 17221 20496 48214 21514 48151 23235 21345 43784 35346 2780 38683 18676 26525 44880 34459 18362 37198 40963 3052 1961 23232 161 31694 1310 13285 8056 21958 26298 48568 4378 8221 10234 30044 37009 6852 41951 44884 8540 159 8027 16484 34250 2617 15496 24046 40503 37422 31659 28366 15905 19192 39816 22158 36983 35988 48280 29438 6484 25285 37282 12246 5186 18591 43134 37830 44718 31468 44239 25525 47792 24890 13508 21654 20892 34505 45743 6677 42728 45269 23009 14734 40126 10278 21643 29055 42047 35637 24378 36410 5215 19431 9778 974 35846 1067 19768 20348 30127 34007 42066 16506 1817 5307 
Cost: 5003
Path: 42687 13239 1611 47767 25282 46471 37468 47649 8731 15473 4856 2404 34908 38441 39730 38409 18798 5486 49764 13756 44030 22372 49490 25231 47541 9837 32945 6176 23480 27047 37910 41993 11855 41076 9900 19791 24573 39105 37652 38175 42845 34302 24441 40005 30373 8535 25287 8282 11054 21514 48151 23235 3052 1961 23232 161 38218 45167 21026 32758 37198 40963 31694 1310 13285 8056 21958 26298 48568 4378 8221 10234 30044 37009 6852 41951 44884 8540 159 17221 20496 48214 21345 43784 35346 2780 38683 18676 8027 16484 34250 2617 15496 24046 40503 37422 31659 28700 33681 29842 19192 39816 22158 20912 12246 5186 18591 43134 37830 44718 31468 44239 25525 47792 24890 13508 21654 20892 34505 45743 6677 36983 35988 42728 45269 23009 14734 40126 10278 21643 29055 42047 35637 24378 36410 5215 19431 9778 974 35846 1067 19768 20348 30127 34007 42066 16506 1817 5307 
Cost: 5015
Path: 42687 13239 1611 47767 25282 46471 37468 47649 8731 15473 4856 2404 34908 38441 39730 38409 18798 5486 49764 13756 44030 22372 49490 25231 47541 9837 32945 6176 23480 27047 37910 41993 11855 41076 9900 19791 24573 39105 37652 38175 42845 34302 24441 40005 30373 8535 25287 8282 11054 47689 23085 31481 32138 33557 28559 31986 21134 40418 36346 7291 34505 45743 6677 21514 48151 23235 3052 1961 23232 161 31694 1310 13285 36983 35988 42728 45269 23009 14734 40126 10278 21643 29055 42047 35637 24378 36410 5215 19431 9778 974 35846 1067 19768 23227 46654 29882 38796 41131 16822 16738 35095 23497 37028 14041 8169 5998 22749 2548 2468 34587 35545 23828 38338 45285 28278 2370 7931 46500 45167 21026 32758 37198 40963 8056 21958 26298 48568 4378 8221 10234 30044 37009 6852 41951 44884 8540 159 17221 20496 48214 21345 43784 35346 2780 38683 18676 8027 16484 34250 2617 15496 24046 40503 37422 31659 28366 15905 19192 39816 22158 20912 12246 5186 18591 43134 37830 44718 31468 44239 25525 47792 24890 13508 21654 20348 30127 34007 42066 16506 1817 5307 
Cost: 5015
Path: 42687 13239 1611 47767 25282 46471 37468 47649 8731 15473 4856 2404 34908 38441 39730 38409 18798 5486 49764 13756 44030 22372 49490 25231 47541 9837 32945 6176 23480 27047 37910 41993 11855 41076 9900 19791 24573 39105 37652 38175 42845 34302 24441 40005 30373 8535 25287 8282 11054 8574 47306 19636 23880 6009 4437 17221 20496 48214 21514 48151 23235 21345 43784 35346 2780 38683 18676 26525 44880 34459 18362 37198 40963 3052 1961 23232 161 31694 1310 13285 8056 21958 26298 48568 4378 8221 10234 30044 37009 6852 41951 44884 8540 159 8027 16484 34250 2617 15496 24046 40503 37422 31659 28366 15905 19192 39816 22158 36983 35988 48280 29438 6484 25285 37282 12246 5186 18591 43134 37830 44718 31468 44239 25525 47792 24890 13508 21654 47689 23085 31481 32138 33557 28559 31986 21134 40418 36346 7291 34505 45743 6677 42728 45269 23009 14734 40126 10278 21643 29055 42047 35637 24378 36410 5215 19431 9778 974 35846 1067 19768 20348 30127 34007 42066 16506 1817 5307 
Cost: 5049
Path: 42687 13239 1611 47767 25282 46471 37468 47649 8731 15473 4856 2404 34908 38441 39730 38409 18798 5486 49764 13756 44030 22372 49490 25231 47541 9837 32945 6176 23480 27047 37910 41993 11855 41076 9900 19791 24573 39105 37652 38175 42845 34302 24441 40005 30373 8535 25287 8282 11054 21514 48151 23235 3052 1961 23232 161 38218 45167 21026 32758 37198 40963 31694 1310 13285 8056 21958 26298 48568 4378 8221 10234 30044 37009 6852 41951 44884 8540 159 17221 20496 48214 21345 43784 35346 2780 38683 18676 8027 16484 34250 2617 15496 24046 40503 37422 31659 28366 15905 19192 39816 22158 20912 12246 5186 18591 43134 37830 44718 31468 44239 25525 47792 24890 13508 21654 13960 47055 47212 36754 39727 16794 34802 19259 31808 34113 6555 7792 31521 15233 35522 6465 36202 36728 16376 15852 32577 28559 31986 21134 40418 36346 7291 34505 45743 6677 36983 35988 42728 45269 23009 14734 40126 10278 21643 29055 42047 35637 24378 36410 5215 19431 9778 974 35846 1067 19768 20348 30127 34007 42066 16506 1817 5307 
Cost: 5054
Path: 42687 13239 1611 47767 25282 46471 37468 47649 8731 15473 4856 2404 34908 38441 39730 38409 18798 5486 49764 13756 44030 22372 49490 25231 47541 9837 32945 6176 23480 27047 47689 23085 31481 32138 33557 28559 31986 21134 40418 36346 7291 34505 45743 6677 37910 41993 11855 41076 21514 48151 23235 3052 1961 23232 161 31694 1310 13285 36983 35988 42728 45269 23009 14734 40126 10278 21643 29055 42047 35637 24378 36410 5215 19431 9778 974 35846 1067 19768 20348 30127 24291 33907 5249 10979 24573 39105 37652 38175 42845 34302 24441 40005 30373 8535 25287 9900 8282 11054 38218 45167 21026 32758 37198 40963 8056 21958 26298 48568 4378 8221 10234 30044 37009 6852 41951 44884 8540 159 17221 20496 48214 21345 43784 35346 2780 38683 18676 8027 16484 34250 2617 15496 24046 40503 37422 31659 28366 15905 19192 39816 22158 10575 42570 8314 3892 13664 22935 15012 26444 25525 47792 24890 13508 21654 34007 42066 16506 1817 5307 
Cost: 5059
Path: 42687 13239 1611 47767 25282 46471 37468 47649 8731 15473 4856 2404 34908 38441 39730 38409 18798 5486 49764 13756 44030 22372 49490 25231 47541 9837 32945 6176 46784 40241 29584 27047 37910 41993 11855 41076 9900 19791 24573 39105 37652 38175 42845 34302 24441 40005 30373 8535 25287 8282 11054 21514 48151 23235 3052 1961 23232 161 38218 45167 21026 32758 37198 40963 45249 27826 32693 39747 35844 14088 1310 13285 8056 21958 26298 48568 4378 8221 10234 30044 37009 6852 41951 44884 8540 159 17221 20496 48214 21345 43784 35346 2780 38683 18676 8027 16484 34250 2617 15496 24046 40503 37422 31659 28366 15905 19192 39816 22158 10575 42570 8314 3892 13664 22935 15012 26444 25525 47792 24890 13508 21654 47689 23085 31481 32138 33557 28559 31986 21134 40418 36346 7291 34505 45743 6677 36983 35988 42728 45269 23009 14734 40126 10278 21643 29055 42047 35637 24378 36410 5215 19431 9778 974 35846 1067 19768 20348 30127 34007 42066 16506 1817 5307 
Cost: 5061
Path: 42687 13239 1611 47767 25282 46471 37468 47649 8731 15473 4856 2404 34908 38441 39730 38409 18798 5486 49764 13756 44030 22372 49490 25231 47541 9837 32945 6176 46784 40241 29584 27047 37910 41993 11855 41076 9900 19791 24573 39105 37652 38175 42845 34302 24441 40005 30373 8535 25287 8282 11054 21514 48151 23235 3052 1961 23232 161 38218 45167 21026 32758 37198 40963 31694 1310 13285 8056 21958 26298 48568 4378 8221 10234 30044 37009 6852 41951 44884 8540 159 17221 20496 48214 21345 43784 35346 2780 38683 18676 8027 16484 34250 2617 15496 24046 40503 37422 31659 28366 15905 19192 39816 22158 10575 42570 8314 3892 13664 22935 15012 26444 25525 47792 24890 13508 21654 33853 36722 17098 37235 3487 37608 12219 44339 30051 4985 16794 34802 19259 31808 34113 6555 7792 31521 15233 35522 6465 36202 36728 16376 15852 32577 28559 31986 21134 40418 36346 7291 34505 45743 6677 36983 35988 42728 45269 23009 14734 40126 10278 21643 29055 42047 35637 24378 36410 5215 19431 9778 974 35846 1067 19768 20348 30127 34007 42066 16506 1817 5307 
Cost: 5062
Path: 42687 13239 1611 47767 25282 46471 37468 47649 8731 15473 4856 2404 34908 38441 39730 38409 18798 5486 49764 13756 44030 22372 49490 25231 47541 9837 32945 6176 23480 27047 37910 41993 11855 41076 9900 19791 24573 39105 37652 38175 42845 34302 24441 40005 30373 8535 25287 8282 11054 21514 48151 23235 3052 1961 23232 161 38218 45167 21026 32758 37198 40963 31694 1310 13285 8056 21958 26298 48568 4378 8221 10234 30044 37009 6852 41951 44884 8540 159 17221 20496 48214 21345 43784 35346 2780 38683 18676 8027 16484 34250 2617 15496 24046 40503 37422 31659 28366 15905 19192 39816 22158 36983 35988 48280 29438 6484 25285 37282 12246 5186 18591 43134 37830 44718 31468 44239 25525 47792 24890 13508 21654 33853 36722 46784 40241 17098 37235 3487 37608 12219 44339 30051 4985 16794 34802 19259 31808 34113 6555 7792 31521 15233 35522 6465 36202 36728 16376 15852 32577 28559 31986 21134 40418 36346 7291 34505 45743 6677 42728 45269 23009 14734 40126 10278 21643 29055 42047 35637 24378 36410 5215 19431 9778 974 35846 1067 19768 20348 30127 34007 42066 16506 1817 5307 
Cost: 5066
Path: 42687 13239 1611 47767 25282 46471 37468 47649 8731 15473 4856 2404 34908 38441 39730 38409 18798 5486 49764 13756 44030 22372 49490 25231 47541 9837 32945 6176 23480 27047 37910 41993 11855 41076 9900 19791 24573 39105 37652 38175 42845 34302 24441 40005 30373 8535 25287 8282 11054 21514 48151 23235 3052 1961 23232 161 38218 45167 21026 32758 37198 40963 31694 1310 13285 8056 21958 45249 27826 32693 33697 46530 30074 2178 11220 25283 33261 32543 9608 46084 6852 41951 44884 8540 159 17221 20496 48214 21345 43784 35346 2780 38683 18676 8027 16484 34250 2617 15496 24046 40503 37422 31659 28366 15905 19192 39816 22158 36983 35988 48280 29438 6484 25285 37282 12246 5186 18591 43134 37830 44718 31468 44239 25525 47792 24890 13508 21654 47689 23085 31481 32138 33557 28559 31986 21134 40418 36346 7291 34505 45743 6677 42728 45269 23009 14734 40126 10278 21643 29055 42047 35637 24378 36410 5215 19431 9778 974 35846 1067 19768 20348 30127 34007 42066 16506 1817 5307 
Cost: 5071
Path: 42687 13239 1611 47767 25282 46471 37468 47649 8731 15473 4856 2404 34908 38441 39730 38409 18798 5486 49764 13756 44030 22372 49490 25231 47541 9837 32945 6176 46784 40241 29584 27047 37910 41993 11855 41076 9900 19791 24573 39105 37652 38175 42845 34302 24441 40005 30373 8535 25287 8282 11054 21514 48151 23235 3052 1961 23232 161 38218 45167 21026 32758 37198 40963 31694 1310 13285 8056 21958 26298 48568 4378 8221 10234 30044 37009 6852 41951 44884 8540 159 17221 20496 48214 21345 43784 35346 2780 38683 18676 8027 16484 34250 2617 15496 24046 40503 37422 31659 28700 33681 29842 19192 39816 22158 10575 42570 8314 3892 13664 22935 15012 26444 25525 47792 24890 13508 21654 20892 34505 45743 6677 36983 35988 42728 45269 23009 14734 40126 10278 21643 29055 42047 35637 24378 36410 5215 19431 9778 974 35846 1067 19768 20348 30127 34007 42066 16506 1817 5307 
Cost: 5072
Path: 42687 13239 1611 47767 25282 46471 37468 47649 8731 15473 4856 2404 34908 38441 39730 38409 18798 5486 49764 13756 44030 22372 49490 25231 47541 9837 32945 6176 23480 27047 37910 41993 11855 41076 9900 19791 24573 39105 37652 38175 42845 34302 24441 40005 30373 8535 25287 8282 11054 21514 48151 23235 3052 1961 23232 161 38218 45167 21026 32758 37198 40963 31694 1310 13285 8056 21958 26298 48568 4378 8221 10234 30044 37009 6852 41951 44884 8540 159 17221 20496 48214 21345 43784 35346 2780 38683 18676 8027 16484 34250 2617 15496 24046 40503 37422 31659 28700 33681 29842 19192 39816 22158 36983 35988 48280 29438 6484 25285 37282 12246 5186 18591 43134 37830 44718 31468 44239 25525 47792 24890 13508 21654 20892 34505 45743 6677 42728 45269 23009 14734 40126 10278 21643 29055 42047 35637 24378 36410 5215 19431 9778 974 35846 1067 19768 20348 30127 34007 42066 16506 1817 5307 
Cost: 5077
Path: 42687 13239 1611 47767 25282 46471 37468 47649 8731 15473 4856 2404 34908 38441 39730 38409 18798 5486 49764 13756 44030 22372 49490 25231 47541 9837 32945 6176 46784 40241 29584 27047 37910 41993 11855 41076 9900 19791 24573 39105 37652 38175 42845 34302 24441 40005 30373 8535 25287 8282 11054 21514 48151 23235 3052 1961 23232 161 38218 45167 21026 32758 37198 40963 31694 1310 13285 8056 21958 26298 48568 4378 8221 10234 30044 37009 6852 41951 44884 8540 159 17221 20496 48214 21345 43784 35346 2780 38683 18676 8027 16484 34250 2617 15496 24046 40503 37422 31659 28366 15905 19192 39816 22158 36983 35988 48280 29438 6484 25285 37282 12246 5186 18591 43134 37830 44718 31468 44239 25525 47792 24890 13508 21654 13960 47055 47212 36754 39727 16794 34802 19259 31808 34113 6555 7792 31521 15233 35522 6465 36202 36728 16376 15852 32577 28559 31986 21134 40418 36346 7291 34505 45743 6677 42728 45269 23009 14734 40126 10278 21643 29055 42047 35637 24378 36410 5215 19431 9778 974 35846 1067 19768 20348 30127 34007 42066 16506 1817 5307 
Cost: 5083
Path: 42687 13239 1611 47767 25282 46471 37468 47649 8731 15473 4856 2404 34908 38441 39730 38409 18798 5486 49764 13756 44030 22372 49490 25231 47541 9837 32945 6176 46784 40241 29584 27047 37910 41993 11855 41076 9900 19791 24573 39105 37652 38175 42845 34302 24441 40005 30373 8535 25287 8282 11054 47689 23085 31481 32138 33557 28559 31986 21134 40418 36346 7291 34505 45743 6677 21514 48151 23235 3052 1961 23232 161 31694 1310 13285 36983 35988 42728 45269 23009 14734 40126 10278 21643 29055 42047 35637 24378 36410 5215 19431 9778 974 35846 1067 19768 23227 46654 29882 38796 41131 16822 16738 35095 23497 37028 14041 8169 5998 22749 2548 2468 34587 35545 23828 38338 45285 28278 2370 7931 46500 45167 21026 32758 37198 40963 8056 21958 26298 48568 4378 8221 10234 30044 37009 6852 41951 44884 8540 159 17221 20496 48214 21345 43784 35346 2780 38683 18676 8027 16484 34250 2617 15496 24046 40503 37422 31659 28366 15905 19192 39816 22158 10575 42570 8314 3892 13664 22935 15012 26444 25525 47792 24890 13508 21654 20348 30127 34007 42066 16506 1817 5307 
Cost: 5084
Path: 42687 13239 1611 47767 25282 46471 37468 47649 8731 15473 4856 2404 34908 38441 39730 38409 18798 5486 49764 13756 44030 22372 49490 25231 47541 9837 32945 6176 23480 27047 37910 41993 11855 41076 9900 19791 24573 39105 37652 38175 42845 34302 24441 40005 30373 8535 25287 8282 11054 47689 23085 31481 32138 33557 28559 31986 21134 40418 36346 7291 34505 45743 6677 21514 48151 23235 3052 1961 23232 161 31694 1310 13285 36983 35988 42728 45269 23009 14734 40126 10278 21643 29055 42047 35637 24378 36410 5215 19431 9778 974 35846 1067 19768 23227 46654 29882 38796 41131 16822 16738 35095 23497 37028 14041 8169 5998 22749 2548 2468 34587 35545 23828 38338 45285 28278 2370 7931 46500 45167 21026 32758 37198 40963 8056 21958 26298 48568 4378 8221 10234 30044 37009 6852 41951 44884 8540 159 17221 20496 48214 21345 43784 35346 2780 38683 18676 8027 16484 34250 2617 15496 24046 40503 37422 31659 28366 15905 19192 39816 22158 48280 29438 6484 25285 37282 12246 5186 18591 43134 37830 44718 31468 44239 25525 47792 24890 13508 21654 20348 30127 34007 42066 16506 1817 5307 
Cost: 5087
Path: 42687 13239 1611 47767 25282 46471 37468 47649 8731 15473 4856 2404 34908 38441 39730 38409 18798 5486 49764 13756 44030 22372 49490 25231 47541 9837 32945 6176 46784 40241 29584 27047 37910 41993 11855 41076 9900 19791 24573 39105 37652 38175 42845 34302 24441 40005 30373 8535 25287 8282 11054 21514 48151 23235 3052 1961 23232 161 38218 45167 21026 32758 37198 40963 45249 27826 32693 39747 35844 14088 1310 13285 8056 21958 26298 48568 4378 8221 10234 30044 37009 6852 41951 44884 8540 159 17221 20496 48214 21345 43784 35346 2780 38683 18676 8027 16484 34250 2617 15496 24046 40503 37422 31659 28366 15905 19192 39816 22158 20912 12246 5186 18591 43134 37830 44718 31468 44239 25525 47792 24890 13508 21654 20892 34505 45743 6677 36983 35988 42728 45269 23009 14734 40126 10278 21643 29055 42047 35637 24378 36410 5215 19431 9778 974 35846 1067 19768 20348 30127 34007 42066 16506 1817 5307 
Cost: 5093
Path: 42687 13239 1611 47767 25282 46471 37468 47649 8731 15473 4856 2404 34908 38441 39730 38409 18798 5486 49764 13756 44030 22372 49490 25231 47541 9837 32945 6176 46784 40241 29584 27047 37910 41993 11855 41076 9900 19791 24573 39105 37652 38175 42845 34302 24441 40005 30373 8535 25287 8282 11054 21514 48151 23235 3052 1961 23232 161 38218 45167 21026 32758 37198 40963 31694 1310 13285 8056 21958 45249 27826 32693 33697 46530 30074 2178 11220 25283 33261 32543 9608 46084 6852 41951 44884 8540 159 17221 20496 48214 21345 43784 35346 2780 38683 18676 8027 16484 34250 2617 15496 24046 40503 37422 31659 28366 15905 19192 39816 22158 20912 12246 5186 18591 43134 37830 44718 31468 44239 25525 47792 24890 13508 21654 20892 34505 45743 6677 36983 35988 42728 45269 23009 14734 40126 10278 21643 29055 42047 35637 24378 36410 5215 19431 9778 974 35846 1067 19768 20348 30127 34007 42066 16506 1817 5307 
Cost: 5110
Path: 42687 13239 1611 47767 25282 46471 37468 47649 8731 15473 4856 2404 34908 38441 39730 38409 18798 5486 49764 13756 44030 22372 49490 25231 47541 9837 32945 6176 46784 40241 29584 27047 37910 41993 11855 41076 9900 19791 24573 39105 37652 38175 42845 34302 24441 40005 30373 8535 25287 8282 11054 8574 47306 19636 23880 6009 4437 17221 20496 48214 21514 48151 23235 21345 43784 35346 2780 38683 18676 26525 44880 34459 18362 37198 40963 3052 1961 23232 161 31694 1310 13285 8056 21958 26298 48568 4378 8221 10234 30044 37009 6852 41951 44884 8540 159 8027 16484 34250 2617 15496 24046 40503 37422 31659 28366 15905 19192 39816 22158 10575 42570 8314 3892 13664 22935 15012 26444 25525 47792 24890 13508 21654 20892 34505 45743 6677 36983 35988 42728 45269 23009 14734 40126 10278 21643 29055 42047 35637 24378 36410 5215 19431 9778 974 35846 1067 19768 20348 30127 34007 42066 16506 1817 5307 
Cost: 5124
Path: 42687 13239 1611 47767 25282 46471 37468 47649 8731 15473 4856 2404 34908 38441 39730 38409 18798 5486 49764 13756 44030 22372 49490 25231 47541 9837 32945 6176 23480 27047 37910 41993 11855 41076 9900 19791 24573 39105 37652 38175 42845 34302 24441 40005 30373 8535 25287 8282 11054 8574 47306 19636 23880 6009 4437 17221 20496 48214 21514 48151 23235 21345 43784 35346 2780 38683 18676 26525 44880 34459 18362 37198 40963 3052 1961 23232 161 31694 1310 13285 8056 21958 26298 48568 4378 8221 10234 30044 37009 6852 41951 44884 8540 159 8027 16484 34250 2617 15496 24046 40503 37422 31659 28366 15905 19192 39816 22158 10575 42570 8314 3892 13664 22935 15012 26444 25525 47792 24890 13508 21654 47689 23085 31481 32138 33557 28559 31986 21134 40418 36346 7291 34505 45743 6677 36983 35988 42728 45269 23009 14734 40126 10278 21643 29055 42047 35637 24378 36410 5215 19431 9778 974 35846 1067 19768 20348 30127 34007 42066 16506 1817 5307 
Cost: 5140
Path: 42687 13239 1611 47767 25282 46471 37468 47649 8731 15473 4856 2404 34908 38441 39730 38409 18798 5486 49764 13756 44030 22372 49490 25231 47541 9837 32945 6176 46784 40241 29584 27047 37910 41993 11855 41076 9900 19791 24573 39105 37652 38175 42845 34302 24441 40005 30373 8535 25287 8282 11054 8574 47306 19636 23880 6009 4437 17221 20496 48214 21514 48151 23235 21345 43784 35346 2780 38683 18676 26525 44880 34459 18362 37198 40963 3052 1961 23232 161 31694 1310 13285 8056 21958 26298 48568 4378 8221 10234 30044 37009 6852 41951 44884 8540 159 8027 16484 34250 2617 15496 24046 40503 37422 31659 28700 33681 29842 19192 39816 22158 20912 12246 5186 18591 43134 37830 44718 31468 44239 25525 47792 24890 13508 21654 47689 23085 31481 32138 33557 28559 31986 21134 40418 36346 7291 34505 45743 6677 36983 35988 42728 45269 23009 14734 40126 10278 21643 29055 42047 35637 24378 36410 5215 19431 9778 974 35846 1067 19768 20348 30127 34007 42066 16506 1817 5307 
Cost: 5142
Path: 42687 13239 1611 47767 25282 46471 37468 47649 8731 15473 4856 2404 34908 38441 39730 38409 18798 5486 49764 13756 44030 22372 49490 25231 47541 9837 32945 6176 46784 40241 29584 27047 37910 41993 11855 41076 9900 19791 24573 39105 37652 38175 42845 34302 24441 40005 30373 8535 25287 8282 11054 21514 48151 23235 3052 1961 23232 161 38218 45167 21026 32758 37198 40963 31694 1310 13285 8056 21958 46530 30074 32581 41620 2178 11220 25283 33261 32543 9608 46084 6852 41951 44884 8540 159 17221 20496 48214 21345 43784 35346 2780 38683 18676 8027 16484 34250 2617 15496 24046 40503 37422 31659 28366 15905 19192 39816 22158 20912 12246 5186 18591 43134 37830 44718 31468 44239 25525 47792 24890 13508 21654 47689 23085 31481 32138 33557 28559 31986 21134 40418 36346 7291 34505 45743 6677 36983 35988 42728 45269 23009 14734 40126 10278 21643 29055 42047 35637 24378 36410 5215 19431 9778 974 35846 1067 19768 20348 30127 34007 42066 16506 1817 5307 
Cost: 5149
Path: 42687 13239 1611 47767 25282 46471 37468 47649 8731 15473 4856 2404 34908 38441 39730 38409 18798 5486 49764 13756 44030 22372 49490 25231 47541 9837 32945 6176 46784 40241 29584 27047 37910 41993 11855 41076 9900 19791 24573 39105 37652 38175 42845 34302 24441 40005 30373 8535 25287 8282 11054 7697 21514 48151 23235 3052 1961 23232 161 31694 33853 36722 33443 38995 4901 23337 23880 6009 4437 17221 20496 48214 21345 43784 35346 2780 38683 18676 26525 44880 34459 18362 37198 40963 1310 13285 8056 21958 26298 48568 4378 8221 10234 30044 37009 6852 41951 44884 8540 159 8027 16484 34250 2617 15496 24046 40503 37422 31659 28366 15905 19192 39816 22158 20912 12246 5186 18591 43134 37830 44718 31468 44239 25525 47792 24890 13508 21654 47689 23085 31481 32138 33557 28559 31986 21134 40418 36346 7291 34505 45743 6677 36983 35988 42728 45269 23009 14734 40126 10278 21643 29055 42047 35637 24378 36410 5215 19431 9778 974 35846 1067 19768 20348 30127 34007 42066 16506 1817 5307 
Cost: 5152
Path: 42687 13239 1611 47767 25282 46471 37468 47649 8731 15473 4856 2404 34908 38441 39730 38409 18798 5486 49764 13756 44030 22372 49490 25231 47541 9837 32945 6176 23480 27047 37910 41993 11855 41076 9900 19791 24573 39105 37652 38175 42845 34302 24441 40005 30373 8535 25287 8282 11054 8574 47306 19636 23880 6009 4437 17221 20496 48214 21514 48151 23235 21345 43784 35346 2780 38683 18676 26525 44880 34459 18362 37198 40963 3052 1961 23232 161 31694 1310 13285 8056 21958 26298 48568 4378 8221 10234 30044 37009 6852 41951 44884 8540 159 8027 16484 34250 2617 15496 24046 40503 37422 31659 28366 15905 19192 39816 22158 20912 12246 5186 18591 43134 37830 44718 31468 44239 25525 47792 24890 13508 21654 20892 34505 45743 6677 36983 35988 42728 45269 23009 14734 40126 10278 21643 29055 42047 35637 24378 36410 5215 19431 9778 974 35846 1067 19768 20348 30127 34007 42066 16506 1817 5307 
Cost: 5162
Path: 42687 13239 1611 47767 25282 46471 37468 47649 8731 15473 4856 2404 34908 38441 39730 38409 18798 5486 49764 13756 44030 22372 49490 25231 47541 9837 32945 6176 46784 40241 29584 27047 37910 41993 11855 41076 9900 19791 24573 39105 37652 38175 42845 34302 24441 40005 30373 8535 25287 8282 11054 21514 48151 23235 3052 1961 23232 161 38218 45167 21026 32758 37198 40963 31694 1310 13285 8056 21958 45249 27826 32693 33697 46530 30074 2178 11220 25283 33261 32543 9608 46084 6852 41951 44884 8540 159 17221 20496 48214 21345 43784 35346 2780 38683 18676 8027 16484 34250 2617 15496 24046 40503 37422 31659 28366 15905 19192 39816 22158 36983 35988 48280 29438 6484 25285 37282 12246 5186 18591 43134 37830 44718 31468 44239 25525 47792 24890 13508 21654 20892 34505 45743 6677 42728 45269 23009 14734 40126 10278 21643 29055 42047 35637 24378 36410 5215 19431 9778 974 35846 1067 19768 20348 30127 34007 42066 16506 1817 5307 
Cost: 5169
Path: 42687 13239 1611 47767 25282 46471 37468 47649 8731 15473 4856 2404 34908 38441 39730 38409 18798 5486 49764 13756 44030 22372 49490 25231 47541 9837 32945 6176 23480 27047 37910 41993 11855 41076 9900 19791 24573 39105 37652 38175 42845 34302 24441 40005 30373 8535 25287 8282 11054 21514 48151 23235 3052 1961 23232 161 38218 45167 21026 32758 37198 40963 45249 27826 32693 39747 35844 14088 1310 13285 8056 21958 26298 48568 4378 8221 10234 30044 37009 6852 41951 44884 8540 159 17221 20496 48214 21345 43784 35346 2780 38683 18676 8027 16484 34250 2617 15496 24046 40503 37422 31659 28366 15905 19192 39816 22158 10575 42570 8314 3892 13664 22935 15012 26444 25525 47792 24890 13508 21654 47689 23085 31481 32138 33557 28559 31986 21134 40418 36346 7291 34505 45743 6677 36983 35988 42728 45269 23009 14734 40126 10278 21643 29055 42047 35637 24378 36410 5215 19431 9778 974 35846 1067 19768 20348 30127 34007 42066 16506 1817 5307 
Cost: 5171
Path: 42687 13239 1611 47767 25282 46471 37468 47649 8731 15473 4856 2404 34908 38441 39730 38409 18798 5486 49764 13756 44030 22372 49490 25231 47541 9837 32945 6176 23480 27047 37910 41993 11855 41076 9900 19791 24573 39105 37652 38175 42845 34302 24441 40005 30373 8535 25287 8282 11054 21514 48151 23235 3052 1961 23232 161 38218 45167 21026 32758 37198 40963 31694 1310 13285 8056 21958 26298 48568 4378 8221 10234 30044 37009 6852 41951 44884 8540 159 17221 20496 48214 21345 43784 35346 2780 38683 18676 8027 16484 34250 2617 15496 24046 40503 37422 31659 28366 15905 19192 39816 22158 10575 42570 8314 3892 13664 22935 15012 26444 25525 47792 24890 13508 21654 33853 36722 46784 40241 17098 37235 3487 37608 12219 44339 30051 4985 16794 34802 19259 31808 34113 6555 7792 31521 15233 35522 6465 36202 36728 16376 15852 32577 28559 31986 21134 40418 36346 7291 34505 45743 6677 36983 35988 42728 45269 23009 14734 40126 10278 21643 29055 42047 35637 24378 36410 5215 19431 9778 974 35846 1067 19768 20348 30127 34007 42066 16506 1817 5307 
Cost: 5181
Path: 42687 13239 1611 47767 25282 46471 37468 47649 8731 15473 4856 2404 34908 38441 39730 38409 18798 5486 49764 13756 44030 22372 49490 25231 47541 9837 32945 6176 23480 27047 37910 41993 11855 41076 9900 19791 24573 39105 37652 38175 42845 34302 24441 40005 30373 8535 25287 8282 11054 21514 48151 23235 3052 1961 23232 161 38218 45167 21026 32758 37198 40963 31694 1310 13285 8056 21958 26298 48568 4378 8221 10234 30044 37009 6852 41951 44884 8540 159 17221 20496 48214 21345 43784 35346 2780 38683 18676 8027 16484 34250 2617 15496 24046 40503 37422 31659 28700 33681 29842 19192 39816 22158 10575 42570 8314 3892 13664 22935 15012 26444 25525 47792 24890 13508 21654 20892 34505 45743 6677 36983 35988 42728 45269 23009 14734 40126 10278 21643 29055 42047 35637 24378 36410 5215 19431 9778 974 35846 1067 19768 20348 30127 34007 42066 16506 1817 5307 
Cost: 5187
Path: 42687 13239 1611 47767 25282 46471 37468 47649 8731 15473 4856 2404 34908 38441 39730 38409 18798 5486 49764 13756 44030 22372 49490 25231 47541 9837 32945 6176 23480 27047 37910 41993 11855 41076 9900 19791 24573 39105 37652 38175 42845 34302 24441 40005 30373 8535 25287 8282 11054 21514 48151 23235 3052 1961 23232 161 38218 45167 21026 32758 37198 40963 31694 1310 13285 8056 21958 26298 48568 4378 8221 10234 30044 37009 6852 41951 44884 8540 159 17221 20496 48214 21345 43784 35346 2780 38683 18676 8027 16484 34250 2617 15496 24046 40503 37422 31659 28366 15905 19192 39816 22158 36983 35988 48280 29438 6484 25285 37282 12246 5186 18591 43134 37830 44718 31468 44239 25525 47792 24890 13508 21654 13960 47055 47212 36754 39727 16794 34802 19259 31808 34113 6555 7792 31521 15233 35522 6465 36202 36728 16376 15852 32577 28559 31986 21134 40418 36346 7291 34505 45743 6677 42728 45269 23009 14734 40126 10278 21643 29055 42047 35637 24378 36410 5215 19431 9778 974 35846 1067 19768 20348 30127 34007 42066 16506 1817 5307 
Cost: 5193
Path: 42687 13239 1611 47767 25282 46471 37468 47649 8731 15473 4856 2404 34908 38441 39730 38409 18798 5486 49764 13756 44030 22372 49490 25231 47541 9837 32945 6176 23480 27047 37910 41993 11855 41076 9900 19791 24573 39105 37652 38175 42845 34302 24441 40005 30373 8535 25287 8282 11054 47689 23085 31481 32138 33557 28559 31986 21134 40418 36346 7291 34505 45743 6677 21514 48151 23235 3052 1961 23232 161 31694 1310 13285 36983 35988 42728 45269 23009 14734 40126 10278 21643 29055 42047 35637 24378 36410 5215 19431 9778 974 35846 1067 19768 23227 46654 29882 38796 41131 16822 16738 35095 23497 37028 14041 8169 5998 22749 2548 2468 34587 35545 23828 38338 45285 28278 2370 7931 46500 45167 21026 32758 37198 40963 8056 21958 26298 48568 4378 8221 10234 30044 37009 6852 41951 44884 8540 159 17221 20496 48214 21345 43784 35346 2780 38683 18676 8027 16484 34250 2617 15496 24046 40503 37422 31659 28366 15905 19192 39816 22158 10575 42570 8314 3892 13664 22935 15012 26444 25525 47792 24890 13508 21654 20348 30127 34007 42066 16506 1817 5307 
Cost: 5197
Path: 42687 13239 1611 47767 25282 46471 37468 47649 8731 15473 4856 2404 34908 38441 39730 38409 18798 5486 49764 13756 44030 22372 49490 25231 47541 9837 32945 6176 23480 27047 37910 41993 11855 41076 9900 19791 24573 39105 37652 38175 42845 34302 24441 40005 30373 8535 25287 8282 11054 21514 48151 23235 3052 1961 23232 161 38218 45167 21026 32758 37198 40963 45249 27826 32693 39747 35844 14088 1310 13285 8056 21958 26298 48568 4378 8221 10234 30044 37009 6852 41951 44884 8540 159 17221 20496 48214 21345 43784 35346 2780 38683 18676 8027 16484 34250 2617 15496 24046 40503 37422 31659 28366 15905 19192 39816 22158 20912 12246 5186 18591 43134 37830 44718 31468 44239 25525 47792 24890 13508 21654 20892 34505 45743 6677 36983 35988 42728 45269 23009 14734 40126 10278 21643 29055 42047 35637 24378 36410 5215 19431 9778 974 35846 1067 19768 20348 30127 34007 42066 16506 1817 5307 
Cost: 5203
Path: 42687 13239 1611 47767 25282 46471 37468 47649 8731 15473 4856 2404 34908 38441 39730 38409 18798 5486 49764 13756 44030 22372 49490 25231 47541 9837 32945 6176 23480 27047 37910 41993 11855 41076 9900 19791 24573 39105 37652 38175 42845 34302 24441 40005 30373 8535 25287 8282 11054 21514 48151 23235 3052 1961 23232 161 38218 45167 21026 32758 37198 40963 31694 1310 13285 8056 21958 45249 27826 32693 33697 46530 30074 2178 11220 25283 33261 32543 9608 46084 6852 41951 44884 8540 159 17221 20496 48214 21345 43784 35346 2780 38683 18676 8027 16484 34250 2617 15496 24046 40503 37422 31659 28366 15905 19192 39816 22158 20912 12246 5186 18591 43134 37830 44718 31468 44239 25525 47792 24890 13508 21654 20892 34505 45743 6677 36983 35988 42728 45269 23009 14734 40126 10278 21643 29055 42047 35637 24378 36410 5215 19431 9778 974 35846 1067 19768 20348 30127 34007 42066 16506 1817 5307 
Cost: 5209
Path: 42687 13239 1611 47767 25282 46471 37468 47649 8731 15473 4856 2404 34908 38441 39730 38409 18798 5486 49764 13756 44030 22372 49490 25231 47541 9837 32945 6176 46784 40241 29584 27047 37910 41993 11855 41076 9900 19791 24573 39105 37652 38175 42845 34302 24441 40005 30373 8535 25287 8282 11054 8574 47306 19636 23880 6009 4437 17221 20496 48214 21514 48151 23235 21345 43784 35346 2780 38683 18676 26525 44880 34459 18362 37198 40963 3052 1961 23232 161 31694 1310 13285 8056 21958 26298 48568 4378 8221 10234 30044 37009 6852 41951 44884 8540 159 8027 16484 34250 2617 15496 24046 40503 37422 31659 28700 33681 29842 19192 39816 22158 36983 35988 48280 29438 6484 25285 37282 12246 5186 18591 43134 37830 44718 31468 44239 25525 47792 24890 13508 21654 47689 23085 31481 32138 33557 28559 31986 21134 40418 36346 7291 34505 45743 6677 42728 45269 23009 14734 40126 10278 21643 29055 42047 35637 24378 36410 5215 19431 9778 974 35846 1067 19768 20348 30127 34007 42066 16506 1817 5307 
Cost: 5211
Path: 42687 13239 1611 47767 25282 46471 37468 47649 8731 15473 4856 2404 34908 38441 39730 38409 18798 5486 49764 13756 44030 22372 49490 25231 47541 9837 32945 6176 46784 40241 29584 27047 37910 41993 11855 41076 9900 19791 24573 39105 37652 38175 42845 34302 24441 40005 30373 8535 25287 8282 11054 21514 48151 23235 3052 1961 23232 161 38218 45167 21026 32758 37198 40963 31694 1310 13285 8056 21958 46530 30074 32581 41620 2178 11220 25283 33261 32543 9608 46084 6852 41951 44884 8540 159 17221 20496 48214 21345 43784 35346 2780 38683 18676 8027 16484 34250 2617 15496 24046 40503 37422 31659 28366 15905 19192 39816 22158 36983 35988 48280 29438 6484 25285 37282 12246 5186 18591 43134 37830 44718 31468 44239 25525 47792 24890 13508 21654 47689 23085 31481 32138 33557 28559 31986 21134 40418 36346 7291 34505 45743 6677 42728 45269 23009 14734 40126 10278 21643 29055 42047 35637 24378 36410 5215 19431 9778 974 35846 1067 19768 20348 30127 34007 42066 16506 1817 5307 
Cost: 5218
Path: 42687 13239 1611 47767 25282 46471 37468 47649 8731 15473 4856 2404 34908 38441 39730 38409 18798 5486 49764 13756 44030 22372 49490 25231 47541 9837 32945 6176 46784 40241 29584 27047 37910 41993 11855 41076 9900 19791 24573 39105 37652 38175 42845 34302 24441 40005 30373 8535 25287 8282 11054 7697 21514 48151 23235 3052 1961 23232 161 31694 33853 36722 33443 38995 4901 23337 23880 6009 4437 17221 20496 48214 21345 43784 35346 2780 38683 18676 26525 44880 34459 18362 37198 40963 1310 13285 8056 21958 26298 48568 4378 8221 10234 30044 37009 6852 41951 44884 8540 159 8027 16484 34250 2617 15496 24046 40503 37422 31659 28366 15905 19192 39816 22158 36983 35988 48280 29438 6484 25285 37282 12246 5186 18591 43134 37830 44718 31468 44239 25525 47792 24890 13508 21654 47689 23085 31481 32138 33557 28559 31986 21134 40418 36346 7291 34505 45743 6677 42728 45269 23009 14734 40126 10278 21643 29055 42047 35637 24378 36410 5215 19431 9778 974 35846 1067 19768 20348 30127 34007 42066 16506 1817 5307 
Cost: 5221
Path: 42687 13239 1611 47767 25282 46471 37468 47649 8731 15473 4856 2404 34908 38441 39730 38409 18798 5486 49764 13756 44030 22372 49490 25231 47541 9837 32945 6176 23480 27047 37910 41993 11855 41076 9900 19791 24573 39105 37652 38175 42845 34302 24441 40005 30373 8535 25287 8282 11054 8574 47306 19636 23880 6009 4437 17221 20496 48214 21514 48151 23235 21345 43784 35346 2780 38683 18676 26525 44880 34459 18362 37198 40963 3052 1961 23232 161 31694 1310 13285 8056 21958 26298 48568 4378 8221 10234 30044 37009 6852 41951 44884 8540 159 8027 16484 34250 2617 15496 24046 40503 37422 31659 28366 15905 19192 39816 22158 36983 35988 48280 29438 6484 25285 37282 12246 5186 18591 43134 37830 44718 31468 44239 25525 47792 24890 13508 21654 20892 34505 45743 6677 42728 45269 23009 14734 40126 10278 21643 29055 42047 35637 24378 36410 5215 19431 9778 974 35846 1067 19768 20348 30127 34007 42066 16506 1817 5307 
Cost: 5249
Path: 42687 13239 1611 47767 25282 46471 37468 47649 8731 15473 4856 2404 34908 38441 39730 38409 18798 5486 49764 13756 44030 22372 49490 25231 47541 9837 32945 6176 46784 40241 29584 27047 47689 23085 31481 32138 33557 28559 31986 21134 40418 36346 7291 34505 45743 6677 37910 41993 11855 41076 21514 48151 23235 3052 1961 23232 161 31694 1310 13285 36983 35988 42728 45269 23009 14734 40126 10278 21643 29055 42047 35637 24378 36410 5215 19431 9778 974 35846 1067 19768 20348 30127 24291 33907 5249 10979 24573 39105 37652 38175 42845 34302 24441 40005 30373 8535 25287 9900 8282 11054 38218 45167 21026 32758 37198 40963 8056 21958 26298 48568 4378 8221 10234 30044 37009 6852 41951 44884 8540 159 17221 20496 48214 21345 43784 35346 2780 38683 18676 8027 16484 34250 2617 15496 24046 40503 37422 31659 28700 33681 29842 19192 39816 22158 48280 29438 6484 25285 37282 12246 5186 18591 43134 37830 44718 31468 44239 25525 47792 24890 13508 21654 34007 42066 16506 1817 5307 
Cost: 5252
Path: 42687 13239 1611 47767 25282 46471 37468 47649 8731 15473 4856 2404 34908 38441 39730 38409 18798 5486 49764 13756 44030 22372 49490 25231 47541 9837 32945 6176 23480 27047 37910 41993 11855 41076 9900 19791 24573 39105 37652 38175 42845 34302 24441 40005 30373 8535 25287 8282 11054 21514 48151 23235 3052 1961 23232 161 38218 45167 21026 32758 37198 40963 31694 1310 13285 8056 21958 46530 30074 32581 41620 2178 11220 25283 33261 32543 9608 46084 6852 41951 44884 8540 159 17221 20496 48214 21345 43784 35346 2780 38683 18676 8027 16484 34250 2617 15496 24046 40503 37422 31659 28366 15905 19192 39816 22158 20912 12246 5186 18591 43134 37830 44718 31468 44239 25525 47792 24890 13508 21654 47689 23085 31481 32138 33557 28559 31986 21134 40418 36346 7291 34505 45743 6677 36983 35988 42728 45269 23009 14734 40126 10278 21643 29055 42047 35637 24378 36410 5215 19431 9778 974 35846 1067 19768 20348 30127 34007 42066 16506 1817 5307 
Cost: 5254
Path: 42687 13239 1611 47767 25282 46471 37468 47649 8731 15473 4856 2404 34908 38441 39730 38409 18798 5486 49764 13756 44030 22372 49490 25231 47541 9837 32945 6176 46784 40241 29584 27047 37910 41993 11855 41076 9900 19791 24573 39105 37652 38175 42845 34302 24441 40005 30373 8535 25287 8282 11054 21514 48151 23235 3052 1961 23232 161 38218 45167 21026 32758 37198 40963 45249 27826 32693 39747 35844 14088 1310 13285 8056 21958 26298 48568 4378 8221 10234 30044 37009 6852 41951 44884 8540 159 17221 20496 48214 21345 43784 35346 2780 38683 18676 8027 16484 34250 2617 15496 24046 40503 37422 31659 28366 15905 19192 39816 22158 36983 35988 48280 29438 6484 25285 37282 12246 5186 18591 43134 37830 44718 31468 44239 25525 47792 24890 13508 21654 47689 23085 31481 32138 33557 28559 31986 21134 40418 36346 7291 34505 45743 6677 42728 45269 23009 14734 40126 10278 21643 29055 42047 35637 24378 36410 5215 19431 9778 974 35846 1067 19768 20348 30127 34007 42066 16506 1817 5307 
Cost: 5259
Path: 42687 13239 1611 47767 25282 46471 37468 47649 8731 15473 4856 2404 34908 38441 39730 38409 18798 5486 49764 13756 44030 22372 49490 25231 47541 9837 32945 6176 23480 27047 37910 41993 11855 41076 9900 19791 24573 39105 37652 38175 42845 34302 24441 40005 30373 8535 25287 8282 11054 7697 21514 48151 23235 3052 1961 23232 161 31694 33853 36722 33443 38995 4901 23337 23880 6009 4437 17221 20496 48214 21345 43784 35346 2780 38683 18676 26525 44880 34459 18362 37198 40963 1310 13285 8056 21958 26298 48568 4378 8221 10234 30044 37009 6852 41951 44884 8540 159 8027 16484 34250 2617 15496 24046 40503 37422 31659 28366 15905 19192 39816 22158 20912 12246 5186 18591 43134 37830 44718 31468 44239 25525 47792 24890 13508 21654 47689 23085 31481 32138 33557 28559 31986 21134 40418 36346 7291 34505 45743 6677 36983 35988 42728 45269 23009 14734 40126 10278 21643 29055 42047 35637 24378 36410 5215 19431 9778 974 35846 1067 19768 20348 30127 34007 42066 16506 1817 5307 
Cost: 5259
Path: 42687 13239 1611 47767 25282 46471 37468 47649 8731 15473 4856 2404 34908 38441 39730 38409 18798 5486 49764 13756 44030 22372 49490 25231 47541 9837 32945 6176 46784 40241 29584 27047 47689 23085 31481 32138 33557 28559 31986 21134 40418 36346 7291 34505 45743 6677 37910 41993 11855 41076 21514 48151 23235 3052 1961 23232 161 31694 1310 13285 36983 35988 42728 45269 23009 14734 40126 10278 21643 29055 42047 35637 24378 36410 5215 19431 9778 974 35846 1067 19768 20348 30127 24291 33907 5249 10979 24573 39105 37652 38175 42845 34302 24441 40005 30373 8535 25287 9900 8282 11054 38218 45167 21026 32758 37198 40963 8056 21958 26298 48568 4378 8221 10234 30044 37009 6852 41951 44884 8540 159 17221 20496 48214 21345 43784 35346 2780 38683 18676 8027 16484 34250 2617 15496 24046 40503 37422 31659 28366 15905 19192 39816 22158 20912 12246 5186 18591 43134 37830 44718 31468 44239 25525 47792 24890 13508 21654 34007 42066 16506 1817 5307 
Cost: 5265
Path: 42687 13239 1611 47767 25282 46471 37468 47649 8731 15473 4856 2404 34908 38441 39730 38409 18798 5486 49764 13756 44030 22372 49490 25231 47541 9837 32945 6176 46784 40241 29584 27047 37910 41993 11855 41076 9900 19791 24573 39105 37652 38175 42845 34302 24441 40005 30373 8535 25287 8282 11054 21514 48151 23235 3052 1961 23232 161 38218 45167 21026 32758 37198 40963 45249 27826 32693 39747 35844 14088 1310 13285 8056 21958 26298 48568 4378 8221 10234 30044 37009 6852 41951 44884 8540 159 17221 20496 48214 21345 43784 35346 2780 38683 18676 8027 16484 34250 2617 15496 24046 40503 37422 31659 28366 15905 19192 39816 22158 10575 42570 8314 3892 13664 22935 15012 26444 25525 47792 24890 13508 21654 20892 34505 45743 6677 36983 35988 42728 45269 23009 14734 40126 10278 21643 29055 42047 35637 24378 36410 5215 19431 9778 974 35846 1067 19768 20348 30127 34007 42066 16506 1817 5307 
Cost: 5272
Path: 42687 13239 1611 47767 25282 46471 37468 47649 8731 15473 4856 2404 34908 38441 39730 38409 18798 5486 49764 13756 44030 22372 49490 25231 47541 9837 32945 6176 23480 27047 37910 41993 11855 41076 9900 19791 24573 39105 37652 38175 42845 34302 24441 40005 30373 8535 25287 8282 11054 21514 48151 23235 3052 1961 23232 161 38218 45167 21026 32758 37198 40963 31694 1310 13285 8056 21958 45249 27826 32693 33697 46530 30074 2178 11220 25283 33261 32543 9608 46084 6852 41951 44884 8540 159 17221 20496 48214 21345 43784 35346 2780 38683 18676 8027 16484 34250 2617 15496 24046 40503 37422 31659 28366 15905 19192 39816 22158 36983 35988 48280 29438 6484 25285 37282 12246 5186 18591 43134 37830 44718 31468 44239 25525 47792 24890 13508 21654 20892 34505 45743 6677 42728 45269 23009 14734 40126 10278 21643 29055 42047 35637 24378 36410 5215 19431 9778 974 35846 1067 19768 20348 30127 34007 42066 16506 1817 5307 
Cost: 5288
Path: 42687 13239 1611 47767 25282 46471 37468 47649 8731 15473 4856 2404 34908 38441 39730 38409 18798 5486 49764 13756 44030 22372 49490 25231 47541 9837 32945 6176 46784 40241 29584 27047 47689 23085 31481 32138 33557 28559 31986 21134 40418 36346 7291 34505 45743 6677 37910 41993 11855 41076 21514 48151 23235 3052 1961 23232 161 31694 1310 13285 36983 35988 42728 45269 23009 14734 40126 10278 21643 29055 42047 35637 24378 36410 5215 19431 9778 974 35846 1067 19768 20348 30127 24291 33907 5249 10979 24573 39105 37652 38175 42845 34302 24441 40005 30373 8535 25287 9900 8282 11054 8574 47306 19636 23880 6009 4437 17221 20496 48214 21345 43784 35346 2780 38683 18676 26525 44880 34459 18362 37198 40963 8056 21958 26298 48568 4378 8221 10234 30044 37009 6852 41951 44884 8540 159 8027 16484 34250 2617 15496 24046 40503 37422 31659 28366 15905 19192 39816 22158 48280 29438 6484 25285 37282 12246 5186 18591 43134 37830 44718 31468 44239 25525 47792 24890 13508 21654 34007 42066 16506 1817 5307 
Cost: 5295
Path: 42687 13239 1611 47767 25282 46471 37468 47649 8731 15473 4856 2404 34908 38441 39730 38409 18798 5486 49764 13756 44030 22372 49490 25231 47541 9837 32945 6176 46784 40241 29584 27047 37910 41993 11855 41076 9900 19791 24573 39105 37652 38175 42845 34302 24441 40005 30373 8535 25287 8282 11054 21514 48151 23235 3052 1961 23232 161 38218 45167 21026 32758 37198 40963 31694 1310 13285 8056 21958 26298 48568 4378 8221 10234 30044 37009 6852 41951 44884 8540 159 17221 20496 48214 21345 43784 35346 2780 38683 18676 8027 16484 34250 2617 15496 24046 40503 37422 31659 28366 15905 19192 39816 22158 10575 42570 8314 3892 13664 22935 15012 26444 25525 47792 24890 13508 21654 13960 47055 47212 36754 39727 16794 34802 19259 31808 34113 6555 7792 31521 15233 35522 6465 36202 36728 16376 15852 32577 28559 31986 21134 40418 36346 7291 34505 45743 6677 36983 35988 42728 45269 23009 14734 40126 10278 21643 29055 42047 35637 24378 36410 5215 19431 9778 974 35846 1067 19768 20348 30127 34007 42066 16506 1817 5307 
Cost: 5297
Path: 42687 13239 1611 47767 25282 46471 37468 47649 8731 15473 4856 2404 34908 38441 39730 38409 18798 5486 49764 13756 44030 22372 49490 25231 47541 9837 32945 6176 46784 40241 29584 27047 37910 41993 11855 41076 9900 19791 24573 39105 37652 38175 42845 34302 24441 40005 30373 8535 25287 8282 11054 21514 48151 23235 3052 1961 23232 161 38218 45167 21026 32758 37198 40963 31694 1310 13285 8056 21958 26298 48568 4378 8221 10234 30044 37009 6852 41951 44884 8540 159 17221 20496 48214 21345 43784 35346 2780 38683 18676 8027 16484 34250 2617 15496 24046 40503 37422 31659 28700 33681 29842 19192 39816 22158 20912 12246 5186 18591 43134 37830 44718 31468 44239 25525 47792 24890 13508 21654 33853 36722 17098 37235 3487 37608 12219 44339 30051 4985 16794 34802 19259 31808 34113 6555 7792 31521 15233 35522 6465 36202 36728 16376 15852 32577 28559 31986 21134 40418 36346 7291 34505 45743 6677 36983 35988 42728 45269 23009 14734 40126 10278 21643 29055 42047 35637 24378 36410 5215 19431 9778 974 35846 1067 19768 20348 30127 34007 42066 16506 1817 5307 
Cost: 5317
Path: 42687 13239 1611 47767 25282 46471 37468 47649 8731 15473 4856 2404 34908 38441 39730 38409 18798 5486 49764 13756 44030 22372 49490 25231 47541 9837 32945 6176 46784 40241 29584 27047 37910 41993 11855 41076 9900 19791 24573 39105 37652 38175 42845 34302 24441 40005 30373 8535 25287 8282 11054 20892 34505 45743 6677 21514 48151 23235 3052 1961 23232 161 31694 1310 13285 36983 35988 42728 45269 23009 14734 40126 10278 21643 29055 42047 35637 24378 36410 5215 19431 9778 974 35846 1067 19768 23227 46654 29882 38796 41131 16822 16738 35095 23497 37028 14041 8169 5998 22749 2548 2468 34587 35545 23828 38338 45285 28278 2370 7931 46500 45167 21026 32758 37198 40963 8056 21958 26298 48568 4378 8221 10234 30044 37009 6852 41951 44884 8540 159 17221 20496 48214 21345 43784 35346 2780 38683 18676 8027 16484 34250 2617 15496 24046 40503 37422 31659 28366 15905 19192 39816 22158 20912 12246 5186 18591 43134 37830 44718 31468 44239 25525 47792 24890 13508 21654 20348 30127 34007 42066 16506 1817 5307 
Cost: 5318
Path: 42687 13239 1611 47767 25282 46471 37468 47649 8731 15473 4856 2404 34908 38441 39730 38409 18798 5486 49764 13756 44030 22372 49490 25231 47541 9837 32945 6176 46784 40241 29584 27047 37910 41993 11855 41076 9900 19791 24573 39105 37652 38175 42845 34302 24441 40005 30373 8535 25287 8282 11054 8574 47306 19636 23880 6009 4437 17221 20496 48214 21514 48151 23235 21345 43784 35346 2780 38683 18676 26525 44880 34459 18362 37198 40963 3052 1961 23232 161 31694 1310 13285 8056 21958 26298 48568 4378 8221 10234 30044 37009 6852 41951 44884 8540 159 8027 16484 34250 2617 15496 24046 40503 37422 31659 28700 33681 29842 19192 39816 22158 10575 42570 8314 3892 13664 22935 15012 26444 25525 47792 24890 13508 21654 47689 23085 31481 32138 33557 28559 31986 21134 40418 36346 7291 34505 45743 6677 36983 35988 42728 45269 23009 14734 40126 10278 21643 29055 42047 35637 24378 36410 5215 19431 9778 974 35846 1067 19768 20348 30127 34007 42066 16506 1817 5307 
Cost: 5319
Path: 42687 13239 1611 47767 25282 46471 37468 47649 8731 15473 4856 2404 34908 38441 39730 38409 18798 5486 49764 13756 44030 22372 49490 25231 47541 9837 32945 6176 46784 40241 29584 27047 37910 41993 11855 41076 9900 19791 24573 39105 37652 38175 42845 34302 24441 40005 30373 8535 25287 8282 11054 47689 23085 31481 32138 33557 28559 31986 21134 40418 36346 7291 34505 45743 6677 21514 48151 23235 3052 1961 23232 161 31694 1310 13285 36983 35988 42728 45269 23009 14734 40126 10278 21643 29055 42047 35637 24378 36410 5215 19431 9778 974 35846 1067 19768 23227 46654 29882 38796 41131 16822 16738 35095 23497 37028 14041 8169 5998 22749 2548 2468 34587 35545 23828 38338 45285 28278 2370 7931 46500 45167 21026 32758 37198 40963 8056 21958 26298 48568 4378 8221 10234 30044 37009 6852 41951 44884 8540 159 17221 20496 48214 21345 43784 35346 2780 38683 18676 8027 16484 34250 2617 15496 24046 40503 37422 31659 28700 33681 29842 19192 39816 22158 20912 12246 5186 18591 43134 37830 44718 31468 44239 25525 47792 24890 13508 21654 20348 30127 34007 42066 16506 1817 5307 
Cost: 5321
Path: 42687 13239 1611 47767 25282 46471 37468 47649 8731 15473 4856 2404 34908 38441 39730 38409 18798 5486 49764 13756 44030 22372 49490 25231 47541 9837 32945 6176 23480 27047 37910 41993 11855 41076 9900 19791 24573 39105 37652 38175 42845 34302 24441 40005 30373 8535 25287 8282 11054 21514 48151 23235 3052 1961 23232 161 38218 45167 21026 32758 37198 40963 31694 1310 13285 8056 21958 46530 30074 32581 41620 2178 11220 25283 33261 32543 9608 46084 6852 41951 44884 8540 159 17221 20496 48214 21345 43784 35346 2780 38683 18676 8027 16484 34250 2617 15496 24046 40503 37422 31659 28366 15905 19192 39816 22158 36983 35988 48280 29438 6484 25285 37282 12246 5186 18591 43134 37830 44718 31468 44239 25525 47792 24890 13508 21654 47689 23085 31481 32138 33557 28559 31986 21134 40418 36346 7291 34505 45743 6677 42728 45269 23009 14734 40126 10278 21643 29055 42047 35637 24378 36410 5215 19431 9778 974 35846 1067 19768 20348 30127 34007 42066 16506 1817 5307 
Cost: 5327
Path: 42687 13239 1611 47767 25282 46471 37468 47649 8731 15473 4856 2404 34908 38441 39730 38409 18798 5486 49764 13756 44030 22372 49490 25231 47541 9837 32945 6176 46784 40241 29584 27047 37910 41993 11855 41076 9900 19791 24573 39105 37652 38175 42845 34302 24441 40005 30373 8535 25287 8282 11054 7697 21514 48151 23235 3052 1961 23232 161 31694 33853 36722 33443 38995 4901 23337 23880 6009 4437 17221 20496 48214 21345 43784 35346 2780 38683 18676 26525 44880 34459 18362 37198 40963 1310 13285 8056 21958 26298 48568 4378 8221 10234 30044 37009 6852 41951 44884 8540 159 8027 16484 34250 2617 15496 24046 40503 37422 31659 28366 15905 19192 39816 22158 10575 42570 8314 3892 13664 22935 15012 26444 25525 47792 24890 13508 21654 47689 23085 31481 32138 33557 28559 31986 21134 40418 36346 7291 34505 45743 6677 36983 35988 42728 45269 23009 14734 40126 10278 21643 29055 42047 35637 24378 36410 5215 19431 9778 974 35846 1067 19768 20348 30127 34007 42066 16506 1817 5307 
Cost: 5328
Path: 42687 13239 1611 47767 25282 46471 37468 47649 8731 15473 4856 2404 34908 38441 39730 38409 18798 5486 49764 13756 44030 22372 49490 25231 47541 9837 32945 6176 23480 27047 37910 41993 11855 41076 9900 19791 24573 39105 37652 38175 42845 34302 24441 40005 30373 8535 25287 8282 11054 7697 21514 48151 23235 3052 1961 23232 161 31694 33853 36722 33443 38995 4901 23337 23880 6009 4437 17221 20496 48214 21345 43784 35346 2780 38683 18676 26525 44880 34459 18362 37198 40963 1310 13285 8056 21958 26298 48568 4378 8221 10234 30044 37009 6852 41951 44884 8540 159 8027 16484 34250 2617 15496 24046 40503 37422 31659 28366 15905 19192 39816 22158 36983 35988 48280 29438 6484 25285 37282 12246 5186 18591 43134 37830 44718 31468 44239 25525 47792 24890 13508 21654 47689 23085 31481 32138 33557 28559 31986 21134 40418 36346 7291 34505 45743 6677 42728 45269 23009 14734 40126 10278 21643 29055 42047 35637 24378 36410 5215 19431 9778 974 35846 1067 19768 20348 30127 34007 42066 16506 1817 5307 
Cost: 5330
Path: 42687 13239 1611 47767 25282 46471 37468 47649 8731 15473 4856 2404 34908 38441 39730 38409 18798 5486 49764 13756 44030 22372 49490 25231 47541 9837 32945 6176 23480 27047 37910 41993 11855 41076 9900 19791 24573 39105 37652 38175 42845 34302 24441 40005 30373 8535 25287 8282 11054 8574 47306 19636 23880 6009 4437 17221 20496 48214 21514 48151 23235 21345 43784 35346 2780 38683 18676 26525 44880 34459 18362 37198 40963 3052 1961 23232 161 31694 1310 13285 8056 21958 26298 48568 4378 8221 10234 30044 37009 6852 41951 44884 8540 159 8027 16484 34250 2617 15496 24046 40503 37422 31659 28366 15905 19192 39816 22158 10575 42570 8314 3892 13664 22935 15012 26444 25525 47792 24890 13508 21654 20892 34505 45743 6677 36983 35988 42728 45269 23009 14734 40126 10278 21643 29055 42047 35637 24378 36410 5215 19431 9778 974 35846 1067 19768 20348 30127 34007 42066 16506 1817 5307 
Cost: 5334
Path: 42687 13239 1611 47767 25282 46471 37468 47649 8731 15473 4856 2404 34908 38441 39730 38409 18798 5486 49764 13756 44030 22372 49490 25231 47541 9837 32945 6176 46784 40241 29584 27047 37910 41993 11855 41076 9900 19791 24573 39105 37652 38175 42845 34302 24441 40005 30373 8535 25287 8282 11054 8574 47306 19636 23880 6009 4437 17221 20496 48214 21514 48151 23235 21345 43784 35346 2780 38683 18676 26525 44880 34459 18362 37198 40963 45249 27826 32693 3052 1961 23232 161 39747 35844 14088 1310 13285 8056 21958 26298 48568 4378 8221 10234 30044 37009 6852 41951 44884 8540 159 8027 16484 34250 2617 15496 24046 40503 37422 31659 28366 15905 19192 39816 22158 20912 12246 5186 18591 43134 37830 44718 31468 44239 25525 47792 24890 13508 21654 47689 23085 31481 32138 33557 28559 31986 21134 40418 36346 7291 34505 45743 6677 36983 35988 42728 45269 23009 14734 40126 10278 21643 29055 42047 35637 24378 36410 5215 19431 9778 974 35846 1067 19768 20348 30127 34007 42066 16506 1817 5307 
Cost: 5336
Path: 42687 13239 1611 47767 25282 46471 37468 47649 8731 15473 4856 2404 34908 38441 39730 38409 18798 5486 49764 13756 44030 22372 49490 25231 47541 9837 32945 6176 46784 40241 29584 27047 37910 41993 11855 41076 9900 19791 24573 39105 37652 38175 42845 34302 24441 40005 30373 8535 25287 8282 11054 8574 47306 19636 23880 6009 4437 17221 20496 48214 21514 48151 23235 21345 43784 35346 2780 38683 18676 26525 44880 34459 18362 37198 40963 3052 1961 23232 161 31694 1310 13285 8056 21958 26298 48568 4378 8221 10234 30044 37009 6852 41951 44884 8540 159 8027 16484 34250 2617 15496 24046 40503 37422 31659 28366 15905 19192 39816 22158 20912 12246 5186 18591 43134 37830 44718 31468 44239 25525 47792 24890 13508 21654 33853 36722 17098 37235 3487 37608 12219 44339 30051 4985 16794 34802 19259 31808 34113 6555 7792 31521 15233 35522 6465 36202 36728 16376 15852 32577 28559 31986 21134 40418 36346 7291 34505 45743 6677 36983 35988 42728 45269 23009 14734 40126 10278 21643 29055 42047 35637 24378 36410 5215 19431 9778 974 35846 1067 19768 20348 30127 34007 42066 16506 1817 5307 
Cost: 5340
Path: 42687 13239 1611 47767 25282 46471 37468 47649 8731 15473 4856 2404 34908 38441 39730 38409 18798 5486 49764 13756 44030 22372 49490 25231 47541 9837 32945 6176 46784 40241 29584 27047 37910 41993 11855 41076 9900 19791 24573 39105 37652 38175 42845 34302 24441 40005 30373 8535 25287 8282 11054 8574 47306 19636 23880 6009 4437 17221 20496 48214 21514 48151 23235 21345 43784 35346 2780 38683 18676 26525 44880 34459 18362 37198 40963 3052 1961 23232 161 31694 1310 13285 8056 21958 45249 27826 32693 33697 46530 30074 2178 11220 25283 33261 32543 9608 46084 6852 41951 44884 8540 159 8027 16484 34250 2617 15496 24046 40503 37422 31659 28366 15905 19192 39816 22158 20912 12246 5186 18591 43134 37830 44718 31468 44239 25525 47792 24890 13508 21654 47689 23085 31481 32138 33557 28559 31986 21134 40418 36346 7291 34505 45743 6677 36983 35988 42728 45269 23009 14734 40126 10278 21643 29055 42047 35637 24378 36410 5215 19431 9778 974 35846 1067 19768 20348 30127 34007 42066 16506 1817 5307 
Cost: 5346
Path: 42687 13239 1611 47767 25282 46471 37468 47649 8731 15473 4856 2404 34908 38441 39730 38409 18798 5486 49764 13756 44030 22372 49490 25231 47541 9837 32945 6176 46784 40241 29584 27047 37910 41993 11855 41076 9900 19791 24573 39105 37652 38175 42845 34302 24441 40005 30373 8535 25287 8282 11054 8574 47306 19636 23880 6009 4437 17221 20496 48214 21514 48151 23235 21345 43784 35346 2780 38683 18676 26525 44880 34459 18362 37198 40963 3052 1961 23232 161 31694 1310 13285 8056 21958 26298 48568 4378 8221 10234 30044 37009 6852 41951 44884 8540 159 8027 16484 34250 2617 15496 24046 40503 37422 31659 28700 33681 29842 19192 39816 22158 20912 12246 5186 18591 43134 37830 44718 31468 44239 25525 47792 24890 13508 21654 20892 34505 45743 6677 36983 35988 42728 45269 23009 14734 40126 10278 21643 29055 42047 35637 24378 36410 5215 19431 9778 974 35846 1067 19768 20348 30127 34007 42066 16506 1817 5307 
Cost: 5348
Path: 42687 13239 1611 47767 25282 46471 37468 47649 8731 15473 4856 2404 34908 38441 39730 38409 18798 5486 49764 13756 44030 22372 49490 25231 47541 9837 32945 6176 46784 40241 29584 27047 37910 41993 11855 41076 9900 19791 24573 39105 37652 38175 42845 34302 24441 40005 30373 8535 25287 8282 11054 21514 48151 23235 3052 1961 23232 161 38218 45167 21026 32758 37198 40963 31694 1310 13285 8056 21958 46530 30074 32581 41620 2178 11220 25283 33261 32543 9608 46084 6852 41951 44884 8540 159 17221 20496 48214 21345 43784 35346 2780 38683 18676 8027 16484 34250 2617 15496 24046 40503 37422 31659 28366 15905 19192 39816 22158 20912 12246 5186 18591 43134 37830 44718 31468 44239 25525 47792 24890 13508 21654 20892 34505 45743 6677 36983 35988 42728 45269 23009 14734 40126 10278 21643 29055 42047 35637 24378 36410 5215 19431 9778 974 35846 1067 19768 20348 30127 34007 42066 16506 1817 5307 
Cost: 5353
Path: 42687 13239 1611 47767 25282 46471 37468 47649 8731 15473 4856 2404 34908 38441 39730 38409 18798 5486 49764 13756 44030 22372 49490 25231 47541 9837 32945 6176 46784 40241 29584 27047 37910 41993 11855 41076 9900 19791 24573 39105 37652 38175 42845 34302 24441 40005 30373 8535 25287 8282 11054 21514 48151 23235 3052 1961 23232 161 38218 45167 21026 32758 37198 40963 31694 1310 13285 8056 21958 26298 48568 4378 8221 10234 30044 37009 6852 41951 44884 8540 159 17221 20496 48214 21345 43784 35346 2780 38683 18676 8027 16484 34250 2617 15496 24046 40503 37422 31659 28700 33681 29842 19192 39816 22158 20912 12246 5186 18591 43134 37830 44718 31468 44239 25525 47792 24890 13508 21654 13960 47055 47212 36754 39727 16794 34802 19259 31808 34113 6555 7792 31521 15233 35522 6465 36202 36728 16376 15852 32577 28559 31986 21134 40418 36346 7291 34505 45743 6677 36983 35988 42728 45269 23009 14734 40126 10278 21643 29055 42047 35637 24378 36410 5215 19431 9778 974 35846 1067 19768 20348 30127 34007 42066 16506 1817 5307 
Cost: 5355
Path: 42687 13239 1611 47767 25282 46471 37468 47649 8731 15473 4856 2404 34908 38441 39730 38409 18798 5486 49764 13756 44030 22372 49490 25231 47541 9837 32945 6176 46784 40241 29584 27047 37910 41993 11855 41076 9900 19791 24573 39105 37652 38175 42845 34302 24441 40005 30373 8535 25287 8282 11054 7697 21514 48151 23235 3052 1961 23232 161 31694 33853 36722 33443 38995 4901 23337 23880 6009 4437 17221 20496 48214 21345 43784 35346 2780 38683 18676 26525 44880 34459 18362 37198 40963 1310 13285 8056 21958 26298 48568 4378 8221 10234 30044 37009 6852 41951 44884 8540 159 8027 16484 34250 2617 15496 24046 40503 37422 31659 28366 15905 19192 39816 22158 20912 12246 5186 18591 43134 37830 44718 31468 44239 25525 47792 24890 13508 21654 20892 34505 45743 6677 36983 35988 42728 45269 23009 14734 40126 10278 21643 29055 42047 35637 24378 36410 5215 19431 9778 974 35846 1067 19768 20348 30127 34007 42066 16506 1817 5307 
Cost: 5357
Path: 42687 13239 1611 47767 25282 46471 37468 47649 8731 15473 4856 2404 34908 38441 39730 38409 18798 5486 49764 13756 44030 22372 49490 25231 47541 9837 32945 6176 46784 40241 29584 27047 37910 41993 11855 41076 9900 19791 24573 39105 37652 38175 42845 34302 24441 40005 30373 8535 25287 8282 11054 21514 48151 23235 3052 1961 23232 161 31694 1310 13285 36983 35988 42728 45269 23009 14734 39854 8631 31413 39454 41878 7069 37312 38204 26832 17743 49536 28045 9585 23800 33998 37663 24321 34091 43147 841 6024 9788 16752 14041 8169 5998 22749 2548 2468 34587 35545 23828 38338 45285 28278 2370 7931 46500 45167 21026 32758 37198 40963 8056 21958 26298 48568 4378 8221 10234 30044 37009 6852 41951 44884 8540 159 17221 20496 48214 21345 43784 35346 2780 38683 18676 8027 16484 34250 2617 15496 24046 40503 37422 31659 28366 15905 19192 39816 22158 20912 12246 5186 18591 43134 37830 44718 31468 44239 25525 47792 24890 13508 21654 47689 23085 31481 32138 33557 28559 31986 21134 40418 36346 7291 34505 45743 6677 40126 10278 21643 29055 42047 35637 24378 36410 5215 19431 9778 974 35846 1067 19768 20348 30127 34007 42066 16506 1817 5307 
Cost: 5358
Path: 42687 13239 1611 47767 25282 46471 37468 47649 8731 15473 4856 2404 34908 38441 39730 38409 18798 5486 49764 13756 44030 22372 49490 25231 47541 9837 32945 6176 46784 40241 29584 27047 47689 23085 31481 32138 33557 28559 31986 21134 40418 36346 7291 34505 45743 6677 37910 41993 11855 41076 21514 48151 23235 3052 1961 23232 161 31694 1310 13285 36983 35988 42728 45269 23009 14734 40126 10278 21643 29055 42047 35637 24378 36410 5215 19431 9778 974 35846 1067 19768 20348 30127 24291 33907 5249 10979 24573 39105 37652 38175 42845 34302 24441 40005 30373 8535 25287 9900 8282 11054 38218 45167 21026 32758 37198 40963 8056 21958 26298 48568 4378 8221 10234 30044 37009 6852 41951 44884 8540 159 17221 20496 48214 21345 43784 35346 2780 38683 18676 8027 16484 34250 2617 15496 24046 40503 37422 31659 28700 33681 29842 19192 39816 22158 10575 42570 8314 3892 13664 22935 15012 26444 25525 47792 24890 13508 21654 34007 42066 16506 1817 5307 
185510309600