Cost: 225
Path: 6807 20987 16037 12608 4671 23310 17134 11604 61 19212 9765 12439 894 9602 23297 9300 20130 
Cost: 357
Path: 6807 20987 16037 12608 4671 23310 17134 11604 61 2971 14673 8607 2660 149 1620 24543 12813 12338 21820 23219 3177 15112 8055 225 12960 19566 9602 23297 9300 20130 
Cost: 369
Path: 6807 20987 16037 12608 4671 23310 17134 11604 61 2971 14673 8607 2660 149 1620 24543 12813 12338 21820 23219 3177 15112 8055 225 12960 467 14849 12162 919 9300 20130 
Cost: 404
Path: 6807 20987 16037 12608 4671 23310 17134 11604 61 2971 14673 8607 5183 19285 20082 23100 22757 9551 24301 23575 22067 11477 15358 8818 2431 472 6892 9286 12517 19475 12439 894 9602 23297 9300 20130 
Cost: 411
Path: 6807 20987 16037 12608 4671 23310 17134 11604 61 2971 14673 8607 5183 19285 20082 23100 22757 9551 24301 23575 6813 24670 2618 5786 22430 2431 472 6892 9286 12517 19475 12439 894 9602 23297 9300 20130 
Cost: 829
Path: 6807 20987 16037 12608 4671 23310 17134 11604 61 2971 14673 8607 5183 11029 22130 17430 19285 19389 12288 22044 7975 13869 8198 16512 22821 20082 23100 22757 9551 24301 23575 22067 11477 15358 8818 2431 4182 14878 13747 14896 6185 19401 15112 8055 225 12960 19566 9602 23297 9300 20130 
Cost: 836
Path: 6807 20987 16037 12608 4671 23310 17134 11604 61 2971 14673 8607 5183 11029 22130 17430 19285 19389 12288 22044 7975 13869 8198 16512 22821 20082 23100 22757 9551 24301 23575 6813 24670 2618 5786 22430 2431 4182 14878 13747 14896 6185 19401 15112 8055 225 12960 19566 9602 23297 9300 20130 
Cost: 841
Path: 6807 20987 16037 12608 4671 23310 17134 11604 61 2971 14673 8607 5183 11029 22130 17430 19285 19389 12288 22044 7975 13869 8198 16512 22821 20082 23100 22757 9551 24301 23575 22067 11477 15358 8818 2431 4182 14878 13747 14896 6185 19401 15112 8055 225 12960 467 14849 12162 919 9300 20130 
Cost: 848
Path: 6807 20987 16037 12608 4671 23310 17134 11604 61 2971 14673 8607 5183 11029 22130 17430 6887 22618 15309 14009 4047 2368 5739 21302 19285 20082 23100 22757 9551 24301 23575 22067 11477 15358 8818 2431 4182 14878 13747 14896 6185 19401 15112 8055 225 12960 19566 9602 23297 9300 20130 
Cost: 848
Path: 6807 20987 16037 12608 4671 23310 17134 11604 61 2971 14673 8607 5183 11029 22130 17430 19285 19389 12288 22044 7975 13869 8198 16512 22821 20082 23100 22757 9551 24301 23575 6813 24670 2618 5786 22430 2431 4182 14878 13747 14896 6185 19401 15112 8055 225 12960 467 14849 12162 919 9300 20130 
Cost: 855
Path: 6807 20987 16037 12608 4671 23310 17134 11604 61 2971 14673 8607 5183 11029 22130 17430 6887 22618 15309 14009 4047 2368 5739 21302 19285 20082 23100 22757 9551 24301 23575 6813 24670 2618 5786 22430 2431 4182 14878 13747 14896 6185 19401 15112 8055 225 12960 19566 9602 23297 9300 20130 
Cost: 860
Path: 6807 20987 16037 12608 4671 23310 17134 11604 61 2971 14673 8607 5183 11029 22130 17430 6887 22618 15309 14009 4047 2368 5739 21302 19285 20082 23100 22757 9551 24301 23575 22067 11477 15358 8818 2431 4182 14878 13747 14896 6185 19401 15112 8055 225 12960 467 14849 12162 919 9300 20130 
Cost: 867
Path: 6807 20987 16037 12608 4671 23310 17134 11604 61 2971 14673 8607 5183 11029 22130 17430 6887 22618 15309 14009 4047 2368 5739 21302 19285 20082 23100 22757 9551 24301 23575 6813 24670 2618 5786 22430 2431 4182 14878 13747 14896 6185 19401 15112 8055 225 12960 467 14849 12162 919 9300 20130 
Cost: 871
Path: 6807 20987 16037 12608 4671 23310 17134 11604 61 2971 14673 8607 5183 11029 22130 17430 19285 19389 12288 22044 7975 13869 8198 16512 22821 19212 9765 12439 894 9602 23114 21903 8826 22336 19471 2529 15899 14880 21530 2431 4182 14878 13747 14896 6185 19401 15112 8055 225 12960 467 14849 12162 919 9300 20130 
Cost: 890
Path: 6807 20987 16037 12608 4671 23310 17134 11604 61 2971 14673 8607 5183 11029 22130 17430 6887 22618 15309 14009 4047 2368 5739 21302 19212 9765 12439 894 9602 23114 21903 8826 22336 19471 2529 15899 14880 21530 2431 4182 14878 13747 14896 6185 19401 15112 8055 225 12960 467 14849 12162 919 9300 20130 
Cost: 900
Path: 6807 20987 16037 12608 4671 23310 17134 11604 61 2971 14673 8607 5183 11029 22130 17430 2780 9649 19285 20082 23100 22757 9551 24301 23575 6813 24670 1483 20941 9285 21371 14009 4047 2368 5739 21302 22067 11477 15358 8818 2431 4182 14878 13747 14896 6185 19401 15112 8055 225 12960 19566 9602 23297 9300 20130 
Cost: 907
Path: 6807 20987 16037 12608 4671 23310 17134 11604 61 2971 14673 8607 5183 11029 22130 17430 2780 9649 19285 20082 23100 22757 9551 24301 23575 6813 24670 1483 20941 9285 21371 14009 4047 2368 5739 21302 2618 5786 22430 2431 4182 14878 13747 14896 6185 19401 15112 8055 225 12960 19566 9602 23297 9300 20130 
Cost: 912
Path: 6807 20987 16037 12608 4671 23310 17134 11604 61 2971 14673 8607 5183 11029 22130 17430 2780 9649 19285 20082 23100 22757 9551 24301 23575 6813 24670 1483 20941 9285 21371 14009 4047 2368 5739 21302 22067 11477 15358 8818 2431 4182 14878 13747 14896 6185 19401 15112 8055 225 12960 467 14849 12162 919 9300 20130 
Cost: 918
Path: 6807 20987 16037 12608 4671 23310 17134 11604 61 2971 14673 8607 5183 11029 22130 6887 22618 15309 14009 4047 3247 14976 15801 11523 22966 20623 24271 18524 18442 17905 22567 17594 9277 2248 4705 17926 19161 23159 22470 12395 8898 10782 5226 14098 18416 2761 14881 15187 24938 17815 17020 5657 12439 894 9602 23297 9300 20130 
Cost: 919
Path: 6807 20987 16037 12608 4671 23310 17134 11604 61 2971 14673 8607 5183 11029 22130 17430 2780 9649 19285 20082 23100 22757 9551 24301 23575 6813 24670 1483 20941 9285 21371 14009 4047 2368 5739 21302 2618 5786 22430 2431 4182 14878 13747 14896 6185 19401 15112 8055 225 12960 467 14849 12162 919 9300 20130 
Cost: 942
Path: 6807 20987 16037 12608 4671 23310 17134 11604 61 2971 14673 8607 5183 11029 22130 17430 2780 9649 19285 20082 23100 22757 9551 24301 23575 6813 24670 1483 20941 9285 21371 14009 4047 2368 5739 21302 19212 9765 12439 894 9602 23114 21903 8826 22336 19471 2529 15899 14880 21530 2431 4182 14878 13747 14896 6185 19401 15112 8055 225 12960 467 14849 12162 919 9300 20130 
Cost: 1022
Path: 2780 9649 6807 20987 16037 12608 4671 23310 17134 11604 61 2971 14673 8607 5183 19285 20082 23100 22757 9551 24301 23575 6813 24670 1483 20941 9285 21371 14009 4047 3247 14976 15801 11523 22966 20623 24271 18524 18442 17905 22567 17594 9277 2248 4705 17926 19161 23159 22470 12395 8898 10782 5226 14098 18416 2761 14881 15187 24938 17815 17020 5657 12439 894 9602 23297 9300 20130 
Cost: 1089
Path: 6807 20987 16037 12608 4671 23310 17134 11604 61 2971 14673 8607 5183 11029 22130 17430 2660 149 1620 24543 12813 12338 2458 6887 22618 15309 18313 3674 18387 9720 21276 4532 21302 19285 20082 23100 22757 9551 24301 23575 22067 11477 15358 8818 2431 4182 14878 13747 14896 6185 19401 15112 8055 225 12960 19566 9602 23297 9300 20130 
Cost: 1090
Path: 6807 20987 16037 12608 4671 23310 17134 11604 61 2971 14673 8607 5183 11029 22130 17430 2660 13018 11138 10960 1827 1297 9550 14668 22929 7930 2188 19104 18387 9720 21276 4532 21302 19285 20082 23100 22757 9551 24301 23575 22067 11477 15358 8818 2431 4182 14878 13747 14896 6185 19401 15112 8055 225 12960 19566 9602 23297 9300 20130 
Cost: 1096
Path: 6807 20987 16037 12608 4671 23310 17134 11604 61 2971 14673 8607 5183 11029 22130 17430 2660 149 1620 24543 12813 12338 2458 6887 22618 15309 18313 3674 18387 9720 21276 4532 21302 19285 20082 23100 22757 9551 24301 23575 6813 24670 2618 5786 22430 2431 4182 14878 13747 14896 6185 19401 15112 8055 225 12960 19566 9602 23297 9300 20130 
Cost: 1097
Path: 6807 20987 16037 12608 4671 23310 17134 11604 61 2971 14673 8607 5183 11029 22130 17430 2660 13018 11138 10960 1827 1297 9550 14668 22929 7930 2188 19104 18387 9720 21276 4532 21302 19285 20082 23100 22757 9551 24301 23575 6813 24670 2618 5786 22430 2431 4182 14878 13747 14896 6185 19401 15112 8055 225 12960 19566 9602 23297 9300 20130 
Cost: 1101
Path: 6807 20987 16037 12608 4671 23310 17134 11604 61 2971 14673 8607 5183 11029 22130 17430 2660 149 1620 24543 12813 12338 2458 6887 22618 15309 18313 3674 18387 9720 21276 4532 21302 19285 20082 23100 22757 9551 24301 23575 22067 11477 15358 8818 2431 4182 14878 13747 14896 6185 19401 15112 8055 225 12960 467 14849 12162 919 9300 20130 
Cost: 1102
Path: 6807 20987 16037 12608 4671 23310 17134 11604 61 2971 14673 8607 5183 11029 22130 17430 2660 13018 11138 10960 1827 1297 9550 14668 22929 7930 2188 19104 18387 9720 21276 4532 21302 19285 20082 23100 22757 9551 24301 23575 22067 11477 15358 8818 2431 4182 14878 13747 14896 6185 19401 15112 8055 225 12960 467 14849 12162 919 9300 20130 
Cost: 1108
Path: 6807 20987 16037 12608 4671 23310 17134 11604 61 2971 14673 8607 5183 11029 22130 17430 2660 149 1620 24543 12813 12338 2458 6887 22618 15309 18313 3674 18387 9720 21276 4532 21302 19285 20082 23100 22757 9551 24301 23575 6813 24670 2618 5786 22430 2431 4182 14878 13747 14896 6185 19401 15112 8055 225 12960 467 14849 12162 919 9300 20130 
Cost: 1109
Path: 6807 20987 16037 12608 4671 23310 17134 11604 61 2971 14673 8607 5183 11029 22130 17430 2660 13018 11138 10960 1827 1297 9550 14668 22929 7930 2188 19104 18387 9720 21276 4532 21302 19285 20082 23100 22757 9551 24301 23575 6813 24670 2618 5786 22430 2431 4182 14878 13747 14896 6185 19401 15112 8055 225 12960 467 14849 12162 919 9300 20130 
Cost: 1123
Path: 6807 9241 23255 17774 23752 20987 16037 12608 4671 23310 17134 11604 61 2971 14673 8607 5183 11029 22130 17430 19285 19389 12288 22044 7975 13869 8198 16512 22821 20082 23100 22757 9551 24301 23575 22067 11477 15358 8818 2431 4182 14878 13747 14896 6185 9048 9426 12376 16879 1308 43 5428 13737 1806 12583 18233 9694 11024 3837 1299 20616 149 1620 24543 12813 12338 21820 23219 3177 15112 8055 225 12960 19566 9602 23297 9300 20130 
Cost: 1130
Path: 6807 9241 23255 17774 23752 20987 16037 12608 4671 23310 17134 11604 61 2971 14673 8607 5183 11029 22130 17430 19285 19389 12288 22044 7975 13869 8198 16512 22821 20082 23100 22757 9551 24301 23575 6813 24670 2618 5786 22430 2431 4182 14878 13747 14896 6185 9048 9426 12376 16879 1308 43 5428 13737 1806 12583 18233 9694 11024 3837 1299 20616 149 1620 24543 12813 12338 21820 23219 3177 15112 8055 225 12960 19566 9602 23297 9300 20130 
Cost: 1131
Path: 6807 20987 16037 12608 4671 23310 17134 11604 61 2971 14673 8607 5183 11029 22130 17430 2660 149 1620 24543 12813 12338 2458 6887 22618 15309 18313 3674 18387 9720 21276 4532 21302 19212 9765 12439 894 9602 23114 21903 8826 22336 19471 2529 15899 14880 21530 2431 4182 14878 13747 14896 6185 19401 15112 8055 225 12960 467 14849 12162 919 9300 20130 
Cost: 1132
Path: 6807 20987 16037 12608 4671 23310 17134 11604 61 2971 14673 8607 5183 11029 22130 17430 2660 13018 11138 10960 1827 1297 9550 14668 22929 7930 2188 19104 18387 9720 21276 4532 21302 19212 9765 12439 894 9602 23114 21903 8826 22336 19471 2529 15899 14880 21530 2431 4182 14878 13747 14896 6185 19401 15112 8055 225 12960 467 14849 12162 919 9300 20130 
Cost: 1135
Path: 6807 9241 23255 17774 23752 20987 16037 12608 4671 23310 17134 11604 61 2971 14673 8607 5183 11029 22130 17430 19285 19389 12288 22044 7975 13869 8198 16512 22821 20082 23100 22757 9551 24301 23575 22067 11477 15358 8818 2431 4182 14878 13747 14896 6185 9048 9426 12376 16879 1308 43 5428 13737 1806 12583 18233 9694 11024 3837 1299 20616 149 1620 24543 12813 12338 21820 23219 3177 15112 8055 225 12960 467 14849 12162 919 9300 20130 
Cost: 1141
Path: 6807 20987 16037 12608 4671 23310 17134 11604 61 2971 14673 8607 5183 11029 22130 17430 2660 149 1620 24543 12813 12338 2458 2780 9649 19285 20082 23100 22757 9551 24301 23575 6813 24670 1483 20941 9285 21371 18313 3674 18387 9720 21276 4532 21302 22067 11477 15358 8818 2431 4182 14878 13747 14896 6185 19401 15112 8055 225 12960 19566 9602 23297 9300 20130 
Cost: 1142
Path: 6807 9241 23255 17774 23752 20987 16037 12608 4671 23310 17134 11604 61 2971 14673 8607 5183 11029 22130 17430 6887 22618 15309 14009 4047 2368 5739 21302 19285 20082 23100 22757 9551 24301 23575 22067 11477 15358 8818 2431 4182 14878 13747 14896 6185 9048 9426 12376 16879 1308 43 5428 13737 1806 12583 18233 9694 11024 3837 1299 20616 149 1620 24543 12813 12338 21820 23219 3177 15112 8055 225 12960 19566 9602 23297 9300 20130 
Cost: 1142
Path: 6807 9241 23255 17774 23752 20987 16037 12608 4671 23310 17134 11604 61 2971 14673 8607 5183 11029 22130 17430 19285 19389 12288 22044 7975 13869 8198 16512 22821 20082 23100 22757 9551 24301 23575 6813 24670 2618 5786 22430 2431 4182 14878 13747 14896 6185 9048 9426 12376 16879 1308 43 5428 13737 1806 12583 18233 9694 11024 3837 1299 20616 149 1620 24543 12813 12338 21820 23219 3177 15112 8055 225 12960 467 14849 12162 919 9300 20130 
Cost: 1148
Path: 6807 20987 16037 12608 4671 23310 17134 11604 61 2971 14673 8607 5183 11029 22130 17430 2660 149 1620 24543 12813 12338 2458 2780 9649 19285 20082 23100 22757 9551 24301 23575 6813 24670 1483 20941 9285 21371 18313 3674 18387 9720 21276 4532 21302 2618 5786 22430 2431 4182 14878 13747 14896 6185 19401 15112 8055 225 12960 19566 9602 23297 9300 20130 
Cost: 1149
Path: 6807 9241 23255 17774 23752 20987 16037 12608 4671 23310 17134 11604 61 2971 14673 8607 5183 11029 22130 17430 6887 22618 15309 14009 4047 2368 5739 21302 19285 20082 23100 22757 9551 24301 23575 6813 24670 2618 5786 22430 2431 4182 14878 13747 14896 6185 9048 9426 12376 16879 1308 43 5428 13737 1806 12583 18233 9694 11024 3837 1299 20616 149 1620 24543 12813 12338 21820 23219 3177 15112 8055 225 12960 19566 9602 23297 9300 20130 
Cost: 1153
Path: 6807 20987 16037 12608 4671 23310 17134 11604 61 2971 14673 8607 5183 11029 22130 17430 2660 149 1620 24543 12813 12338 2458 2780 9649 19285 20082 23100 22757 9551 24301 23575 6813 24670 1483 20941 9285 21371 18313 3674 18387 9720 21276 4532 21302 22067 11477 15358 8818 2431 4182 14878 13747 14896 6185 19401 15112 8055 225 12960 467 14849 12162 919 9300 20130 
Cost: 1154
Path: 6807 9241 23255 17774 23752 20987 16037 12608 4671 23310 17134 11604 61 2971 14673 8607 5183 11029 22130 17430 6887 22618 15309 14009 4047 2368 5739 21302 19285 20082 23100 22757 9551 24301 23575 22067 11477 15358 8818 2431 4182 14878 13747 14896 6185 9048 9426 12376 16879 1308 43 5428 13737 1806 12583 18233 9694 11024 3837 1299 20616 149 1620 24543 12813 12338 21820 23219 3177 15112 8055 225 12960 467 14849 12162 919 9300 20130 
Cost: 1160
Path: 6807 20987 16037 12608 4671 23310 17134 11604 61 2971 14673 8607 5183 11029 22130 17430 2660 149 1620 24543 12813 12338 2458 2780 9649 19285 20082 23100 22757 9551 24301 23575 6813 24670 1483 20941 9285 21371 18313 3674 18387 9720 21276 4532 21302 2618 5786 22430 2431 4182 14878 13747 14896 6185 19401 15112 8055 225 12960 467 14849 12162 919 9300 20130 
Cost: 1161
Path: 6807 9241 23255 17774 23752 20987 16037 12608 4671 23310 17134 11604 61 2971 14673 8607 5183 11029 22130 17430 6887 22618 15309 14009 4047 2368 5739 21302 19285 20082 23100 22757 9551 24301 23575 6813 24670 2618 5786 22430 2431 4182 14878 13747 14896 6185 9048 9426 12376 16879 1308 43 5428 13737 1806 12583 18233 9694 11024 3837 1299 20616 149 1620 24543 12813 12338 21820 23219 3177 15112 8055 225 12960 467 14849 12162 919 9300 20130 
Cost: 1165
Path: 6807 9241 23255 17774 23752 20987 16037 12608 4671 23310 17134 11604 61 2971 14673 8607 5183 11029 22130 17430 19285 19389 12288 22044 7975 13869 8198 16512 22821 19212 9765 12439 894 9602 23114 21903 8826 22336 19471 2529 15899 14880 21530 2431 4182 14878 13747 14896 6185 9048 9426 12376 16879 1308 43 5428 13737 1806 12583 18233 9694 11024 3837 1299 20616 149 1620 24543 12813 12338 21820 23219 3177 15112 8055 225 12960 467 14849 12162 919 9300 20130 
Cost: 1183
Path: 6807 20987 16037 12608 4671 23310 17134 11604 61 2971 14673 8607 5183 11029 22130 17430 2660 149 1620 24543 12813 12338 2458 2780 9649 19285 20082 23100 22757 9551 24301 23575 6813 24670 1483 20941 9285 21371 18313 3674 18387 9720 21276 4532 21302 19212 9765 12439 894 9602 23114 21903 8826 22336 19471 2529 15899 14880 21530 2431 4182 14878 13747 14896 6185 19401 15112 8055 225 12960 467 14849 12162 919 9300 20130 
Cost: 1184
Path: 6807 9241 23255 17774 23752 20987 16037 12608 4671 23310 17134 11604 61 2971 14673 8607 5183 11029 22130 17430 6887 22618 15309 14009 4047 2368 5739 21302 19212 9765 12439 894 9602 23114 21903 8826 22336 19471 2529 15899 14880 21530 2431 4182 14878 13747 14896 6185 9048 9426 12376 16879 1308 43 5428 13737 1806 12583 18233 9694 11024 3837 1299 20616 149 1620 24543 12813 12338 21820 23219 3177 15112 8055 225 12960 467 14849 12162 919 9300 20130 
Cost: 1194
Path: 6807 9241 23255 17774 23752 20987 16037 12608 4671 23310 17134 11604 61 2971 14673 8607 5183 11029 22130 17430 2780 9649 19285 20082 23100 22757 9551 24301 23575 6813 24670 1483 20941 9285 21371 14009 4047 2368 5739 21302 22067 11477 15358 8818 2431 4182 14878 13747 14896 6185 9048 9426 12376 16879 1308 43 5428 13737 1806 12583 18233 9694 11024 3837 1299 20616 149 1620 24543 12813 12338 21820 23219 3177 15112 8055 225 12960 19566 9602 23297 9300 20130 
Cost: 1201
Path: 6807 9241 23255 17774 23752 20987 16037 12608 4671 23310 17134 11604 61 2971 14673 8607 5183 11029 22130 17430 2780 9649 19285 20082 23100 22757 9551 24301 23575 6813 24670 1483 20941 9285 21371 14009 4047 2368 5739 21302 2618 5786 22430 2431 4182 14878 13747 14896 6185 9048 9426 12376 16879 1308 43 5428 13737 1806 12583 18233 9694 11024 3837 1299 20616 149 1620 24543 12813 12338 21820 23219 3177 15112 8055 225 12960 19566 9602 23297 9300 20130 
Cost: 1202
Path: 6807 20987 16037 12608 4671 23310 17134 11604 61 2971 14673 8607 2660 13018 11138 10960 5183 11029 1827 1297 9550 14668 22929 7930 2188 24400 9241 23255 17774 22130 6887 22618 15309 14009 4047 3247 14976 22567 17594 9277 2248 4705 17926 19161 23159 22470 12395 8898 10782 5226 20538 7382 6724 20997 22107 24297 9350 5646 1758 4039 12796 3641 5284 21904 16745 22136 14767 5657 12439 894 9602 23297 9300 20130 
Cost: 1203
Path: 6807 20987 16037 12608 4671 23310 17134 11604 61 2971 14673 8607 2660 149 15763 14860 21361 16760 23199 14334 22879 13018 11138 10960 5183 11029 1827 1297 9550 14668 22929 7930 18941 19285 20082 23100 22757 9551 24301 23575 6813 24670 1483 20941 7632 18775 16725 9241 23255 17774 23752 23176 17495 12813 12338 21820 23219 3177 15112 8055 225 12960 19566 9602 23297 9300 20130 
Cost: 1206
Path: 6807 9241 23255 17774 23752 20987 16037 12608 4671 23310 17134 11604 61 2971 14673 8607 5183 11029 22130 17430 2780 9649 19285 20082 23100 22757 9551 24301 23575 6813 24670 1483 20941 9285 21371 14009 4047 2368 5739 21302 22067 11477 15358 8818 2431 4182 14878 13747 14896 6185 9048 9426 12376 16879 1308 43 5428 13737 1806 12583 18233 9694 11024 3837 1299 20616 149 1620 24543 12813 12338 21820 23219 3177 15112 8055 225 12960 467 14849 12162 919 9300 20130 
Cost: 1213
Path: 6807 9241 23255 17774 23752 20987 16037 12608 4671 23310 17134 11604 61 2971 14673 8607 5183 11029 22130 17430 2780 9649 19285 20082 23100 22757 9551 24301 23575 6813 24670 1483 20941 9285 21371 14009 4047 2368 5739 21302 2618 5786 22430 2431 4182 14878 13747 14896 6185 9048 9426 12376 16879 1308 43 5428 13737 1806 12583 18233 9694 11024 3837 1299 20616 149 1620 24543 12813 12338 21820 23219 3177 15112 8055 225 12960 467 14849 12162 919 9300 20130 
Cost: 1215
Path: 6807 20987 16037 12608 4671 23310 17134 11604 61 2971 14673 8607 2660 149 15763 14860 21361 16760 23199 14334 22879 13018 11138 10960 5183 11029 1827 1297 9550 14668 22929 7930 18941 19285 20082 23100 22757 9551 24301 23575 6813 24670 1483 20941 7632 18775 16725 9241 23255 17774 23752 23176 17495 12813 12338 21820 23219 3177 15112 8055 225 12960 467 14849 12162 919 9300 20130 
Cost: 1236
Path: 6807 9241 23255 17774 23752 20987 16037 12608 4671 23310 17134 11604 61 2971 14673 8607 5183 11029 22130 17430 2780 9649 19285 20082 23100 22757 9551 24301 23575 6813 24670 1483 20941 9285 21371 14009 4047 2368 5739 21302 19212 9765 12439 894 9602 23114 21903 8826 22336 19471 2529 15899 14880 21530 2431 4182 14878 13747 14896 6185 9048 9426 12376 16879 1308 43 5428 13737 1806 12583 18233 9694 11024 3837 1299 20616 149 1620 24543 12813 12338 21820 23219 3177 15112 8055 225 12960 467 14849 12162 919 9300 20130 
Cost: 1254
Path: 6807 20987 16037 12608 4671 23310 17134 11604 61 2971 14673 8607 2660 13018 11138 10960 5183 11029 1827 1297 9550 14668 22929 7930 2188 24400 9241 23255 17774 2780 9649 19285 20082 23100 22757 9551 24301 23575 6813 24670 1483 20941 9285 21371 14009 4047 3247 14976 22567 17594 9277 2248 4705 17926 19161 23159 22470 12395 8898 10782 5226 20538 7382 6724 20997 22107 24297 9350 5646 1758 4039 12796 3641 5284 21904 16745 22136 14767 5657 12439 894 9602 23297 9300 20130 
Cost: 1269
Path: 6807 20987 16037 12608 4671 23310 17134 11604 61 2971 14673 8607 2660 149 1620 24543 12813 12338 21820 23219 3177 15112 8055 225 5183 11029 22130 6887 22618 15309 14009 4047 3247 14976 22567 17594 9277 2248 4705 17926 19161 23159 15826 21117 1316 9849 12960 467 18060 16808 24601 20741 19886 16661 1385 6825 13659 24383 9189 8173 24863 23629 2379 5618 24005 6071 9765 12439 894 9602 23297 9300 20130 
Cost: 1299
Path: 6807 20987 16037 12608 4671 23310 17134 11604 61 2971 14673 8607 2660 13018 11138 10960 5183 11029 1827 1297 9550 14668 22929 7930 2188 24400 9241 23255 17774 149 1620 24543 12813 12338 21820 23219 3177 15112 8055 225 12960 467 14849 3774 3390 16697 11576 16835 3059 12796 3641 5284 21904 16745 22136 14767 5657 12439 894 9602 23297 9300 20130 
Cost: 1321
Path: 6807 20987 16037 12608 4671 23310 17134 11604 61 2971 14673 8607 2660 149 1620 24543 12813 12338 21820 23219 3177 15112 8055 225 2780 9649 5183 19285 20082 23100 22757 9551 24301 23575 6813 24670 1483 20941 9285 21371 14009 4047 3247 14976 22567 17594 9277 2248 4705 17926 19161 23159 15826 21117 1316 9849 12960 467 18060 16808 24601 20741 19886 16661 1385 6825 13659 24383 9189 8173 24863 23629 2379 5618 24005 6071 9765 12439 894 9602 23297 9300 20130 
Cost: 1380
Path: 6807 20987 16037 12608 4671 23310 17134 11604 61 2971 14673 8607 5183 11029 22130 6887 22618 15309 14009 4047 3247 14976 22567 17594 9277 2248 4705 17926 19161 23159 15826 21117 1316 9849 2660 149 1620 24543 12813 12338 21820 23219 3177 15112 8055 225 12960 467 18060 16808 24601 20741 19886 16661 3239 7363 22921 4258 22336 19471 2529 15899 14880 21530 2431 472 6892 9286 12517 19475 12439 894 9602 23297 9300 20130 
Cost: 1477
Path: 6807 20987 16037 12608 4671 23310 17134 11604 61 2971 14673 8607 2660 13018 11138 10960 5183 11029 1827 1297 9550 14668 22929 7930 2188 24400 9241 23255 17774 22130 6887 22618 15309 14009 4047 3247 14976 15801 11523 22966 20623 24271 18524 18442 17905 22567 17594 9277 2248 4705 17926 19161 23159 22470 12395 8898 10782 5226 14098 18416 2761 14881 15187 24938 17815 18563 410 16745 22136 14767 5657 12439 894 9602 23297 9300 20130 
Cost: 1483
Path: 6807 20987 16037 12608 4671 23310 17134 11604 61 2971 14673 8607 2660 149 1620 24543 12813 12338 2458 5183 11029 22130 6887 22618 15309 18313 3674 525 13111 10045 16498 14371 3974 1450 846 706 14009 4047 2368 5739 5473 23734 21410 16770 13768 3978 113 19285 19389 12288 22044 7975 13869 8198 16512 22821 20082 23100 22757 9551 24301 23575 22067 11477 15358 8818 2431 4182 14878 13747 14896 6185 19401 15112 8055 225 12960 19566 9602 23297 9300 20130 
Cost: 1484
Path: 2780 9649 6807 20987 16037 12608 4671 23310 17134 11604 61 2971 14673 8607 5183 19285 20082 23100 22757 9551 24301 23575 6813 24670 1483 20941 9285 21371 14009 4047 3247 14976 22567 17594 9277 2248 4705 17926 19161 23159 15826 21117 1316 9849 2660 149 1620 24543 12813 12338 21820 23219 3177 15112 8055 225 12960 467 18060 16808 24601 20741 19886 16661 3239 7363 22921 4258 22336 19471 2529 15899 14880 21530 2431 472 6892 9286 12517 19475 12439 894 9602 23297 9300 20130 
Cost: 1484
Path: 6807 20987 16037 12608 4671 23310 17134 11604 61 2971 14673 8607 2660 13018 11138 10960 5183 11029 1827 1297 9550 14668 22929 7930 2188 19104 525 13111 10045 16498 14371 3974 1450 846 706 22130 6887 22618 15309 14009 4047 2368 5739 5473 23734 21410 16770 13768 3978 113 19285 19389 12288 22044 7975 13869 8198 16512 22821 20082 23100 22757 9551 24301 23575 22067 11477 15358 8818 2431 4182 14878 13747 14896 6185 19401 15112 8055 225 12960 19566 9602 23297 9300 20130 
Cost: 1490
Path: 6807 20987 16037 12608 4671 23310 17134 11604 61 2971 14673 8607 2660 149 1620 24543 12813 12338 2458 5183 11029 22130 6887 22618 15309 18313 3674 525 13111 10045 16498 14371 3974 1450 846 706 14009 4047 2368 5739 5473 23734 21410 16770 13768 3978 113 19285 19389 12288 22044 7975 13869 8198 16512 22821 20082 23100 22757 9551 24301 23575 6813 24670 2618 5786 22430 2431 4182 14878 13747 14896 6185 19401 15112 8055 225 12960 19566 9602 23297 9300 20130 
Cost: 1491
Path: 6807 20987 16037 12608 4671 23310 17134 11604 61 2971 14673 8607 2660 13018 11138 10960 5183 11029 1827 1297 9550 14668 22929 7930 2188 19104 525 13111 10045 16498 14371 3974 1450 846 706 22130 6887 22618 15309 14009 4047 2368 5739 5473 23734 21410 16770 13768 3978 113 19285 19389 12288 22044 7975 13869 8198 16512 22821 20082 23100 22757 9551 24301 23575 6813 24670 2618 5786 22430 2431 4182 14878 13747 14896 6185 19401 15112 8055 225 12960 19566 9602 23297 9300 20130 
Cost: 1495
Path: 6807 20987 16037 12608 4671 23310 17134 11604 61 2971 14673 8607 2660 149 1620 24543 12813 12338 2458 5183 11029 22130 6887 22618 15309 18313 3674 525 13111 10045 16498 14371 3974 1450 846 706 14009 4047 2368 5739 5473 23734 21410 16770 13768 3978 113 19285 19389 12288 22044 7975 13869 8198 16512 22821 20082 23100 22757 9551 24301 23575 22067 11477 15358 8818 2431 4182 14878 13747 14896 6185 19401 15112 8055 225 12960 467 14849 12162 919 9300 20130 
Cost: 1496
Path: 6807 20987 16037 12608 4671 23310 17134 11604 61 2971 14673 8607 2660 13018 11138 10960 5183 11029 1827 1297 9550 14668 22929 7930 2188 19104 525 13111 10045 16498 14371 3974 1450 846 706 22130 6887 22618 15309 14009 4047 2368 5739 5473 23734 21410 16770 13768 3978 113 19285 19389 12288 22044 7975 13869 8198 16512 22821 20082 23100 22757 9551 24301 23575 22067 11477 15358 8818 2431 4182 14878 13747 14896 6185 19401 15112 8055 225 12960 467 14849 12162 919 9300 20130 
Cost: 1497
Path: 6807 20987 16037 12608 4671 23310 17134 11604 61 2971 14673 8607 5183 11029 22130 17430 2660 13018 11138 10960 1827 1297 9550 14668 22929 7930 2188 19104 18387 9720 21276 14313 1697 15088 23640 13133 7421 15314 3810 17136 17021 13062 19285 20082 23100 22757 9551 24301 23575 6813 24670 1483 20941 9285 21371 14009 4047 2368 5739 21302 22067 11477 15358 8818 2431 4182 14878 13747 14896 6185 19401 15112 8055 225 12960 19566 9602 23297 9300 20130 
Cost: 1499
Path: 6807 20987 16037 12608 4671 23310 17134 11604 61 19212 9765 12439 894 9602 23114 21903 8826 22336 19471 2529 15899 11541 3682 8805 13148 13136 15755 9051 722 14860 21361 16760 23199 14334 22879 2971 14673 8607 2660 13018 11138 10960 5183 11029 1827 1297 9550 14668 22929 7930 18941 19285 20082 23100 22757 9551 24301 23575 6813 24670 1483 20941 7632 18775 16725 9241 23255 17774 23752 23176 17495 12813 12338 21820 23219 3177 15112 8055 225 12960 467 14849 12162 919 9300 20130 
Cost: 1502
Path: 6807 20987 16037 12608 4671 23310 17134 11604 61 2971 14673 8607 2660 149 1620 24543 12813 12338 2458 5183 11029 22130 6887 22618 15309 18313 3674 525 13111 10045 16498 14371 3974 1450 846 706 14009 4047 2368 5739 5473 23734 21410 16770 13768 3978 113 21302 19285 20082 23100 22757 9551 24301 23575 22067 11477 15358 8818 2431 4182 14878 13747 14896 6185 19401 15112 8055 225 12960 19566 9602 23297 9300 20130 
Cost: 1502
Path: 6807 20987 16037 12608 4671 23310 17134 11604 61 2971 14673 8607 2660 149 1620 24543 12813 12338 2458 5183 11029 22130 6887 22618 15309 18313 3674 525 13111 10045 16498 14371 3974 1450 846 706 14009 4047 2368 5739 5473 23734 21410 16770 13768 3978 113 19285 19389 12288 22044 7975 13869 8198 16512 22821 20082 23100 22757 9551 24301 23575 6813 24670 2618 5786 22430 2431 4182 14878 13747 14896 6185 19401 15112 8055 225 12960 467 14849 12162 919 9300 20130 
Cost: 1503
Path: 6807 20987 16037 12608 4671 23310 17134 11604 61 2971 14673 8607 2660 13018 11138 10960 5183 11029 1827 1297 9550 14668 22929 7930 2188 19104 525 13111 10045 16498 14371 3974 1450 846 706 22130 6887 22618 15309 14009 4047 2368 5739 5473 23734 21410 16770 13768 3978 113 21302 19285 20082 23100 22757 9551 24301 23575 22067 11477 15358 8818 2431 4182 14878 13747 14896 6185 19401 15112 8055 225 12960 19566 9602 23297 9300 20130 
Cost: 1503
Path: 6807 20987 16037 12608 4671 23310 17134 11604 61 2971 14673 8607 2660 13018 11138 10960 5183 11029 1827 1297 9550 14668 22929 7930 2188 19104 525 13111 10045 16498 14371 3974 1450 846 706 22130 6887 22618 15309 14009 4047 2368 5739 5473 23734 21410 16770 13768 3978 113 19285 19389 12288 22044 7975 13869 8198 16512 22821 20082 23100 22757 9551 24301 23575 6813 24670 2618 5786 22430 2431 4182 14878 13747 14896 6185 19401 15112 8055 225 12960 467 14849 12162 919 9300 20130 
Cost: 1504
Path: 6807 20987 16037 12608 4671 23310 17134 11604 61 2971 14673 8607 5183 11029 22130 17430 2660 13018 11138 10960 1827 1297 9550 14668 22929 7930 2188 19104 18387 9720 21276 14313 1697 15088 23640 13133 7421 15314 3810 17136 17021 13062 19285 20082 23100 22757 9551 24301 23575 6813 24670 1483 20941 9285 21371 14009 4047 2368 5739 21302 2618 5786 22430 2431 4182 14878 13747 14896 6185 19401 15112 8055 225 12960 19566 9602 23297 9300 20130 
Cost: 1506
Path: 6807 20987 16037 12608 4671 23310 17134 11604 61 2971 14673 8607 2660 149 1620 24543 12813 12338 21820 23219 3177 15112 8055 225 12960 467 24768 9042 1475 5891 13018 11138 10960 5183 11029 1827 1297 9550 14668 22929 7930 2188 24400 16132 5452 1907 7131 6605 15718 22130 6887 22618 15309 14009 4047 3247 14976 15801 11523 22966 20623 24271 18524 18442 17905 18781 20782 15544 21085 15353 24102 23325 9054 15729 4262 1094 2625 8736 13178 16447 22067 11477 15358 8818 2431 472 6892 9286 12517 19475 12439 894 9602 23297 9300 20130 
Cost: 1507
Path: 6807 20987 16037 12608 4671 23310 17134 11604 61 2971 14673 8607 2660 149 1620 24543 12813 12338 21820 23219 3177 15112 8055 225 12960 467 24768 9042 1475 5891 13018 11138 10960 5183 11029 1827 1297 9550 14668 22929 7930 2188 24400 16132 5452 1907 7131 6605 15718 22130 6887 22618 15309 14009 4047 3247 14976 15801 11523 22966 20623 24271 18524 18442 17905 18781 20782 15544 21085 15353 24102 23325 9054 15729 4262 1094 42 23460 21537 11730 15336 477 6948 4828 11477 15358 8818 2431 472 6892 9286 12517 19475 12439 894 9602 23297 9300 20130 
Cost: 1509
Path: 6807 20987 16037 12608 4671 23310 17134 11604 61 2971 14673 8607 5183 11029 22130 17430 2660 13018 11138 10960 1827 1297 9550 14668 22929 7930 2188 19104 18387 9720 21276 14313 1697 15088 23640 13133 7421 15314 3810 17136 17021 13062 19285 20082 23100 22757 9551 24301 23575 6813 24670 1483 20941 9285 21371 14009 4047 2368 5739 21302 22067 11477 15358 8818 2431 4182 14878 13747 14896 6185 19401 15112 8055 225 12960 467 14849 12162 919 9300 20130 
Cost: 1509
Path: 6807 20987 16037 12608 4671 23310 17134 11604 61 2971 14673 8607 2660 149 1620 24543 12813 12338 2458 5183 11029 22130 6887 22618 15309 18313 3674 525 13111 10045 16498 14371 3974 1450 846 706 14009 4047 2368 5739 5473 23734 21410 16770 13768 3978 113 21302 19285 20082 23100 22757 9551 24301 23575 6813 24670 2618 5786 22430 2431 4182 14878 13747 14896 6185 19401 15112 8055 225 12960 19566 9602 23297 9300 20130 
Cost: 1509
Path: 6807 20987 16037 12608 4671 23310 17134 11604 61 2971 14673 8607 5183 11029 22130 17430 19285 19389 12288 22044 7975 13869 8198 16512 22821 19212 9765 12439 894 9602 23114 21903 8826 22336 19471 2529 15899 14880 9534 10886 1821 11840 6 18283 2660 13018 11138 10960 1827 1297 9550 14668 22929 7930 2188 24400 16132 5452 1907 7131 6605 19676 10845 13178 16447 22067 11477 15358 8818 2431 4182 14878 13747 14896 6185 19401 15112 8055 225 12960 467 14849 12162 919 9300 20130 
Cost: 1510
Path: 6807 20987 16037 12608 4671 23310 17134 11604 61 2971 14673 8607 2660 13018 11138 10960 5183 11029 1827 1297 9550 14668 22929 7930 2188 24400 9241 23255 17774 21878 149 15763 14860 21361 16760 23199 14334 11683 1975 8231 8079 9678 23896 21364 2032 24297 9350 5646 1758 4039 12796 3641 5284 21904 16745 22136 14767 5657 12439 894 9602 23297 9300 20130 
Cost: 1510
Path: 6807 20987 16037 12608 4671 23310 17134 11604 61 2971 14673 8607 2660 13018 11138 10960 5183 11029 1827 1297 9550 14668 22929 7930 2188 19104 525 13111 10045 16498 14371 3974 1450 846 706 22130 6887 22618 15309 14009 4047 2368 5739 5473 23734 21410 16770 13768 3978 113 21302 19285 20082 23100 22757 9551 24301 23575 6813 24670 2618 5786 22430 2431 4182 14878 13747 14896 6185 19401 15112 8055 225 12960 19566 9602 23297 9300 20130 
Cost: 1511
Path: 6807 20987 16037 12608 4671 23310 17134 11604 61 2971 14673 8607 2660 13018 11138 10960 5183 11029 1827 1297 9550 14668 22929 7930 2188 24400 9241 23255 17774 22130 6887 22618 15309 14009 4047 3247 14976 22567 17594 9277 2248 4705 17926 19161 23159 15826 21117 1316 9849 149 1620 24543 12813 12338 21820 23219 3177 15112 8055 225 12960 467 18060 16808 24601 20741 19886 16661 3239 3233 20182 5119 9350 5646 1758 4039 12796 3641 5284 21904 16745 22136 14767 5657 12439 894 9602 23297 9300 20130 
Cost: 1513
Path: 6807 20987 16037 12608 4671 23310 17134 11604 61 2971 14673 8607 2660 149 1620 24543 12813 12338 21820 23219 3177 15112 8055 225 12960 467 24768 9042 1475 5891 13018 11138 10960 5183 11029 1827 1297 9550 14668 22929 7930 2188 24400 16132 5452 1907 7131 6605 15718 22130 6887 22618 15309 14009 4047 3247 14976 15801 11523 22966 20623 24271 18524 18442 17905 18781 20782 15544 21085 15353 24102 23325 9054 15729 4262 1094 2625 8736 13178 16447 6813 24670 2618 5786 22430 2431 472 6892 9286 12517 19475 12439 894 9602 23297 9300 20130 
Cost: 1514
Path: 6807 20987 16037 12608 4671 23310 17134 11604 61 2971 14673 8607 2660 149 1620 24543 12813 12338 2458 5183 11029 22130 6887 22618 15309 18313 3674 525 13111 10045 16498 14371 3974 1450 846 706 14009 4047 2368 5739 5473 23734 21410 16770 13768 3978 113 21302 19285 20082 23100 22757 9551 24301 23575 22067 11477 15358 8818 2431 4182 14878 13747 14896 6185 19401 15112 8055 225 12960 467 14849 12162 919 9300 20130 
Cost: 1515
Path: 6807 20987 16037 12608 4671 23310 17134 11604 61 2971 14673 8607 2660 13018 11138 10960 5183 11029 1827 1297 9550 14668 22929 7930 2188 19104 525 13111 10045 16498 14371 3974 1450 846 706 22130 6887 22618 15309 14009 4047 2368 5739 5473 23734 21410 16770 13768 3978 113 21302 19285 20082 23100 22757 9551 24301 23575 22067 11477 15358 8818 2431 4182 14878 13747 14896 6185 19401 15112 8055 225 12960 467 14849 12162 919 9300 20130 
Cost: 1516
Path: 6807 20987 16037 12608 4671 23310 17134 11604 61 2971 14673 8607 5183 11029 22130 17430 2660 13018 11138 10960 1827 1297 9550 14668 22929 7930 2188 19104 18387 9720 21276 14313 1697 15088 23640 13133 7421 15314 3810 17136 17021 13062 19285 20082 23100 22757 9551 24301 23575 6813 24670 1483 20941 9285 21371 14009 4047 2368 5739 21302 2618 5786 22430 2431 4182 14878 13747 14896 6185 19401 15112 8055 225 12960 467 14849 12162 919 9300 20130 
Cost: 1516
Path: 6807 20987 16037 12608 4671 23310 17134 11604 61 2971 14673 8607 5183 11029 22130 17430 19285 19389 12288 22044 7975 13869 8198 16512 22821 19212 9765 12439 894 9602 23114 21903 8826 22336 19471 2529 15899 14880 9534 10886 1821 11840 6 18283 2660 13018 11138 10960 1827 1297 9550 14668 22929 7930 2188 24400 16132 5452 1907 7131 6605 19676 10845 13178 16447 6813 24670 2618 5786 22430 2431 4182 14878 13747 14896 6185 19401 15112 8055 225 12960 467 14849 12162 919 9300 20130 
Cost: 1521
Path: 6807 20987 16037 12608 4671 23310 17134 11604 61 2971 14673 8607 2660 149 1620 24543 12813 12338 2458 5183 11029 22130 6887 22618 15309 18313 3674 525 13111 10045 16498 14371 3974 1450 846 706 14009 4047 2368 5739 5473 23734 21410 16770 13768 3978 113 21302 19285 20082 23100 22757 9551 24301 23575 6813 24670 2618 5786 22430 2431 4182 14878 13747 14896 6185 19401 15112 8055 225 12960 467 14849 12162 919 9300 20130 
Cost: 1522
Path: 6807 20987 16037 12608 4671 23310 17134 11604 61 2971 14673 8607 2660 13018 11138 10960 5183 11029 1827 1297 9550 14668 22929 7930 2188 19104 525 13111 10045 16498 14371 3974 1450 846 706 22130 6887 22618 15309 14009 4047 2368 5739 5473 23734 21410 16770 13768 3978 113 21302 19285 20082 23100 22757 9551 24301 23575 6813 24670 2618 5786 22430 2431 4182 14878 13747 14896 6185 19401 15112 8055 225 12960 467 14849 12162 919 9300 20130 
Cost: 1525
Path: 6807 20987 16037 12608 4671 23310 17134 11604 61 2971 14673 8607 2660 149 1620 24543 12813 12338 2458 5183 11029 22130 6887 22618 15309 18313 3674 525 13111 10045 16498 14371 3974 1450 846 706 14009 4047 2368 5739 5473 23734 21410 16770 13768 3978 113 19285 19389 12288 22044 7975 13869 8198 16512 22821 19212 9765 12439 894 9602 23114 21903 8826 22336 19471 2529 15899 14880 21530 2431 4182 14878 13747 14896 6185 19401 15112 8055 225 12960 467 14849 12162 919 9300 20130 
Cost: 1526
Path: 6807 20987 16037 12608 4671 23310 17134 11604 61 2971 14673 8607 2660 13018 11138 10960 5183 11029 1827 1297 9550 14668 22929 7930 2188 19104 525 13111 10045 16498 14371 3974 1450 846 706 22130 6887 22618 15309 14009 4047 2368 5739 5473 23734 21410 16770 13768 3978 113 19285 19389 12288 22044 7975 13869 8198 16512 22821 19212 9765 12439 894 9602 23114 21903 8826 22336 19471 2529 15899 14880 21530 2431 4182 14878 13747 14896 6185 19401 15112 8055 225 12960 467 14849 12162 919 9300 20130 
Cost: 1528
Path: 6807 20987 16037 12608 4671 23310 17134 11604 61 2971 14673 8607 5183 11029 22130 17430 6887 22618 15309 14009 4047 2368 5739 21302 19212 9765 12439 894 9602 23114 21903 8826 22336 19471 2529 15899 14880 9534 10886 1821 11840 6 18283 2660 13018 11138 10960 1827 1297 9550 14668 22929 7930 2188 24400 16132 5452 1907 7131 6605 19676 10845 13178 16447 22067 11477 15358 8818 2431 4182 14878 13747 14896 6185 19401 15112 8055 225 12960 467 14849 12162 919 9300 20130 
Cost: 1535
Path: 6807 20987 16037 12608 4671 23310 17134 11604 61 2971 14673 8607 5183 11029 22130 17430 6887 22618 15309 14009 4047 2368 5739 21302 19212 9765 12439 894 9602 23114 21903 8826 22336 19471 2529 15899 14880 9534 10886 1821 11840 6 18283 2660 13018 11138 10960 1827 1297 9550 14668 22929 7930 2188 24400 16132 5452 1907 7131 6605 19676 10845 13178 16447 6813 24670 2618 5786 22430 2431 4182 14878 13747 14896 6185 19401 15112 8055 225 12960 467 14849 12162 919 9300 20130 
Cost: 1536
Path: 6807 20987 16037 12608 4671 23310 17134 11604 61 2971 14673 8607 2660 13018 11138 10960 5183 11029 1827 1297 9550 14668 22929 7930 2188 19104 525 13111 10045 16498 14371 3974 1450 846 706 2780 9649 19285 20082 23100 22757 9551 24301 23575 6813 24670 1483 20941 9285 21371 14009 4047 2368 5739 5473 23734 21410 16770 13768 3978 113 19389 12288 22044 7975 13869 8198 16512 22821 22067 11477 15358 8818 2431 4182 14878 13747 14896 6185 19401 15112 8055 225 12960 19566 9602 23297 9300 20130 
Cost: 1539
Path: 6807 20987 16037 12608 4671 23310 17134 11604 61 2971 14673 8607 5183 11029 22130 17430 2660 13018 11138 10960 1827 1297 9550 14668 22929 7930 2188 19104 18387 9720 21276 14313 1697 15088 23640 13133 7421 15314 3810 17136 17021 13062 19285 20082 23100 22757 9551 24301 23575 6813 24670 1483 20941 9285 21371 14009 4047 2368 5739 21302 19212 9765 12439 894 9602 23114 21903 8826 22336 19471 2529 15899 14880 21530 2431 4182 14878 13747 14896 6185 19401 15112 8055 225 12960 467 14849 12162 919 9300 20130 
Cost: 1543
Path: 6807 20987 16037 12608 4671 23310 17134 11604 61 2971 14673 8607 2660 13018 11138 10960 5183 11029 1827 1297 9550 14668 22929 7930 2188 19104 525 13111 10045 16498 14371 3974 1450 846 706 2780 9649 19285 20082 23100 22757 9551 24301 23575 6813 24670 1483 20941 9285 21371 14009 4047 2368 5739 5473 23734 21410 16770 13768 3978 113 19389 12288 22044 7975 13869 8198 16512 22821 2618 5786 22430 2431 4182 14878 13747 14896 6185 19401 15112 8055 225 12960 19566 9602 23297 9300 20130 
Cost: 1544
Path: 6807 20987 16037 12608 4671 23310 17134 11604 61 2971 14673 8607 2660 149 1620 24543 12813 12338 2458 5183 11029 22130 6887 22618 15309 18313 3674 525 13111 10045 16498 14371 3974 1450 846 706 14009 4047 2368 5739 5473 23734 21410 16770 13768 3978 113 21302 19212 9765 12439 894 9602 23114 21903 8826 22336 19471 2529 15899 14880 21530 2431 4182 14878 13747 14896 6185 19401 15112 8055 225 12960 467 14849 12162 919 9300 20130 
Cost: 1545
Path: 6807 20987 16037 12608 4671 23310 17134 11604 61 2971 14673 8607 2660 13018 11138 10960 5183 11029 1827 1297 9550 14668 22929 7930 2188 19104 525 13111 10045 16498 14371 3974 1450 846 706 22130 6887 22618 15309 14009 4047 2368 5739 5473 23734 21410 16770 13768 3978 113 21302 19212 9765 12439 894 9602 23114 21903 8826 22336 19471 2529 15899 14880 21530 2431 4182 14878 13747 14896 6185 19401 15112 8055 225 12960 467 14849 12162 919 9300 20130 
Cost: 1548
Path: 6807 20987 16037 12608 4671 23310 17134 11604 61 2971 14673 8607 2660 13018 11138 10960 5183 11029 1827 1297 9550 14668 22929 7930 2188 19104 525 13111 10045 16498 14371 3974 1450 846 706 2780 9649 19285 20082 23100 22757 9551 24301 23575 6813 24670 1483 20941 9285 21371 14009 4047 2368 5739 5473 23734 21410 16770 13768 3978 113 19389 12288 22044 7975 13869 8198 16512 22821 22067 11477 15358 8818 2431 4182 14878 13747 14896 6185 19401 15112 8055 225 12960 467 14849 12162 919 9300 20130 
22514807700