0 -1 0
1 175 14
2 102 26
3 8 57
4 None None
5 59 35
6 107 39
7 183 34
8 51 42
9 68 40
10 21 44
11 182 51
12 197 39
13 120 30
14 191 23
15 7 47
16 29 45
17 187 24
18 29 41
19 44 24
20 187 33
21 63 39
22 153 36
23 116 43
24 0 1
25 102 37
26 157 56
27 97 39
28 135 53
29 17 33
30 42 26
31 107 42
32 41 42
33 70 42
34 170 25
35 179 26
36 170 20
37 24 10
38 12 40
39 None None
40 60 34
41 123 31
42 115 21
43 181 37
44 37 24
45 191 38
46 36 29
47 None None
48 None None
49 179 26
50 None None
51 197 28
52 141 32
53 120 32
54 31 48
55 51 30
56 128 38
57 156 58
58 11 54
59 128 34
60 36 29
61 76 45
62 43 54
63 1 28
64 196 36
65 34 25
66 69 42
67 74 45
68 190 27
69 177 38
70 116 39
71 73 33
72 116 33
73 170 30
74 92 39
75 191 38
76 29 34
77 192 51
78 2 32
79 176 39
80 101 29
81 108 60
82 123 35
83 73 42
84 37 10
85 35 33
86 147 39
87 46 49
88 40 41
89 13 34
90 103 39
91 42 29
92 197 30
93 102 25
94 182 43
95 64 41
96 None None
97 60 38
98 53 33
99 193 63
100 42 35
101 19 27
102 187 23
103 80 39
104 19 44
105 148 66
106 193 52
107 115 30
108 56 55
109 85 53
110 150 24
111 156 52
112 24 15
113 143 30
114 102 42
115 175 18
116 29 33
117 17 28
118 26 58
119 49 43
120 175 17
121 113 48
122 14 39
123 170 29
124 177 40
125 35 41
126 193 60
127 83 44
128 14 33
129 67 65
130 None None
131 128 37
132 24 21
133 7 42
134 19 27
135 33 42
136 49 28
137 None None
138 119 57
139 44 29
140 165 42
141 170 29
142 74 48
143 37 27
144 14 24
145 None None
146 3 62
147 180 35
148 122 52
149 100 47
150 115 23
151 None None
152 117 31
153 110 32
154 182 45
155 146 72
156 107 46
157 14 41
158 None None
159 129 82
160 194 45
161 170 25
162 153 45
163 117 41
164 42 28
165 36 25
166 29 49
167 8 44
168 176 38
169 125 42
170 37 11
171 None None
172 45 38
173 25 40
174 112 28
175 0 3
176 5 36
177 196 29
178 87 66
179 120 25
180 36 33
181 190 26
182 55 40
183 110 28
184 71 38
185 72 41
186 181 42
187 175 23
188 24 12
189 140 50
190 120 25
191 175 20
192 123 44
193 74 44
194 5 43
195 107 39
196 19 27
197 17 25
198 192 48
199 120 25
