0 -1 0
1 100 33
2 60 39
3 204 28
4 154 43
5 166 28
6 86 46
7 166 33
8 313 38
9 197 39
10 None None
11 119 20
12 3 44
13 204 31
14 216 47
15 27 42
16 139 29
17 122 42
18 110 48
19 203 44
20 296 43
21 135 55
22 84 22
23 230 44
24 27 36
25 201 46
26 308 49
27 308 33
28 242 52
29 311 32
30 77 51
31 164 58
32 248 41
33 8 42
34 2 41
35 211 55
36 59 38
37 9 42
38 62 42
39 166 27
40 70 76
41 299 35
42 45 39
43 149 47
44 107 37
45 22 26
46 278 43
47 235 44
48 47 48
49 251 47
50 66 47
51 299 40
52 171 32
53 4 43
54 229 43
55 146 43
56 82 31
57 165 37
58 230 38
59 119 27
60 253 33
61 212 46
62 114 38
63 73 37
64 308 37
65 296 37
66 93 45
67 278 44
68 156 45
69 161 68
70 90 64
71 57 40
72 44 39
73 253 34
74 294 30
75 117 48
76 213 38
77 86 45
78 292 44
79 247 40
80 64 38
81 182 52
82 258 19
83 80 39
84 258 22
85 308 31
86 157 36
87 279 39
88 27 33
89 307 36
90 279 47
91 1 47
92 227 37
93 250 36
94 206 53
95 84 29
96 231 40
97 228 43
98 37 44
99 205 40
100 29 33
101 88 33
102 54 44
103 160 65
104 296 49
105 176 43
106 137 44
107 139 33
108 57 51
109 204 28
110 309 40
111 169 57
112 171 22
113 142 50
114 58 38
115 None None
116 274 46
117 311 34
118 55 43
119 258 19
120 318 35
121 36 45
122 22 40
123 171 34
124 87 46
125 243 43
126 77 53
127 116 53
128 244 45
129 139 34
130 292 45
131 0 4
132 183 49
133 264 44
134 24 38
135 255 41
136 7 45
137 71 41
138 140 45
139 5 28
140 189 42
141 109 42
142 141 45
143 154 44
144 None None
145 285 41
146 168 42
147 279 57
148 55 43
149 112 27
150 101 46
151 248 40
152 119 35
153 107 37
154 1 38
155 19 48
156 318 35
157 95 36
158 16 44
159 93 43
160 274 53
161 76 49
162 155 49
163 179 28
164 188 40
165 179 28
166 204 27
167 24 43
168 256 35
169 173 48
170 None None
171 258 20
172 3 37
173 186 42
174 136 49
175 95 30
176 322 42
177 39 40
178 9 45
179 139 28
180 61 52
181 177 55
182 237 46
183 100 44
184 165 44
185 224 61
186 252 41
187 273 44
188 197 32
189 13 34
190 76 42
191 25 55
192 171 21
193 218 53
194 135 42
195 301 56
196 77 45
197 179 31
198 166 40
199 312 48
200 201 34
201 56 32
202 72 41
203 247 43
204 0 20
205 63 38
206 50 52
207 259 45
208 247 40
209 245 64
210 28 61
211 77 47
212 22 35
213 27 35
214 89 38
215 None None
216 309 35
217 66 51
218 256 38
219 188 37
220 30 61
221 86 46
222 268 44
223 237 42
224 97 45
225 133 45
226 308 43
227 39 31
228 58 39
229 109 37
230 59 38
231 171 37
232 119 20
233 None None
234 318 33
235 1 41
236 93 43
237 175 40
238 142 64
239 117 41
240 3 40
241 99 41
242 166 46
243 294 40
244 200 45
245 296 49
246 230 39
247 188 33
248 214 39
249 137 55
250 204 23
251 146 42
252 263 36
253 294 25
254 146 48
255 205 40
256 234 33
257 247 47
258 0 2
259 274 38
260 130 47
261 256 40
262 120 43
263 175 33
264 119 24
265 55 43
266 189 54
267 218 45
268 315 40
269 168 42
270 177 42
271 85 41
272 3 38
273 308 33
274 1 35
275 321 41
276 7 52
277 227 50
278 216 41
279 74 39
280 42 47
281 172 37
282 225 51
283 110 45
284 135 47
285 197 34
286 68 45
287 271 41
288 192 37
289 152 37
290 166 47
291 58 41
292 270 44
293 227 42
294 307 22
295 122 43
296 273 37
297 24 36
298 120 48
299 192 35
300 172 38
301 54 43
302 110 40
303 38 49
304 167 48
305 307 30
306 231 42
307 204 21
308 149 29
309 166 28
310 123 40
311 258 22
312 74 44
313 63 37
314 49 66
315 100 39
316 297 45
317 None None
318 85 32
319 247 33
320 177 48
321 57 37
322 263 42
