0 -1 0
1 144 17
2 37 9
3 417 10
4 170 22
5 270 17
6 191 9
7 168 14
8 388 17
9 334 14
10 339 18
11 450 14
12 517 11
13 441 14
14 372 17
15 408 6
16 28 22
17 394 15
18 501 19
19 317 14
20 226 15
21 273 10
22 479 13
23 181 15
24 362 8
25 460 20
26 417 11
27 478 6
28 320 10
29 280 15
30 248 14
31 230 12
32 252 21
33 511 12
34 119 13
35 464 11
36 283 16
37 122 7
38 283 13
39 118 14
40 229 22
41 283 16
42 17 19
43 63 11
44 135 16
45 467 15
46 478 8
47 66 11
48 63 7
49 196 12
50 446 7
51 271 12
52 9 16
53 378 8
54 205 15
55 283 12
56 479 14
57 510 19
58 326 17
59 225 17
60 372 14
61 271 11
62 366 19
63 423 5
64 417 14
65 461 8
66 380 7
67 313 17
68 481 10
69 447 20
70 242 14
71 517 6
72 511 15
73 434 12
74 279 13
75 142 14
76 338 10
77 336 8
78 272 12
79 303 17
80 469 12
81 305 5
82 390 12
83 50 11
84 442 19
85 427 9
86 129 14
87 271 13
88 266 7
89 165 12
90 144 13
91 158 14
92 522 12
93 95 15
94 357 20
95 325 15
96 384 12
97 457 20
98 396 3
99 306 10
100 504 12
101 427 12
102 491 12
103 274 17
104 469 11
105 478 10
106 521 11
107 366 10
108 451 10
109 396 8
110 227 15
111 90 14
112 523 14
113 401 9
114 308 16
115 361 16
116 107 14
117 269 15
118 420 11
119 503 11
120 419 13
121 511 24
122 440 5
123 177 10
124 377 11
125 234 4
126 240 6
127 280 23
128 517 9
129 440 5
130 50 13
131 355 10
132 380 12
133 414 22
134 505 12
135 255 14
136 122 11
137 193 9
138 227 16
139 389 11
140 201 13
141 446 7
142 486 13
143 122 10
144 271 10
145 336 5
146 345 15
147 17 15
148 3 10
149 524 15
150 46 13
151 284 13
152 55 12
153 291 9
154 254 14
155 164 19
156 466 9
157 3 10
158 320 9
159 113 11
160 296 10
161 53 18
162 65 9
163 192 16
164 500 12
165 325 10
166 181 12
167 306 11
168 230 10
169 65 11
170 512 13
171 297 15
172 223 13
173 519 13
174 303 15
175 76 13
176 131 18
177 266 10
178 198 11
179 394 12
180 43 13
181 195 6
182 503 16
183 227 10
184 419 11
185 151 13
186 306 11
187 126 8
188 22 22
189 363 12
190 186 17
191 234 7
192 272 11
193 334 8
194 514 17
195 382 6
196 229 10
197 3 12
198 126 11
199 394 14
200 441 6
201 438 8
202 189 14
203 165 12
204 380 9
205 395 12
206 396 6
207 300 15
208 65 15
209 50 10
210 118 12
211 68 19
212 505 11
213 153 13
214 367 13
215 446 10
216 505 9
217 76 13
218 225 10
219 394 13
220 189 12
221 251 13
222 271 17
223 478 10
224 284 14
225 195 9
226 382 9
227 195 6
228 98 12
229 380 3
230 0 1
231 500 18
232 73 12
233 277 14
234 396 4
235 31 12
236 297 15
237 308 9
238 514 2
239 230 10
240 206 6
241 21 12
242 517 11
243 90 17
244 291 9
245 370 14
246 318 9
247 87 15
248 496 9
249 338 9
250 196 14
251 239 12
252 481 11
253 112 15
254 433 13
255 137 13
256 280 10
257 251 13
258 240 12
259 371 12
260 414 13
261 414 13
262 179 17
263 149 22
264 77 11
265 226 18
266 380 4
267 291 12
268 498 10
269 395 14
270 369 12
271 513 9
272 448 10
273 53 8
274 129 11
275 377 13
276 275 15
277 363 11
278 191 13
279 99 11
280 395 10
281 33 12
282 301 23
283 423 6
284 408 13
285 352 19
286 187 15
287 78 25
288 268 13
289 498 11
290 122 16
291 380 8
292 522 14
293 336 16
294 500 17
295 244 11
296 402 9
297 196 11
298 88 9
299 90 14
300 13 15
301 234 9
302 143 11
303 380 10
304 159 18
305 355 3
306 486 10
307 498 12
308 461 8
309 352 12
310 498 10
311 517 11
312 74 15
313 50 8
314 291 11
315 161 28
316 357 16
317 28 11
318 355 7
319 267 18
320 461 4
321 150 22
322 63 16
323 227 22
324 24 12
325 334 7
326 66 7
327 256 21
328 65 9
329 412 18
330 338 19
331 449 19
332 355 4
333 29 15
334 440 6
335 166 13
336 396 2
337 0 3
338 367 9
339 141 12
340 145 5
341 93 16
342 397 19
343 337 8
344 143 15
345 27 9
346 230 2
347 500 15
348 144 17
349 483 19
350 46 14
351 53 8
352 53 9
353 175 15
354 219 20
355 478 3
356 20 15
357 369 12
358 367 13
359 335 14
360 179 15
361 225 16
362 63 6
363 408 4
364 362 10
365 336 5
366 85 9
367 246 9
368 238 7
369 77 11
370 248 14
371 63 9
372 244 9
373 120 15
374 60 19
375 365 6
376 491 13
377 346 7
378 514 4
379 355 13
380 396 3
381 116 20
382 380 6
383 400 21
384 458 9
385 508 15
386 81 7
387 55 18
388 301 15
389 162 9
390 73 12
391 516 19
392 514 12
393 82 15
394 368 9
395 273 9
396 478 2
397 524 14
398 261 14
399 163 20
400 519 17
401 402 9
402 109 8
403 15 10
404 259 21
405 101 19
406 478 19
407 71 12
408 238 2
409 202 17
410 305 13
411 448 10
412 0 8
413 332 20
414 283 12
415 0 1
416 365 7
417 128 10
418 230 8
419 394 11
420 440 8
421 229 8
422 79 17
423 514 5
424 44 16
425 316 18
426 249 9
427 326 9
428 107 11
429 486 11
430 434 11
431 142 24
432 461 13
433 481 12
434 122 8
435 128 18
436 184 13
437 272 24
438 283 8
439 23 18
440 337 5
441 320 6
442 440 13
443 481 14
444 337 5
445 506 20
446 318 7
447 351 15
448 438 10
449 517 9
450 230 2
451 272 10
452 384 14
453 357 20
454 426 9
455 38 16
456 50 11
457 169 13
458 230 8
459 310 10
460 296 9
461 336 4
462 250 15
463 80 29
464 248 10
465 380 16
466 332 8
467 450 9
468 233 15
469 416 7
470 206 15
471 54 24
472 433 15
473 30 16
474 240 17
475 197 18
476 384 13
477 430 14
478 230 1
479 408 10
480 481 12
481 334 9
482 231 23
483 423 16
484 448 13
485 26 15
486 365 10
487 156 13
488 305 15
489 364 26
490 441 20
491 340 11
492 234 20
493 510 14
494 226 23
495 340 15
496 343 9
497 332 13
498 24 9
499 412 15
500 204 12
501 238 14
502 167 15
503 2 10
504 178 12
505 237 9
506 230 10
507 195 20
508 28 12
509 497 13
510 140 14
511 326 10
512 466 13
513 238 6
514 0 2
515 326 11
516 433 14
517 229 3
518 167 18
519 402 9
520 191 17
521 469 9
522 246 11
523 365 10
524 363 11
525 512 24
526 318 15
527 197 18
528 65 10
529 6 9
530 198 13
531 92 17
