0 -1 0
1 74, 83 38
2 36 35
3 80 34
4 71 43
5 43 52
6 13 26
7 60 31
8 23 33
9 59 28
10 71 32
11 21 25
12 49 25
13 32 21
14 69 21
15 None None
16 37 44
17 64 34
18 86 28
19 37 42
20 31 35
21 49 19
22 25 35
23 60 33
24 39 46
25 75 33
26 92 28
27 43 33
28 56 26
29 54 25
30 37 34
31 92 27
32 21 20
33 66 33
34 18 30
35 78 31
36 18 34
37 12 28
38 13 32
39 7 35
40 71 38
41 77 29
42 58 34
43 54 33
44 None None
45 56 38
46 99 37
47 60 22
48 84 13
49 48 18
50 9 34
51 72 34
52 37 29
53 55, 58 38
54 13 22
55 0 18
56 74 22
57 96 30
58 96 34
59 14 25
60 55 21
61 71 37
62 11 25
63 60 40
64 26 31
65 41 36
66 59 28
67 13 36
68 36 35
69 48 20
70 49 28
71 21 32
72 78 32
73 46 45
74 60 22
75 66 33
76 49 23
77 56 26
78 21 30
79 29 36
80 10 32
81 82, 34 30
82 62 26
83 31 31
84 0 12
85 38 35
86 76 28
87 84 23
88 74 39
89 55 35
90 26 44
91 74 30
92 49 27
93 82 38
94 62 27
95 13, 92 32
96 69 24
97 48 32
98 14 30
99 49 25
