532
3724
0,415,1
0,412,8
0,514,2
0,528,13
0,382,8
0,337,3
0,230,1
0,223,12
1,97,17
1,336,17
1,298,10
1,410,10
2,503,1
2,226,5
2,73,4
2,300,10
2,301,17
2,258,10
2,357,7
3,212,5
3,148,0
3,170,13
3,197,2
3,485,19
3,379,12
3,377,2
3,157,0
3,44,10
3,363,14
3,339,3
4,139,1
4,425,2
4,456,4
4,506,4
4,300,0
5,44,9
5,225,13
5,392,18
5,283,15
5,254,8
5,27,15
5,284,1
5,343,9
5,214,10
5,469,16
6,187,15
6,45,6
6,446,19
6,15,20
6,282,16
6,181,18
6,98,10
6,529,0
6,200,12
6,359,20
7,158,16
7,254,13
7,78,17
7,84,20
7,23,19
7,22,15
7,258,16
8,206,13
8,233,11
8,145,16
8,108,1
8,400,20
8,348,5
9,52,2
9,357,15
9,145,8
10,75,5
10,466,10
10,478,10
10,290,17
10,494,12
10,124,2
10,119,14
11,174,12
11,55,18
11,420,10
11,215,0
11,281,6
11,472,18
11,13,2
11,67,20
12,511,11
12,191,0
12,184,11
12,63,7
12,374,12
13,299,17
13,80,16
13,300,1
13,337,20
13,342,9
13,462,15
13,477,20
14,394,7
14,19,17
14,525,15
14,250,5
15,403,4
15,383,17
15,244,14
15,279,12
16,469,14
16,301,1
17,500,0
17,42,4
17,175,14
17,52,6
17,147,0
17,342,8
18,444,11
18,111,8
18,275,13
18,389,20
18,236,13
18,337,0
18,505,3
18,333,19
18,264,2
18,286,16
18,456,11
18,516,2
19,461,2
19,116,13
19,429,0
19,188,17
19,142,12
20,187,2
20,194,17
20,99,20
20,127,12
20,356,0
20,40,10
20,408,8
21,483,15
21,505,1
21,263,17
21,22,10
21,210,13
21,187,11
21,367,0
21,528,20
21,347,20
21,11,5
21,318,13
21,241,2
22,478,4
22,139,11
22,400,7
22,257,2
22,94,20
22,308,1
22,38,16
22,33,12
22,337,17
22,188,9
23,215,4
23,147,20
23,449,9
23,196,12
23,302,11
23,491,4
23,419,17
23,388,10
23,296,16
23,439,3
23,410,20
24,519,5
24,50,18
24,5,12
24,185,13
24,498,1
24,324,4
24,504,14
24,332,0
24,392,11
25,408,14
25,63,14
25,114,9
25,205,13
25,55,0
25,35,5
25,441,16
26,215,10
26,168,16
26,362,16
26,76,17
26,485,4
27,192,10
27,251,16
27,345,3
27,331,17
27,230,11
27,33,7
27,118,18
27,189,10
28,508,2
28,115,8
28,82,16
28,297,7
28,60,6
28,326,10
28,178,8
28,16,12
28,317,1
28,495,16
28,109,2
28,68,6
29,115,16
29,433,6
29,333,0
29,233,6
29,319,8
30,137,18
30,358,7
30,442,2
30,216,19
30,350,10
30,473,2
30,174,10
30,234,17
31,404,17
31,56,4
31,73,17
31,191,4
31,498,15
31,126,15
31,358,12
31,235,0
31,523,8
31,118,18
31,450,15
32,404,10
32,467,12
32,125,7
32,397,16
33,493,4
33,388,19
33,505,20
33,281,0
33,387,19
33,162,19
33,503,15
33,351,10
33,459,18
33,515,3
34,116,1
34,7,11
34,297,14
34,82,11
34,249,13
34,259,10
34,385,11
35,365,6
35,319,14
35,458,10
35,530,6
35,90,5
35,391,12
36,477,1
36,161,13
36,86,12
36,110,16
36,191,8
36,222,5
37,142,17
37,426,12
37,196,11
37,2,2
37,434,9
37,389,3
37,365,8
38,261,16
38,426,19
38,386,10
38,433,1
38,314,12
38,70,1
38,104,18
38,508,12
38,330,9
38,455,3
38,431,14
39,305,18
39,184,10
39,308,7
39,55,20
39,248,14
39,365,8
39,261,14
39,110,18
39,226,18
39,0,11
39,296,7
39,357,14
39,315,16
40,378,18
40,531,8
40,173,10
40,189,1
40,83,5
40,481,3
41,74,0
41,16,13
41,481,15
41,508,4
41,5,15
41,68,17
41,417,1
41,15,15
41,80,17
42,325,4
42,390,10
42,34,11
42,87,7
42,113,19
42,450,1
42,13,14
43,105,16
43,94,19
43,345,9
43,231,18
43,295,0
43,109,10
43,326,12
43,31,7
43,180,2
43,183,8
43,17,9
43,242,5
44,276,13
44,523,11
44,185,13
44,68,1
44,399,19
44,424,0
45,462,15
45,447,5
45,128,6
45,365,1
45,59,8
45,482,16
46,150,5
46,93,16
46,350,6
46,491,9
46,390,15
46,344,14
46,446,7
47,421,9
47,353,16
47,416,2
47,480,3
47,300,14
47,262,19
47,424,17
47,116,17
48,326,8
48,144,6
49,448,16
49,51,2
49,319,20
49,77,12
49,363,13
49,485,14
50,209,3
50,313,1
50,206,18
50,233,13
50,398,20
50,201,13
50,14,16
50,99,11
50,83,4
50,112,15
50,456,4
50,218,6
50,130,6
51,423,7
51,267,1
51,35,7
52,59,6
52,503,2
52,300,12
52,421,0
53,351,0
53,41,13
53,359,20
53,161,10
53,136,17
53,273,0
53,352,1
54,191,7
54,20,13
54,471,9
54,390,5
54,2,9
54,93,3
54,402,9
54,82,20
55,247,10
55,387,6
55,170,16
55,152,0
56,185,11
56,196,4
56,299,14
56,454,7
56,202,13
56,149,7
57,427,16
57,67,13
57,487,12
57,511,17
57,256,6
57,104,12
57,434,2
57,143,15
57,292,1
57,166,9
58,424,4
58,282,15
58,180,3
58,30,4
58,502,3
58,211,14
58,405,11
58,239,17
58,107,19
58,170,0
58,460,14
58,97,16
59,3,11
59,67,9
59,176,11
59,2,6
59,5,12
59,184,1
60,78,3
60,70,16
60,280,3
60,522,18
60,484,10
60,366,2
60,521,6
60,109,12
60,374,5
61,59,13
61,458,4
61,295,15
61,65,4
61,428,0
61,204,5
61,318,2
61,386,10
62,381,1
62,202,3
62,384,4
62,262,7
62,11,14
62,325,13
62,239,6
62,154,12
62,195,1
62,167,1
62,277,4
62,225,3
63,96,14
63,48,2
63,371,4
63,362,1
63,322,11
63,111,14
63,43,6
63,0,7
64,343,7
64,158,13
64,320,10
64,184,4
64,479,2
64,466,0
64,474,9
64,252,10
64,7,12
65,63,11
65,208,7
65,162,1
65,328,1
65,219,17
65,528,2
65,169,3
65,260,7
65,491,9
65,248,7
66,47,4
66,345,17
66,326,0
66,242,19
66,372,20
66,116,17
66,371,8
66,10,13
67,430,17
67,251,11
67,249,11
67,290,20
67,306,4
67,411,13
67,521,1
67,145,19
67,114,9
67,406,11
67,8,10
67,464,0
68,440,11
68,139,16
68,412,0
68,159,20
68,211,9
68,508,2
69,463,12
69,444,5
69,210,19
69,149,10
69,177,14
69,513,3
69,438,19
69,51,17
70,119,6
70,106,12
71,19,20
71,334,2
71,461,6
71,407,6
72,354,11
72,140,13
72,145,15
72,226,9
72,424,20
72,295,17
72,418,17
72,200,5
72,47,12
73,232,0
73,23,8
73,390,0
73,262,20
73,134,5
73,30,6
73,138,11
73,205,5
74,426,3
74,511,4
74,171,19
74,34,3
74,243,8
74,35,3
74,312,2
74,377,11
75,468,1
75,25,8
75,462,11
75,237,4
75,228,8
75,366,13
75,360,2
75,522,19
76,464,8
76,202,16
76,63,17
76,217,3
76,504,17
76,175,3
76,435,10
76,356,9
76,367,20
76,358,9
76,139,14
76,191,7
76,226,0
77,529,2
77,369,3
77,503,19
77,264,3
78,89,14
78,198,12
78,441,11
78,135,5
78,368,4
78,148,12
78,204,0
78,287,13
78,50,6
79,129,7
79,422,0
79,176,13
79,350,4
79,455,2
80,478,5
80,463,17
80,74,8
80,70,13
80,149,5
81,411,12
81,152,9
81,386,2
82,137,0
82,393,3
82,274,18
82,49,12
83,477,8
83,486,18
83,181,1
83,492,20
83,124,17
83,504,6
83,436,9
84,505,9
84,508,19
84,442,17
84,248,10
85,366,0
86,34,4
86,264,9
86,187,9
86,303,6
86,372,13
87,290,6
87,366,15
87,508,1
87,222,13
87,360,2
87,402,4
87,524,5
87,487,1
87,116,17
87,240,7
87,247,2
87,403,14
87,359,18
88,440,6
88,455,12
88,480,18
88,387,13
88,96,17
88,58,11
88,298,2
88,352,6
88,450,2
89,142,14
89,51,1
89,239,17
90,231,9
90,386,0
90,22,6
90,111,1
90,243,4
90,138,20
90,27,16
90,322,3
90,299,1
91,102,13
91,404,15
91,62,19
91,25,12
91,208,10
92,531,5
92,68,20
93,376,12
93,305,13
93,43,3
93,324,2
93,341,1
93,483,6
93,457,4
93,346,20
93,405,4
93,466,18
94,379,9
94,202,11
94,483,16
94,106,13
94,259,8
94,389,9
94,12,13
94,457,5
95,496,17
95,485,16
95,96,17
95,396,2
95,93,0
95,524,18
95,183,19
95,21,4
96,395,16
96,280,19
96,396,19
96,313,3
96,266,14
96,336,20
96,198,7
96,124,20
96,380,17
97,115,15
97,152,0
97,74,11
97,387,9
97,28,14
97,264,11
98,170,20
98,228,9
98,8,17
98,175,18
98,110,18
99,200,20
99,436,10
99,73,6
99,271,5
99,408,1
99,253,11
99,279,1
99,177,18
100,517,3
100,324,15
100,390,11
100,74,13
100,245,5
100,181,3
100,312,19
100,484,2
101,405,7
101,300,18
101,221,12
101,53,4
102,429,16
103,331,3
103,35,15
103,491,16
103,67,7
103,427,20
103,13,16
103,191,15
103,127,10
104,193,10
104,39,19
104,266,20
104,468,13
104,499,20
104,469,8
104,484,10
105,441,15
105,142,5
106,506,7
106,73,3
106,480,1
106,448,16
107,191,4
107,238,11
107,428,1
107,156,4
107,116,4
108,395,20
108,258,5
108,83,12
108,197,5
108,513,17
108,273,7
108,301,16
109,126,20
109,2,5
109,492,15
109,394,16
109,402,0
109,485,15
110,158,4
110,479,8
110,101,11
110,421,16
110,21,20
111,359,14
111,414,7
111,441,2
111,146,13
112,442,15
112,295,12
112,11,10
112,253,1
113,466,20
113,416,13
113,426,13
113,159,2
114,520,10
114,149,14
114,365,14
114,234,0
114,285,3
114,311,1
114,195,11
114,231,11
115,387,10
115,142,7
115,143,17
115,348,17
115,286,15
115,86,18
115,474,10
115,416,7
115,53,1
115,351,5
115,495,4
116,361,20
116,308,14
116,381,6
116,102,15
116,0,13
116,226,20
116,143,0
116,352,11
116,180,20
117,62,4
117,524,8
117,304,11
117,407,17
117,194,9
117,157,2
117,422,11
117,18,6
118,210,1
118,39,3
118,103,17
118,403,4
119,98,16
119,519,0
119,448,19
119,435,15
119,27,16
119,305,13
119,238,12
119,60,15
119,34,2
119,80,6
119,186,5
120,193,11
120,377,7
120,324,10
120,526,13
120,355,15
120,320,3
120,71,12
120,373,2
120,170,11
120,427,16
121,453,12
121,448,3
121,7,6
122,371,8
122,37,2
122,434,3
122,290,11
122,143,5
122,136,6
123,396,2
123,454,2
123,266,13
123,410,20
123,295,20
123,71,14
124,432,13
124,143,14
124,88,1
124,510,13
124,337,1
124,523,3
124,56,9
125,29,16
125,201,12
125,516,12
125,366,10
125,324,11
125,224,11
126,187,2
126,99,10
126,421,19
126,198,5
127,367,3
127,74,0
127,489,14
127,34,12
127,404,16
127,276,10
127,224,1
127,290,6
128,442,9
128,362,10
128,435,9
128,410,4
128,182,10
128,47,19
128,124,15
128,139,11
128,407,7
128,453,17
128,417,1
128,278,19
128,441,15
128,232,4
129,274,6
129,340,10
129,43,7
129,113,15
129,429,17
129,460,7
129,86,9
130,371,5
130,257,6
130,285,14
130,59,15
130,442,10
131,15,15
131,212,20
131,302,14
131,163,14
131,176,8
131,149,13
132,262,9
132,170,2
132,260,20
132,129,12
132,5,14
133,389,3
133,483,19
133,462,10
133,364,12
133,156,18
133,30,18
133,111,19
133,388,16
133,31,4
133,302,7
134,107,1
134,496,5
134,519,13
134,175,16
134,197,14
134,155,19
134,252,8
134,185,19
134,126,7
134,1,9
134,142,5
134,392,16
134,140,7
135,17,13
135,44,2
135,278,18
135,66,12
136,314,17
136,220,2
137,122,11
137,174,14
137,469,20
137,255,4
137,96,5
137,519,11
137,310,18
138,28,4
138,12,4
138,187,9
138,116,13
138,126,4
138,177,5
138,206,14
138,434,8
139,142,19
139,86,7
139,434,19
139,530,6
139,22,9
140,254,6
140,85,18
140,63,19
140,510,1
140,406,9
140,296,6
140,26,19
140,211,14
140,242,0
141,239,5
141,461,5
141,232,10
141,99,19
141,339,5
141,132,10
142,75,1
142,448,3
142,151,7
142,511,1
142,431,11
142,402,6
142,306,2
143,344,5
143,179,14
143,460,13
143,193,5
143,367,3
143,478,17
143,127,16
143,302,1
143,469,19
144,348,7
144,211,20
144,90,3
144,442,13
144,433,4
144,1,7
144,302,9
144,364,5
144,115,14
144,189,4
144,354,18
145,34,11
145,395,12
145,340,0
145,82,19
146,88,15
146,359,9
146,302,13
146,345,13
146,174,19
146,389,5
146,461,18
147,456,4
147,398,6
147,113,7
147,179,9
147,28,14
147,473,16
147,219,4
147,173,18
147,152,6
147,441,5
148,288,16
148,380,5
148,454,7
148,76,15
148,196,3
148,529,3
149,178,9
149,370,20
149,63,5
149,375,0
149,451,15
149,491,20
149,390,12
149,263,7
149,189,17
149,58,20
149,83,7
149,372,19
149,401,13
149,423,2
150,496,8
150,156,8
150,263,17
150,321,9
150,474,8
150,382,7
150,175,4
150,213,19
151,44,6
151,502,6
151,185,0
151,55,2
151,215,13
151,294,16
151,110,9
151,395,15
151,402,2
151,184,5
152,468,14
152,227,10
152,350,16
152,65,2
152,119,13
152,27,17
152,22,9
152,530,3
152,269,14
152,29,20
152,209,0
152,39,4
152,243,8
152,512,10
153,213,4
153,205,14
153,106,14
153,493,9
153,438,3
153,472,15
153,269,15
153,135,11
153,423,11
153,244,3
154,304,7
154,142,11
154,510,8
154,60,8
154,484,18
154,369,16
154,224,2
154,420,3
154,90,0
155,232,20
155,110,11
155,420,11
155,218,14
155,316,14
155,129,12
155,446,4
155,6,5
155,135,7
155,202,5
155,329,20
155,287,10
156,491,6
156,37,14
156,487,4
156,261,17
157,476,7
157,66,13
157,355,11
158,528,12
158,91,5
158,179,8
158,351,18
158,20,11
158,54,12
158,264,17
159,281,13
159,73,20
159,346,0
159,304,7
159,182,15
159,375,7
159,123,19
160,357,7
160,141,4
160,132,19
160,513,11
161,33,14
161,402,19
161,315,10
161,319,0
161,11,20
162,100,14
162,243,10
162,97,14
162,113,1
162,81,7
162,389,0
162,359,8
163,399,4
163,387,8
163,39,5
163,185,15
163,174,5
163,294,20
164,418,5
164,155,7
164,397,16
164,139,4
164,99,5
164,11,20
164,401,8
164,298,12
164,492,17
164,345,15
164,301,1
164,190,12
164,259,18
164,251,13
164,363,8
165,306,10
165,517,4
165,89,2
165,91,7
165,223,14
165,427,20
165,193,9
165,203,2
165,387,11
166,175,5
166,283,13
166,190,8
166,186,14
166,429,17
166,268,15
166,165,19
166,335,1
166,125,1
167,469,7
167,502,4
167,11,14
167,57,13
167,518,7
167,466,3
167,102,16
168,369,15
168,50,1
168,3,19
168,150,19
168,380,11
168,7,4
168,119,6
168,394,7
169,37,0
169,457,2
169,389,2
169,18,16
170,439,17
170,231,16
170,482,15
170,414,17
170,195,20
170,358,15
170,4,9
171,463,20
171,514,6
171,86,10
171,509,12
171,345,20
171,250,20
171,239,6
171,31,16
172,358,19
172,84,6
172,487,6
172,143,1
173,359,16
173,305,6
173,49,20
173,360,9
173,475,8
173,430,15
174,450,9
174,291,4
174,377,17
174,8,12
174,316,10
174,203,4
175,408,7
175,407,4
175,353,2
175,7,11
175,80,20
177,92,7
177,434,11
177,279,3
177,79,19
177,10,14
177,466,1
177,123,0
177,152,11
178,297,19
178,73,18
178,504,1
178,290,20
179,513,19
179,492,12
179,132,10
179,144,20
179,360,3
179,262,5
179,77,20
179,141,6
179,245,9
179,493,20
179,150,13
179,241,7
180,68,14
180,246,18
181,271,20
181,314,9
181,166,6
181,191,18
181,50,10
181,23,9
181,375,15
181,310,18
181,66,8
181,199,20
182,495,15
182,203,11
182,276,16
182,473,18
182,530,11
183,210,5
183,63,14
183,221,15
183,515,16
184,436,2
184,344,20
184,464,4
185,147,4
185,471,20
185,287,13
185,401,1
185,97,11
185,72,12
186,434,15
186,26,20
186,171,6
186,242,6
186,492,10
186,2,0
186,190,6
186,406,20
187,286,7
188,34,5
188,179,19
188,376,4
188,385,8
188,9,7
188,326,13
188,377,4
188,149,18
188,373,16
188,42,12
189,402,12
189,147,6
189,220,0
189,202,2
189,222,20
189,337,18
189,290,19
190,178,7
190,339,5
190,516,7
190,522,1
190,391,15
191,271,10
191,520,10
191,278,6
191,506,12
191,195,12
191,288,17
191,6,2
191,128,17
191,264,9
191,412,20
191,366,12
192,163,5
192,406,18
193,436,13
193,497,5
193,328,10
193,167,7
193,517,11
193,113,17
193,395,18
193,408,18
193,137,1
194,6,5
194,304,13
194,254,20
194,286,10
195,507,14
195,225,3
195,181,0
195,237,15
195,227,0
196,443,19
196,297,1
196,72,12
196,49,2
196,279,5
196,434,3
196,250,4
197,526,10
197,154,20
197,527,6
197,74,8
197,344,7
197,475,6
197,477,7
198,499,14
198,178,0
198,386,1
198,530,2
198,477,16
199,31,6
199,286,15
199,310,10
199,206,17
199,452,4
201,140,5
201,362,15
201,108,15
201,276,18
201,231,19
202,45,7
202,409,3
202,452,13
202,274,3
202,211,14
202,333,2
203,418,11
203,212,2
203,519,4
203,19,14
203,264,18
204,472,17
204,164,7
204,462,17
204,280,4
204,297,7
204,47,7
204,451,7
204,528,5
204,238,2
204,178,8
204,459,19
204,513,9
204,500,3
204,506,7
204,488,7
205,305,0
205,362,8
205,245,11
205,505,11
205,54,3
206,66,7
206,59,16
206,470,9
206,240,0
206,412,2
206,368,8
207,305,2
207,343,16
207,221,20
207,188,16
207,2,12
207,530,7
207,156,11
207,211,10
207,279,14
208,167,19
208,250,6
208,314,17
208,390,13
208,13,15
208,500,1
208,293,2
208,372,1
208,382,3
209,296,3
209,274,15
209,44,12
209,284,6
209,13,16
210,464,16
210,514,0
210,512,17
210,152,6
210,153,11
210,48,4
210,357,4
210,461,18
211,329,5
211,185,19
211,468,18
212,128,20
212,305,9
213,452,8
213,201,2
213,423,14
213,503,0
213,106,2
214,34,8
214,269,16
214,246,2
214,332,8
214,464,13
214,320,14
215,112,10
215,156,3
215,528,4
215,10,14
215,219,4
215,46,19
215,26,17
215,203,19
215,378,19
215,328,9
216,51,17
216,396,17
216,501,10
216,391,15
216,70,20
216,365,20
216,27,18
217,466,9
217,451,5
217,316,6
217,64,7
217,62,20
217,35,14
217,182,10
217,6,2
217,21,2
218,142,15
218,115,7
219,509,14
219,15,12
219,354,7
219,345,12
219,467,9
220,91,10
220,43,17
220,462,17
220,515,8
220,315,17
221,528,18
221,23,17
221,145,0
221,506,16
221,364,3
221,412,14
222,517,4
222,381,4
222,436,15
222,244,13
222,377,4
222,433,14
222,84,3
223,358,8
223,284,4
223,524,7
223,267,2
223,172,3
223,51,19
224,475,18
224,30,9
224,61,10
224,266,4
224,70,10
224,185,13
224,313,9
224,284,2
224,47,7
225,373,18
225,218,1
225,48,16
225,284,12
225,488,11
225,481,13
225,433,20
225,364,1
225,59,8
225,361,7
226,265,9
226,0,14
226,233,17
226,230,6
226,494,14
226,408,2
226,221,6
226,20,6
226,209,5
227,323,16
227,110,9
227,183,4
227,138,10
227,0,5
227,178,9
228,201,2
228,88,12
228,0,11
228,50,7
228,143,13
228,1,14
228,495,5
228,178,0
228,481,9
229,300,16
229,40,19
229,517,0
229,196,7
229,434,14
229,145,13
229,421,5
230,529,9
230,168,9
230,506,9
230,450,1
230,458,7
230,510,14
230,418,7
230,478,0
230,346,1
230,31,11
230,239,9
231,171,4
231,320,13
231,91,18
231,521,2
231,317,6
231,191,14
231,482,5
231,302,0
231,438,17
231,167,4
231,312,3
232,27,4
232,34,5
232,186,17
232,529,17
233,0,17
233,492,16
233,291,0
233,468,1
233,402,2
233,330,7
233,519,14
234,37,15
234,267,16
234,492,16
234,142,11
234,301,5
234,181,13
234,344,15
234,191,3
234,125,0
235,253,19
235,91,8
235,369,6
235,377,20
235,412,12
236,22,19
236,133,20
236,321,10
236,138,16
237,124,18
237,505,0
237,233,17
237,35,5
237,156,5
237,172,6
237,395,9
238,368,5
238,11,15
238,408,0
238,501,12
238,513,4
238,125,10
238,486,19
238,138,15
238,119,17
239,457,14
239,329,9
239,416,4
239,320,3
239,122,7
239,74,18
239,49,15
239,91,10
239,251,2
240,258,6
240,474,11
240,126,0
240,47,6
240,299,9
240,301,15
240,344,13
241,12,1
241,174,19
241,500,15
241,502,14
242,433,7
242,277,6
242,85,12
242,70,3
242,124,18
242,59,17
242,115,19
242,311,12
242,424,11
242,377,3
242,202,20
243,291,6
243,120,6
243,194,1
243,357,7
243,474,16
243,313,20
243,308,16
243,24,6
243,305,5
243,203,8
243,66,13
243,467,9
244,306,5
244,472,18
244,55,3
244,372,0
244,371,9
244,40,17
244,138,8
244,312,13
244,295,2
245,505,0
245,46,10
245,131,12
245,305,13
245,435,20
245,399,18
245,459,11
245,124,18
245,261,9
245,15,14
245,36,15
245,520,12
245,199,4
245,312,5
245,530,2
245,283,13
246,522,2
246,98,11
246,180,6
246,434,1
246,367,0
247,34,13
247,517,5
247,469,19
247,393,20
247,73,3
247,213,7
247,477,9
247,280,11
247,129,18
247,258,8
248,255,18
248,370,5
248,165,9
248,116,17
248,30,5
248,501,16
248,288,15
248,60,17
248,464,1
248,113,9
248,240,9
249,440,9
249,44,12
249,426,0
250,423,20
250,213,2
250,96,17
250,462,1
250,394,11
250,208,2
250,507,8
251,313,2
251,179,17
251,531,6
251,221,1
251,340,17
251,220,16
251,43,19
251,426,14
251,25,16
251,257,1
252,364,4
252,236,9
252,262,8
252,32,10
252,481,17
252,156,13
252,20,8
252,124,19
252,81,5
252,378,17
252,11,6
253,156,6
253,127,18
253,305,14
253,476,13
253,226,7
253,125,0
254,90,5
254,526,8
254,268,13
254,211,19
254,137,15
254,154,1
254,179,10
255,348,9
255,132,16
255,135,1
255,234,6
255,510,15
255,446,4
255,451,20
255,299,11
255,314,11
256,327,11
256,355,10
256,216,17
256,502,11
257,17,19
257,131,1
257,376,3
257,53,20
257,326,20
257,488,18
258,9,5
258,229,10
258,19,8
259,350,6
259,531,16
259,103,10
259,254,7
259,57,15
259,404,9
259,274,17
260,73,17
260,50,18
260,426,7
260,254,10
260,233,15
260,355,19
260,231,11
261,206,13
261,249,11
261,495,15
261,84,15
261,398,1
261,286,18
261,237,19
262,142,20
262,341,3
262,79,12
262,222,17
262,26,4
262,496,17
262,31,9
263,294,15
263,27,2
263,25,8
263,192,9
263,281,3
264,371,3
264,477,5
264,397,15
264,413,11
265,170,4
265,519,20
265,292,11
265,386,2
265,175,20
266,177,6
266,444,11
266,125,2
266,392,13
266,88,3
267,416,20
267,66,13
267,178,1
267,132,14
267,27,5
267,475,16
267,90,7
267,309,1
267,319,6
267,154,16
267,19,5
267,5,5
267,521,1
267,373,20
268,364,0
268,247,17
268,189,5
268,288,3
269,515,7
269,265,10
269,117,1
269,99,17
270,13,7
270,476,15
270,461,12
270,399,11
270,5,5
270,286,10
271,144,1
271,87,4
271,439,13
271,485,7
271,298,16
271,51,3
271,222,8
271,508,19
271,377,2
271,435,20
271,316,17
271,61,2
272,451,0
272,138,17
272,219,19
272,78,2
272,475,11
272,51,4
272,149,14
272,214,16
272,79,13
272,437,14
272,192,1
273,395,1
273,450,7
273,21,2
273,88,20
273,101,5
274,498,0
274,502,12
274,103,6
274,245,6
274,222,16
274,375,2
274,277,9
274,154,19
274,76,1
274,318,12
274,65,14
275,256,17
275,478,14
275,319,15
275,440,9
275,276,2
275,137,4
276,343,13
276,106,15
276,79,7
276,365,3
276,119,19
276,87,13
276,391,11
276,430,16
276,360,6
276,19,12
276,440,10
277,401,11
277,302,4
277,238,11
277,233,3
277,223,20
277,444,1
278,243,12
278,135,2
278,94,14
278,404,16
278,475,8
278,236,17
279,174,11
279,220,10
279,301,15
279,320,18
279,74,2
280,56,17
280,163,10
280,256,0
280,29,5
280,127,13
280,451,13
280,149,12
280,109,14
280,465,16
281,459,9
281,235,9
281,513,11
281,216,16
281,369,15
281,197,7
282,410,18
282,316,15
282,258,10
282,98,12
282,224,2
282,466,8
283,41,10
283,38,7
283,414,6
283,438,2
283,55,6
283,266,17
283,36,10
283,194,18
283,379,13
284,224,1
284,246,15
284,438,5
284,442,14
284,277,10
284,396,1
284,151,0
284,377,14
285,113,1
285,480,9
285,426,2
285,289,12
285,3,16
285,261,4
286,483,10
286,512,5
286,446,8
286,431,20
286,54,4
286,87,3
286,328,4
287,173,18
287,257,2
287,230,11
287,325,10
287,116,16
287,171,6
287,365,19
287,254,19
288,27,12
288,42,15
288,397,9
288,316,6
289,447,17
289,99,2
289,136,9
289,166,8
289,142,4
290,129,12
290,456,8
290,244,18
291,153,1
291,503,3
291,314,3
291,382,7
291,355,19
291,12,14
291,244,1
291,245,7
291,267,4
291,473,12
291,167,20
292,317,20
292,187,19
292,198,2
292,335,10
292,166,13
292,213,3
293,94,9
293,138,1
293,109,0
293,221,17
293,213,6
293,47,5
293,64,10
293,191,17
294,135,8
294,70,11
294,16,11
294,157,18
294,371,10
294,485,13
294,185,19
295,148,14
295,161,8
295,308,16
295,218,2
296,460,0
296,340,13
296,177,9
296,160,1
296,438,6
296,165,8
296,370,13
296,74,5
296,104,10
296,434,10
297,510,12
297,236,4
297,171,4
297,206,5
297,381,19
297,465,10
297,178,9
297,509,6
298,264,13
298,260,14
298,352,16
298,270,8
299,155,17
299,478,17
299,484,20
299,268,16
299,120,11
299,219,8
299,239,11
299,526,16
299,510,7
300,81,1
300,327,11
300,207,0
300,3,5
300,412,14
300,481,1
300,89,4
300,70,20
301,305,0
301,6,2
301,274,4
301,388,6
301,461,7
301,282,14
301,503,5
301,119,3
301,369,7
302,392,17
302,211,16
302,389,1
302,271,0
302,175,19
302,125,16
302,269,4
303,174,5
303,428,3
303,250,12
303,173,18
303,79,7
303,500,19
303,476,6
303,380,15
304,35,5
304,80,1
304,307,2
304,213,15
304,269,20
304,490,11
304,341,7
305,81,2
305,492,18
305,488,12
305,235,13
305,530,11
305,410,10
306,328,19
306,167,1
306,186,1
306,99,0
306,20,20
307,355,16
307,99,8
307,209,18
307,47,17
308,244,15
308,114,8
308,237,1
308,79,15
308,228,19
308,512,17
309,514,10
309,137,12
309,434,0
309,530,10
309,76,11
309,429,7
309,489,14
309,460,8
309,91,17
309,503,11
310,55,4
310,403,0
310,488,13
310,459,0
310,529,5
310,501,14
310,523,0
310,271,15
310,445,20
310,136,14
310,241,20
311,109,16
311,229,5
311,472,13
311,409,20
311,282,12
311,478,18
311,485,11
311,356,19
312,111,15
312,249,17
312,76,11
312,411,10
313,112,11
313,218,19
313,67,9
314,367,16
314,104,10
314,483,17
314,267,10
314,440,16
314,2,8
314,97,12
314,253,6
315,240,18
315,487,5
315,103,19
315,198,19
315,119,0
316,476,5
316,396,10
316,29,3
316,31,19
316,268,15
316,252,8
316,425,2
317,360,9
317,42,10
317,260,18
317,19,3
317,125,8
318,302,19
318,506,5
318,265,17
318,526,8
318,351,11
318,446,0
318,143,15
318,244,8
318,246,2
319,28,17
319,227,11
319,311,4
319,97,13
319,124,1
319,281,1
319,88,19
320,274,13
320,441,2
320,380,16
320,429,19
320,481,8
320,158,5
320,434,20
320,386,4
320,362,18
320,28,6
321,115,8
321,439,15
321,30,2
321,430,11
321,425,0
322,417,0
322,323,15
322,311,19
322,452,10
322,25,15
322,136,20
322,77,3
323,353,18
323,305,14
323,401,19
323,128,6
323,419,20
323,169,10
323,265,7
323,270,10
323,102,2
324,349,20
324,54,9
324,12,19
324,88,13
324,424,13
324,152,7
324,462,8
325,139,5
325,165,3
325,206,11
325,225,16
325,303,8
325,95,8
325,132,19
326,493,9
326,157,7
326,58,10
326,427,2
326,63,4
326,215,15
326,511,3
326,228,9
326,515,4
327,414,1
327,202,18
327,137,12
327,112,2
328,69,15
328,529,3
328,70,20
328,344,7
328,234,15
328,156,12
328,334,2
329,446,2
329,294,6
329,4,18
329,437,9
329,178,11
329,50,12
330,487,2
330,470,17
330,418,6
330,132,12
330,185,14
331,36,15
331,167,18
331,248,15
331,336,7
331,42,13
331,46,11
331,375,13
331,207,15
331,157,2
331,193,12
331,486,15
332,497,9
332,318,7
332,466,4
332,177,14
332,69,20
332,413,16
332,487,14
333,122,16
333,257,15
333,93,9
333,170,0
333,144,14
333,311,16
333,426,19
333,5,16
333,266,9
333,232,15
334,256,18
334,481,3
334,280,10
334,523,12
334,193,2
334,219,18
334,9,8
334,325,1
335,506,1
335,281,0
335,307,3
335,320,9
335,477,7
335,274,6
335,475,17
335,352,3
335,259,4
335,336,19
335,258,16
335,359,1
336,77,6
336,293,14
336,515,20
336,461,2
336,65,14
336,320,10
336,145,3
336,365,3
336,244,11
337,68,14
337,343,5
337,440,2
337,444,2
338,110,7
338,76,1
338,330,10
338,303,5
338,249,0
339,470,8
339,456,3
339,10,6
339,442,10
339,511,2
339,114,9
339,473,15
339,496,2
339,110,3
340,491,6
340,433,19
340,495,10
340,476,12
340,499,14
341,2,19
341,172,13
341,283,6
341,522,2
341,424,9
341,474,3
341,410,7
342,196,19
342,425,7
342,282,9
342,178,2
342,313,4
342,157,20
343,496,1
343,473,13
343,183,12
343,531,13
343,464,4
343,172,13
344,390,9
344,176,11
345,468,12
345,218,19
345,462,10
345,527,18
345,146,6
345,280,15
346,377,5
346,466,14
346,200,8
347,187,12
347,524,10
347,90,10
347,268,1
347,451,12
347,192,11
347,7,18
348,407,8
348,179,8
348,325,12
348,333,16
348,446,5
348,71,7
348,60,3
348,433,12
348,205,1
348,25,4
349,202,17
349,55,7
349,162,5
349,86,15
349,234,10
350,20,18
350,531,7
350,161,15
350,250,10
350,372,8
351,370,15
351,89,8
351,447,7
351,276,14
352,285,10
352,12,15
352,435,18
352,470,20
352,309,3
352,45,8
352,89,19
353,51,3
353,270,18
353,101,7
353,260,16
353,475,19
353,206,7
353,41,1
353,351,18
353,264,5
353,292,7
354,324,7
354,226,13
354,506,2
354,430,15
354,210,0
354,17,18
354,51,17
354,257,17
354,280,14
354,265,20
354,487,10
355,318,4
355,310,8
355,229,17
355,332,1
355,379,10
355,206,11
355,131,7
355,523,10
355,305,0
355,162,13
355,28,8
355,291,20
356,467,8
356,475,11
356,332,6
356,518,15
356,220,1
356,71,18
357,94,8
357,506,19
357,316,4
357,396,4
357,453,8
357,0,3
357,306,3
358,202,13
358,299,15
358,333,16
358,119,17
359,158,10
359,173,5
359,340,20
359,220,7
359,27,18
359,13,7
359,16,20
359,509,15
360,387,19
360,416,0
360,408,18
360,389,20
360,503,0
360,262,20
360,136,6
360,104,18
361,278,13
361,11,14
361,46,11
361,115,0
362,364,4
362,228,14
362,24,2
362,477,9
362,204,4
362,114,17
362,393,17
363,83,10
363,53,13
363,277,7
363,515,13
363,415,4
363,524,7
363,189,8
363,359,20
364,375,3
364,521,0
364,52,10
364,489,16
364,325,2
365,375,1
365,51,15
365,519,8
365,361,19
365,129,0
365,416,2
365,473,19
365,517,2
365,330,20
365,523,5
365,214,12
365,486,5
365,308,12
365,343,8
366,76,19
366,206,5
366,387,17
366,450,11
366,107,1
366,62,10
366,23,17
367,5,9
367,514,0
367,156,20
367,214,4
367,429,11
367,338,0
367,413,13
367,20,7
367,105,9
367,358,4
368,394,2
368,33,12
368,158,11
368,26,6
368,41,18
368,378,4
369,197,6
369,137,19
369,510,16
369,395,19
369,82,12
369,420,17
369,270,1
369,75,18
369,410,10
369,357,1
370,140,13
370,254,3
370,45,15
370,245,0
370,137,7
370,506,12
371,135,20
371,150,17
371,454,7
371,259,3
371,261,8
372,323,14
372,14,8
372,60,5
372,433,18
372,123,8
373,342,10
373,94,20
373,367,8
373,159,5
373,41,19
373,206,8
373,145,7
373,167,0
373,233,14
373,505,3
373,81,6
374,162,15
374,92,3
374,322,0
374,78,20
374,382,9
374,8,16
375,386,10
375,232,13
376,210,6
376,328,5
376,520,17
376,68,1
376,264,20
376,442,4
376,396,7
376,69,15
376,253,5
376,33,0
377,277,16
377,527,20
377,124,4
377,275,6
377,259,7
378,53,4
378,357,18
378,210,10
378,326,7
379,509,7
379,414,19
379,6,2
379,372,16
379,356,20
379,348,9
379,225,1
380,266,1
380,204,6
380,248,15
380,382,3
380,428,19
380,132,9
380,229,0
380,66,4
380,183,8
380,291,5
380,303,7
380,114,14
380,465,13
381,511,15
381,310,6
381,297,17
382,434,3
382,195,0
382,349,15
382,346,11
382,217,18
382,478,12
382,226,3
383,293,1
383,491,8
383,114,16
383,42,16
383,7,0
384,411,13
384,452,5
384,95,7
384,50,7
384,269,18
384,476,4
384,96,3
385,482,16
385,91,4
385,247,13
385,196,18
385,310,9
385,363,11
385,220,2
385,506,3
386,64,18
386,139,10
386,160,14
387,221,3
387,393,6
387,304,9
387,275,10
387,128,5
387,197,4
387,380,18
387,451,3
387,186,18
388,62,9
388,1,14
388,341,6
388,448,13
388,135,16
388,174,0
388,8,2
388,159,14
389,189,4
389,414,4
389,100,17
389,483,12
389,188,15
389,139,2
389,229,14
390,82,0
390,498,14
390,421,1
390,529,7
390,6,3
390,153,12
390,160,1
391,270,17
391,59,8
391,195,2
391,323,7
391,87,16
391,30,5
391,428,4
391,100,18
392,373,15
392,380,4
392,208,18
392,404,16
392,483,19
392,509,20
392,19,13
393,357,6
393,1,4
393,521,7
393,409,10
393,144,7
393,505,13
393,219,16
394,520,9
394,178,18
394,414,18
394,77,4
394,65,0
394,199,5
394,179,3
394,17,6
394,328,6
394,219,4
394,419,2
394,382,2
395,280,1
395,527,14
395,21,20
395,269,5
395,24,16
395,205,3
395,411,13
395,224,6
395,75,19
395,156,15
396,109,6
396,411,17
396,376,13
396,380,1
396,98,1
396,336,0
396,234,2
396,325,11
396,274,11
396,414,15
396,206,4
397,230,5
397,342,5
397,339,12
397,251,1
397,300,17
397,301,10
397,453,6
397,344,17
398,159,4
398,423,14
398,254,12
398,221,11
398,427,11
399,125,19
399,454,0
399,120,3
399,19,16
399,119,16
399,97,16
399,527,17
399,234,17
399,244,7
399,526,12
400,191,9
400,199,9
400,383,4
400,356,12
400,189,10
400,64,1
400,479,6
400,424,9
401,465,20
401,98,9
401,421,9
401,434,10
401,407,20
401,103,17
401,72,15
401,113,0
402,296,1
402,401,1
402,234,18
402,519,1
402,167,20
402,366,3
403,322,12
403,157,16
403,531,11
403,378,2
403,370,18
403,309,4
404,274,16
404,235,2
404,492,4
404,22,10
404,6,11
404,8,1
404,443,9
404,125,6
405,141,15
405,378,7
405,430,18
405,235,9
405,455,14
405,189,0
406,214,14
406,394,15
406,309,15
406,384,6
407,320,2
407,75,4
407,317,12
407,370,3
408,274,19
408,379,18
408,15,4
408,266,8
408,284,11
408,363,2
408,343,16
408,91,13
408,479,8
409,190,13
409,264,3
409,360,19
409,186,8
409,159,16
409,28,12
409,22,5
409,447,4
409,247,15
410,362,13
410,459,16
410,407,2
410,340,1
410,448,9
410,248,13
411,349,12
411,81,15
411,299,12
411,173,19
411,464,10
412,515,14
412,329,10
412,150,12
412,283,5
412,117,16
412,499,7
412,378,20
413,301,6
413,150,0
413,422,1
414,261,1
414,133,10
414,63,6
414,260,1
414,481,12
414,429,15
415,66,11
415,214,13
416,528,11
416,65,8
416,372,12
416,480,16
416,446,17
416,221,9
416,469,0
417,6,19
417,177,7
417,350,4
417,14,19
417,203,5
417,64,4
417,287,18
417,343,14
417,278,17
417,3,0
417,26,1
417,51,4
418,300,9
418,447,17
418,242,12
419,369,20
419,474,9
419,120,2
419,184,0
419,378,7
419,513,17
419,12,16
419,281,19
419,160,11
420,320,14
420,118,3
420,32,17
420,414,19
420,163,13
421,196,13
421,38,8
421,453,16
422,394,20
422,372,16
422,403,2
422,312,1
422,29,20
422,480,11
422,14,6
423,300,15
423,283,1
423,516,16
423,483,11
423,63,0
424,246,8
424,338,2
424,433,13
425,365,4
425,85,2
425,299,13
425,150,10
425,155,3
425,498,4
425,437,14
426,47,8
426,148,14
426,454,0
426,348,9
426,40,14
426,508,9
427,256,15
427,117,18
427,181,2
427,85,0
427,147,16
427,77,5
427,235,20
427,101,3
427,320,0
428,503,7
429,26,11
429,209,2
429,71,9
429,229,12
429,335,7
429,90,6
429,255,12
430,31,3
430,477,3
430,183,14
430,427,10
430,68,3
431,90,13
431,434,6
431,280,14
431,44,20
431,13,6
432,175,5
432,351,16
432,335,5
432,39,4
433,318,19
433,472,3
433,391,12
433,351,0
433,32,17
433,475,7
433,516,2
433,288,8
433,254,1
434,430,3
434,73,4
434,94,20
435,227,9
435,442,6
435,523,7
435,75,9
435,119,17
435,389,9
435,88,17
435,422,9
435,221,0
435,51,5
436,71,16
436,364,17
436,196,11
436,215,7
436,411,19
436,206,6
436,319,8
436,20,13
436,318,1
437,251,14
437,354,17
437,299,9
437,316,17
437,36,2
437,186,0
437,477,18
437,90,10
437,498,8
437,308,12
438,201,0
438,448,2
438,53,3
438,55,9
439,255,13
439,395,2
439,477,5
439,511,12
439,108,5
440,288,19
440,129,0
440,122,0
440,334,1
440,7,15
440,420,3
440,442,8
441,13,8
441,200,0
441,490,14
441,332,0
441,511,15
441,87,14
441,407,20
441,486,12
441,394,12
442,392,0
442,196,13
442,84,6
442,517,2
442,391,13
442,256,9
442,371,4
442,35,16
443,352,10
443,494,10
443,504,7
443,425,10
443,167,10
444,280,9
444,227,4
444,78,12
445,196,10
445,393,4
445,376,1
445,403,2
445,292,0
445,249,13
445,137,7
445,142,18
445,511,19
446,141,0
446,505,17
446,215,3
446,56,12
446,50,0
446,38,13
447,69,5
447,154,17
447,516,12
447,39,1
447,347,15
447,376,3
447,280,7
448,411,0
448,484,3
448,498,12
448,272,0
449,467,7
449,477,7
449,131,8
449,485,12
449,173,20
449,245,8
449,331,10
450,6,14
450,148,17
450,467,7
450,238,16
450,317,12
450,283,13
450,358,13
450,11,12
450,250,14
451,273,19
451,351,19
451,96,19
451,339,14
451,108,0
451,519,5
452,147,12
452,243,5
452,419,0
452,211,8
452,84,14
452,236,3
453,26,18
453,56,8
453,363,8
453,238,18
453,488,18
453,197,0
453,516,1
453,242,6
453,70,3
454,6,20
454,162,7
455,232,20
455,352,3
455,132,10
456,120,11
456,411,6
456,225,7
456,4,15
456,481,8
456,267,2
457,217,15
457,200,7
457,90,13
457,276,18
457,345,3
457,103,15
457,9,5
457,97,7
457,154,5
458,384,1
458,168,7
458,317,20
458,254,6
458,158,13
458,378,19
459,245,13
459,157,19
459,142,18
459,497,14
459,47,2
459,514,6
459,237,19
459,336,18
460,501,12
460,37,17
460,244,8
460,49,15
460,363,1
460,25,11
460,310,17
460,372,15
460,493,20
460,15,5
460,477,9
460,228,14
460,147,10
461,308,4
461,65,4
461,352,18
461,320,0
461,44,15
461,432,9
461,484,14
462,80,8
462,293,9
462,400,14
462,338,14
462,31,1
462,210,1
462,313,7
462,167,17
462,79,2
462,43,6
462,317,8
463,155,5
463,397,11
463,382,13
463,262,9
463,31,4
463,277,17
463,472,0
463,425,10
463,28,9
463,69,16
463,423,11
463,436,4
464,35,1
464,158,10
464,359,13
464,207,9
464,399,14
464,163,8
465,401,15
465,12,3
465,177,5
465,411,8
465,176,4
465,239,4
465,216,2
465,394,11
465,327,8
465,287,10
466,238,5
466,512,5
466,156,1
466,369,12
466,305,13
466,317,10
467,215,2
467,45,6
468,405,6
468,351,19
468,97,6
468,233,11
468,499,9
468,87,4
469,195,6
469,521,2
469,231,16
469,362,3
469,104,4
469,80,5
470,281,12
470,379,2
470,8,15
471,308,5
471,99,14
471,3,2
472,348,18
472,330,13
472,495,9
472,526,1
472,378,19
472,195,14
472,122,1
472,346,17
472,15,15
473,142,6
473,62,9
473,14,8
473,141,8
473,263,18
473,339,17
474,429,6
474,483,15
474,200,9
474,427,2
474,356,5
474,399,14
474,35,6
474,57,19
475,93,14
475,469,11
475,276,4
475,194,10
475,408,12
475,0,8
475,55,11
475,101,5
476,496,17
477,212,9
477,85,13
477,107,2
477,76,14
477,307,9
477,303,3
477,86,20
477,29,9
477,26,10
478,355,2
478,27,5
478,105,9
478,396,1
478,223,9
478,267,13
478,38,20
478,46,7
478,406,18
479,384,18
479,492,10
479,35,16
479,22,3
479,56,4
479,272,16
480,270,7
480,105,5
481,252,2
481,480,3
481,61,12
481,515,19
481,460,20
481,48,6
481,50,13
481,3,5
481,433,3
481,68,1
481,474,13
481,443,5
482,25,19
482,244,5
482,335,10
482,193,3
483,219,12
483,124,14
483,349,3
483,18,12
483,25,20
483,67,2
483,187,13
484,262,9
484,258,19
484,453,14
484,110,9
484,202,8
484,152,15
484,222,6
485,290,15
485,38,11
485,72,0
486,504,17
486,429,1
486,0,17
486,348,17
486,142,3
486,444,9
486,377,0
486,306,0
486,92,18
486,6,17
487,109,20
487,237,5
487,344,7
487,125,9
487,134,18
487,314,19
487,319,17
487,193,11
487,291,19
488,284,18
488,515,14
488,465,1
489,193,18
489,47,20
489,237,18
489,68,8
489,130,15
489,50,13
489,70,0
489,512,16
489,172,14
489,441,9
489,344,6
490,211,18
490,295,14
490,184,2
490,307,17
490,417,0
490,230,14
490,173,15
490,50,10
490,251,1
491,122,6
491,258,19
491,376,2
491,339,6
491,316,15
491,511,0
491,102,1
491,153,10
492,403,10
492,409,11
492,48,14
492,199,17
493,180,8
493,359,7
493,391,19
493,106,8
493,434,6
493,336,12
493,372,18
493,52,14
493,239,2
493,149,6
493,147,4
493,266,16
493,197,10
494,434,12
494,40,2
494,295,19
494,279,12
494,186,18
494,76,10
494,486,8
494,304,7
495,59,5
495,456,9
495,270,12
495,165,16
495,455,5
495,147,15
495,274,1
495,67,11
495,169,19
496,478,16
496,181,15
496,250,14
496,248,0
497,526,19
497,87,13
497,307,1
497,139,0
497,46,15
497,223,13
497,131,2
497,136,7
497,509,0
498,185,9
498,307,3
498,259,6
498,278,13
498,310,1
498,268,1
498,289,2
498,245,6
498,267,10
499,259,2
499,335,16
499,213,1
499,228,15
499,283,18
499,15,20
499,368,9
500,231,6
500,348,10
500,120,14
500,215,16
500,483,12
500,347,3
500,160,17
500,183,20
500,528,7
500,46,11
500,220,18
500,88,18
500,495,16
500,164,0
500,48,0
500,158,20
500,294,5
501,92,14
501,190,6
501,18,5
501,451,17
502,283,5
502,214,19
502,249,2
502,393,11
502,38,0
502,146,18
502,248,8
503,21,6
503,418,0
503,150,4
503,17,9
503,454,0
503,495,15
503,348,8
503,119,1
503,182,6
504,85,17
504,100,0
504,426,14
504,257,10
504,341,20
505,212,2
505,134,3
505,158,13
505,216,0
505,39,20
506,214,15
506,127,17
506,332,8
506,3,2
506,366,3
506,358,6
506,85,3
506,445,10
507,321,17
507,81,9
507,55,18
507,377,6
508,215,20
508,192,17
508,270,7
508,8,6
508,483,6
508,267,9
508,418,3
508,385,3
508,457,7
508,397,17
508,358,6
509,122,17
509,253,15
509,196,13
509,242,18
509,197,3
510,416,1
510,234,19
510,402,16
510,460,6
510,391,17
510,493,0
510,57,5
510,184,14
511,22,16
511,181,0
511,264,12
511,517,7
511,121,14
511,33,2
511,419,3
511,338,15
511,433,14
511,230,18
511,479,17
511,72,5
511,2,4
512,358,12
512,525,11
512,475,11
512,334,20
512,170,0
512,528,9
513,332,10
513,481,8
513,283,3
513,354,19
513,90,17
513,271,3
513,338,15
513,138,15
514,423,3
514,428,20
514,194,15
514,320,19
514,114,17
514,238,0
514,378,2
514,392,10
515,411,8
515,179,11
515,83,15
515,220,13
515,280,15
515,470,6
515,63,5
515,484,10
515,173,5
515,238,14
516,313,3
516,391,5
516,442,9
516,487,7
516,222,5
516,405,7
516,389,19
516,257,14
517,449,6
517,438,13
517,306,9
517,71,3
517,12,8
517,128,6
517,311,8
517,242,8
518,300,14
518,206,17
518,427,5
518,44,1
518,405,18
518,194,14
518,46,5
519,163,9
519,177,16
519,52,10
519,400,8
519,129,13
519,173,4
520,28,4
520,405,14
520,481,13
520,223,5
520,89,9
520,94,20
520,158,17
520,248,11
520,46,0
520,503,12
521,109,15
521,406,18
521,459,18
521,106,2
521,269,17
521,466,8
522,444,1
522,90,9
522,468,5
522,258,14
522,108,4
522,92,1
522,145,4
522,409,10
522,292,3
523,37,4
523,164,19
523,151,8
523,112,4
523,224,15
524,149,4
524,397,3
524,170,11
524,305,19
524,324,17
524,301,14
524,28,16
524,288,19
525,55,15
525,484,10
525,107,2
525,83,1
525,113,0
525,256,11
525,91,5
525,352,15
526,167,14
526,52,19
526,431,19
526,421,14
526,366,0
526,307,3
526,186,12
527,191,7
527,336,15
527,378,10
527,497,13
527,219,16
527,57,18
527,242,0
527,301,13
527,226,15
527,104,19
528,82,9
528,102,16
528,389,10
528,128,14
528,462,13
528,496,2
529,292,17
529,397,10
530,243,9
530,9,20
530,348,19
530,149,19
530,90,14
530,279,5
531,3,16
531,488,4
531,353,3
531,483,16
531,304,17
