0 -1 0
1 495 30
2 178 20
3 414 22
4 713 28
5 907 42
6 252 19
7 13 33
8 963 28
9 54 36
10 707 29
11 492 41
12 115 25
13 717 28
14 858 37
15 486 35
16 801 27
17 787 34
18 922 33
19 1030 32
20 1216 32
21 1088 34
22 457 31
23 218 22
24 293 37
25 1058 43
26 858 36
27 382 30
28 786 38
29 478 29
30 872 32
31 34 35
32 252 19
33 198 40
34 1 35
35 801 24
36 367 34
37 369 33
38 878 36
39 596 44
40 1093 36
41 992 41
42 478 29
43 115 29
44 864 23
45 288 32
46 683 31
47 938 37
48 685 28
49 607 38
50 236 37
51 427 44
52 378 31
53 1020 22
54 959 27
55 1114 39
56 559 46
57 406 28
58 1033 38
59 847 34
60 133 40
61 739 42
62 309 36
63 2 22
64 1124 28
65 1124 33
66 642 33
67 10 31
68 908 28
69 1171 23
70 671 40
71 511 28
72 134 36
73 876 31
74 769 27
75 328 22
76 1126 47
77 1158 35
78 774 27
79 1189 39
80 980 51
81 496 40
82 928 37
83 515 26
84 1010 26
85 893 31
86 860 49
87 616 36
88 85 41
89 159 28
90 188 26
91 613 26
92 485 29
93 585 42
94 219 36
95 588 32
96 1141 33
97 689 36
98 935 53
99 875 38
100 None None
101 74 27
102 458 26
103 1176 40
104 263 21
105 127 25
106 1142 48
107 919 38
108 23 25
109 1221 26
110 664 27
111 6 24
112 1103 33
113 1 32
114 879 32
115 677 22
116 204 30
117 367 31
118 569 36
119 646 33
120 1157 29
121 633 23
122 621 31
123 412 36
124 469 40
125 1062 26
126 468 26
127 0 10
128 63 32
129 27 30
130 360 30
131 127 23
132 937 37
133 362 34
134 395 33
135 335 41
136 1138 40
137 705 21
138 1020 35
139 1034 36
140 994 47
141 1196 34
142 190 42
143 149 35
144 783 32
145 161 27
146 388 38
147 933 30
148 902 18
149 389 35
150 620 30
151 1100 28
152 623 33
153 60 45
154 613 25
155 884 37
156 328 26
157 196 42
158 83 31
159 891 28
160 74 28
161 2 25
162 902 23
163 776 38
164 968 38
165 933 49
166 468 31
167 64 44
168 601 40
169 592 33
170 16 28
171 234 29
172 151 41
173 1220 35
174 227 22
175 1203 35
176 311 34
177 348 30
178 193 20
179 10 33
180 735 30
181 226 26
182 707 29
183 1148 32
184 1169 32
185 89 30
186 217 27
187 648 38
188 429 26
189 49 50
190 515 35
191 467 46
192 284 39
193 897 15
194 717 23
195 1171 37
196 262 24
197 108 28
198 1170 36
199 847 28
200 1028 27
201 218 33
202 663 34
203 63 33
204 84 28
205 583 46
206 75 29
207 1052 35
208 592 40
209 892 29
210 607 47
211 695 38
212 325 37
213 968 27
214 1028 21
215 677 17
216 663 27
217 1020 27
218 1028 14
219 677 23
220 681 33
221 792 38
222 289 32
223 195 43
224 752 37
225 711 31
226 32 21
227 864 18
228 955 40
229 110 27
230 1163 35
231 6 31
232 69 24
233 891 37
234 631 26
235 758 41
236 316 29
237 663 29
238 525 36
239 217 41
240 693 39
241 1196 33
242 915 37
243 556 37
244 399 39
245 429 30
246 309 29
247 505 24
248 478 25
249 717 26
250 872 33
251 1153 38
252 0 17
253 427 34
254 1091 38
255 305 40
256 1171 37
257 186 31
258 248 34
259 299 30
260 321 37
261 975 29
262 864 23
263 127 13
264 90 32
265 34 38
266 159 37
267 710 34
268 822 39
269 226 27
270 1010 36
271 539 38
272 81 48
273 1231 35
274 121 37
275 148 29
276 203 34
277 1145 39
278 1219 36
279 752 30
280 382 21
281 1010 30
282 131 28
283 133 36
284 969 38
285 719 40
286 730 28
287 1135 40
288 1006 27
289 631 25
290 1181 40
291 488 24
292 769 20
293 1033 27
294 714 26
295 110 27
296 162 38
297 612 48
298 604 37
299 63 28
300 None None
301 134 35
302 757 31
303 328 28
304 63 31
305 874 37
306 752 35
307 595 40
308 116 34
309 714 27
310 110 32
311 469 31
312 214 29
313 992 29
314 291 27
315 544 67
316 181 27
317 291 28
318 674 37
319 679 30
320 976 37
321 627 31
322 526 37
323 1131 28
324 23 34
325 683 30
326 1130 44
327 685 32
328 677 13
329 12 27
330 714 33
331 336 32
332 281 31
333 171 33
334 1216 25
335 83 36
336 847 28
337 243 48
338 456 33
339 139 42
340 495 32
341 608 30
342 1027 39
343 1181 36
344 943 44
345 229 34
346 1174 65
347 584 26
348 429 18
349 552 27
350 459 33
351 1122 41
352 388 37
353 23 23
354 250 36
355 288 28
356 1100 35
357 204 37
358 847 28
359 128 36
360 545 27
361 418 36
362 552 32
363 700 26
364 150 31
365 526 43
366 1012 32
367 104 29
368 1034 36
369 249 30
370 651 36
371 44 34
372 443 38
373 1078 41
374 745 34
375 768 24
376 820 40
377 227 30
378 902 23
379 1228 33
380 452 33
381 127 28
382 677 18
383 818 41
384 42 48
385 1063 35
386 1085 31
387 262 34
388 608 34
389 637 34
390 111 31
391 1224 27
392 1221 39
393 951 44
394 846 40
395 707 28
396 969 23
397 147 31
398 1099 30
399 355 38
400 12 44
401 178 23
402 1120 35
403 1069 35
404 671 38
405 1020 39
406 125 26
407 1002 32
408 137 37
409 705 28
410 834 37
411 264 34
412 846 32
413 1022 38
414 178 21
415 238 49
416 1197 38
417 427 47
418 711 35
419 1207 44
420 159 34
421 1196 33
422 145 28
423 281 40
424 160 28
425 54 31
426 634 41
427 310 32
428 324 36
429 382 18
430 1040 22
431 237 36
432 864 25
433 582 32
434 184 40
435 406 31
436 762 34
437 887 35
438 985 38
439 None None
440 425 32
441 1189 35
442 174 42
443 535 32
444 909 34
445 1020 26
446 749 34
447 268 44
448 632 33
449 1230 35
450 147 39
451 3 41
452 864 27
453 483 41
454 232 25
455 992 40
456 161 29
457 215 24
458 969 25
459 358 30
460 999 29
461 1003 38
462 387 36
463 259 38
464 362 43
465 14 49
466 27 40
467 432 27
468 1010 23
469 44 28
470 331 36
471 35 27
472 903 38
473 1064 35
474 678 29
475 711 32
476 188 29
477 654 37
478 488 17
479 1108 32
480 1118 51
481 280 21
482 763 23
483 234 28
484 65 33
485 429 19
486 330 35
487 929 42
488 902 14
489 1151 29
490 1163 33
491 1188 35
492 654 39
493 816 31
494 634 41
495 328 30
496 329 32
497 569 35
498 887 36
499 1140 41
500 495 36
501 448 34
502 592 24
503 683 39
504 855 26
505 328 17
506 328 29
507 587 30
508 1020 35
509 816 36
510 180 36
511 1020 23
512 1120 32
513 698 30
514 396 23
515 858 26
516 358 31
517 1211 37
518 245 30
519 987 45
520 1176 36
521 226 30
522 160 31
523 269 46
524 32 27
525 246 30
526 1158 37
527 597 32
528 64 33
529 21 38
530 1108 23
531 1131 23
532 542 32
533 770 36
534 1052 34
535 887 29
536 513 32
537 711 38
538 649 42
539 101 27
540 159 45
541 950 36
542 515 27
543 683 29
544 93 52
545 642 25
546 27 38
547 341 39
548 533 36
549 330 38
550 184 37
551 679 44
552 1028 24
553 608 39
554 826 34
555 348 25
556 539 28
557 348 19
558 826 39
559 1003 41
560 901 38
561 49 41
562 615 33
563 668 39
564 170 34
565 1152 34
566 805 29
567 1177 34
568 147 33
569 677 22
570 914 33
571 1033 29
572 785 38
573 630 33
574 262 30
575 405 56
576 401 35
577 1178 21
578 1112 35
579 10 39
580 1174 45
581 964 42
582 353 31
583 1010 34
584 999 23
585 334 34
586 906 34
587 712 22
588 1097 28
589 909 38
590 603 30
591 398 31
592 280 21
593 917 35
594 429 23
595 797 33
596 177 35
597 200 27
598 389 40
599 626 39
600 154 36
601 821 29
602 965 36
603 252 29
604 216 30
605 1067 35
606 648 35
607 75 37
608 1188 25
609 667 41
610 148 22
611 249 42
612 175 37
613 121 23
614 882 41
615 779 32
616 801 35
617 218 24
618 96 36
619 922 33
620 218 23
621 430 27
622 785 36
623 594 32
624 330 33
625 514 25
626 687 32
627 767 30
628 65 35
629 312 32
630 610 30
631 901 23
632 613 30
633 891 23
634 848 37
635 681 26
636 633 31
637 524 34
638 896 34
639 1022 51
640 185 30
641 367 36
642 23 24
643 1106 28
644 768 31
645 1135 34
646 872 32
647 71 37
648 762 33
649 174 40
650 482 27
651 1055 33
652 762 31
653 1183 42
654 35 29
655 642 29
656 1220 36
657 194 30
658 194 28
659 697 43
660 761 47
661 341 35
662 145 29
663 970 26
664 768 24
665 160 28
666 1182 35
667 3 35
668 1056 36
669 347 26
670 904 36
671 396 29
672 980 47
673 825 32
674 409 37
675 161 31
676 4 30
677 897 13
678 617 27
679 1010 29
680 1081 40
681 631 24
682 372 41
683 774 25
684 947 36
685 178 27
686 836 46
687 358 32
688 591 31
689 460 34
690 137 33
691 676 40
692 835 33
693 985 33
694 42 37
695 117 31
696 83 31
697 732 41
698 1131 25
699 359 41
700 801 25
701 613 30
702 445 36
703 62 37
704 1023 38
705 505 19
706 109 31
707 969 27
708 323 37
709 377 46
710 435 34
711 348 30
712 263 22
713 1171 21
714 226 26
715 1101 38
716 303 30
717 32 19
718 626 33
719 288 31
720 1202 28
721 1082 32
722 265 38
723 53 41
724 35 34
725 3 38
726 57 35
727 116 34
728 1096 30
729 685 32
730 613 23
731 295 29
732 1147 33
733 402 39
734 406 40
735 16 30
736 433 32
737 490 37
738 484 33
739 227 36
740 481 37
741 1191 48
742 224 41
743 1062 37
744 75 38
745 525 33
746 681 26
747 261 35
748 44 33
749 1068 29
750 772 36
751 1179 39
752 833 29
753 627 34
754 4 35
755 781 34
756 1007 35
757 3 31
758 1194 37
759 915 35
760 331 32
761 710 36
762 835 29
763 328 21
764 814 30
765 215 23
766 873 39
767 531 29
768 1116 24
769 218 18
770 890 33
771 377 33
772 663 35
773 347 34
774 1216 25
775 101 31
776 478 29
777 915 25
778 666 35
779 959 28
780 975 34
781 456 31
782 332 34
783 3 29
784 1215 44
785 773 36
786 1151 34
787 514 33
788 1219 42
789 202 48
790 961 40
791 511 33
792 34 37
793 733 47
794 47 43
795 1136 29
796 1068 36
797 2 28
798 None None
799 706 37
800 414 23
801 1147 23
802 984 26
803 162 33
804 642 27
805 625 26
806 606 35
807 7 35
808 1075 36
809 849 46
810 279 32
811 707 36
812 926 33
813 1108 30
814 375 26
815 594 32
816 84 29
817 590 32
818 178 33
819 1045 35
820 617 39
821 16 28
822 1049 33
823 15 35
824 317 36
825 700 27
826 54 32
827 422 36
828 263 29
829 501 37
830 186 31
831 591 34
832 712 35
833 556 29
834 104 21
835 395 28
836 77 39
837 876 26
838 457 31
839 430 30
840 874 37
841 986 43
842 811 44
843 847 28
844 1037 51
845 1211 32
846 797 28
847 23 23
848 293 34
849 445 34
850 874 38
851 158 36
852 162 28
853 361 36
854 1002 26
855 531 23
856 227 37
857 623 34
858 584 25
859 518 31
860 594 37
861 728 30
862 632 34
863 1123 34
864 127 18
865 510 39
866 2 20
867 177 41
868 1106 33
869 1202 25
870 474 33
871 849 35
872 1097 29
873 162 23
874 1196 34
875 775 37
876 631 25
877 924 33
878 181 28
879 768 28
880 671 48
881 1106 32
882 511 36
883 631 26
884 456 31
885 216 33
886 1067 34
887 959 26
888 152 41
889 35 32
890 1028 21
891 252 23
892 252 28
893 481 30
894 330 35
895 569 31
896 110 31
897 0 6
898 1097 32
899 90 33
900 380 34
901 32 23
902 897 7
903 1038 30
904 1025 33
905 825 41
906 864 30
907 214 32
908 977 28
909 115 29
910 1007 33
911 529 41
912 303 39
913 445 35
914 1085 27
915 178 21
916 525 37
917 852 30
918 184 39
919 1230 28
920 239 45
921 253 34
922 215 28
923 431 49
924 521 31
925 1116 38
926 1178 27
927 866 28
928 275 36
929 654 31
930 1039 35
931 408 43
932 556 31
933 764 30
934 526 45
935 936 40
936 456 32
937 909 30
938 629 36
939 468 30
940 554 36
941 1064 33
942 286 36
943 481 31
944 1182 35
945 728 37
946 1210 39
947 109 35
948 252 34
949 909 37
950 977 35
951 162 30
952 658 32
953 858 39
954 868 35
955 964 34
956 483 45
957 471 34
958 169 44
959 1097 26
960 526 46
961 1155 39
962 768 35
963 1202 27
964 577 27
965 780 34
966 746 44
967 496 33
968 834 21
969 6 22
970 777 25
971 429 33
972 1061 32
973 992 31
974 526 43
975 115 23
976 204 30
977 353 28
978 952 44
979 861 34
980 621 35
981 928 40
982 102 30
983 1075 32
984 1136 25
985 671 30
986 68 38
987 44 37
988 875 43
989 43 35
990 226 36
991 907 40
992 633 26
993 243 40
994 117 47
995 174 27
996 1033 36
997 22 42
998 1068 34
999 292 23
1000 542 35
1001 883 29
1002 468 24
1003 887 31
1004 1089 32
1005 810 41
1006 805 27
1007 532 33
1008 125 30
1009 773 35
1010 292 20
1011 645 38
1012 922 29
1013 26 37
1014 327 38
1015 316 28
1016 94 40
1017 1097 25
1018 999 31
1019 1082 40
1020 897 21
1021 1056 39
1022 420 36
1023 774 32
1024 433 40
1025 414 23
1026 843 45
1027 759 35
1028 0 11
1029 541 42
1030 858 25
1031 254 42
1032 989 48
1033 148 20
1034 627 31
1035 635 34
1036 1077 33
1037 1090 39
1038 587 28
1039 556 34
1040 577 21
1041 473 39
1042 None None
1043 219 24
1044 45 35
1045 174 30
1046 627 31
1047 1126 42
1048 858 29
1049 275 30
1050 795 33
1051 1178 26
1052 908 29
1053 899 36
1054 109 34
1055 110 27
1056 767 36
1057 257 41
1058 973 39
1059 356 35
1060 485 30
1061 457 26
1062 104 26
1063 134 33
1064 109 33
1065 43 39
1066 898 38
1067 774 34
1068 847 28
1069 1148 31
1070 64 42
1071 632 41
1072 568 33
1073 208 48
1074 31 35
1075 1093 32
1076 None None
1077 658 33
1078 1131 32
1079 604 39
1080 576 36
1081 814 27
1082 536 32
1083 1060 36
1084 1165 35
1085 1136 27
1086 633 33
1087 887 34
1088 289 30
1089 159 31
1090 1002 33
1091 693 36
1092 1160 44
1093 378 31
1094 1053 44
1095 969 39
1096 422 30
1097 53 22
1098 783 35
1099 969 22
1100 584 24
1101 45 35
1102 230 38
1103 1170 31
1104 1224 26
1105 348 26
1106 334 25
1107 791 36
1108 834 23
1109 906 38
1110 1060 39
1111 249 30
1112 433 34
1113 774 28
1114 1136 39
1115 1120 40
1116 23 24
1117 662 34
1118 1165 34
1119 525 43
1120 216 31
1121 1061 35
1122 13 35
1123 805 33
1124 75 25
1125 137 35
1126 151 28
1127 122 42
1128 770 45
1129 732 40
1130 258 34
1131 227 22
1132 932 37
1133 207 38
1134 825 47
1135 972 34
1136 677 19
1137 1055 27
1138 839 40
1139 565 36
1140 432 36
1141 615 32
1142 1113 44
1143 959 40
1144 16 37
1145 64 32
1146 539 28
1147 263 14
1148 185 30
1149 107 44
1150 395 40
1151 1028 22
1152 631 24
1153 420 37
1154 511 34
1155 802 32
1156 256 38
1157 720 29
1158 1136 34
1159 873 37
1160 1011 41
1161 203 34
1162 817 32
1163 833 29
1164 574 35
1165 535 30
1166 105 42
1167 None None
1168 463 39
1169 468 27
1170 669 31
1171 263 17
1172 929 39
1173 1151 31
1174 564 45
1175 62 40
1176 852 34
1177 775 33
1178 348 18
1179 828 32
1180 None None
1181 1131 33
1182 1220 29
1183 89 31
1184 831 37
1185 22 46
1186 732 42
1187 347 30
1188 1097 22
1189 489 31
1190 777 32
1191 414 36
1192 485 22
1193 1151 32
1194 1117 36
1195 883 29
1196 328 29
1197 714 32
1198 712 40
1199 664 37
1200 387 37
1201 635 35
1202 154 25
1203 183 35
1204 514 31
1205 969 38
1206 965 36
1207 403 35
1208 861 31
1209 965 38
1210 1109 39
1211 657 30
1212 71 42
1213 545 29
1214 601 40
1215 942 36
1216 557 25
1217 938 42
1218 457 41
1219 1050 34
1220 506 29
1221 1178 26
1222 397 34
1223 7 36
1224 713 22
1225 999 23
1226 325 36
1227 878 28
1228 166 33
1229 13 39
1230 968 25
1231 177 31
1232 113 46
