0 -1 0
1 34 47
2 11 54
3 94 31
4 83 34
5 38 59
6 75 58
7 89 43
8 85 53
9 34 41
10 34 37
11 8 54
12 54 56
13 99 45
14 1 51
15 26 59
16 24 70
17 95 31
18 48 66
19 94 30
20 83 18
21 72 28
22 4 36
23 30 67
24 73 52
25 None None
26 43 52
27 73 44
28 53 58
29 17 42
30 13 61
31 34 44
32 57 42
33 None None
34 17 33
35 83 30
36 35 49
37 92 54
38 10 39
39 94 40
40 31 44
41 9 49
42 96 50
43 66 44
44 43 55
45 48 55
46 17 41
47 63 34
48 31 51
49 40 47
50 87 34
51 43 45
52 12 68
53 34 48
54 91 52
55 0 9
56 58 45
57 17 42
58 72 26
59 21 47
60 77 43
61 9 57
62 7 63
63 0 18
64 98 54
65 43 59
66 50 35
67 58 45
68 84 59
69 20 22
70 52 84
71 None None
72 55 18
73 10 37
74 43 57
75 32 47
76 83 30
77 84 43
78 9 43
79 32 60
80 19 42
81 63 36
82 89 54
83 72 18
84 89 42
85 10 49
86 60 53
87 0 18
88 50 48
89 46 41
90 20 25
91 63 35
92 81 47
93 88 61
94 72 28
95 83 27
96 84 43
97 96 49
98 91 41
99 73 39
