1233
6165
0,897,6
0,127,10
0,1028,11
0,252,17
1,34,5
1,1058,16
1,113,2
1,542,17
2,63,2
2,756,16
2,797,8
2,866,0
2,161,5
3,269,6
3,451,19
3,489,14
3,725,16
3,757,9
3,783,7
3,576,16
3,667,13
4,676,2
4,983,13
4,1137,20
4,754,7
5,587,2
5,658,4
5,956,9
5,189,9
5,20,2
5,227,5
6,231,12
6,969,3
6,657,19
6,111,5
7,271,5
7,884,2
7,1158,17
7,477,12
7,1223,3
7,807,2
8,531,0
8,833,4
8,422,17
9,384,16
9,808,5
9,951,10
9,17,7
9,925,12
10,123,8
10,179,4
10,176,7
10,8,14
10,67,2
10,1135,15
10,579,10
10,412,18
11,682,12
11,497,5
11,455,0
11,1184,0
11,1070,15
11,42,6
12,400,19
12,329,2
12,1015,6
12,830,11
12,1079,16
13,7,5
13,1051,18
13,460,14
13,849,13
13,1229,11
13,1122,7
14,465,12
14,320,4
14,543,16
14,1211,3
14,314,0
14,825,12
14,232,10
15,920,20
15,1218,10
15,823,0
15,961,5
15,884,14
15,1096,19
16,71,15
16,170,1
16,735,3
16,92,8
16,821,1
16,184,20
16,1144,10
17,489,0
17,484,18
17,903,19
17,1163,10
17,776,14
17,874,12
17,198,19
18,369,18
18,211,16
18,891,15
18,910,1
19,429,20
19,746,3
20,295,6
20,1146,19
20,712,17
20,700,15
20,528,8
21,1012,20
21,377,12
21,617,19
21,1086,18
21,529,4
21,192,10
21,1013,6
22,542,0
22,115,15
22,1185,15
22,29,19
22,997,11
22,521,10
22,154,7
22,294,16
22,316,3
22,878,8
23,108,3
23,353,1
23,642,2
23,847,1
23,1116,2
23,19,15
23,324,12
24,743,12
25,773,20
25,1093,7
25,380,14
25,932,2
25,1063,16
25,799,5
26,546,19
26,1013,1
27,129,0
27,466,10
27,546,8
27,380,20
27,429,10
27,173,20
27,687,10
27,1171,0
27,818,15
27,526,11
27,232,9
27,889,11
28,3,10
28,473,9
28,619,5
28,715,8
28,800,10
29,61,16
29,814,13
29,171,8
29,81,14
29,541,18
29,156,1
30,50,9
30,270,4
30,1025,20
30,681,17
30,454,4
31,513,14
31,256,9
31,536,16
31,63,6
31,476,6
31,834,4
31,1175,7
31,1074,0
32,852,12
32,524,8
32,226,2
32,901,4
32,717,0
33,781,12
33,694,8
33,1148,19
34,1038,16
34,373,6
34,17,2
34,792,2
34,576,7
34,265,3
34,31,0
35,889,8
35,199,9
35,724,10
35,1017,18
35,563,16
35,654,5
35,471,3
36,810,12
36,876,15
37,543,7
37,407,7
37,786,18
37,629,15
37,175,17
37,1033,18
37,404,6
38,592,0
38,1039,11
38,590,14
38,999,9
38,740,11
38,276,15
38,475,15
39,1136,15
39,1008,19
39,889,20
39,51,1
40,886,17
40,433,8
41,612,1
41,659,6
41,1070,14
41,688,11
41,728,12
42,681,3
42,1199,11
42,539,2
42,74,18
42,694,8
42,631,5
42,821,15
42,233,13
42,384,19
43,999,17
43,989,6
43,361,8
43,1116,18
43,1065,10
43,16,13
44,987,14
44,364,12
44,469,5
44,230,20
44,748,10
44,371,11
45,1101,3
45,108,7
45,289,7
45,1044,3
45,390,5
45,1062,9
46,164,17
46,111,7
46,680,9
46,1,13
46,583,19
46,929,13
46,156,7
46,628,16
47,191,15
47,754,17
47,254,13
47,794,6
47,1087,5
48,834,0
49,22,16
49,542,19
49,1198,5
49,561,3
49,973,6
49,322,17
49,189,12
49,187,9
49,619,6
50,1232,15
50,507,18
51,675,7
51,850,12
51,877,1
51,331,20
51,461,10
51,324,2
51,1218,12
52,817,1
52,125,4
52,30,5
52,1170,16
53,723,19
53,1097,0
53,930,19
53,775,19
54,425,4
54,242,16
54,556,20
54,1137,1
54,906,13
54,826,5
54,9,9
54,363,12
55,1143,10
55,324,12
55,1189,9
56,503,9
56,115,1
56,290,19
57,1140,13
57,196,14
57,726,7
57,149,11
57,969,9
58,277,16
58,863,11
58,441,7
58,492,17
58,89,1
59,952,2
59,1146,2
59,781,18
59,778,20
59,123,12
59,973,15
60,153,5
60,364,2
60,368,4
61,1160,13
61,793,5
61,1158,0
61,438,3
61,210,13
61,1115,10
62,1175,4
62,543,16
62,193,2
62,703,1
62,166,7
62,57,11
63,203,11
63,128,10
63,407,16
63,299,6
63,593,19
63,1049,16
63,304,9
64,779,4
64,535,15
64,167,16
64,528,5
64,1070,14
64,668,11
64,1145,4
65,484,0
65,69,18
65,784,12
65,917,10
65,1087,3
65,338,9
65,628,2
65,664,12
66,607,10
66,500,8
66,395,12
66,933,5
66,214,0
66,802,12
66,978,16
67,681,16
67,95,2
67,176,14
68,242,18
68,986,10
68,550,13
68,175,18
68,822,17
68,321,17
68,178,12
69,232,1
69,1063,20
69,256,18
70,227,2
70,383,17
71,647,9
71,284,19
71,1212,14
71,1105,19
71,590,7
72,606,8
72,703,4
72,936,7
72,213,14
72,199,18
73,864,13
73,429,4
73,505,9
74,160,1
74,810,16
74,101,0
75,224,18
75,584,3
75,744,16
75,206,7
75,1124,3
75,607,15
76,697,8
76,496,12
76,74,2
76,1154,5
76,1078,1
77,1092,12
77,317,19
77,836,4
78,1014,13
78,195,16
78,427,17
78,485,15
79,713,18
79,1169,5
79,741,15
79,914,2
80,665,10
80,223,11
80,352,18
80,727,9
80,616,1
81,835,12
81,933,18
81,754,9
81,322,15
81,773,18
81,1213,15
81,1184,5
81,114,2
81,437,11
81,272,8
82,1186,7
82,923,19
82,320,14
82,748,13
83,148,19
83,1123,16
83,696,5
83,158,5
83,335,10
84,927,19
84,321,12
84,204,2
84,816,3
85,1130,8
85,137,20
85,314,8
85,88,10
85,184,18
85,178,12
86,416,11
86,199,6
86,521,17
86,73,7
86,690,17
86,649,3
86,188,18
87,904,4
87,627,9
87,813,6
87,1010,14
87,421,13
87,1171,19
87,259,11
87,802,15
87,111,10
88,389,0
88,836,12
88,776,10
88,640,3
88,96,11
88,453,15
89,1183,3
89,635,20
89,185,2
89,532,4
90,264,6
90,531,14
90,899,7
90,350,20
90,735,14
91,111,9
91,412,18
91,1039,20
92,1098,16
92,936,7
93,444,12
93,936,16
93,295,1
93,544,10
93,603,3
93,695,14
93,501,4
94,229,12
94,16,14
94,1016,4
94,632,9
94,1161,15
95,889,10
95,647,9
95,562,16
96,206,14
96,701,10
96,1138,16
96,990,16
96,618,3
96,145,17
96,490,6
96,457,12
96,734,11
96,687,1
96,251,16
96,269,8
97,952,7
97,382,20
97,1030,2
97,779,9
97,1195,12
98,522,11
99,859,7
100,395,8
100,1108,6
100,518,8
100,552,3
101,406,0
101,539,0
101,259,11
101,821,2
101,775,4
102,339,20
102,1064,11
102,982,4
103,936,9
103,970,12
103,768,9
103,455,19
103,55,17
104,367,8
104,1062,5
104,63,4
104,834,0
105,94,18
105,1166,17
105,257,7
105,436,13
105,211,15
105,1200,19
106,766,6
106,476,8
106,507,4
106,833,17
107,1137,14
107,1149,6
107,818,2
107,187,3
108,197,3
108,616,18
108,688,7
108,1209,14
108,407,15
109,654,20
109,1064,7
109,47,17
109,706,5
109,1054,8
109,113,11
109,947,9
110,295,0
110,229,0
110,896,4
110,625,16
110,310,5
110,1055,0
110,821,6
111,312,11
111,197,16
111,288,16
111,166,8
111,390,7
111,1055,19
112,454,15
113,939,17
113,1232,14
113,558,13
113,924,16
114,306,3
115,1148,11
115,1117,18
115,975,1
115,43,7
115,359,20
115,909,7
115,12,3
116,598,13
116,727,4
116,308,4
117,994,16
117,695,0
117,164,12
117,358,2
117,694,18
118,718,3
118,1088,2
118,194,5
118,644,10
118,257,12
118,1191,1
119,755,11
119,479,19
119,778,10
120,152,14
120,891,11
121,274,14
121,613,0
121,1125,14
122,1127,11
122,855,4
122,968,18
122,756,7
123,442,11
123,1041,18
123,82,19
123,1150,7
123,627,1
123,1052,4
123,577,11
123,1215,3
123,23,4
123,22,1
124,619,7
124,491,20
124,818,15
124,263,7
124,1128,11
125,406,0
125,1008,4
126,941,9
126,995,9
126,221,18
127,105,15
127,381,18
127,263,3
127,864,8
127,131,13
128,18,14
128,1166,12
128,878,19
128,1031,13
128,386,15
128,359,4
128,216,5
129,503,17
129,114,10
129,814,8
129,119,12
129,1103,6
129,424,11
130,1099,5
130,194,1
130,602,10
130,389,14
130,314,15
130,284,20
130,1068,20
130,570,19
130,1137,18
131,983,12
131,433,19
131,282,5
132,984,12
132,780,8
132,622,6
132,84,5
133,60,6
133,114,14
133,1097,4
133,539,15
133,283,2
134,301,2
134,1063,0
134,72,3
134,950,3
134,286,0
135,934,10
135,475,9
135,479,20
135,450,2
136,528,7
136,546,19
136,1079,11
136,1113,1
136,568,6
136,472,8
137,408,16
137,690,12
137,382,10
137,1002,11
137,1125,14
138,306,2
138,107,7
138,259,19
138,1016,10
138,1213,20
139,498,1
139,1086,4
139,339,6
139,771,2
139,501,13
140,1003,14
140,319,14
140,1089,10
140,114,16
140,404,14
140,159,7
140,982,17
141,836,11
142,684,20
142,163,10
142,23,18
142,1128,20
142,354,6
143,362,17
144,1220,5
144,590,10
144,579,19
144,1141,4
144,714,9
145,188,10
145,422,1
145,685,20
145,261,7
145,662,2
146,48,3
146,374,4
146,747,5
146,224,16
146,446,17
146,222,2
146,571,7
147,1088,14
147,663,8
147,568,3
147,437,8
147,673,15
147,493,1
147,261,16
147,397,1
147,450,9
148,275,11
148,1055,20
148,610,4
148,1225,10
148,1033,2
149,732,0
149,225,3
149,643,16
149,1144,17
149,394,8
149,143,0
150,364,1
150,1095,14
150,83,11
150,526,16
151,900,16
151,1130,18
151,516,13
151,172,13
151,1126,0
151,810,19
151,1043,5
152,728,11
152,1105,2
152,888,8
152,1011,13
152,71,3
153,981,6
153,271,15
153,632,8
153,1177,6
153,44,17
153,792,3
153,903,8
154,1202,0
154,600,11
154,1139,13
155,69,17
155,633,0
155,720,17
156,666,19
156,378,15
157,699,2
157,1185,14
157,1209,6
157,895,4
157,172,14
158,353,14
158,631,6
158,1187,3
158,1161,12
158,15,14
158,95,2
158,851,5
158,800,19
159,662,15
159,540,17
159,89,0
159,1034,6
159,266,9
159,1089,3
159,416,20
159,658,13
159,777,1
159,420,6
160,522,3
160,665,0
160,424,0
160,885,17
160,906,17
161,145,2
161,675,6
161,456,4
161,531,18
162,873,0
162,852,5
162,445,15
162,782,18
162,520,17
162,296,15
162,951,7
162,803,10
162,995,9
163,416,20
163,667,6
163,1158,11
163,305,17
164,773,12
164,1131,14
164,934,14
164,808,2
165,1187,17
165,918,13
165,1101,0
166,269,12
166,1228,2
166,41,14
167,281,3
167,761,0
167,418,5
167,190,4
168,471,20
168,861,18
168,345,18
168,1165,7
169,29,2
169,537,15
169,129,13
169,958,11
169,957,15
169,166,1
169,586,10
169,421,5
170,684,15
170,682,18
170,564,6
170,389,9
171,505,9
171,333,4
172,56,13
172,479,10
172,109,14
172,1050,5
172,86,20
172,274,1
172,744,6
172,335,17
172,383,2
172,578,18
173,534,1
173,953,18
173,323,5
174,438,19
174,995,5
174,932,14
174,180,10
174,442,20
174,1045,8
174,649,18
175,709,16
175,612,2
175,590,16
175,654,12
175,76,15
175,1068,1
175,638,5
176,1069,14
176,928,18
176,795,12
176,769,17
176,661,13
176,1026,19
177,489,1
177,250,6
177,902,18
177,292,6
177,73,2
177,1231,1
177,596,5
177,867,11
177,900,20
177,469,8
178,818,13
178,1215,18
178,1113,12
178,685,7
178,915,1
178,2,0
178,414,1
178,401,3
179,130,6
180,510,6
180,327,20
180,418,17
181,216,11
181,316,1
181,1095,14
181,878,2
181,204,12
181,830,8
182,976,8
182,90,2
182,89,4
183,157,20
183,1203,3
183,225,6
183,400,18
184,536,19
184,918,7
184,871,8
184,334,6
184,434,8
184,550,5
184,467,1
185,700,8
185,482,1
185,24,19
185,640,0
185,1012,10
185,1148,0
185,1016,14
185,751,20
186,1108,12
186,724,7
186,596,14
186,257,4
186,288,13
186,1112,11
186,940,17
186,830,4
187,796,17
187,508,13
187,505,18
187,149,10
188,322,12
188,310,18
188,476,3
188,90,0
189,206,10
189,823,16
189,1009,9
189,240,12
189,53,16
190,802,3
190,142,7
190,191,18
190,111,12
191,1087,1
191,603,14
191,1187,2
191,1207,9
191,879,13
192,842,16
192,290,16
192,751,15
192,965,5
192,484,16
193,178,5
194,657,7
194,658,5
195,223,6
195,77,12
195,769,3
195,537,19
195,204,4
196,157,18
196,1171,3
196,703,16
196,564,18
196,899,19
197,501,20
197,1046,12
198,475,8
198,539,6
198,582,8
198,33,4
198,1015,9
199,884,9
199,1061,11
199,288,4
199,947,9
199,1198,17
200,402,17
200,1077,20
200,1060,7
200,896,6
200,15,15
200,430,15
200,597,0
200,8,8
201,1148,4
201,72,3
201,154,7
202,968,15
202,663,20
202,335,16
202,1110,8
202,1148,18
202,789,14
202,895,5
202,713,1
203,1161,1
203,1149,17
203,1016,8
203,940,18
203,526,8
203,1105,17
203,645,16
203,276,1
203,1166,14
204,357,9
204,116,2
204,1201,8
204,1225,7
204,900,15
204,356,11
204,976,2
205,527,0
205,389,1
205,1171,13
205,932,4
205,98,14
205,295,16
206,250,5
206,890,20
206,973,19
206,1082,4
206,408,18
206,1089,7
206,714,3
207,707,12
207,2,15
207,554,8
207,1133,3
207,235,13
208,150,18
208,1073,8
208,238,7
208,12,11
209,227,3
209,713,18
209,587,0
209,696,11
209,330,10
210,976,11
210,573,18
210,897,2
210,785,16
210,99,18
210,847,1
211,163,5
211,703,0
211,776,10
212,828,20
212,731,0
212,282,18
212,1003,5
212,182,11
212,615,0
212,905,20
212,454,12
213,438,15
214,149,16
214,907,11
214,312,8
215,457,7
215,765,6
215,566,14
215,919,12
215,922,11
216,604,3
216,1120,4
216,482,7
216,885,6
216,18,11
216,433,10
216,396,3
216,158,18
217,186,0
217,1051,6
217,1223,12
217,239,14
218,1148,17
218,154,15
218,617,10
218,23,8
218,620,9
218,201,19
218,769,4
219,1043,1
219,94,13
220,905,12
221,375,12
221,26,16
221,616,4
221,1035,12
221,802,2
221,367,11
221,246,17
221,825,8
221,1191,19
221,234,4
222,253,10
222,48,6
223,326,6
223,193,14
223,700,0
224,977,12
224,577,9
224,554,9
224,522,20
224,742,4
224,153,10
225,545,18
225,58,17
226,1178,9
226,181,5
226,1116,18
226,714,5
226,269,6
226,521,9
226,990,15
227,432,18
227,856,19
227,739,18
227,728,17
227,75,10
227,174,4
227,1131,4
227,377,12
228,275,9
228,874,9
228,756,18
229,345,7
229,612,18
229,982,4
230,526,10
230,743,4
230,1102,3
231,1176,13
231,96,14
231,278,6
232,454,1
232,508,13
232,985,14
232,749,6
232,984,16
233,1144,7
233,213,10
233,369,9
233,1068,17
233,58,3
234,171,3
234,1202,9
234,483,2
234,0,5
235,668,11
235,1228,10
235,1063,13
236,50,8
236,493,10
236,1169,11
237,603,2
237,830,15
237,783,10
237,241,9
237,431,7
238,415,13
238,977,19
238,944,15
239,797,16
239,514,8
239,906,0
239,1101,9
239,944,3
239,1083,9
239,173,4
239,920,4
240,608,9
240,877,11
240,854,16
240,1103,5
240,432,14
240,1064,0
240,409,18
240,805,2
240,15,6
240,395,19
241,19,16
241,412,12
242,268,13
242,601,4
242,792,20
242,64,16
242,1151,16
243,1129,7
243,993,3
243,1221,10
243,1040,15
243,736,16
243,337,11
244,293,16
244,922,2
245,6,12
245,628,17
245,658,20
245,518,0
245,1209,18
246,525,1
247,150,16
247,1,19
247,828,10
248,13,15
248,258,9
248,1154,10
248,1029,18
248,207,18
248,995,10
249,369,4
249,443,10
249,611,16
249,1111,4
249,525,6
249,968,15
249,395,14
250,1115,17
250,418,20
250,354,3
251,675,14
251,884,18
251,158,18
252,948,17
252,892,11
252,1116,10
252,32,2
252,891,6
252,603,12
252,6,2
253,21,9
253,571,5
253,377,2
253,1095,10
253,766,12
253,921,0
253,863,15
253,149,7
253,1114,19
254,739,10
254,1027,9
254,1031,4
254,748,6
254,600,1
254,408,8
254,56,16
255,750,16
255,20,1
255,841,7
255,432,7
255,83,20
255,886,11
255,272,15
256,1156,1
256,704,13
256,912,10
256,604,13
257,525,5
257,1057,10
257,1107,9
257,1091,13
257,829,15
258,316,8
258,164,12
258,428,9
258,1102,8
258,344,12
258,715,15
258,524,8
258,533,17
258,506,2
258,651,3
258,1130,0
259,880,19
259,953,20
259,828,7
259,638,17
259,463,8
260,20,3
260,915,13
260,544,16
260,1099,1
260,186,4
260,88,19
260,778,2
260,852,16
260,1052,16
261,959,8
261,1145,9
261,747,6
262,196,1
262,387,11
262,868,11
262,270,14
262,102,7
262,367,12
262,574,7
263,104,8
263,1147,1
263,712,9
263,1171,4
263,828,16
264,411,2
264,114,4
264,400,18
264,959,8
264,816,15
265,1150,4
265,1105,14
265,722,0
265,109,13
265,452,11
265,1037,5
266,552,7
266,1207,16
266,199,14
266,285,5
266,1209,18
266,1089,17
267,28,7
267,362,19
267,1179,2
267,549,18
267,236,10
268,1014,4
268,66,16
268,447,5
268,43,6
268,968,5
269,101,9
269,577,13
269,568,15
269,1022,15
269,523,19
269,1067,20
270,387,4
271,1039,8
271,248,12
271,600,19
271,784,12
271,885,15
271,636,10
271,1131,2
271,964,15
271,963,9
272,1209,10
272,731,17
272,34,2
272,739,14
273,548,7
273,76,18
273,895,19
274,261,7
274,478,16
274,891,13
275,1153,18
275,928,7
275,452,6
275,1049,1
276,23,12
277,503,19
277,1100,18
278,847,8
278,1148,1
278,126,9
278,815,1
279,810,2
279,941,13
279,1191,10
280,481,0
280,592,0
280,889,16
281,947,14
281,332,1
281,1120,2
281,571,9
281,87,12
281,685,15
281,423,10
282,1004,20
282,668,13
283,977,4
283,797,4
283,256,1
284,414,16
284,77,8
284,192,1
285,81,15
285,167,4
285,563,10
285,235,18
285,478,10
285,451,19
285,648,18
285,606,6
286,942,8
286,1064,20
286,763,1
287,916,2
287,159,8
287,1114,1
287,840,17
287,888,7
287,569,6
287,32,10
288,45,5
288,757,8
288,199,15
288,719,4
288,355,1
289,1088,5
289,362,18
289,516,14
289,222,7
289,1039,10
290,698,19
290,120,19
291,755,13
291,588,14
291,1155,12
291,314,3
291,317,4
291,582,19
292,1147,10
292,1010,0
292,999,3
292,676,20
293,839,10
293,24,10
293,848,7
293,169,12
293,785,13
294,229,16
294,852,12
294,9,15
295,416,12
295,173,15
295,675,8
295,731,2
295,239,16
295,87,20
295,505,3
295,855,15
295,101,3
296,501,14
296,453,10
296,897,5
297,82,7
297,1131,2
297,1169,14
297,820,16
297,33,7
297,591,12
297,1084,3
298,371,8
298,1030,19
298,215,9
298,786,10
298,840,5
298,892,6
298,1068,19
298,774,10
299,601,10
299,259,2
299,552,4
299,303,7
299,389,8
299,590,16
299,432,20
300,347,2
300,1231,14
300,778,6
300,569,13
300,787,13
300,629,5
301,619,16
301,1071,8
301,855,16
301,17,8
301,317,1
301,1155,20
301,1189,17
301,30,19
302,1143,19
302,140,18
302,665,3
303,823,10
303,604,3
303,912,11
303,716,2
303,1196,14
304,555,14
304,531,12
304,1189,19
305,255,3
305,1140,2
306,182,12
307,967,12
307,1135,7
307,635,1
308,897,18
308,133,15
308,771,13
308,1163,8
308,130,19
309,999,9
309,626,6
309,1108,2
309,8,3
309,30,19
309,62,9
309,748,9
309,246,2
309,769,20
310,427,0
310,156,10
310,249,8
310,406,11
311,214,4
311,617,0
311,1013,16
311,176,3
311,321,8
311,215,8
311,668,10
311,412,4
312,629,3
312,912,18
313,1101,13
313,207,7
313,839,2
313,83,10
314,431,16
314,679,9
314,567,8
315,1112,6
315,176,12
315,372,10
315,879,16
316,1015,1
316,482,12
316,236,2
317,825,5
317,1221,5
317,685,9
317,824,8
317,812,9
318,539,18
318,374,14
318,1080,20
318,881,10
318,627,4
318,957,3
319,902,12
319,914,16
319,17,8
319,451,11
319,468,9
319,506,0
319,685,2
319,735,17
319,557,14
319,706,1
320,316,1
320,614,19
320,714,18
320,769,19
321,805,17
321,1109,15
321,260,6
322,540,16
322,1176,0
322,654,2
322,216,4
323,1101,17
323,1050,15
323,708,9
324,428,2
324,69,5
324,1098,6
324,1120,5
324,304,0
324,610,19
324,435,2
324,849,16
325,123,11
325,671,12
325,1226,6
325,1176,8
325,239,12
325,212,7
325,882,13
326,614,2
326,228,9
327,336,14
327,1014,6
327,317,12
327,20,20
327,378,12
328,763,8
328,156,13
328,75,9
328,303,15
328,506,16
328,495,17
328,161,17
328,505,4
328,1196,16
328,485,19
329,496,5
329,91,8
330,486,2
330,624,0
330,549,5
330,894,2
331,604,17
331,760,0
331,470,4
332,886,14
332,782,3
332,122,15
332,324,15
332,1192,3
332,979,12
332,398,0
332,678,13
333,443,0
333,247,0
333,524,19
334,1089,14
334,1106,0
334,633,9
334,1181,18
334,275,15
334,585,9
335,84,2
335,957,19
335,1084,12
335,983,19
335,135,5
335,763,8
335,711,13
336,331,4
336,289,1
336,1066,14
336,1091,19
337,392,7
337,955,1
337,884,8
337,1103,17
337,456,4
338,56,18
338,181,20
338,509,9
338,294,17
339,1131,16
339,905,7
339,730,2
339,457,4
339,270,0
339,436,19
340,1151,5
340,111,15
340,633,9
340,234,8
340,190,14
341,311,3
341,718,20
341,547,9
341,293,10
341,899,3
341,478,14
341,661,5
341,1221,0
341,732,18
341,1097,13
342,540,12
342,509,12
342,456,6
342,954,20
343,190,2
343,262,2
343,305,20
344,1142,0
344,129,19
344,672,14
344,316,7
344,644,13
344,1027,16
345,774,1
345,616,14
345,1085,20
345,216,20
345,663,15
345,1126,5
345,230,11
346,712,7
346,392,10
346,329,9
346,966,14
346,853,17
346,3,19
346,158,1
346,1159,0
347,1187,4
347,218,2
347,669,0
347,108,19
347,613,1
347,773,8
348,783,17
348,177,12
348,711,12
348,1105,8
348,1178,0
348,555,7
348,557,1
349,179,19
350,876,20
350,16,0
350,4,16
350,621,10
350,59,5
351,214,9
351,4,17
351,944,5
351,123,1
351,374,4
351,583,1
352,722,6
352,785,5
352,758,6
352,882,4
353,173,15
353,977,5
353,664,17
353,582,8
354,392,12
354,195,11
354,783,16
354,636,17
354,267,12
355,399,10
355,891,1
355,1012,10
355,592,5
356,117,8
356,909,10
356,30,16
356,1059,0
357,665,2
357,1136,10
357,3,11
357,1174,8
357,101,12
357,1098,18
358,516,3
358,687,4
358,459,2
358,1120,20
359,699,5
359,849,16
359,694,5
359,278,2
359,1012,14
359,108,7
359,609,19
359,473,19
360,369,5
360,683,20
360,11,20
360,119,11
360,130,3
360,161,4
360,636,9
361,370,12
361,1001,7
361,252,17
361,973,2
361,424,4
361,853,0
361,436,18
361,538,15
361,823,0
362,133,2
362,464,11
362,452,8
362,982,0
362,1064,12
362,899,3
362,768,10
363,1,9
363,266,16
363,564,20
364,728,16
364,675,13
364,46,13
365,359,4
365,645,12
365,144,4
365,903,19
365,414,15
365,335,2
367,641,7
367,939,18
367,474,11
367,964,17
367,36,5
367,117,2
368,560,12
368,673,12
368,266,10
368,381,14
368,274,15
368,685,13
369,603,17
369,90,1
369,37,3
369,159,16
370,1133,5
370,490,2
371,980,4
371,971,18
371,446,20
371,870,13
371,378,4
371,54,14
371,992,9
371,751,11
372,598,8
372,551,20
372,287,19
372,815,8
372,682,3
372,831,18
372,871,5
373,591,19
373,871,5
373,974,7
374,624,5
374,4,3
374,1044,20
374,244,11
375,814,2
375,1086,11
375,62,13
376,725,16
376,498,20
376,533,7
376,1203,19
376,40,7
376,160,2
377,111,1
377,262,2
377,89,10
377,110,11
377,694,8
377,453,16
377,709,16
377,771,3
378,150,14
378,52,8
378,1093,8
379,90,3
379,1072,17
380,900,1
380,1048,8
381,438,14
382,149,20
382,27,12
382,280,3
382,429,0
383,707,0
383,750,18
383,989,19
383,662,6
384,1158,8
384,1135,20
384,214,17
384,791,0
384,875,3
385,1131,10
385,951,16
385,254,14
385,291,0
386,518,14
386,162,15
386,317,18
386,531,4
386,404,18
386,926,6
386,396,12
386,668,13
386,879,7
387,1188,8
387,650,6
387,462,2
387,795,4
387,1035,3
387,1200,3
387,177,11
388,65,0
388,464,18
388,146,4
388,352,3
388,4,11
388,1195,16
388,1013,19
389,1000,15
389,207,16
389,255,13
389,149,1
389,598,6
389,176,11
389,243,17
389,961,19
389,615,19
389,1130,8
389,268,6
390,738,11
390,467,16
390,233,13
390,1227,13
390,731,3
391,580,19
391,822,10
391,1111,9
391,529,18
391,377,13
391,475,13
392,348,9
392,959,9
392,1159,11
392,1171,20
392,724,9
392,1063,12
392,955,6
393,1072,9
393,996,1
393,983,9
393,785,19
393,1111,17
393,198,16
393,960,16
393,884,13
394,263,16
394,715,20
394,1045,11
395,178,16
395,1150,12
395,134,5
395,662,9
395,835,0
395,215,3
395,366,11
395,497,16
395,115,18
396,456,14
396,514,0
396,671,6
396,604,18
397,748,12
397,273,8
397,1222,3
397,60,19
398,591,1
398,247,15
398,113,4
399,244,1
399,317,14
399,90,5
400,516,2
400,597,18
401,1051,18
401,576,12
401,1045,10
402,1003,20
402,1082,18
402,733,4
403,1207,0
403,376,8
403,1025,17
403,395,6
403,941,2
403,944,7
403,895,2
403,982,0
405,1054,18
405,1116,10
405,575,17
405,1013,16
405,349,4
406,1030,5
406,734,14
406,720,3
406,407,6
406,435,5
406,536,20
406,57,2
407,281,20
407,469,9
407,481,5
408,723,14
408,159,20
408,931,6
408,985,0
408,626,3
409,674,9
409,866,2
409,617,8
410,314,4
410,360,19
410,1131,5
410,116,3
410,78,18
411,838,10
411,702,2
411,604,2
411,877,0
411,175,17
411,590,20
412,340,12
412,171,0
412,123,4
412,626,10
412,1011,14
412,907,12
412,695,1
412,536,0
413,916,20
413,63,20
413,982,19
413,179,8
413,932,14
413,795,12
414,800,2
414,1191,15
414,1025,2
414,3,1
415,675,13
415,1124,16
415,898,4
415,1168,18
415,528,4
415,48,4
416,1186,12
416,883,6
417,900,3
417,399,7
417,2,16
417,868,2
417,872,0
418,344,16
418,649,20
418,308,17
418,201,6
418,727,4
418,203,8
418,460,11
418,392,6
418,361,1
419,298,8
419,360,2
419,1126,3
420,1010,9
420,1022,2
420,674,6
420,1153,3
421,384,19
421,374,3
421,1048,20
421,31,9
421,223,17
421,152,0
422,8,1
422,234,2
422,827,8
422,1096,2
423,470,18
423,878,15
423,314,5
423,195,5
424,744,16
425,1000,9
425,451,11
425,440,1
425,282,2
425,632,8
425,1139,12
426,112,2
426,969,16
426,1209,2
426,911,18
427,417,15
427,51,12
427,671,7
427,253,2
427,1152,19
427,778,15
427,193,0
428,1099,18
428,129,20
428,345,4
429,109,14
429,818,16
429,1169,19
429,594,5
429,348,0
429,971,15
429,485,1
429,460,12
429,188,8
429,245,12
430,621,5
430,839,8
431,923,13
431,1074,15
431,1191,9
431,1011,15
431,1019,8
431,462,11
432,862,12
432,467,2
432,451,20
432,847,20
432,1140,11
432,868,14
432,1190,9
433,736,0
433,1015,3
433,1112,2
433,1024,8
433,454,14
434,456,12
434,870,18
434,1171,11
434,144,8
434,648,6
434,872,12
434,867,9
434,1194,18
434,476,2
434,994,19
435,1211,11
435,421,3
435,926,2
435,710,3
435,765,12
436,102,10
436,1075,7
436,644,2
436,273,4
436,275,14
436,589,16
436,327,6
437,790,12
437,259,7
437,577,9
437,526,4
438,265,2
438,772,14
438,19,15
438,555,14
438,212,10
439,5,15
439,516,19
439,1084,7
439,135,17
439,115,18
439,793,1
440,1028,14
440,1082,17
440,1018,7
440,860,17
441,350,0
441,487,11
441,1128,19
441,594,3
441,1216,14
441,957,19
442,572,19
442,964,15
443,414,4
443,673,7
443,1202,18
443,372,6
443,1115,18
444,17,15
444,1156,15
444,528,19
444,650,0
444,526,17
444,600,9
444,314,2
444,247,14
444,485,8
444,972,17
444,947,4
445,849,8
445,193,18
445,1194,16
445,913,9
445,702,10
445,275,14
445,650,17
446,832,7
446,361,19
446,861,14
446,12,4
446,718,14
447,41,4
447,689,3
447,1082,8
447,537,10
448,1066,18
448,501,1
448,421,5
449,263,6
449,661,8
450,566,17
450,498,13
450,110,20
450,648,4
451,359,19
451,565,10
451,854,9
451,73,9
451,797,16
451,276,16
452,968,9
452,380,6
453,1160,14
453,821,6
453,296,10
453,173,12
453,759,14
453,410,20
453,772,7
454,1149,20
454,1050,14
455,936,15
455,60,19
455,905,8
455,1210,20
455,148,5
455,618,14
455,153,12
455,1069,20
455,709,14
455,526,15
455,378,12
456,338,4
456,1004,11
456,781,2
456,884,2
456,899,5
456,335,12
456,936,3
456,50,11
456,192,12
456,1216,4
457,192,16
457,429,19
457,588,14
457,22,7
457,823,20
457,716,17
457,1061,2
457,396,9
457,838,7
457,1218,17
458,1010,4
458,102,1
458,678,15
458,239,19
458,13,6
458,293,5
459,180,7
459,1040,1
459,472,10
459,1123,16
459,350,3
459,779,12
459,469,14
459,298,13
460,830,20
460,873,14
460,578,18
460,689,5
461,1031,15
461,430,2
461,30,0
461,665,2
461,92,16
462,530,8
462,240,20
462,745,3
462,1058,10
463,1168,1
463,802,10
463,734,2
463,30,6
463,333,14
463,843,10
464,1157,2
464,119,16
464,1099,7
465,23,14
465,1171,20
465,313,18
466,993,7
466,609,4
466,782,12
466,971,17
466,37,11
467,374,20
467,1043,10
467,191,19
467,174,8
468,166,8
468,355,8
468,772,16
468,126,3
468,1038,9
468,1169,4
468,939,7
468,1002,1
469,41,16
469,983,18
469,668,10
469,720,7
469,526,14
469,963,4
469,1228,15
469,311,3
469,124,12
469,608,13
470,1102,12
470,1187,20
470,504,19
470,468,14
471,1050,16
471,957,7
471,814,4
471,425,13
471,749,14
472,433,9
472,699,12
472,16,12
473,1041,4
473,702,13
473,1196,18
473,824,11
474,870,4
474,631,15
474,1016,15
474,364,5
475,682,17
475,1138,10
475,419,17
475,1201,14
475,137,16
476,335,9
476,134,16
476,864,11
476,552,15
476,1183,11
477,247,12
477,905,16
477,1121,20
478,29,12
478,248,8
478,776,12
478,42,12
478,654,17
478,975,7
479,865,12
479,889,5
479,275,13
479,1025,12
480,259,7
480,786,11
480,465,17
480,1133,19
480,2,17
480,283,5
481,893,9
481,364,13
481,943,10
481,740,16
481,731,12
482,263,1
482,1012,7
482,650,4
482,131,15
482,1202,9
482,807,18
483,956,17
483,453,13
483,779,10
483,1114,19
483,641,14
484,433,17
484,745,6
484,738,0
484,302,4
484,999,15
484,364,20
484,560,16
484,527,6
484,180,13
485,92,10
485,1055,15
485,1060,11
485,1192,3
486,779,4
486,1175,18
486,1230,14
486,20,11
486,15,0
486,528,4
486,431,20
487,341,15
487,600,10
487,709,13
487,1082,1
488,291,10
488,478,3
489,375,2
489,1189,2
489,1127,15
489,1101,16
490,391,4
490,737,4
490,364,20
490,379,12
491,4,2
491,124,16
491,705,20
492,729,7
492,533,9
492,516,11
492,11,2
492,72,8
492,239,9
492,1089,6
493,467,16
493,931,18
493,11,14
493,308,6
494,716,17
494,668,15
494,519,20
494,582,5
495,145,4
495,1,0
495,314,8
495,340,2
495,500,6
496,832,3
496,380,19
496,1094,20
496,309,18
496,81,8
496,1210,20
496,1016,11
496,1170,10
496,967,1
496,740,18
496,1003,7
496,66,12
497,1061,16
497,764,12
497,1080,15
497,724,8
498,496,15
498,87,11
498,490,19
499,1048,13
499,186,19
500,832,16
500,1146,8
500,993,12
501,905,16
501,640,1
501,829,3
502,296,20
502,636,12
502,20,12
502,1040,6
503,368,17
503,1059,20
503,137,5
503,942,5
503,539,10
503,409,16
503,125,3
504,698,19
505,218,19
505,247,7
505,705,2
506,1220,0
506,1101,18
507,571,8
507,201,9
507,42,20
508,432,0
508,116,15
508,69,4
508,828,7
508,385,12
508,449,20
509,1010,18
509,250,19
509,0,9
509,675,8
510,865,3
510,1199,8
511,1154,11
511,360,12
511,791,10
511,882,13
511,71,5
512,417,15
512,295,0
512,446,10
512,578,18
512,753,20
512,227,5
512,776,3
512,277,17
513,536,2
513,241,4
513,749,7
513,996,9
514,1204,8
514,787,10
514,625,2
515,190,9
515,943,16
515,898,16
515,83,0
515,226,8
515,542,1
515,555,13
515,843,14
516,675,6
516,1125,18
516,413,16
516,497,15
516,1104,13
516,553,19
516,322,15
517,254,9
517,278,14
517,955,8
517,876,16
517,674,20
517,627,17
518,32,5
518,841,14
518,859,1
519,168,18
519,373,1
519,839,19
519,247,13
519,807,12
520,495,2
520,634,12
520,1114,11
521,893,10
521,109,11
521,313,17
521,924,1
521,624,15
522,645,5
522,588,13
523,83,0
523,1159,18
523,671,8
524,620,20
524,637,7
524,812,16
524,969,3
524,694,12
524,1097,13
525,585,11
525,562,15
525,217,12
525,1119,13
525,178,13
525,745,3
525,1040,7
525,917,2
525,238,6
525,209,0
525,916,7
526,322,0
526,960,9
526,892,17
526,790,19
526,1195,10
526,1148,1
526,974,6
526,934,8
526,881,20
526,365,6
527,1000,5
527,448,12
527,1027,12
527,373,19
527,110,6
527,933,16
527,459,3
527,949,17
528,1002,10
528,1061,0
528,1084,3
528,67,19
528,385,10
528,128,10
529,911,3
529,614,13
529,416,13
529,358,0
530,53,6
530,1126,12
531,767,6
531,1048,16
531,855,0
531,1052,19
532,195,5
532,1007,1
532,387,4
532,358,12
533,553,7
533,228,20
533,548,0
533,662,16
534,184,11
534,951,2
534,1230,17
534,499,15
535,1165,1
535,443,3
535,779,11
536,1082,0
536,305,6
536,407,6
536,860,16
537,1111,6
537,555,2
538,1132,1
538,218,1
539,788,16
539,271,11
539,556,1
539,1146,1
540,601,2
540,321,9
540,150,4
540,206,3
540,597,18
540,607,4
540,569,2
541,1029,6
541,952,19
541,685,16
541,839,1
541,454,12
541,488,19
542,577,20
542,786,20
542,1000,8
542,1178,8
542,532,5
542,972,19
543,273,15
543,782,19
544,170,9
544,902,16
544,210,8
544,1128,12
544,782,1
544,1159,12
544,17,11
544,243,18
544,315,15
545,569,19
545,360,2
545,1213,4
545,129,18
546,823,4
546,774,19
547,531,10
547,814,0
547,1204,19
547,1024,18
547,973,16
547,1025,19
548,364,17
548,266,13
548,1164,16
548,1091,8
549,1138,11
549,766,15
549,692,14
549,792,2
549,1003,5
549,1110,8
549,367,3
549,428,6
550,1012,9
550,126,12
550,592,10
551,778,17
551,167,16
551,871,8
551,475,5
551,123,7
551,1033,13
551,937,10
552,362,8
552,349,3
552,414,15
553,49,10
553,966,6
554,984,1
554,366,7
554,940,2
554,967,4
554,1126,19
554,230,6
554,301,11
555,946,16
556,833,1
556,932,3
556,382,10
556,1039,6
556,243,9
556,898,18
556,385,14
557,280,15
557,1216,6
558,939,7
558,7,12
558,157,3
559,633,5
559,907,10
559,56,5
559,328,15
560,908,2
560,52,8
560,556,2
560,631,15
560,716,4
560,324,9
560,854,6
561,951,18
561,787,0
561,1203,4
561,1092,6
561,683,14
562,1199,15
562,648,17
562,241,15
562,1004,12
563,768,0
563,1147,19
563,1187,0
563,513,7
563,1138,9
563,911,3
564,565,2
564,1003,7
564,1010,9
564,1090,10
564,1174,11
564,352,14
564,571,11
565,262,9
565,1020,3
565,1139,2
565,433,8
565,37,4
565,1035,12
565,641,17
565,783,10
565,1072,6
565,1114,17
565,120,7
566,964,16
566,1131,12
566,1062,9
566,865,17
566,801,17
566,256,9
567,619,12
567,967,20
567,1172,19
567,49,14
567,227,12
568,863,17
568,1072,0
569,497,13
569,895,9
569,292,20
569,665,9
569,118,14
570,366,13
570,253,8
570,963,10
570,270,14
570,376,20
570,355,5
571,145,19
571,1023,18
571,1037,18
571,1176,18
572,195,6
572,1074,11
573,1172,12
573,369,11
574,154,10
574,572,20
574,759,15
574,467,1
574,1164,5
575,153,11
575,596,0
575,326,20
575,870,11
576,214,20
576,867,14
576,95,10
576,1080,1
577,964,6
577,531,3
577,341,19
577,180,18
577,1062,13
577,111,4
577,1211,19
577,1040,0
578,1151,20
578,174,0
578,1070,10
578,1072,18
578,574,2
578,325,3
579,646,11
579,651,13
579,165,19
580,648,8
580,54,8
580,496,15
580,663,3
580,667,3
580,178,7
580,981,7
580,95,20
581,183,17
581,996,14
581,1019,16
581,871,3
581,95,14
582,719,20
582,204,2
582,433,1
582,1181,17
582,851,19
582,736,20
583,1151,6
583,1067,13
583,713,16
583,244,13
583,748,7
583,1085,10
583,205,12
583,717,17
584,565,14
584,347,3
584,151,15
584,1100,1
584,858,2
584,264,17
585,1181,1
585,126,9
585,868,7
585,93,8
586,1066,5
586,683,8
586,788,11
586,301,1
586,764,0
586,284,10
587,1196,20
587,542,20
587,507,8
587,282,7
587,304,19
587,295,9
587,170,12
587,1038,6
587,1049,12
588,95,4
588,127,1
588,901,17
588,723,18
588,721,9
589,380,3
589,112,12
589,1207,11
589,1064,16
590,524,11
590,169,7
590,817,2
591,1199,12
591,688,0
591,831,3
591,571,2
591,395,10
591,159,5
592,169,12
592,208,19
592,382,7
592,502,3
592,731,15
593,246,7
593,899,12
593,286,0
593,574,10
594,944,14
594,801,1
594,623,9
594,815,9
594,828,14
594,860,14
595,307,7
595,866,10
595,34,7
596,18,16
596,261,17
596,39,9
596,843,0
597,1194,12
597,322,13
597,954,20
597,602,13
597,527,5
597,46,20
598,215,0
598,34,11
598,55,14
598,998,18
599,141,4
599,65,19
599,1115,18
600,301,11
600,1223,6
600,559,12
600,537,4
600,92,8
600,863,17
601,168,11
601,511,8
601,554,11
601,1214,11
602,93,10
602,830,19
602,323,14
602,414,2
602,899,19
602,1222,0
602,389,4
602,1015,6
603,590,1
603,634,20
603,150,3
603,1108,17
603,1112,18
604,1079,9
604,141,20
604,976,2
604,483,3
604,298,7
605,542,19
605,89,9
605,1163,14
605,731,16
605,390,15
605,120,10
606,83,15
606,1066,18
606,806,0
606,972,9
606,619,11
606,1179,9
607,210,10
607,201,12
607,49,1
607,583,16
607,1,4
607,937,13
608,341,5
608,553,14
608,388,9
609,829,20
609,1164,3
609,534,14
609,568,0
609,400,11
609,811,18
609,434,19
609,234,2
609,1022,1
609,123,13
609,900,17
609,934,16
610,388,13
610,127,20
610,889,18
610,630,8
610,1141,19
611,89,11
611,1184,15
611,210,12
611,371,17
611,244,17
612,966,19
612,576,16
612,854,15
612,272,17
612,1108,10
612,297,11
613,701,7
613,154,2
613,115,12
613,15,16
613,632,7
613,91,3
613,730,0
613,226,15
613,1179,16
614,694,19
614,669,6
614,146,5
614,196,18
614,552,19
615,105,18
615,395,4
615,1141,0
615,37,13
615,658,8
615,596,13
615,562,1
615,230,14
616,476,19
616,34,3
616,469,5
616,975,0
616,816,15
616,87,1
616,1098,2
616,1059,15
616,1131,6
617,148,13
617,678,3
617,820,15
617,220,10
617,569,14
619,713,10
619,74,19
619,395,15
620,752,8
620,1227,8
620,150,7
621,696,20
621,980,8
621,122,4
621,766,15
622,58,7
622,724,10
622,11,9
622,570,20
622,223,8
622,1110,10
622,616,1
623,993,10
623,152,1
623,857,2
624,547,15
624,752,10
624,437,5
624,938,7
624,15,12
625,791,12
625,805,1
625,910,9
626,599,7
626,360,8
626,718,1
626,830,9
626,16,4
627,753,4
627,321,1
627,879,12
627,1034,1
627,1046,1
628,498,1
628,394,18
628,1065,11
629,1138,18
629,938,4
629,496,17
629,1101,9
629,1083,18
629,198,14
630,772,7
630,548,10
630,203,7
630,358,17
630,22,6
630,573,3
631,459,15
631,883,3
631,681,1
631,289,2
631,234,3
631,876,2
631,618,19
631,1152,1
632,947,12
632,226,5
632,1150,10
632,448,3
632,1071,11
632,862,4
633,636,8
633,1104,12
633,121,0
633,1163,9
633,1086,10
633,992,3
633,717,10
633,947,14
634,494,4
634,718,9
634,368,18
634,1086,4
634,426,4
634,491,11
635,1201,9
635,1035,8
635,488,6
635,421,17
635,592,16
636,745,7
636,216,2
637,354,6
637,489,18
637,306,20
637,389,0
637,236,4
637,468,1
637,685,16
638,919,20
638,1127,14
638,730,4
638,3,3
638,578,4
638,864,5
638,161,8
639,985,19
639,403,13
640,161,9
640,659,17
640,581,20
641,1133,14
641,1015,9
641,274,7
641,681,2
641,65,19
642,655,5
642,66,9
642,804,3
642,545,1
642,288,13
643,364,13
643,552,10
644,362,1
644,375,5
644,489,11
645,1011,4
645,1106,17
645,171,15
645,1199,8
645,1218,14
646,927,13
646,755,15
646,997,11
646,181,7
646,119,1
646,433,18
646,808,16
646,1115,15
647,1012,20
647,701,3
647,960,19
647,692,9
647,332,4
647,825,0
648,187,5
648,606,2
648,304,3
648,892,20
649,128,20
649,126,8
649,844,11
649,354,16
649,666,8
649,614,14
649,1197,15
649,538,2
650,269,14
650,855,9
650,1088,3
650,629,15
651,370,3
651,19,4
651,244,13
651,1100,19
652,481,9
652,638,20
652,1039,7
652,176,11
653,805,10
653,1086,6
653,134,10
653,373,4
653,1197,14
654,492,10
654,929,2
654,477,8
654,679,17
654,975,20
655,1051,11
655,1077,11
655,420,6
656,226,16
657,1082,20
657,1155,7
657,1211,0
657,298,15
657,42,7
658,1077,5
658,952,4
658,577,11
658,422,15
658,890,11
658,948,12
658,1085,2
658,331,17
659,1030,0
659,964,12
659,710,6
659,991,17
659,1193,20
659,164,7
659,1066,6
659,70,19
659,522,1
659,839,12
659,1149,7
659,423,13
659,443,3
660,885,6
660,1010,10
660,910,11
660,1157,11
661,469,17
661,861,11
661,1007,18
661,877,3
661,649,10
662,372,14
662,83,16
662,463,14
662,1117,5
662,644,5
663,772,9
663,237,3
663,202,8
663,829,16
663,740,11
663,216,1
663,110,18
664,90,10
664,397,10
664,1199,13
664,110,3
666,35,18
666,570,3
666,778,0
666,552,16
666,690,16
667,292,9
667,705,9
667,11,19
667,203,0
667,668,2
667,1014,14
667,334,18
667,331,4
667,91,3
667,609,6
668,563,3
668,168,19
668,170,14
668,53,5
669,1170,5
669,673,16
669,1052,12
669,382,7
670,147,9
670,83,17
670,139,9
670,732,6
670,528,3
671,404,9
671,70,11
671,880,19
671,1189,2
671,985,1
672,648,16
672,389,19
672,834,5
672,214,2
673,38,19
673,620,2
673,1193,15
673,89,15
673,1196,1
674,864,5
674,1129,9
674,318,0
674,1075,5
675,184,7
675,273,20
675,1105,9
675,961,15
675,557,11
676,691,10
676,1078,10
676,895,9
676,926,0
676,957,12
676,1212,16
676,872,1
676,1166,12
677,569,9
677,1136,6
677,382,5
677,328,0
677,115,9
677,215,4
677,685,18
677,219,10
678,474,2
678,1184,16
678,692,9
679,242,19
679,10,19
679,169,12
679,551,15
679,319,1
679,1040,6
680,833,14
680,392,3
680,1004,15
680,1061,7
680,399,13
680,690,19
680,741,9
681,220,9
681,1126,15
681,746,2
681,635,2
682,1140,17
682,975,19
683,46,6
683,1049,20
683,133,20
683,325,5
683,749,8
683,503,14
683,543,4
684,624,19
684,156,9
684,611,11
684,1127,19
684,778,8
684,1159,8
685,673,16
685,196,2
685,327,5
685,666,11
685,93,19
685,48,1
685,264,12
685,729,5
686,633,15
686,724,16
686,60,12
687,626,0
688,1103,20
688,516,8
688,0,7
689,267,4
689,97,2
689,821,13
689,834,8
690,133,9
690,59,19
690,226,3
690,1037,15
690,440,3
690,733,15
690,330,0
690,819,19
690,343,4
691,745,2
691,1014,0
691,276,2
691,403,19
691,833,7
691,64,20
692,522,0
692,253,12
692,1184,18
693,630,10
693,493,16
693,240,6
693,852,3
693,1091,3
693,197,15
694,872,1
694,29,14
694,664,16
694,436,17
694,127,4
694,30,18
695,1213,18
695,211,7
695,1101,17
695,1104,9
695,1004,11
695,345,3
695,508,5
695,105,1
695,694,12
696,1168,20
696,906,3
696,294,3
696,1064,12
696,908,17
696,940,9
697,720,15
697,902,18
697,756,2
697,659,2
697,806,13
697,1183,7
697,228,5
697,1182,8
697,1144,12
697,410,12
698,595,15
698,1102,16
698,513,5
698,84,9
699,487,18
699,703,1
700,363,1
700,825,2
700,489,4
700,203,19
701,110,18
701,1020,3
701,506,3
701,1163,6
701,841,15
701,896,12
702,896,3
702,125,0
702,319,17
703,75,14
703,755,15
703,817,4
703,477,7
704,187,10
704,368,17
704,282,20
704,950,12
704,894,10
704,19,19
705,137,2
705,409,9
706,894,13
706,1112,14
706,1038,18
706,799,6
706,1016,18
706,984,19
706,1182,16
707,395,1
707,182,2
707,10,2
707,852,5
707,64,11
707,811,9
708,537,9
708,10,10
708,219,6
708,893,9
708,185,13
708,17,12
708,995,16
709,711,18
709,435,13
709,1148,3
709,80,13
709,358,8
709,1035,11
709,1222,1
709,175,20
709,745,14
709,69,13
710,627,7
710,761,2
710,267,0
710,198,5
710,306,12
710,57,6
710,1004,15
710,635,10
710,525,19
711,45,12
711,671,2
711,21,19
711,418,5
711,1218,11
711,138,17
711,882,8
711,475,2
711,458,20
711,537,8
711,406,5
711,225,1
712,587,0
712,735,11
712,927,14
712,832,13
712,1157,16
712,1198,18
713,4,7
713,1224,1
713,456,17
713,1045,14
714,514,13
714,1014,20
714,896,19
714,309,1
714,330,7
714,294,0
714,1197,6
715,424,2
715,761,4
716,194,17
716,125,2
716,95,15
717,194,4
717,249,7
717,13,9
718,542,9
718,1120,16
718,92,12
719,667,6
719,533,12
719,895,9
719,285,9
720,515,14
720,1157,1
720,654,14
720,952,8
720,1045,15
721,12,9
721,937,9
721,136,17
721,406,6
721,979,11
722,1158,16
722,505,7
722,888,9
722,420,17
722,572,5
722,445,18
722,110,7
722,626,0
723,432,6
723,1048,15
724,1135,8
724,858,8
725,353,17
725,333,3
725,507,0
725,441,0
725,259,17
726,3,16
726,166,2
726,269,5
726,373,13
726,605,19
726,1229,12
727,582,15
727,795,3
727,1077,7
727,379,13
727,804,13
728,861,0
728,1041,17
728,232,7
728,2,2
728,945,7
728,565,11
728,145,0
729,1201,16
729,292,3
729,306,4
729,620,7
730,927,5
730,286,5
730,111,9
730,987,17
730,818,13
731,548,15
731,234,11
731,161,13
731,1064,15
732,333,3
732,1129,7
732,1006,9
732,434,15
732,1186,9
732,944,2
732,697,8
732,518,15
733,236,18
733,793,8
733,607,16
733,472,19
733,28,17
733,1061,8
734,941,7
734,1148,5
734,757,8
735,110,19
735,252,4
735,148,9
735,180,0
735,401,20
735,1183,15
736,55,17
736,1030,7
736,881,14
736,946,20
736,270,19
737,1147,5
738,500,14
738,601,15
738,110,9
738,679,0
738,608,10
738,303,16
739,616,19
739,996,8
739,270,20
739,92,16
739,61,6
739,841,20
739,1088,8
740,87,4
740,201,0
740,219,2
740,859,13
740,109,17
741,1095,16
741,534,2
741,87,16
741,68,6
741,597,16
741,139,1
741,220,0
741,1047,20
742,967,16
742,858,12
743,156,8
743,1068,17
743,1189,14
744,303,4
745,12,20
745,349,9
745,1054,12
745,63,18
745,374,1
745,979,12
746,381,2
746,935,18
746,966,18
746,40,16
746,219,6
746,843,19
747,1050,2
747,1107,18
747,1163,0
748,698,3
748,607,16
748,0,0
748,11,12
748,306,11
748,829,19
748,166,4
749,446,5
750,216,18
750,710,6
750,249,14
750,665,1
751,229,2
751,1043,1
751,31,9
752,224,8
752,279,1
752,82,14
752,306,6
752,1148,3
752,933,9
753,637,11
753,713,8
753,778,19
753,531,4
753,1201,17
754,512,19
754,449,12
754,1101,8
754,933,15
754,53,17
754,827,15
754,633,13
755,677,20
755,852,6
755,142,11
755,891,7
756,875,16
756,683,11
756,258,2
756,179,18
757,820,9
757,766,19
757,736,17
757,535,12
757,302,0
757,933,17
757,176,10
757,990,7
757,79,9
757,91,4
757,512,6
757,115,6
758,86,18
758,543,20
758,1195,17
758,161,18
758,235,4
759,834,7
759,461,13
759,1006,14
759,562,5
759,1027,0
759,530,7
759,817,3
759,286,2
759,692,10
759,13,10
760,486,6
760,446,11
760,1035,8
760,543,6
761,908,14
761,745,9
761,35,5
761,677,14
761,660,11
761,391,12
761,1013,18
762,586,8
762,504,11
762,659,18
762,648,4
762,652,2
762,700,4
762,891,14
762,436,5
762,730,20
763,1208,18
763,424,11
763,482,2
763,486,18
763,1179,19
764,663,0
764,933,0
764,252,1
765,10,15
765,673,16
765,869,11
765,818,12
766,437,20
766,889,14
766,572,4
766,359,16
766,1163,6
766,469,0
766,795,12
767,377,10
767,627,1
767,965,18
767,1051,2
767,1056,7
767,217,0
768,879,4
768,631,17
768,375,0
768,188,9
768,962,11
768,644,7
768,484,12
768,664,0
769,74,9
769,292,2
770,533,3
770,1128,12
770,496,3
770,347,1
771,1088,8
771,484,2
772,760,11
772,131,15
772,750,1
773,785,2
773,1009,1
773,456,16
773,1149,16
773,288,11
773,730,10
774,1067,9
774,683,0
774,1023,7
774,1113,3
774,972,12
774,38,19
774,78,2
775,58,19
775,875,6
775,764,19
775,654,20
775,242,13
775,1177,2
776,698,20
776,163,9
776,1091,18
776,455,16
776,301,13
776,1074,9
777,427,14
777,671,17
777,970,0
777,1190,7
777,502,5
778,1097,4
778,477,3
778,494,10
778,512,14
778,776,4
778,345,9
779,243,18
779,615,4
779,194,19
779,914,7
779,149,15
779,552,16
779,89,20
779,278,15
779,654,6
780,815,3
780,359,11
780,460,16
780,965,0
780,249,10
781,241,15
781,312,1
781,703,20
781,643,13
781,502,10
781,755,3
781,924,9
782,367,17
782,122,19
782,668,13
782,47,8
783,1098,6
783,648,16
783,1161,15
783,144,3
784,242,20
784,469,2
784,1045,17
784,124,11
785,672,20
785,622,0
785,1102,20
785,17,2
785,823,19
785,572,2
785,1195,1
785,947,10
785,197,5
785,694,10
786,182,2
786,28,4
786,828,3
787,1036,19
787,576,14
787,17,1
788,1225,16
788,601,10
788,398,20
788,46,0
788,705,8
789,1016,8
789,738,14
789,1206,16
789,966,7
790,559,20
790,127,11
790,975,4
790,872,2
790,1095,5
790,997,13
791,837,9
791,985,4
791,1107,3
791,259,5
791,836,15
791,420,18
791,237,19
792,312,0
792,210,13
792,1220,15
792,497,13
792,221,1
792,1039,9
793,609,12
793,766,8
793,273,17
793,732,9
793,194,4
794,164,8
794,831,17
794,87,18
794,61,14
794,45,8
794,823,13
794,339,2
794,367,4
794,679,10
795,1151,5
795,1050,4
795,813,19
795,184,8
796,777,14
796,20,3
796,683,4
796,502,0
796,449,19
796,125,12
796,266,16
797,362,8
797,535,5
797,66,10
797,846,0
797,89,20
797,696,19
797,645,12
797,595,5
798,754,0
798,865,13
798,1226,17
799,202,15
799,430,14
799,1185,14
799,807,10
799,305,11
800,359,14
800,717,5
800,619,17
801,700,2
801,16,4
801,133,15
801,616,12
801,35,1
801,1141,20
802,1155,6
803,139,19
803,1010,13
803,770,5
803,1140,10
804,89,14
804,572,18
805,566,3
805,445,0
805,324,14
805,358,17
805,1123,7
805,866,6
805,1006,1
805,1228,8
806,885,20
806,608,20
806,871,2
807,981,6
807,199,4
807,1047,7
807,477,18
807,641,20
808,712,10
808,1009,15
808,540,19
808,929,7
809,905,6
809,323,15
809,620,4
809,416,10
809,746,11
809,882,8
809,653,18
810,922,5
810,1005,9
810,648,14
810,738,6
810,12,17
810,838,9
810,644,17
810,1230,6
811,842,8
811,1082,2
811,258,5
811,598,6
812,857,18
812,123,16
812,306,11
812,298,15
812,1012,9
813,13,16
813,1009,15
813,1069,3
813,526,17
814,973,20
814,737,13
814,1104,1
814,764,4
814,1081,1
814,1178,4
814,206,13
815,166,2
815,874,13
815,930,6
815,236,18
815,955,18
815,410,11
815,622,15
815,10,3
815,675,14
816,509,7
816,23,17
816,685,19
816,137,14
816,493,2
816,592,3
817,1162,0
817,525,0
817,58,11
817,167,16
817,881,13
817,868,2
818,1193,15
818,292,7
818,383,8
819,1115,16
819,530,1
819,588,13
820,178,17
820,867,6
820,97,12
820,748,11
820,663,0
820,578,13
820,376,1
821,601,1
821,978,19
821,217,11
821,1202,6
822,268,6
822,625,5
822,885,13
822,548,10
822,525,0
822,521,11
823,522,9
823,1013,20
823,307,7
823,985,7
824,930,2
825,905,14
825,1134,20
825,673,5
825,445,12
826,879,1
826,236,4
826,939,5
826,445,2
826,554,2
826,157,13
826,558,7
826,117,2
826,314,19
827,293,15
827,1096,3
828,1109,15
828,905,12
828,1012,12
828,725,17
828,1179,3
828,1169,12
828,1187,14
828,951,10
828,595,8
828,858,4
829,2,3
829,1061,11
829,286,13
830,806,18
830,946,18
830,1223,19
830,939,19
830,692,13
831,320,3
831,1222,7
831,1184,3
831,1072,0
831,582,16
831,746,8
831,50,3
832,216,13
832,1099,4
832,597,17
833,752,0
833,992,9
833,1163,0
834,944,16
834,1093,19
834,410,16
834,1108,2
834,968,0
834,256,18
835,1025,12
835,336,8
835,868,15
835,802,15
835,1178,17
835,749,13
835,114,5
835,762,1
835,692,5
835,883,15
836,267,20
836,993,6
836,686,7
837,78,12
837,970,8
837,269,3
837,1208,14
838,536,4
838,938,6
838,948,20
838,736,8
838,642,4
839,28,11
839,1138,10
839,882,13
839,803,11
839,438,11
839,1195,18
839,526,11
839,371,13
839,670,16
840,931,12
840,724,16
840,271,6
841,775,16
841,759,11
841,881,15
842,748,9
842,689,20
843,1026,17
843,851,11
844,804,3
844,60,5
844,124,0
844,15,14
845,57,11
845,571,16
845,689,4
845,151,17
846,394,12
846,390,16
846,621,17
846,1077,11
846,38,15
846,412,4
846,917,7
846,138,14
847,1068,5
847,858,13
847,199,5
847,336,5
847,358,5
847,59,11
847,843,5
848,599,8
848,997,11
848,1064,3
848,156,14
848,810,6
848,190,15
848,1155,13
848,717,14
848,634,3
849,871,1
849,408,5
849,809,12
849,861,5
849,154,15
849,56,14
850,835,2
850,744,14
850,809,16
850,949,0
850,6,6
850,293,14
851,42,14
851,127,4
851,770,13
851,704,8
851,751,11
852,440,12
852,171,19
852,1176,6
852,654,14
852,917,2
852,825,20
852,208,13
853,811,17
853,235,7
853,1177,9
854,1012,13
854,108,4
854,976,6
854,110,19
855,121,2
855,884,9
855,504,3
856,115,19
856,947,3
856,739,14
856,931,18
856,950,5
856,754,9
857,970,3
857,506,4
857,218,3
857,416,5
857,372,10
858,953,14
858,631,2
858,1048,4
858,1013,13
858,14,12
858,1030,0
858,515,1
858,206,9
858,26,11
859,1007,15
859,154,6
859,126,0
859,566,15
859,414,5
860,943,8
860,86,12
860,1089,4
860,537,12
860,548,0
860,1115,16
860,579,18
860,452,16
860,322,20
860,903,12
861,516,13
861,256,13
861,652,16
861,1208,1
861,288,15
861,979,4
862,73,8
862,62,7
862,187,7
862,847,19
862,1121,20
863,102,15
863,618,18
863,390,1
863,198,13
863,936,9
864,432,7
864,1211,20
864,906,12
864,227,0
864,262,5
864,44,5
864,452,9
865,161,10
865,75,20
865,158,16
865,845,10
865,230,5
866,927,8
866,178,14
866,246,11
866,1045,12
867,449,5
867,280,15
867,1195,13
868,197,16
868,903,11
868,643,12
868,340,16
868,954,2
868,895,14
868,829,11
868,328,3
869,650,2
869,75,14
869,394,18
870,968,16
870,603,7
870,1140,14
871,293,13
871,104,16
871,720,1
872,1144,15
872,646,3
872,556,17
872,628,20
872,250,4
872,30,3
873,766,16
873,896,18
873,483,9
873,620,3
873,1159,14
874,305,3
874,840,3
874,542,7
874,863,2
874,249,12
874,850,4
874,786,0
874,364,6
875,753,7
875,926,8
875,401,8
875,1164,20
875,988,6
875,955,20
875,274,2
875,99,1
876,1054,13
876,180,9
876,830,9
876,1025,12
876,1074,11
876,837,1
876,185,13
876,959,13
876,986,15
876,73,6
877,1161,11
877,694,16
877,303,0
877,49,20
878,1227,0
878,138,12
878,38,8
878,576,8
878,43,18
878,488,12
879,131,3
879,1219,17
879,114,4
879,78,9
879,1123,10
880,1210,17
880,1008,19
880,1043,12
880,157,20
880,561,13
881,179,2
881,494,18
881,869,2
881,631,20
882,25,10
882,1061,6
882,120,13
882,614,5
882,107,18
883,560,19
883,1155,7
883,1001,3
883,1195,3
884,1027,9
884,293,14
884,155,6
884,1149,14
885,142,13
885,255,10
885,532,16
885,593,9
885,1133,16
885,738,17
886,757,15
886,394,20
886,549,5
886,975,6
887,498,10
887,1003,5
887,353,18
887,733,18
887,535,3
887,437,9
887,471,4
887,23,20
887,592,10
887,618,11
887,1087,8
887,244,17
887,776,7
888,601,0
888,1027,18
889,776,6
889,349,5
889,625,15
890,1020,0
890,787,18
890,770,12
891,595,20
891,233,14
891,159,5
891,633,0
892,926,1
892,209,1
892,116,19
893,1141,3
893,1112,10
893,533,10
893,85,1
893,1046,10
894,414,11
894,672,12
894,216,17
894,380,16
895,330,20
895,256,9
895,393,17
895,914,19
896,450,14
896,830,14
896,793,19
896,107,10
896,638,3
897,677,7
897,193,9
897,902,1
897,1020,15
898,1066,6
898,810,3
898,350,5
898,626,9
898,270,5
898,73,18
898,1060,15
898,1184,11
899,1053,3
899,466,13
899,462,13
899,445,20
899,32,2
900,636,4
900,45,12
900,626,8
900,458,17
900,113,7
900,517,13
901,560,15
901,101,18
901,631,0
901,334,20
902,488,7
902,378,16
902,162,16
902,148,11
903,1201,13
903,800,1
903,407,17
903,1049,9
903,1224,20
903,166,19
903,472,8
904,180,2
904,248,18
904,670,3
904,1080,6
904,738,3
904,1028,11
905,868,3
905,1126,19
906,586,4
906,988,18
906,1109,8
907,5,10
907,928,17
907,884,5
907,991,8
907,826,10
908,68,0
908,1052,1
908,1207,15
908,219,19
908,342,13
908,864,8
908,236,2
908,730,11
909,1021,17
909,949,8
909,937,1
909,589,9
909,317,13
909,444,5
909,394,14
910,1024,7
910,4,11
910,245,10
910,1009,20
910,1018,13
910,527,3
910,1156,16
910,1061,8
911,857,11
911,1206,17
911,157,18
912,636,15
912,1053,0
912,870,9
912,185,19
912,247,0
912,310,18
913,7,10
913,1021,19
913,1185,11
913,773,7
914,496,9
914,1004,15
914,663,17
914,137,6
914,570,6
915,777,4
915,242,16
915,759,14
915,760,17
916,635,11
916,257,5
916,802,5
916,600,9
916,1069,11
916,497,3
917,977,4
917,556,13
917,279,19
917,4,1
917,532,15
917,419,15
917,200,20
917,715,11
917,178,6
917,246,8
917,952,16
917,593,5
918,257,19
919,873,11
919,613,0
919,136,20
919,107,10
920,659,16
920,476,12
920,613,7
920,289,18
920,246,13
920,43,3
921,1013,17
921,1109,11
921,297,19
921,72,13
922,1012,1
922,569,5
922,793,20
922,619,5
922,772,7
922,18,5
923,932,2
923,1193,18
923,733,8
923,148,2
923,23,17
923,1103,1
924,1065,9
924,824,11
924,877,2
925,1147,1
925,849,5
925,936,6
925,1138,5
926,929,13
926,812,6
926,196,7
927,488,4
927,643,0
927,10,20
927,973,3
928,981,4
928,967,6
928,82,1
928,638,11
928,900,18
928,789,15
928,38,15
929,460,2
929,708,14
929,978,20
929,906,5
929,487,11
929,64,1
929,1146,4
929,385,11
929,1172,8
930,513,3
930,18,2
930,162,16
930,711,5
930,574,1
931,181,8
931,133,17
931,806,5
931,954,16
931,360,11
932,127,20
932,1132,6
932,136,11
932,394,20
933,165,19
933,147,0
934,926,16
934,664,13
934,566,17
935,790,20
935,631,2
935,267,4
935,98,13
935,217,9
935,308,20
936,19,6
936,805,8
936,935,8
936,462,7
936,1104,14
937,132,7
937,407,19
937,718,11
937,232,14
937,878,8
938,858,7
938,1217,6
938,47,1
938,231,6
938,122,7
939,7,16
939,1028,8
939,299,20
939,827,16
940,602,3
940,124,19
940,928,2
940,336,6
940,372,13
940,352,8
940,517,11
940,1132,1
940,807,0
941,78,7
942,1058,12
942,861,6
942,1215,0
942,69,8
942,109,16
942,61,20
943,526,9
943,1220,11
943,344,13
943,593,20
943,1112,19
943,52,1
943,369,15
943,921,20
943,800,8
944,403,6
944,535,19
944,291,9
944,30,6
944,505,8
945,351,6
945,27,7
945,597,17
945,341,15
945,432,1
945,1139,2
946,422,10
946,824,4
946,1078,12
946,779,18
946,994,20
946,579,13
946,488,5
947,597,0
947,778,12
947,684,1
947,647,4
947,371,13
947,599,7
947,805,5
947,94,13
948,1050,12
948,226,18
948,884,0
948,336,4
948,430,4
948,434,16
949,531,19
949,614,14
950,1047,16
950,359,19
950,476,7
950,1022,16
950,541,1
950,392,11
951,230,6
951,1104,17
951,185,12
951,203,19
951,393,14
952,978,12
952,632,20
952,736,17
952,900,14
952,959,1
952,375,12
953,161,6
953,806,8
953,1122,2
953,1206,8
953,373,19
953,715,7
953,6,20
954,508,9
954,1101,7
954,218,19
955,894,13
955,1143,20
955,617,15
955,1222,5
955,228,6
955,35,7
955,31,18
956,855,4
956,822,5
956,701,7
956,1223,4
956,193,20
956,416,19
956,479,12
956,171,3
956,794,14
956,1205,20
957,272,19
957,919,10
957,1072,15
957,985,18
957,405,12
957,288,20
957,679,2
958,690,20
958,827,18
958,240,19
958,598,4
958,1153,14
958,1039,8
958,754,13
959,779,2
959,891,16
959,887,0
959,546,15
959,54,1
959,1143,14
959,495,12
959,184,12
960,1117,14
960,1019,20
960,511,3
960,44,1
961,790,1
961,407,19
961,976,1
961,634,11
961,27,8
961,1020,4
962,1087,7
962,355,5
962,1212,19
962,1082,16
963,619,10
963,336,4
963,8,1
963,1192,16
963,15,17
963,759,10
964,573,15
964,581,15
964,955,7
965,459,10
965,1162,5
965,602,2
965,1209,4
965,583,14
965,1074,3
965,360,10
965,1206,2
965,920,19
965,231,10
966,1187,7
966,182,5
966,1013,3
967,44,1
968,1152,11
968,164,17
968,1230,4
968,213,6
969,1099,0
969,1040,4
969,707,5
969,284,16
969,1205,16
969,1095,17
969,855,18
969,458,3
969,396,1
970,754,18
970,194,4
970,671,8
970,119,18
970,663,1
971,57,12
971,585,11
971,775,5
971,1046,18
971,791,1
971,478,1
972,1165,8
972,108,18
972,1135,2
972,454,11
972,586,13
972,351,17
972,234,16
973,654,4
973,959,2
973,1058,8
973,765,8
974,774,9
974,796,1
974,1083,6
974,305,12
975,261,6
975,176,19
975,780,11
976,176,18
976,963,7
976,320,7
976,887,17
977,1040,1
977,908,0
977,730,16
977,950,7
978,459,5
978,959,6
978,276,13
978,607,6
978,333,0
978,638,2
978,921,12
978,32,13
979,386,10
979,1093,20
980,927,20
980,80,16
980,57,11
980,1134,15
980,672,12
980,988,15
981,1114,9
981,607,9
981,740,18
981,582,4
982,243,18
982,565,6
983,496,19
983,600,13
983,345,4
983,180,20
984,802,1
985,693,3
985,438,8
985,1062,3
986,841,5
986,973,12
986,1073,15
987,606,3
987,489,6
987,568,17
987,519,8
987,1065,6
987,705,9
987,744,16
988,606,13
988,912,1
988,951,13
988,1199,8
988,20,8
988,354,18
988,125,13
989,1032,13
990,38,16
991,900,20
991,417,17
991,135,1
991,244,11
991,376,15
992,973,5
992,455,14
992,313,3
992,41,15
992,97,14
993,386,0
994,918,20
994,888,14
994,140,0
994,758,4
994,609,6
994,612,11
994,246,3
996,424,15
996,364,20
996,432,8
997,1170,18
997,790,10
997,1027,7
998,841,16
998,671,9
998,858,14
999,488,15
999,218,8
999,460,6
999,1018,8
999,216,18
999,1225,0
999,1176,17
999,387,19
999,1159,15
999,584,0
1000,1055,8
1000,573,3
1000,375,11
1001,355,10
1001,1171,18
1001,229,8
1001,967,14
1001,97,8
1002,854,2
1002,407,8
1002,403,12
1002,1090,9
1002,1203,16
1003,675,6
1003,461,7
1003,542,16
1003,1177,9
1003,559,10
1004,25,20
1004,474,2
1004,161,7
1004,636,10
1004,1088,17
1005,325,15
1005,500,2
1005,1224,14
1005,952,16
1005,1,12
1006,288,0
1006,571,14
1006,194,15
1006,853,18
1007,673,19
1007,756,2
1007,910,0
1008,728,17
1008,416,10
1008,69,11
1009,374,3
1009,1063,5
1009,1083,1
1009,566,2
1010,583,14
1010,468,3
1010,84,6
1010,898,18
1010,281,10
1010,270,16
1010,679,9
1010,422,12
1011,511,20
1011,746,1
1011,435,12
1011,1160,3
1012,366,3
1013,843,17
1013,201,11
1013,916,20
1013,348,1
1013,828,20
1014,254,11
1014,685,5
1014,714,8
1014,1129,9
1014,690,14
1014,374,12
1014,486,6
1014,768,9
1014,289,19
1015,433,13
1015,141,14
1015,721,13
1015,578,9
1015,174,7
1016,32,9
1016,1106,20
1016,3,13
1016,837,2
1017,981,19
1017,618,20
1017,531,9
1017,174,11
1018,662,19
1018,633,5
1018,145,14
1019,1210,15
1019,899,6
1019,778,7
1019,1053,17
1020,414,12
1020,53,1
1020,511,2
1020,508,14
1020,405,18
1020,445,5
1020,138,14
1020,217,6
1021,42,18
1021,260,1
1021,739,20
1022,168,20
1022,781,11
1022,1053,17
1022,413,2
1022,639,15
1022,2,4
1022,994,17
1022,569,0
1023,998,2
1023,85,0
1023,164,15
1023,704,6
1023,748,20
1024,745,15
1024,627,1
1024,980,11
1024,845,3
1024,431,8
1024,772,3
1024,92,10
1024,1025,10
1024,388,12
1024,649,11
1024,859,4
1024,890,5
1024,52,18
1024,457,7
1024,334,0
1025,904,10
1025,1087,13
1025,473,15
1026,843,12
1026,1123,7
1026,728,15
1026,289,1
1027,308,18
1027,967,11
1027,110,16
1027,342,4
1027,13,9
1027,1015,7
1027,330,7
1028,200,16
1028,218,3
1028,1151,11
1028,214,10
1028,552,13
1028,890,10
1029,59,18
1029,317,5
1030,1140,18
1030,604,9
1030,667,11
1030,972,11
1030,19,7
1031,134,1
1031,877,20
1032,579,9
1032,812,17
1032,611,3
1032,1001,2
1032,687,0
1032,1132,19
1032,479,4
1033,996,16
1033,1008,14
1033,571,9
1033,478,5
1033,293,7
1033,58,18
1034,368,5
1034,139,5
1034,88,12
1034,44,3
1035,256,20
1035,669,17
1035,303,7
1035,931,17
1035,12,17
1036,273,11
1036,1100,8
1037,844,12
1037,382,6
1037,917,6
1037,371,15
1037,999,8
1038,335,16
1038,738,7
1038,903,2
1039,572,10
1039,608,15
1039,422,11
1039,1199,8
1039,852,9
1039,930,1
1040,430,1
1040,552,20
1041,1100,16
1041,997,11
1041,161,2
1041,691,6
1042,1031,2
1042,468,6
1042,331,15
1042,444,4
1042,722,15
1042,459,20
1042,605,7
1043,1129,18
1043,603,5
1043,843,5
1043,1122,13
1043,795,5
1044,1027,4
1044,405,9
1044,72,9
1044,213,16
1044,441,20
1044,970,9
1045,1055,16
1045,819,5
1045,945,15
1045,460,11
1045,567,11
1045,1211,13
1045,403,15
1045,71,9
1046,984,3
1046,873,2
1046,977,4
1046,431,17
1046,726,6
1046,942,16
1047,585,20
1047,88,16
1047,1174,15
1047,695,0
1047,267,14
1047,990,4
1049,822,3
1049,1,17
1049,1207,11
1050,821,17
1050,1212,20
1050,1219,1
1051,871,18
1051,510,18
1051,693,17
1052,231,10
1052,207,6
1052,460,2
1052,773,9
1052,534,5
1053,264,6
1053,464,8
1053,639,17
1053,1094,8
1053,204,14
1053,141,1
1053,1011,15
1053,1007,5
1054,487,12
1054,152,13
1054,295,20
1055,1137,0
1055,651,6
1055,619,10
1055,295,2
1055,511,16
1055,469,9
1056,977,12
1056,1021,3
1056,148,3
1056,705,7
1056,1163,20
1056,668,0
1057,1122,16
1057,220,2
1057,665,9
1057,113,9
1057,453,0
1057,903,20
1057,461,12
1057,154,2
1057,1211,19
1057,250,4
1057,1099,0
1058,342,3
1058,503,10
1058,768,20
1058,25,4
1058,483,5
1059,472,17
1059,340,13
1059,43,5
1059,630,7
1059,50,12
1059,1066,18
1060,1110,9
1060,1083,6
1060,240,14
1060,1210,20
1061,828,11
1061,972,6
1061,1121,9
1062,824,20
1062,1225,11
1062,743,11
1062,1101,15
1062,109,9
1062,125,0
1063,385,2
1063,789,16
1063,470,17
1063,1222,15
1064,824,10
1064,941,0
1064,473,2
1064,1134,20
1065,412,0
1065,318,17
1065,903,15
1065,559,10
1065,1208,13
1066,731,2
1066,327,3
1066,27,13
1066,437,0
1067,154,18
1067,1168,10
1067,886,0
1067,605,1
1067,1191,16
1068,998,6
1068,796,8
1068,749,1
1068,1025,14
1069,360,18
1069,403,4
1069,599,10
1069,331,12
1069,628,5
1069,380,6
1069,1139,17
1069,133,14
1070,1155,13
1070,1210,4
1070,934,14
1071,155,16
1071,1036,19
1071,282,15
1071,1158,8
1071,831,18
1071,442,11
1072,969,0
1072,722,19
1072,536,3
1072,975,13
1072,1220,14
1073,297,4
1073,581,19
1073,724,17
1074,1112,11
1074,654,1
1074,1044,11
1074,116,18
1074,352,9
1074,1,12
1075,808,4
1075,621,20
1075,983,0
1075,4,10
1075,364,17
1075,176,14
1076,382,0
1076,290,20
1076,1133,3
1077,1038,8
1077,701,2
1077,862,20
1077,1036,0
1077,206,0
1077,1211,4
1078,792,14
1078,373,9
1078,825,4
1078,952,9
1079,946,13
1079,512,13
1079,643,9
1079,669,0
1079,727,19
1080,484,17
1081,1114,15
1081,898,5
1081,323,20
1081,532,16
1081,680,13
1082,1019,8
1082,73,8
1082,721,0
1082,528,5
1082,22,13
1082,183,16
1082,121,15
1083,1146,5
1083,1046,0
1083,185,5
1083,803,12
1084,541,4
1084,962,3
1084,280,17
1084,1093,15
1084,852,16
1084,889,14
1084,579,16
1085,390,18
1085,371,9
1085,1155,12
1085,386,4
1085,992,13
1085,895,5
1085,914,0
1086,186,14
1086,1106,4
1086,608,17
1086,288,8
1087,707,15
1087,651,11
1088,257,18
1088,345,17
1088,483,11
1088,21,4
1088,1058,13
1089,1108,18
1089,236,4
1089,154,8
1089,1025,18
1089,413,14
1089,1004,1
1089,331,10
1089,401,1
1090,912,9
1090,409,0
1090,1037,6
1090,1062,18
1090,62,12
1091,1198,11
1091,254,2
1091,63,1
1091,471,14
1092,330,15
1092,1045,4
1092,233,11
1092,1198,1
1092,806,10
1092,924,19
1093,150,13
1093,535,16
1093,689,7
1093,1156,9
1093,40,5
1093,1075,1
1094,196,9
1094,443,20
1095,1137,2
1095,616,8
1095,868,4
1095,546,7
1095,866,0
1095,664,6
1096,728,0
1096,1217,15
1096,971,13
1097,248,10
1097,1188,0
1097,959,4
1097,872,7
1097,1017,3
1097,750,20
1097,898,10
1097,396,14
1097,588,6
1098,121,17
1098,1005,8
1098,935,9
1099,398,8
1099,527,20
1099,970,16
1099,215,9
1099,933,20
1100,356,11
1100,474,17
1100,10,17
1100,151,4
1100,112,12
1101,501,11
1101,715,3
1101,127,14
1101,396,15
1101,1069,14
1101,911,16
1101,61,12
1102,159,13
1102,879,2
1102,678,1
1102,1214,16
1103,112,2
1103,497,19
1103,708,11
1103,942,13
1104,156,7
1104,768,20
1104,27,20
1104,479,8
1104,835,7
1104,429,8
1105,203,13
1105,495,7
1105,719,16
1105,1104,1
1105,401,0
1105,711,20
1106,881,7
1106,868,8
1106,524,13
1106,463,14
1106,374,13
1106,643,3
1107,414,3
1107,728,20
1107,259,12
1107,506,7
1108,813,7
1108,1079,18
1108,823,16
1108,479,9
1108,530,0
1109,1141,6
1109,1210,1
1109,636,19
1109,262,19
1109,586,6
1109,355,11
1109,916,14
1109,682,20
1110,746,4
1110,1008,13
1110,663,14
1110,107,15
1110,497,4
1110,889,1
1110,592,1
1111,633,7
1111,156,13
1111,534,12
1111,781,1
1112,1045,15
1112,783,19
1112,578,1
1112,839,16
1112,74,18
1112,334,16
1113,89,12
1113,658,12
1113,1142,16
1114,55,0
1114,499,18
1115,158,0
1115,765,20
1115,332,18
1116,768,0
1116,131,7
1116,260,20
1116,925,14
1116,772,14
1117,1194,2
1117,385,4
1117,1081,19
1118,568,20
1118,829,11
1118,52,18
1118,637,8
1118,480,17
1118,527,4
1118,84,17
1119,92,14
1119,660,17
1119,46,16
1119,1077,13
1119,907,18
1119,994,17
1120,1115,9
1120,512,1
1120,637,8
1120,790,11
1120,402,4
1120,385,12
1121,930,0
1121,45,3
1122,638,1
1122,491,4
1122,521,9
1122,847,6
1122,17,9
1122,768,4
1122,621,10
1122,351,6
1123,626,7
1123,623,19
1123,550,11
1123,863,1
1123,475,13
1124,64,3
1124,949,14
1124,681,20
1124,321,10
1124,808,19
1124,65,8
1125,132,15
1125,719,11
1125,411,6
1125,244,10
1126,1047,14
1126,76,19
1126,872,5
1127,298,6
1127,800,6
1127,436,18
1127,557,15
1127,878,15
1127,302,11
1127,875,9
1128,530,17
1128,491,2
1128,849,2
1128,853,10
1129,847,17
1129,409,1
1130,326,10
1130,495,13
1130,890,13
1131,698,3
1131,1171,4
1131,1181,11
1131,531,1
1131,1078,10
1131,323,6
1132,870,19
1132,415,13
1132,179,20
1132,353,13
1132,1134,18
1132,445,19
1133,394,12
1133,30,9
1133,1069,10
1133,568,2
1133,979,1
1134,303,0
1134,469,5
1134,933,11
1134,72,1
1134,1162,3
1135,370,9
1135,287,6
1135,655,2
1135,645,0
1135,1186,19
1136,1085,8
1136,812,17
1136,795,10
1136,1114,20
1136,1158,15
1136,984,6
1137,248,0
1137,881,10
1137,786,7
1137,584,16
1138,562,11
1138,596,16
1138,366,12
1138,136,0
1138,1109,15
1138,1212,15
1138,1179,10
1138,259,19
1138,386,3
1139,169,15
1139,970,18
1139,203,6
1139,1175,17
1140,471,17
1140,501,5
1140,338,20
1140,410,6
1140,499,5
1140,470,6
1141,542,19
1141,884,10
1141,1,4
1141,96,1
1141,1006,9
1142,43,12
1142,1129,0
1142,924,20
1142,476,2
1142,106,4
1142,1053,5
1143,403,19
1143,97,15
1143,904,3
1143,160,4
1143,649,13
1144,1082,16
1144,28,6
1145,644,18
1145,277,7
1145,787,19
1145,484,10
1145,455,17
1145,1197,9
1145,930,12
1146,832,16
1146,227,14
1146,513,19
1146,406,0
1146,553,18
1146,822,16
1146,778,19
1147,801,9
1147,396,18
1147,720,20
1147,732,19
1148,592,9
1148,183,2
1148,459,13
1148,1069,1
1149,1129,17
1149,849,5
1149,736,5
1149,332,8
1150,1190,13
1150,547,7
1150,350,1
1150,348,2
1150,562,20
1150,404,17
1150,1048,4
1150,561,11
1150,1049,16
1150,977,7
1151,786,12
1151,504,19
1151,1193,10
1151,489,7
1151,676,11
1151,1173,9
1152,681,6
1152,565,10
1153,3,18
1153,568,9
1153,708,20
1153,668,12
1153,251,1
1154,1100,14
1154,30,4
1154,1206,11
1155,491,7
1155,520,8
1155,1099,13
1155,268,16
1155,697,14
1155,961,7
1155,267,4
1155,822,10
1156,199,2
1156,801,1
1156,1162,5
1157,120,0
1157,293,3
1158,538,20
1158,526,3
1158,77,1
1158,366,12
1158,613,1
1159,332,16
1159,501,1
1159,63,3
1159,883,19
1159,565,15
1159,542,8
1159,624,16
1160,90,16
1160,782,7
1160,1002,16
1160,1166,19
1160,836,18
1160,1092,3
1160,1185,18
1160,747,19
1160,19,6
1160,1205,2
1161,1223,19
1161,341,1
1161,501,14
1162,1203,9
1162,395,16
1162,998,17
1163,919,11
1163,490,4
1163,915,17
1163,963,1
1163,230,6
1163,940,16
1163,1186,19
1164,28,8
1164,457,13
1164,750,3
1164,204,9
1164,676,10
1164,1007,5
1165,1084,5
1165,1118,4
1165,411,12
1166,1133,7
1166,820,17
1166,363,15
1166,933,10
1167,358,0
1167,244,3
1167,490,8
1167,918,8
1168,1092,16
1168,289,18
1168,383,11
1168,1199,16
1169,184,5
1169,502,8
1169,801,20
1169,228,20
1170,1103,0
1170,348,6
1170,769,2
1170,198,5
1170,26,10
1171,256,20
1171,506,12
1171,713,4
1171,69,6
1171,195,20
1172,700,9
1172,1102,3
1174,983,20
1174,575,16
1174,440,1
1174,900,14
1174,346,20
1174,580,0
1175,43,1
1175,1074,6
1175,955,15
1176,1090,14
1176,1082,13
1176,520,2
1176,103,6
1177,109,13
1177,907,19
1177,167,12
1177,567,1
1178,1051,8
1178,577,3
1178,1221,8
1178,381,20
1178,926,9
1178,1099,20
1179,535,0
1179,751,7
1179,240,10
1179,1145,15
1179,412,8
1180,1136,16
1180,895,18
1181,343,3
1181,879,1
1181,290,7
1181,1003,0
1182,514,15
1182,666,6
1182,944,6
1182,489,20
1183,1082,14
1183,653,11
1183,1216,7
1183,83,13
1183,581,19
1184,971,19
1184,127,7
1184,1014,18
1184,63,17
1184,737,1
1185,1166,4
1185,393,19
1185,824,20
1185,451,8
1187,652,2
1187,1104,15
1187,313,15
1188,195,20
1188,518,19
1188,491,13
1188,1084,16
1188,219,4
1188,608,3
1189,408,18
1189,1001,18
1189,441,4
1189,79,8
1189,821,9
1190,461,7
1190,437,11
1190,1019,10
1190,1090,4
1190,914,17
1191,741,12
1191,67,9
1191,636,2
1191,715,15
1191,493,9
1191,1170,7
1191,496,6
1192,262,2
1192,756,20
1193,1075,1
1193,283,19
1193,677,10
1194,506,11
1194,758,1
1195,924,11
1195,402,18
1195,340,6
1196,874,5
1196,646,17
1196,241,4
1196,141,5
1196,421,4
1196,939,13
1197,416,6
1197,777,13
1197,1185,15
1197,1108,10
1197,1094,17
1198,137,12
1199,179,18
1199,102,8
1199,646,20
1199,719,7
1200,763,8
1200,918,17
1200,1231,7
1201,451,16
1201,403,19
1201,1044,20
1201,655,15
1202,159,9
1202,869,0
1202,963,2
1202,860,20
1202,435,16
1202,720,3
1203,915,11
1203,513,14
1203,418,7
1203,735,1
1203,813,1
1203,175,0
1203,490,0
1204,1089,14
1204,514,19
1204,1022,13
1204,1000,11
1204,945,17
1204,367,7
1205,709,15
1205,1086,20
1207,752,14
1207,1003,15
1207,78,5
1207,419,9
1207,116,4
1207,532,9
1208,935,20
1208,731,5
1208,799,11
1209,943,12
1209,189,19
1209,150,8
1209,920,16
1210,397,1
1210,946,0
1210,1163,13
1211,1140,7
1211,845,2
1211,808,8
1211,517,7
1211,263,2
1212,1075,15
1212,892,15
1212,177,15
1212,480,19
1212,252,9
1212,61,8
1213,1012,15
1213,110,19
1214,668,3
1214,916,2
1214,558,13
1215,252,17
1215,483,20
1215,921,1
1215,784,8
1215,804,16
1216,592,10
1216,1015,20
1216,774,0
1216,984,4
1216,20,7
1216,852,6
1216,873,4
1216,334,0
1216,91,14
1217,36,15
1217,159,17
1218,557,2
1218,403,3
1219,1005,9
1219,788,8
1219,278,2
1220,1205,16
1220,535,16
1220,173,6
1220,656,7
1220,1182,0
1221,692,15
1221,392,13
1221,53,5
1221,79,20
1221,505,6
1221,243,19
1221,109,0
1221,426,19
1222,673,14
1222,1043,1
1222,816,13
1222,384,15
1222,394,15
1222,615,11
1222,358,14
1223,902,15
1223,16,17
1223,373,8
1223,54,10
1223,483,14
1224,391,5
1224,1104,4
1225,903,10
1225,546,16
1225,359,16
1226,595,6
1226,739,7
1226,1177,2
1226,329,20
1226,182,19
1226,18,14
1227,229,8
1228,23,12
1228,426,13
1228,379,0
1228,636,20
1228,794,18
1228,595,1
1228,622,9
1228,1046,6
1228,166,18
1229,1131,15
1229,966,18
1229,225,3
1230,449,10
1230,317,6
1230,445,20
1230,324,14
1230,919,3
1231,221,18
1231,835,14
1231,273,4
1232,563,5
1232,503,4
1232,34,6
