31
131
1,0,26,16
1,1,13,5
1,2,23,16
1,3,14,20
1,4,23,4
1,5,28,14
1,6,12,8
1,7,4,14
1,8,18,3
1,9,7,12
1,10,11,5
4,30,26,8,0,18,11
4,21,5,24,0,11,20
1,0,7,9
1,1,25,1
2,8,2,28,20
3,11,29,2,29,7
4,16,8,11,2,19,18
3,19,4,2,7,8
4,29,13,20,2,17,7
1,3,11,5
2,1,3,27,16
1,3,12,10
3,23,30,4,27,2
3,28,29,4,13,16
4,5,20,2,4,26,6
2,1,5,22,9
1,5,16,7
2,26,5,12,17
3,8,22,5,7,3
3,14,29,5,6,5
1,5,0,5
2,23,5,3,19
1,5,11,19
2,9,5,20,10
3,2,21,6,12,16
4,22,11,26,6,15,18
3,25,4,6,13,3
4,12,16,16,6,24,2
3,6,11,6,3,0
4,23,0,7,6,9,16
4,14,5,14,6,25,20
2,5,6,2,14
4,5,22,3,6,19,12
1,6,7,4
4,17,12,16,7,5,12
4,11,12,14,7,29,18
3,30,11,7,15,11
1,7,24,0
3,10,4,8,3,16
2,9,8,27,1
1,9,25,19
4,14,1,4,9,22,16
4,17,25,19,9,11,19
3,25,1,9,15,0
1,9,28,17
2,11,10,5,16
1,10,23,6
3,9,25,10,25,14
2,8,10,12,11
4,4,18,30,11,21,6
1,11,17,4
4,9,6,1,11,18,1
2,2,12,11,4
4,5,8,3,12,23,12
3,21,28,12,29,5
1,13,8,0
1,13,25,3
3,24,15,13,24,2
2,15,13,9,10
3,20,13,13,20,20
3,13,27,13,27,18
3,25,23,14,11,14
4,10,11,1,14,17,2
3,16,30,14,23,13
3,8,4,14,29,20
3,13,6,14,24,17
3,5,8,14,2,10
3,6,23,14,0,11
1,15,27,3
3,2,1,15,29,17
2,17,15,22,9
3,11,22,16,12,15
2,26,16,13,4
4,18,9,23,16,28,1
3,30,5,16,15,17
4,24,4,10,16,2,4
3,15,6,16,26,3
2,20,16,8,8
1,16,23,19
2,9,17,21,7
1,17,12,9
2,9,17,0,14
2,4,17,3,3
2,11,17,23,13
2,9,17,18,17
3,12,12,19,25,9
1,19,4,8
1,19,27,14
4,24,3,15,20,22,6
2,8,20,14,3
4,8,9,7,21,11,13
2,5,22,21,18
3,6,6,22,8,0
4,14,6,3,23,3,16
1,23,5,5
4,24,12,9,23,28,13
2,6,23,6,7
4,15,19,2,23,17,15
3,13,13,23,0,14
1,24,3,13
3,11,6,24,27,4
2,2,25,1,9
1,25,18,7
2,14,25,23,9
1,25,2,10
2,9,26,28,18
2,2,27,14,11
1,27,10,18
2,2,27,18,18
3,22,17,27,24,6
4,12,4,3,27,29,2
2,30,28,4,4
2,21,28,17,15
3,25,15,28,19,18
2,23,28,15,8
3,12,28,28,20,19
3,23,8,28,2,14
2,23,28,0,6
4,6,11,4,28,29,19
4,10,11,8,29,8,11
