Cost: 20
Path: 7237 973 4328 14116 133 4413 
Cost: 23
Path: 1241 8557 5423 3232 133 4413 
Cost: 28
Path: 7237 9658 6441 3348 10644 14704 
Cost: 28
Path: 1487 2031 7216 11000 
Cost: 30
Path: 1241 6928 1765 336 4232 6436 6 11000 
Cost: 30
Path: 7237 13671 8112 7216 11000 
Cost: 31
Path: 13941 14171 9465 13411 10439 7652 14116 133 4413 
Cost: 31
Path: 1487 12242 3673 10198 12936 7216 11000 
Cost: 31
Path: 1241 8557 498 3018 5629 1254 13799 6233 11000 
Cost: 32
Path: 7237 973 1767 10337 13455 4413 
Cost: 32
Path: 7237 10853 1218 10644 14704 
Cost: 32
Path: 9658 2827 9699 11092 
Cost: 32
Path: 13941 14171 9493 3014 5363 7216 11000 
Cost: 32
Path: 1241 8557 498 4804 6233 11000 
Cost: 34
Path: 1241 6928 1765 336 13569 13018 4551 3048 10439 7652 14116 133 4413 
Cost: 34
Path: 1241 8557 498 2819 312 4685 6233 11000 
Cost: 34
Path: 7237 7819 12319 12936 7216 11000 
Cost: 34
Path: 7237 973 13941 14171 1808 786 11000 
Cost: 35
Path: 1241 6928 1765 336 9658 10922 7993 4389 7371 7216 11000 
Cost: 35
Path: 9658 2827 4368 14116 133 4413 
Cost: 35
Path: 9658 2827 10164 10504 2488 133 4413 
Cost: 35
Path: 1487 12242 7410 11358 5629 1254 13799 6233 11000 
Cost: 35
Path: 1241 8806 10173 7371 7216 11000 
Cost: 36
Path: 7237 10853 14074 1241 6928 1765 336 13569 12098 4413 
Cost: 36
Path: 7237 13671 4478 6470 8886 9658 11092 
Cost: 36
Path: 7237 973 4328 14370 10504 2488 133 4413 
Cost: 36
Path: 1487 12242 7410 253 5538 1365 7652 14116 133 4413 
Cost: 36
Path: 7237 3774 919 6521 10439 7652 14116 133 4413 
Cost: 36
Path: 7237 10853 6545 1641 1867 10158 6 11000 
Cost: 36
Path: 7237 973 1767 10337 8048 2783 786 11000 
Cost: 37
Path: 1487 13561 2488 133 4413 
Cost: 37
Path: 13941 14171 2015 2563 14116 133 4413 
Cost: 37
Path: 7237 1241 8557 7729 3003 6928 1765 336 4232 6436 6922 14704 
Cost: 37
Path: 1241 6928 1765 336 8083 9699 9658 11092 
Cost: 37
Path: 9658 6441 3348 11494 5901 12017 828 3014 5363 7216 11000 
Cost: 37
Path: 1241 6928 2730 9336 3018 5629 1254 13799 6233 11000 
Cost: 37
Path: 7237 13941 14171 2015 8590 1241 6928 1765 336 13569 3751 4599 14704 
Cost: 38
Path: 7237 1241 6928 1765 336 13569 4476 783 11326 133 4413 
Cost: 38
Path: 1241 8557 498 6918 6830 3249 3271 10173 7371 7216 11000 
Cost: 38
Path: 7237 1241 8557 498 3018 5629 13456 8590 6928 1765 336 13569 3751 4599 14704 
Cost: 38
Path: 7237 14994 12904 6706 133 4413 
Cost: 38
Path: 7237 1241 8557 5423 13505 252 160 3348 10644 14704 
Cost: 38
Path: 1241 6928 2730 13932 9658 11092 
Cost: 38
Path: 13941 7463 6239 12178 133 4413 
Cost: 38
Path: 1241 8806 6247 7952 8886 9658 11092 
Cost: 38
Path: 1241 6928 2730 9336 4804 6233 11000 
Cost: 38
Path: 7237 14994 11413 960 1887 7652 14116 133 4413 
Cost: 38
Path: 7237 10853 3540 1858 12251 7952 8886 9658 11092 
Cost: 38
Path: 13941 13503 3232 133 4413 
Cost: 38
Path: 1241 8557 498 2819 312 493 9720 14116 133 4413 
Cost: 38
Path: 1241 8557 498 3018 5629 13456 2563 14116 133 4413 
Cost: 38
Path: 1241 8557 498 3018 3942 11796 14986 14116 133 4413 
Cost: 38
Path: 1241 6928 1765 336 13569 13018 4551 9135 4630 5615 12936 7216 11000 
Cost: 38
Path: 1241 6928 1765 336 9658 10922 8810 7216 11000 
Cost: 38
Path: 9658 6441 5178 6191 3892 828 3014 5363 7216 11000 
Cost: 38
Path: 7045 14528 3018 5629 1254 13799 6233 11000 
Cost: 38
Path: 1241 8557 7729 3003 10421 4389 7371 7216 11000 
Cost: 39
Path: 9658 6441 3348 11494 5901 13516 133 4413 
Cost: 39
Path: 7237 3774 919 11522 11686 9217 783 11326 133 4413 
Cost: 39
Path: 1241 8557 498 3018 5629 1254 8502 5538 1365 7652 14116 133 4413 
Cost: 39
Path: 1241 8557 498 6918 1144 3153 7580 7952 8886 9658 11092 
Cost: 39
Path: 7045 14528 4804 6233 11000 
Cost: 39
Path: 1241 8557 5423 7283 9604 12150 12255 10158 6 11000 
Cost: 39
Path: 1241 8557 498 2819 5534 8381 14986 14116 133 4413 
Cost: 39
Path: 1241 8557 5423 7283 9604 4032 8149 2133 11796 14986 14116 133 4413 
Cost: 39
Path: 1487 3375 1867 10158 6 11000 
Cost: 39
Path: 1241 8557 5423 7283 9604 4032 8149 7404 786 11000 
Cost: 39
Path: 10396 4137 6672 4133 4685 6233 11000 
Cost: 39
Path: 1241 6928 2915 312 4685 6233 11000 
Cost: 39
Path: 1241 6928 1765 336 13569 13018 3176 5145 3892 828 3014 5363 7216 11000 
Cost: 39
Path: 7237 973 1767 4608 6441 3348 10644 14704 
Cost: 39
Path: 1241 6928 1765 6486 5147 1930 3750 8381 14986 14116 133 4413 
Cost: 39
Path: 7237 13671 4478 12862 3734 4685 6233 11000 
Cost: 40
Path: 1241 6928 1765 336 8083 4368 14116 133 4413 
Cost: 40
Path: 1241 6928 1765 336 8083 10164 10504 2488 133 4413 
Cost: 40
Path: 7237 3774 919 11082 6830 3249 3271 10173 7371 7216 11000 
Cost: 40
Path: 1241 8557 498 6918 6830 2194 1558 7368 4685 6233 11000 
Cost: 40
Path: 7237 13737 11074 12122 14451 5363 7216 11000 
Cost: 40
Path: 1241 6928 1765 1931 10025 9424 6470 8886 9658 11092 
Cost: 40
Path: 7237 13737 11074 12122 2621 1962 7368 4685 6233 11000 
Cost: 40
Path: 1487 12242 3673 11802 7036 12251 7952 8886 9658 11092 
Cost: 40
Path: 10396 8650 1858 12251 7952 8886 9658 11092 
Cost: 40
Path: 7237 973 4328 14116 133 7647 5615 12936 7216 11000 
Cost: 40
Path: 1241 8557 498 3018 5629 1254 13799 1419 12251 7952 8886 9658 11092 
Cost: 40
Path: 7237 3774 919 11522 11581 14979 14331 6 11000 
Cost: 40
Path: 9658 2827 10195 659 3202 4328 14116 133 4413 
Cost: 40
Path: 7237 973 4328 14116 133 6496 9298 7186 6 11000 
Cost: 40
Path: 1487 12242 3673 11802 1826 6233 11000 
Cost: 40
Path: 9658 2827 12807 3018 5629 1254 13799 6233 11000 
Cost: 40
Path: 9658 6441 5178 13471 5713 6233 11000 
Cost: 40
Path: 7237 14994 11413 960 6948 133 4413 
Cost: 40
Path: 1241 6928 2730 9336 2819 312 4685 6233 11000 
Cost: 40
Path: 1241 8557 7729 3003 12418 5538 1365 7652 14116 133 4413 
Cost: 40
Path: 9658 4617 460 7952 8886 11092 
Cost: 40
Path: 13941 14171 9465 13411 10439 8408 1254 13799 6233 11000 
Cost: 40
Path: 1241 8557 5423 7283 9604 12150 6734 5901 12017 828 3014 5363 7216 11000 
Cost: 40
Path: 7237 1241 8557 498 3018 5629 10440 12739 12829 14704 
Cost: 41
Path: 7237 973 4328 14116 10956 13455 4413 
Cost: 41
Path: 11546 5211 14358 5615 12936 7216 11000 
Cost: 41
Path: 1241 6928 2730 4802 14298 8112 7216 11000 
691836300