0 0
1 6
2 15
3 20
4 27
5 18
6 36
7 28
8 29
9 34
10 42
11 62
12 62
13 36
14 46
15 45
16 64
17 45
18 48
19 55
20 57
21 68
22 60
23 49
24 55
25 54
26 60
27 59
28 75
29 95
30 60
31 69
32 61
33 69
34 74
35 91
36 73
37 81
38 100
39 88
40 86
41 83
42 87
43 98
44 111
45 96
46 106
47 103
48 106
49 107
50 118
51 124
52 122
53 137
54 136
55 130
56 143
57 132
58 149
59 131
60 143
61 138
62 143
63 147
64 153
65 172
66 155
67 169
68 187
69 200
70 209
71 192
72 194
73 203
74 199
75 210
76 219
77 217
78 237
79 227
80 220
81 234
82 226
83 223
84 240
85 229
86 238
87 251
88 270
89 240
90 250
91 239
92 257
93 256
94 257
95 249
96 256
97 266
98 269
99 272
100 281
101 269
102 283
103 295
104 312
105 302
106 289
107 301
108 315
109 315
110 307
111 305
112 311
113 315
114 314
115 311
116 328
117 340
118 328
119 321
120 328
121 342
122 325
123 327
124 341
125 352
126 342
127 358
128 362
129 355
130 351
131 353
132 369
133 378
134 354
135 366
136 368
137 368
138 356
139 358
140 369
141 373
142 371
143 376
144 359
145 365
146 368
147 372
148 387
149 389
150 378
151 385
152 391
153 383
154 392
155 388
156 396
157 408
158 423
159 423
160 400
161 420
162 428
163 410
164 419
165 413
166 427
167 419
168 422
169 442
170 448
171 420
172 434
173 437
174 449
175 438
176 437
177 438
178 440
179 447
180 455
181 456
182 460
183 449
184 462
185 481
186 500
187 462
188 476
189 478
190 486
191 489
192 481
193 492
194 498
195 505
196 496
197 513
198 502
199 512
200 526
201 511
202 521
203 516
204 513
205 526
206 527
207 526
208 534
209 541
210 543
211 549
212 549
213 559
214 568
215 557
216 561
217 569
218 570
219 567
220 576
221 570
222 576
223 571
224 588
225 583
226 587
227 600
228 604
229 585
230 605
231 601
232 594
233 600
234 599
235 614
236 606
237 595
238 612
239 596
240 600
241 612
242 607
243 625
244 598
245 612
246 605
247 606
248 602
249 610
250 614
251 626
252 636
253 627
254 613
255 616
256 624
257 622
258 632
259 635
260 625
261 631
262 627
263 633
264 642
265 636
266 646
267 641
268 653
269 637
270 648
271 655
272 645
273 657
274 646
275 652
276 666
277 665
278 659
279 678
280 678
281 681
282 688
283 691
284 683
285 687
286 693
287 707
288 702
289 707
290 715
291 707
292 720
293 712
294 727
295 725
296 731
297 751
298 714
299 719
300 725
301 722
302 725
303 742
304 727
305 737
306 730
307 741
308 747
309 763
310 744
311 746
312 759
313 745
314 756
315 756
316 747
317 752
318 765
319 762
320 761
321 777
322 770
323 781
324 790
325 788
326 802
327 783
328 803
329 821
330 806
331 793
332 804
333 814
334 816
335 823
336 822
337 836
338 828
339 827
340 830
341 846
342 837
343 844
344 837
345 847
346 852
347 846
348 838
349 840
350 855
351 849
352 850
353 854
354 864
355 855
356 874
357 871
358 880
359 893
360 875
361 878
362 893
363 890
364 876
365 883
366 894
367 891
368 909
369 917
370 900
371 895
372 896
373 914
374 899
375 899
376 902
377 906
378 916
379 925
380 902
381 903
382 907
383 921
384 919
385 923
386 933
387 932
388 922
389 923
390 929
391 932
392 933
393 940
394 941
395 955
396 947
397 962
398 949
399 950
400 952
401 962
402 964
403 964
404 958
405 959
406 972
407 970
408 980
409 978
410 979
411 998
412 980
413 997
414 1017
415 1028
416 1022
417 1042
418 1020
419 1022
420 1025
421 1041
422 1043
423 1058
424 1032
425 1038
426 1045
427 1056
428 1049
429 1056
430 1057
431 1076
432 1060
433 1077
434 1075
435 1081
436 1076
437 1093
438 1110
439 1102
440 1113
441 1102
442 1113
443 1117
444 1114
445 1105
446 1116
447 1122
448 1117
449 1113
450 1125
451 1121
452 1126
453 1116
454 1132
455 1136
456 1133
457 1128
458 1138
459 1146
460 1137
461 1142
462 1140
463 1156
464 1143
465 1163
466 1164
467 1153
468 1173
469 1187
470 1185
471 1168
472 1182
473 1183
474 1174
475 1187
476 1178
477 1185
478 1181
479 1189
480 1197
481 1183
482 1196
483 1198
484 1213
485 1188
486 1195
487 1208
488 1197
489 1199
490 1214
491 1218
492 1217
493 1224
494 1237
495 1237
496 1229
497 1231
498 1247
499 1233
500 1235
501 1239
