0 0
1 1
2 19
3 8
4 15
5 16
6 16
7 34
8 22
9 25
10 26
11 29
12 31
13 33
14 49
15 45
16 49
17 54
18 66
19 69
20 67
21 59
22 65
23 64
24 66
25 64
26 76
27 66
28 82
29 102
30 75
31 93
32 80
33 81
34 95
35 83
36 96
37 103
38 122
39 113
40 121
41 119
42 133
43 124
44 127
45 129
46 129
47 127
48 130
49 147
50 144
51 139
52 157
53 142
54 156
55 159
56 149
57 146
58 152
59 165
60 161
61 166
62 166
63 162
64 170
65 179
66 197
67 192
68 174
69 178
70 185
71 189
72 191
73 195
74 197
75 192
76 206
77 207
78 206
79 208
80 223
81 208
82 219
83 221
84 225
85 220
86 226
87 235
88 239
89 225
90 234
91 248
92 231
93 240
94 233
95 252
96 248
97 236
98 253
99 244
100 254
101 248
102 248
103 266
104 258
105 264
106 279
107 266
108 264
109 263
110 269
111 269
112 273
113 285
114 287
115 272
116 274
117 288
118 291
119 302
120 273
121 288
122 282
123 288
124 304
125 305
126 286
127 300
128 287
129 292
130 293
131 306
132 297
133 308
134 298
135 312
136 303
137 316
138 308
139 317
140 323
141 333
142 322
143 335
144 341
145 342
146 345
147 359
148 359
149 371
150 347
151 367
152 357
153 355
154 364
155 362
156 371
157 372
158 367
159 386
160 379
161 375
162 368
163 369
164 370
165 386
166 379
167 372
168 390
169 374
170 391
171 385
172 377
173 381
174 377
175 393
176 388
177 406
178 425
179 436
180 426
181 408
182 423
183 423
184 441
185 442
186 432
187 451
188 444
189 462
190 446
191 449
192 455
193 465
194 461
195 451
196 466
197 459
198 469
199 463
200 472
201 472
202 482
203 492
204 488
205 507
206 473
207 492
208 491
209 475
210 483
211 477
212 491
213 484
214 494
215 485
216 504
217 510
218 507
219 497
220 503
221 515
222 513
223 526
224 520
225 529
226 548
227 532
228 536
229 532
230 545
231 549
232 548
233 563
234 555
235 562
236 570
237 563
238 570
239 577
240 574
241 576
242 580
243 594
244 600
245 598
246 590
247 604
248 603
249 596
250 616
251 592
252 598
253 602
254 609
255 627
256 606
257 609
258 622
259 636
260 633
261 635
262 627
263 639
264 641
265 656
266 641
267 640
268 647
269 650
270 650
271 650
272 657
273 663
274 663
275 658
276 662
277 675
278 693
279 692
280 675
281 684
282 694
283 694
284 695
285 676
286 694
287 678
288 683
289 684
290 692
291 686
292 685
293 697
294 702
295 690
296 693
297 692
298 695
299 700
300 712
301 710
302 720
303 705
304 719
305 719
306 720
307 716
308 733
309 740
310 719
311 730
312 734
313 731
314 725
315 741
316 744
317 764
318 774
319 746
320 755
321 750
322 765
323 763
324 763
325 768
326 775
327 774
328 783
329 790
330 778
331 798
332 792
333 797
334 815
335 797
336 803
337 798
338 817
339 807
340 815
341 824
342 814
343 821
344 834
345 830
346 823
347 833
348 830
349 833
350 834
351 847
352 852
353 854
354 854
355 851
356 855
357 870
358 871
359 878
360 871
361 867
362 885
363 874
364 888
365 885
366 896
367 896
368 881
369 892
370 900
371 884
372 891
373 899
374 898
375 895
376 894
377 909
378 912
379 907
380 925
381 903
382 923
383 912
384 928
385 922
386 911
387 922
388 917
389 915
390 914
391 916
392 924
393 915
394 927
395 934
396 923
397 928
398 936
399 944
400 961
401 937
402 947
403 967
404 941
405 956
406 961
407 973
408 946
409 950
410 953
411 966
412 974
413 964
414 966
415 983
416 984
417 975
418 975
419 984
420 993
421 1001
422 977
423 993
424 998
425 982
426 990
427 994
428 999
429 1002
430 1009
431 1016
432 1019
433 1015
434 1032
435 1029
436 1045
437 1034
438 1033
439 1034
440 1043
441 1061
442 1042
443 1062
444 1050
445 1043
446 1062
447 1080
448 1082
449 1054
450 1057
451 1073
452 1074
453 1079
454 1058
455 1078
456 1065
457 1077
458 1085
459 1069
460 1086
461 1073
462 1087
463 1091
464 1087
465 1078
466 1091
467 1096
468 1109
469 1108
470 1128
471 1105
472 1106
473 1125
474 1120
475 1134
476 1121
477 1138
478 1124
479 1131
480 1140
481 1150
482 1157
483 1140
484 1159
485 1169
486 1183
487 1178
488 1144
489 1148
490 1157
491 1156
492 1155
493 1160
494 1164
495 1171
496 1167
497 1162
498 1180
499 1180
500 1169
501 1189
