0 0
1 13
2 27
3 32
4 44
5 35
6 25
7 34
8 28
9 47
10 41
11 31
12 37
13 32
14 48
15 39
16 41
17 41
18 40
19 54
20 42
21 58
22 50
23 42
24 57
25 56
26 67
27 58
28 73
29 90
30 78
31 81
32 69
33 75
34 76
35 85
36 85
37 99
38 88
39 104
40 94
41 102
42 104
43 109
44 120
45 108
46 115
47 111
48 122
49 124
50 131
51 125
52 134
53 140
54 137
55 126
56 145
57 140
58 149
59 146
60 141
61 150
62 150
63 159
64 157
65 165
66 164
67 179
68 169
69 159
70 163
71 175
72 162
73 178
74 172
75 175
76 190
77 196
78 199
79 189
80 209
81 196
82 190
83 206
84 199
85 195
86 197
87 203
88 209
89 212
90 210
91 217
92 213
93 215
94 231
95 223
96 216
97 217
98 231
99 233
100 221
101 233
102 228
103 237
104 229
105 232
106 233
107 236
108 235
109 249
110 250
111 241
112 252
113 259
114 273
115 253
116 257
117 262
118 264
119 261
120 267
121 274
122 268
123 269
124 287
125 277
126 294
127 310
128 320
129 302
130 303
131 317
132 320
133 317
134 316
135 327
136 320
137 339
138 327
139 331
140 334
141 340
142 349
143 332
144 352
145 344
146 334
147 347
148 345
149 337
150 341
151 356
152 339
153 346
154 358
155 367
156 360
157 362
158 371
159 374
160 374
161 377
162 383
163 384
164 404
165 393
166 397
167 406
168 413
169 423
170 426
171 422
172 416
173 421
174 436
175 426
176 443
177 463
178 434
179 429
180 449
181 436
182 452
183 463
184 439
185 452
186 450
187 455
188 465
189 458
190 467
191 477
192 459
193 479
194 466
195 476
196 487
197 473
198 484
199 479
200 492
201 483
202 483
203 488
204 496
205 512
206 487
207 496
208 506
209 509
210 516
211 522
212 524
213 518
214 526
215 535
216 534
217 521
218 529
219 539
220 534
221 540
222 526
223 539
224 546
225 539
226 549
227 538
228 558
229 555
230 543
231 542
232 558
233 556
234 572
235 557
236 575
237 584
238 564
239 581
240 564
241 583
242 591
243 582
244 577
245 583
246 592
247 603
248 622
249 596
250 613
251 611
252 631
253 601
254 610
255 620
256 605
257 609
258 618
259 625
260 610
261 628
262 629
263 616
264 621
265 627
266 633
267 623
268 631
269 634
270 635
271 639
272 659
273 648
274 661
275 653
276 654
277 662
278 655
279 660
280 673
281 691
282 673
283 685
284 661
285 674
286 681
287 698
288 695
289 688
290 699
291 700
292 715
293 733
294 720
295 729
296 728
297 727
298 747
299 742
300 734
301 732
302 733
303 733
304 734
305 748
306 741
307 743
308 747
309 748
310 753
311 764
312 747
313 754
314 758
315 756
316 758
317 775
318 758
319 774
320 770
321 783
322 770
323 774
324 778
325 774
326 788
327 777
328 775
329 779
330 780
331 791
332 782
333 798
334 809
335 826
336 795
337 807
338 814
339 824
340 827
341 825
342 832
343 841
344 840
345 832
346 834
347 836
348 837
349 845
350 849
351 838
352 852
353 853
354 861
355 846
356 843
357 850
358 856
359 857
360 869
361 867
362 880
363 866
364 861
365 866
366 873
367 871
368 872
369 876
370 887
371 897
372 891
373 888
374 877
375 885
376 895
377 889
378 897
379 900
380 898
381 906
382 905
383 899
384 907
385 917
386 911
387 923
388 930
389 928
390 924
391 932
392 939
393 939
394 928
395 947
396 954
397 940
398 936
399 946
400 960
401 972
402 947
403 950
404 960
405 966
406 962
407 967
408 968
409 983
410 996
411 980
412 982
413 994
414 990
415 1001
416 1004
417 995
418 992
419 993
420 998
421 1005
422 1007
423 999
424 1008
425 1007
426 1001
427 1017
428 1019
429 1015
430 1022
431 1025
432 1035
433 1052
434 1042
435 1038
436 1049
437 1051
438 1052
439 1062
440 1066
441 1061
442 1059
443 1054
444 1070
445 1074
446 1067
447 1073
448 1084
449 1089
450 1071
451 1076
452 1077
453 1079
454 1087
455 1092
456 1087
457 1105
458 1090
459 1097
460 1094
461 1103
462 1098
463 1106
464 1110
465 1102
466 1114
467 1134
468 1103
469 1106
470 1120
471 1113
472 1125
473 1119
474 1117
475 1125
476 1124
477 1122
478 1119
479 1124
480 1120
481 1130
482 1142
483 1126
484 1130
485 1146
486 1146
487 1150
488 1165
489 1135
490 1155
491 1142
492 1155
493 1161
494 1169
495 1151
496 1159
497 1161
498 1166
499 1171
500 1180
501 1160
