0 0
1 3
2 16
3 35
4 1
5 4
6 14
7 20
8 15
9 23
10 21
11 17
12 18
13 23
14 32
15 27
16 30
17 26
18 44
19 36
20 32
21 36
22 37
23 57
24 40
25 37
26 41
27 42
28 48
29 53
30 44
31 43
32 53
33 59
34 65
35 65
36 80
37 84
38 68
39 82
40 88
41 86
42 90
43 99
44 98
45 104
46 99
47 113
48 103
49 105
50 107
51 109
52 119
53 118
54 119
55 112
56 113
57 128
58 118
59 128
60 115
61 123
62 139
63 145
64 154
65 156
66 155
67 166
68 164
69 165
70 175
71 181
72 182
73 196
74 182
75 192
76 192
77 194
78 202
79 209
80 199
81 205
82 211
83 228
84 220
85 235
86 236
87 229
88 222
89 223
90 242
91 248
92 223
93 236
94 243
95 225
96 241
97 229
98 237
99 235
100 235
101 250
102 246
103 248
104 245
105 263
106 272
107 261
108 262
109 270
110 277
111 268
112 270
113 277
114 281
115 292
116 288
117 294
118 298
119 312
120 327
121 323
122 327
123 339
124 326
125 336
126 327
127 338
128 348
129 333
130 339
131 352
132 344
133 349
134 362
135 342
136 362
137 353
138 349
139 348
140 367
141 353
142 359
143 359
144 354
145 365
146 358
147 361
148 373
149 377
150 379
151 378
152 380
153 391
154 391
155 400
156 403
157 401
158 408
159 410
160 412
161 419
162 425
163 421
164 432
165 421
166 422
167 441
168 435
169 440
170 425
171 443
172 445
173 453
174 448
175 463
176 473
177 465
178 470
179 483
180 481
181 469
182 471
183 488
184 477
185 484
186 490
187 499
188 501
189 504
190 507
191 507
192 522
193 514
194 528
195 531
196 515
197 532
198 516
199 534
200 537
201 535
202 534
203 539
204 539
205 553
206 549
207 550
208 559
209 570
210 568
211 561
212 573
213 565
214 574
215 581
216 583
217 590
218 596
219 594
220 593
221 597
222 614
223 617
224 596
225 599
226 599
227 601
228 617
229 631
230 614
231 623
232 622
233 640
234 631
235 632
236 632
237 638
238 647
239 667
240 687
241 694
242 695
243 715
244 702
245 703
246 703
247 722
248 726
249 719
250 731
251 747
252 734
253 738
254 746
255 762
256 782
257 742
258 756
259 765
260 745
261 756
262 759
263 763
264 772
265 774
266 766
267 777
268 776
269 769
270 778
271 788
272 797
273 772
274 773
275 775
276 791
277 802
278 804
279 815
280 790
281 792
282 802
283 809
284 795
285 796
286 800
287 800
288 820
289 834
290 802
291 811
292 812
293 811
294 807
295 815
296 820
297 821
298 816
299 824
300 830
301 840
302 830
303 849
304 858
305 841
306 861
307 857
308 859
309 862
310 879
311 888
312 889
313 871
314 889
315 880
316 882
317 893
318 888
319 882
320 898
321 891
322 907
323 903
324 916
325 906
326 900
327 903
328 901
329 919
330 907
331 910
332 913
333 903
334 905
335 914
336 920
337 924
338 912
339 920
340 916
341 919
342 930
343 932
344 951
345 948
346 961
347 958
348 973
349 984
350 952
351 954
352 958
353 972
354 972
355 991
356 970
357 972
358 980
359 977
360 986
361 990
362 985
363 996
364 986
365 997
366 989
367 994
368 990
369 996
370 998
371 1006
372 1001
373 1020
374 1006
375 1004
376 1005
377 1007
378 1010
379 1016
380 1023
381 1029
382 1013
383 1019
384 1016
385 1017
386 1021
387 1029
388 1034
389 1036
390 1044
391 1054
392 1066
393 1054
394 1070
395 1067
396 1075
397 1078
398 1073
399 1079
400 1086
401 1077
402 1093
403 1089
404 1085
405 1092
406 1098
407 1104
408 1086
409 1097
410 1095
411 1089
412 1094
413 1097
414 1112
415 1110
416 1099
417 1116
418 1107
419 1109
420 1118
421 1125
422 1140
423 1129
424 1132
425 1138
426 1137
427 1148
428 1152
429 1162
430 1180
431 1169
432 1154
433 1169
434 1187
435 1185
436 1187
437 1196
438 1188
439 1199
440 1206
441 1212
442 1213
443 1220
444 1218
445 1228
446 1243
447 1260
448 1248
449 1261
450 1257
451 1274
452 1278
453 1268
454 1262
455 1274
456 1279
457 1270
458 1278
459 1288
460 1287
461 1296
462 1290
463 1306
464 1305
465 1304
466 1313
467 1306
468 1307
469 1311
470 1324
471 1318
472 1332
473 1324
474 1339
475 1343
476 1341
477 1350
478 1357
479 1343
480 1362
481 1354
482 1357
483 1362
484 1359
485 1355
486 1368
487 1370
488 1362
489 1375
490 1367
491 1368
492 1370
493 1387
494 1406
495 1387
496 1397
497 1397
498 1403
499 1390
500 1394
501 1401
