0 0
1 18
2 28
3 45
4 50
5 46
6 64
7 47
8 56
9 52
10 50
11 61
12 57
13 61
14 61
15 79
16 77
17 68
18 81
19 87
20 80
21 98
22 97
23 85
24 98
25 113
26 128
27 129
28 116
29 128
30 120
31 118
32 133
33 134
34 149
35 124
36 129
37 139
38 144
39 145
40 140
41 152
42 155
43 163
44 164
45 147
46 159
47 162
48 167
49 161
50 176
51 196
52 211
53 164
54 182
55 187
56 194
57 193
58 211
59 193
60 201
61 201
62 209
63 203
64 212
65 220
66 223
67 208
68 219
69 218
70 218
71 220
72 227
73 237
74 241
75 241
76 247
77 250
78 250
79 266
80 248
81 261
82 267
83 262
84 271
85 263
86 280
87 299
88 285
89 293
90 299
91 286
92 303
93 315
94 317
95 319
96 296
97 300
98 311
99 307
100 324
101 315
102 317
103 332
104 324
105 320
106 327
107 323
108 327
109 332
110 331
111 343
112 345
113 339
114 340
115 355
116 345
117 357
118 353
119 356
120 362
121 364
122 356
123 357
124 370
125 361
126 378
127 370
128 364
129 380
130 378
131 392
132 380
133 367
134 373
135 369
136 388
137 396
138 403
139 405
140 371
141 382
142 382
143 379
144 375
145 391
146 389
147 405
148 404
149 409
150 391
151 392
152 392
153 396
154 410
155 418
156 412
157 422
158 424
159 420
160 418
161 421
162 437
163 441
164 451
165 436
166 439
167 447
168 455
169 449
170 447
171 466
172 479
173 449
174 469
175 452
176 466
177 453
178 455
179 469
180 479
181 471
182 479
183 484
184 486
185 492
186 472
187 486
188 478
189 483
190 493
191 487
192 499
193 497
194 500
195 512
196 498
197 506
198 508
199 527
200 515
201 524
202 510
203 514
204 521
205 515
206 533
207 524
208 525
209 534
210 530
211 537
212 535
213 541
214 560
215 555
216 558
217 573
218 569
219 588
220 559
221 579
222 576
223 570
224 569
225 561
226 565
227 578
228 584
229 590
230 596
231 594
232 598
233 604
234 607
235 602
236 606
237 606
238 619
239 622
240 627
241 642
242 638
243 624
244 627
245 628
246 635
247 632
248 646
249 645
250 635
251 636
252 651
253 640
254 653
255 665
256 668
257 679
258 650
259 652
260 664
261 657
262 661
263 669
264 680
265 687
266 697
267 687
268 681
269 700
270 694
271 688
272 694
273 699
274 707
275 718
276 714
277 719
278 723
279 714
280 716
281 732
282 732
283 732
284 752
285 734
286 738
287 735
288 738
289 753
290 752
291 743
292 739
293 745
294 740
295 748
296 756
297 754
298 772
299 767
300 769
301 781
302 777
303 790
304 781
305 788
306 807
307 784
308 796
309 799
310 799
311 818
312 789
313 808
314 818
315 821
316 824
317 805
318 824
319 818
320 814
321 832
322 837
323 830
324 839
325 841
326 850
327 831
328 836
329 848
330 848
331 844
332 862
333 846
334 863
335 854
336 854
337 854
338 855
339 859
340 866
341 859
342 866
343 872
344 877
345 881
346 870
347 888
348 883
349 875
350 889
351 887
352 895
353 878
354 885
355 892
356 893
357 906
358 910
359 921
360 911
361 931
362 915
363 918
364 926
365 927
366 935
367 931
368 943
369 938
370 939
371 945
372 936
373 942
374 944
375 945
376 953
377 952
378 969
379 965
380 963
381 970
382 958
383 964
384 981
385 969
386 969
387 980
388 974
389 986
390 991
391 984
392 1000
393 1004
394 989
395 992
396 1008
397 998
398 1003
399 1001
400 1001
401 1018
402 1007
403 1020
404 1012
405 1019
406 1024
407 1009
408 1010
409 1019
410 1026
411 1028
412 1023
413 1036
414 1044
415 1040
416 1032
417 1027
418 1032
419 1040
420 1029
421 1030
422 1041
423 1034
424 1052
425 1041
426 1060
427 1077
428 1053
429 1062
430 1072
431 1056
432 1061
433 1066
434 1077
435 1086
436 1085
437 1062
438 1067
439 1082
440 1071
441 1084
442 1072
443 1080
444 1073
445 1092
446 1087
447 1106
448 1119
449 1107
450 1120
451 1121
452 1130
453 1134
454 1124
455 1134
456 1131
457 1146
458 1149
459 1136
460 1143
461 1153
462 1145
463 1157
464 1146
465 1145
466 1161
467 1159
468 1164
469 1160
470 1161
471 1171
472 1179
473 1173
474 1192
475 1194
476 1206
477 1190
478 1199
479 1209
480 1228
481 1245
482 1206
483 1216
484 1215
485 1219
486 1231
487 1239
488 1227
489 1234
490 1248
491 1239
492 1256
493 1265
494 1249
495 1260
496 1266
497 1271
498 1257
499 1259
500 1271
501 1277
502 1285
503 1279
504 1269
505 1286
506 1295
507 1313
508 1322
509 1302
510 1308
511 1315
512 1315
513 1320
514 1333
515 1343
516 1351
517 1368
518 1334
519 1354
520 1349
521 1353
522 1365
523 1357
524 1351
525 1368
526 1387
527 1367
528 1380
529 1379
530 1393
531 1397
532 1387
533 1383
534 1391
535 1387
536 1402
537 1392
538 1392
539 1407
540 1425
541 1420
542 1400
543 1413
544 1402
545 1419
546 1410
547 1415
548 1427
549 1412
550 1415
551 1415
552 1426
553 1429
554 1436
555 1429
556 1429
557 1432
558 1446
559 1440
560 1459
561 1464
562 1456
563 1461
564 1473
565 1470
566 1468
567 1479
568 1487
569 1473
570 1470
571 1489
572 1488
573 1508
574 1503
575 1503
576 1509
577 1520
578 1517
579 1510
580 1512
581 1524
582 1519
583 1514
584 1533
585 1527
586 1519
587 1531
588 1520
589 1533
590 1536
591 1521
592 1537
593 1527
594 1535
595 1546
596 1544
597 1549
598 1532
599 1538
600 1542
601 1546
602 1566
603 1543
604 1547
605 1561
606 1545
607 1557
608 1570
609 1572
610 1572
611 1555
612 1557
613 1562
614 1567
615 1560
616 1572
617 1576
618 1570
619 1577
620 1581
621 1585
622 1583
623 1599
624 1600
625 1603
626 1609
627 1606
628 1610
629 1615
630 1613
631 1617
632 1623
633 1615
634 1624
635 1614
636 1633
637 1619
638 1631
639 1628
640 1634
641 1639
642 1639
643 1645
644 1640
645 1655
646 1652
647 1648
648 1656
649 1656
650 1676
651 1660
652 1657
653 1669
654 1676
655 1671
656 1674
657 1672
658 1683
659 1678
660 1681
661 1680
662 1697
663 1698
664 1690
665 1709
666 1700
667 1703
668 1694
669 1710
670 1728
671 1721
672 1702
673 1695
674 1713
675 1706
676 1712
677 1715
678 1726
679 1721
680 1734
681 1738
682 1740
683 1737
684 1727
685 1736
686 1728
687 1733
688 1735
689 1746
690 1753
691 1753
692 1766
693 1747
694 1752
695 1761
696 1771
697 1768
698 1773
699 1779
700 1776
701 1783
702 1773
703 1782
704 1778
705 1785
706 1785
707 1791
708 1793
709 1786
710 1802
711 1790
712 1796
713 1804
714 1799
715 1815
716 1817
717 1817
718 1822
719 1828
720 1821
721 1830
722 1819
723 1825
724 1832
725 1852
726 1832
727 1838
728 1835
729 1844
730 1852
731 1850
732 1870
733 1868
734 1878
735 1886
736 1902
737 1902
738 1897
739 1879
740 1887
741 1889
742 1890
743 1903
744 1898
745 1916
746 1910
747 1930
748 1903
749 1917
750 1923
751 1914
752 1918
753 1916
754 1930
755 1921
756 1933
757 1940
758 1934
759 1943
760 1936
761 1947
762 1947
763 1965
764 1942
765 1955
766 1945
767 1959
768 1978
769 1947
770 1960
771 1960
772 1966
773 1975
774 1961
775 1969
776 1964
777 1979
778 1997
779 1978
780 1989
781 1994
782 1994
783 2002
784 2010
785 2014
786 2004
787 2018
788 2011
789 2019
790 2027
791 2028
792 2023
793 2025
794 2027
795 2028
796 2027
797 2031
798 2041
799 2033
800 2044
801 2053
802 2045
803 2036
804 2054
805 2053
806 2070
807 2054
808 2073
809 2063
810 2080
811 2080
812 2072
813 2068
814 2072
815 2085
816 2083
817 2086
818 2070
819 2073
820 2075
821 2072
822 2077
823 2085
824 2098
825 2101
826 2095
827 2090
828 2099
829 2105
830 2092
831 2106
832 2092
833 2107
834 2125
835 2120
836 2099
837 2101
838 2102
839 2109
840 2116
841 2104
842 2110
843 2109
844 2117
845 2132
846 2113
847 2113
848 2118
849 2135
850 2150
851 2149
852 2129
853 2136
854 2140
855 2130
856 2138
857 2145
858 2135
859 2151
860 2140
861 2154
862 2159
863 2178
864 2165
865 2153
866 2154
867 2167
868 2173
869 2179
870 2171
871 2190
872 2187
873 2178
874 2182
875 2185
876 2190
877 2198
878 2188
879 2208
880 2204
881 2211
882 2197
883 2205
884 2216
885 2202
886 2215
887 2201
888 2202
889 2203
890 2203
891 2207
892 2217
893 2220
894 2212
895 2222
896 2239
897 2250
898 2252
899 2242
900 2258
901 2253
902 2258
903 2275
904 2266
905 2271
906 2264
907 2269
908 2267
909 2278
910 2286
911 2282
912 2290
913 2296
914 2310
915 2293
916 2303
917 2310
918 2312
919 2321
920 2308
921 2314
922 2323
923 2328
924 2324
925 2327
926 2344
927 2335
928 2339
929 2326
930 2333
931 2327
932 2342
933 2337
934 2328
935 2333
936 2338
937 2351
938 2352
939 2353
940 2365
941 2385
942 2393
943 2404
944 2412
945 2401
946 2397
947 2410
948 2402
949 2402
950 2407
951 2401
952 2410
953 2402
954 2406
955 2404
956 2417
957 2414
958 2416
959 2420
960 2405
961 2422
962 2407
963 2421
964 2418
965 2408
966 2418
967 2426
968 2442
969 2446
970 2437
971 2437
972 2428
973 2430
974 2429
975 2434
976 2432
977 2432
978 2441
979 2437
980 2435
981 2436
982 2456
983 2470
984 2449
985 2442
986 2455
987 2456
988 2454
989 2445
990 2447
991 2455
992 2447
993 2467
994 2473
995 2477
996 2479
997 2458
998 2463
999 2470
1000 2481
1001 2469
1002 2474
1003 2481
1004 2476
1005 2485
1006 2476
1007 2489
1008 2489
1009 2495
1010 2480
1011 2499
1012 2495
1013 2500
1014 2511
1015 2516
1016 2509
1017 2508
1018 2525
1019 2527
1020 2515
1021 2523
1022 2524
1023 2529
1024 2532
1025 2540
1026 2547
1027 2562
1028 2535
1029 2545
1030 2540
1031 2541
1032 2549
1033 2547
1034 2560
1035 2562
1036 2565
1037 2565
1038 2567
1039 2577
1040 2579
1041 2582
1042 2574
1043 2577
1044 2593
1045 2583
1046 2603
1047 2577
1048 2586
1049 2592
1050 2597
1051 2611
1052 2603
1053 2610
1054 2611
1055 2601
1056 2621
1057 2619
1058 2618
1059 2631
1060 2619
1061 2627
1062 2620
1063 2630
1064 2633
1065 2651
1066 2652
1067 2666
1068 2673
1069 2652
1070 2670
1071 2663
1072 2667
1073 2679
1074 2668
1075 2672
1076 2685
1077 2686
1078 2670
1079 2684
1080 2699
1081 2687
1082 2701
1083 2707
1084 2711
1085 2714
1086 2710
1087 2718
1088 2720
1089 2723
1090 2727
1091 2735
1092 2751
1093 2753
1094 2739
1095 2740
1096 2751
1097 2743
1098 2749
1099 2753
1100 2747
1101 2750
1102 2770
1103 2766
1104 2761
1105 2769
1106 2752
1107 2769
1108 2773
1109 2787
1110 2781
1111 2781
1112 2793
1113 2800
1114 2795
1115 2815
1116 2810
1117 2815
1118 2825
1119 2817
1120 2821
1121 2814
1122 2834
1123 2823
1124 2837
1125 2824
1126 2827
1127 2837
1128 2852
1129 2830
1130 2832
1131 2845
1132 2835
1133 2844
1134 2849
1135 2851
1136 2836
1137 2855
1138 2849
1139 2869
1140 2846
1141 2839
1142 2843
1143 2843
1144 2848
1145 2853
1146 2850
1147 2860
1148 2873
1149 2861
1150 2852
1151 2853
1152 2867
1153 2872
1154 2866
1155 2879
1156 2872
1157 2870
1158 2890
1159 2871
1160 2871
1161 2879
1162 2876
1163 2890
1164 2881
1165 2889
1166 2895
1167 2888
1168 2899
1169 2901
1170 2901
1171 2915
1172 2903
1173 2919
1174 2918
1175 2928
1176 2926
1177 2922
1178 2928
1179 2940
1180 2948
1181 2954
1182 2928
1183 2946
1184 2931
1185 2934
1186 2943
1187 2949
1188 2937
1189 2946
1190 2954
1191 2965
1192 2983
1193 2999
1194 2948
1195 2951
1196 2963
1197 2967
1198 2974
1199 2984
1200 2996
1201 3010
1202 2985
1203 2995
1204 3009
1205 3002
1206 3009
1207 3027
1208 3009
1209 3020
1210 3010
1211 3018
1212 3016
1213 3026
1214 3017
1215 3016
1216 3033
1217 3027
1218 3020
1219 3034
1220 3022
1221 3034
1222 3026
1223 3038
1224 3028
1225 3044
1226 3032
1227 3034
1228 3029
1229 3039
1230 3041
1231 3042
1232 3049
1233 3048
1234 3052
1235 3068
1236 3072
1237 3078
1238 3070
1239 3071
1240 3085
1241 3072
1242 3081
1243 3079
1244 3087
1245 3091
1246 3081
1247 3094
1248 3096
1249 3084
1250 3094
1251 3089
1252 3092
1253 3085
1254 3092
1255 3088
1256 3091
1257 3089
1258 3091
1259 3096
1260 3107
1261 3099
1262 3092
1263 3102
1264 3095
1265 3106
1266 3111
1267 3098
1268 3105
1269 3105
1270 3109
1271 3126
1272 3132
1273 3137
1274 3145
1275 3128
1276 3130
1277 3135
1278 3147
1279 3130
1280 3141
1281 3133
1282 3136
1283 3152
1284 3142
1285 3153
1286 3154
1287 3157
1288 3173
1289 3181
1290 3184
1291 3199
1292 3179
1293 3196
1294 3199
1295 3194
1296 3211
1297 3181
1298 3197
1299 3193
1300 3184
1301 3200
1302 3196
1303 3200
1304 3206
1305 3212
1306 3202
1307 3204
1308 3206
1309 3212
1310 3214
1311 3216
1312 3219
1313 3217
1314 3214
1315 3232
1316 3228
1317 3243
1318 3246
1319 3244
1320 3253
1321 3263
1322 3263
1323 3253
1324 3255
1325 3275
1326 3280
1327 3258
1328 3255
1329 3273
1330 3257
1331 3276
1332 3262
1333 3263
1334 3274
1335 3258
1336 3259
1337 3269
1338 3272
1339 3268
1340 3277
1341 3280
1342 3284
1343 3283
1344 3298
1345 3296
1346 3285
1347 3298
1348 3293
1349 3288
1350 3289
1351 3304
1352 3307
1353 3290
1354 3308
1355 3298
1356 3306
1357 3326
1358 3305
1359 3307
1360 3309
1361 3319
1362 3321
1363 3321
1364 3329
1365 3340
1366 3346
1367 3336
1368 3332
1369 3335
1370 3343
1371 3351
1372 3368
1373 3345
1374 3356
1375 3347
1376 3357
1377 3366
1378 3359
1379 3362
1380 3375
1381 3365
1382 3367
1383 3383
1384 3386
1385 3369
1386 3384
1387 3390
1388 3394
1389 3397
1390 3387
1391 3395
1392 3398
1393 3389
1394 3391
1395 3393
1396 3410
1397 3404
1398 3423
1399 3443
1400 3409
1401 3411
1402 3414
1403 3423
1404 3433
1405 3444
1406 3433
1407 3445
1408 3443
1409 3437
1410 3451
1411 3464
1412 3455
1413 3451
1414 3454
1415 3461
1416 3453
1417 3454
1418 3464
1419 3470
1420 3460
1421 3479
1422 3461
1423 3466
1424 3466
1425 3468
1426 3470
1427 3480
1428 3494
1429 3486
1430 3481
1431 3489
1432 3494
1433 3494
1434 3490
1435 3500
1436 3500
1437 3502
1438 3518
1439 3521
1440 3539
1441 3506
1442 3516
1443 3518
1444 3537
1445 3520
1446 3517
1447 3533
1448 3553
1449 3546
1450 3547
1451 3546
1452 3539
1453 3546
1454 3548
1455 3565
1456 3567
1457 3573
1458 3592
1459 3566
1460 3585
1461 3578
1462 3582
1463 3579
1464 3584
1465 3580
1466 3588
1467 3590
1468 3581
1469 3594
1470 3596
1471 3598
1472 3603
1473 3597
1474 3602
1475 3606
1476 3617
1477 3620
1478 3623
1479 3619
1480 3636
1481 3618
1482 3634
1483 3631
1484 3619
1485 3625
1486 3629
1487 3641
1488 3645
1489 3633
1490 3644
1491 3636
1492 3643
1493 3647
1494 3663
1495 3644
1496 3664
1497 3645
1498 3655
1499 3665
1500 3681
1501 3677
1502 3679
1503 3674
1504 3669
1505 3683
1506 3677
1507 3697
1508 3692
1509 3698
1510 3698
1511 3696
1512 3701
1513 3708
1514 3716
1515 3711
1516 3716
1517 3718
1518 3734
1519 3731
1520 3739
1521 3725
1522 3737
1523 3744
1524 3726
1525 3737
1526 3739
1527 3732
1528 3738
1529 3748
1530 3747
1531 3739
1532 3738
1533 3741
1534 3741
1535 3744
1536 3747
1537 3766
1538 3759
1539 3761
1540 3748
1541 3762
1542 3760
1543 3768
1544 3761
1545 3768
1546 3762
1547 3770
1548 3774
1549 3793
1550 3763
1551 3775
1552 3779
1553 3769
1554 3778
1555 3786
1556 3797
1557 3804
1558 3812
1559 3825
1560 3840
1561 3829
1562 3825
1563 3842
1564 3835
1565 3826
1566 3833
1567 3845
1568 3828
1569 3834
1570 3853
1571 3840
1572 3845
1573 3850
1574 3851
1575 3858
1576 3851
1577 3852
1578 3859
1579 3863
1580 3863
1581 3875
1582 3878
1583 3878
1584 3888
1585 3897
1586 3893
1587 3910
1588 3898
1589 3911
1590 3904
1591 3923
1592 3911
1593 3920
1594 3906
1595 3915
1596 3908
1597 3917
1598 3909
1599 3921
1600 3926
1601 3914
1602 3918
1603 3919
1604 3921
1605 3930
1606 3945
1607 3929
1608 3930
1609 3946
1610 3941
1611 3949
1612 3945
1613 3961
1614 3960
1615 3973
1616 3968
1617 3954
1618 3973
1619 3958
1620 3966
1621 3966
1622 3970
1623 3985
1624 3976
1625 3979
1626 3984
1627 3981
1628 3996
1629 4010
1630 3988
1631 3990
1632 4006
1633 3998
1634 4005
1635 4006
1636 4013
1637 4014
1638 4026
1639 4019
1640 4016
1641 4018
1642 4020
1643 4022
1644 4026
1645 4031
1646 4033
1647 4043
1648 4030
1649 4044
1650 4042
1651 4062
1652 4069
1653 4068
1654 4056
1655 4065
1656 4061
1657 4057
1658 4063
1659 4070
1660 4074
1661 4070
1662 4065
1663 4077
1664 4081
1665 4093
1666 4079
1667 4089
1668 4099
1669 4111
1670 4095
1671 4108
1672 4113
1673 4113
1674 4123
1675 4110
1676 4120
1677 4128
1678 4115
1679 4125
1680 4135
1681 4133
1682 4143
1683 4152
1684 4147
1685 4142
1686 4159
1687 4164
1688 4156
1689 4166
1690 4178
1691 4169
1692 4164
1693 4175
1694 4181
1695 4186
1696 4187
1697 4180
1698 4191
1699 4194
1700 4184
1701 4197
1702 4182
1703 4184
1704 4187
1705 4201
1706 4188
1707 4193
1708 4201
1709 4206
1710 4209
1711 4198
1712 4205
1713 4207
1714 4207
1715 4201
1716 4213
1717 4205
1718 4202
1719 4221
1720 4209
1721 4213
1722 4210
1723 4226
1724 4222
1725 4224
1726 4224
1727 4214
1728 4220
1729 4233
1730 4250
1731 4222
1732 4235
1733 4224
1734 4232
1735 4229
1736 4244
1737 4247
1738 4246
1739 4249
1740 4241
1741 4248
1742 4245
1743 4256
1744 4254
1745 4257
1746 4254
1747 4268
1748 4262
1749 4281
1750 4256
1751 4267
1752 4267
1753 4271
1754 4271
1755 4274
1756 4287
1757 4296
1758 4273
1759 4293
1760 4290
1761 4290
1762 4281
1763 4288
1764 4290
1765 4284
1766 4296
1767 4299
1768 4312
1769 4292
1770 4306
1771 4313
1772 4311
1773 4319
1774 4293
1775 4296
1776 4295
1777 4298
1778 4298
1779 4302
1780 4306
1781 4324
1782 4310
1783 4312
1784 4318
1785 4316
1786 4323
1787 4330
1788 4327
1789 4324
1790 4340
1791 4327
1792 4344
1793 4338
1794 4350
1795 4336
1796 4340
1797 4348
1798 4343
1799 4355
1800 4357
1801 4356
1802 4351
1803 4368
1804 4361
1805 4365
1806 4380
1807 4362
1808 4372
1809 4379
1810 4380
1811 4378
1812 4385
1813 4395
1814 4382
1815 4392
1816 4386
1817 4387
1818 4390
1819 4388
1820 4407
1821 4392
1822 4402
1823 4397
1824 4403
1825 4393
1826 4406
1827 4408
1828 4404
1829 4406
1830 4423
1831 4424
1832 4425
1833 4427
1834 4421
1835 4429
1836 4436
1837 4440
1838 4431
1839 4432
1840 4447
1841 4444
1842 4453
1843 4435
1844 4436
1845 4436
1846 4448
1847 4449
1848 4465
1849 4484
1850 4454
1851 4457
1852 4463
1853 4473
1854 4477
1855 4497
1856 4500
1857 4508
1858 4484
1859 4492
1860 4500
1861 4515
1862 4531
1863 4506
1864 4510
1865 4513
1866 4530
1867 4524
1868 4525
1869 4537
1870 4544
1871 4545
1872 4528
1873 4539
1874 4549
1875 4554
1876 4551
1877 4571
1878 4567
1879 4553
1880 4558
1881 4569
1882 4562
1883 4572
1884 4579
1885 4575
1886 4578
1887 4577
1888 4592
1889 4588
1890 4595
1891 4585
1892 4586
1893 4590
1894 4600
1895 4595
1896 4590
1897 4595
1898 4604
1899 4600
1900 4619
1901 4601
1902 4612
1903 4612
1904 4618
1905 4628
1906 4632
1907 4632
1908 4636
1909 4652
1910 4649
1911 4645
1912 4658
1913 4658
1914 4659
1915 4678
1916 4661
1917 4677
1918 4678
1919 4674
1920 4675
1921 4665
1922 4684
1923 4668
1924 4681
1925 4699
1926 4695
1927 4703
1928 4687
1929 4701
1930 4695
1931 4695
1932 4700
1933 4703
1934 4706
1935 4718
1936 4703
1937 4723
1938 4734
1939 4738
1940 4709
1941 4725
1942 4738
1943 4748
1944 4716
1945 4723
1946 4727
1947 4722
1948 4730
1949 4732
1950 4726
1951 4724
1952 4732
1953 4742
1954 4732
1955 4743
1956 4740
1957 4760
1958 4750
1959 4748
1960 4747
1961 4751
1962 4759
1963 4759
1964 4766
1965 4765
1966 4775
1967 4770
1968 4768
1969 4775
1970 4779
1971 4786
1972 4776
1973 4796
1974 4806
1975 4813
1976 4814
1977 4822
1978 4823
1979 4834
1980 4831
1981 4820
1982 4837
1983 4843
1984 4838
1985 4855
1986 4845
1987 4851
1988 4855
1989 4853
1990 4859
1991 4861
1992 4871
1993 4872
1994 4868
1995 4866
1996 4882
1997 4882
1998 4881
1999 4884
2000 4891
2001 4891
2002 4907
2003 4920
2004 4938
2005 4911
2006 4927
2007 4946
2008 4960
2009 4978
2010 4940
2011 4947
2012 4948
2013 4962
2014 4968
2015 4944
2016 4962
2017 4956
2018 4947
2019 4958
2020 4961
2021 4967
2022 4968
2023 4983
2024 4979
2025 4971
2026 4990
2027 4997
2028 4998
2029 4973
2030 4982
2031 4976
2032 4985
2033 4980
2034 4992
2035 4983
2036 4998
2037 4991
2038 4998
2039 5001
2040 5004
2041 5003
2042 5007
2043 5023
2044 5027
2045 5042
2046 5020
2047 5028
2048 5038
2049 5027
2050 5036
2051 5033
2052 5035
2053 5030
2054 5029
2055 5038
2056 5031
2057 5042
2058 5050
2059 5052
2060 5061
2061 5077
2062 5077
2063 5087
2064 5086
2065 5097
2066 5115
2067 5097
2068 5100
2069 5117
2070 5117
2071 5113
2072 5114
2073 5119
2074 5121
2075 5118
2076 5119
2077 5125
2078 5122
2079 5128
2080 5124
2081 5129
2082 5136
2083 5155
2084 5144
2085 5134
2086 5137
2087 5144
2088 5144
2089 5152
2090 5163
2091 5154
2092 5167
2093 5169
2094 5186
2095 5186
2096 5155
2097 5162
2098 5166
2099 5157
2100 5165
2101 5162
2102 5166
2103 5185
2104 5173
2105 5177
2106 5187
2107 5184
2108 5181
2109 5196
2110 5198
2111 5191
2112 5188
2113 5194
2114 5197
2115 5195
2116 5190
2117 5209
2118 5207
2119 5195
2120 5213
2121 5212
2122 5228
2123 5217
2124 5227
2125 5228
2126 5235
2127 5224
2128 5241
2129 5243
2130 5242
2131 5260
2132 5257
2133 5254
2134 5250
2135 5255
2136 5270
2137 5289
2138 5303
2139 5251
2140 5260
2141 5271
2142 5275
2143 5276
2144 5287
2145 5296
2146 5276
2147 5296
2148 5287
2149 5297
2150 5285
2151 5295
2152 5286
2153 5293
2154 5300
2155 5291
2156 5301
2157 5306
2158 5292
2159 5299
2160 5308
2161 5313
2162 5329
2163 5303
2164 5316
2165 5321
2166 5329
2167 5308
2168 5313
2169 5321
2170 5319
2171 5323
2172 5332
2173 5340
2174 5346
2175 5355
2176 5335
2177 5339
2178 5346
2179 5338
2180 5354
2181 5339
2182 5348
2183 5349
2184 5356
2185 5358
2186 5369
2187 5358
2188 5373
2189 5379
2190 5377
2191 5370
2192 5387
2193 5375
2194 5378
2195 5371
2196 5388
2197 5374
2198 5383
2199 5385
2200 5378
2201 5386
2202 5388
2203 5389
2204 5408
2205 5387
2206 5406
2207 5399
2208 5402
2209 5403
2210 5404
2211 5404
2212 5403
2213 5419
2214 5418
2215 5424
2216 5407
2217 5416
2218 5423
2219 5409
2220 5421
2221 5414
2222 5423
2223 5419
2224 5428
2225 5435
2226 5420
2227 5440
2228 5437
2229 5435
2230 5446
2231 5451
2232 5458
2233 5461
2234 5466
2235 5463
2236 5464
2237 5463
2238 5475
2239 5476
2240 5477
2241 5478
2242 5494
2243 5479
2244 5497
2245 5507
2246 5496
2247 5480
2248 5496
2249 5484
2250 5498
2251 5498
2252 5518
2253 5506
2254 5513
2255 5507
2256 5525
2257 5522
2258 5537
2259 5550
2260 5570
2261 5539
2262 5539
2263 5541
2264 5556
2265 5540
2266 5545
2267 5547
2268 5560
2269 5563
2270 5562
2271 5582
2272 5581
2273 5581
2274 5587
2275 5584
2276 5599
2277 5617
2278 5589
2279 5590
2280 5588
2281 5599
2282 5589
2283 5600
2284 5605
2285 5603
2286 5609
2287 5624
2288 5618
2289 5626
2290 5621
2291 5633
2292 5650
2293 5639
2294 5623
2295 5629
2296 5628
2297 5632
2298 5647
2299 5637
2300 5629
2301 5642
2302 5639
2303 5644
2304 5651
2305 5650
2306 5658
2307 5665
2308 5676
2309 5667
2310 5673
2311 5673
2312 5673
2313 5683
2314 5700
2315 5719
2316 5692
2317 5707
2318 5694
2319 5709
2320 5721
2321 5714
2322 5717
2323 5695
2324 5701
2325 5706
2326 5703
2327 5700
2328 5710
2329 5703
2330 5705
2331 5716
2332 5728
2333 5705
2334 5714
2335 5717
2336 5733
2337 5716
2338 5708
2339 5713
2340 5719
2341 5729
2342 5729
2343 5724
2344 5735
2345 5737
2346 5730
2347 5728
2348 5732
2349 5738
2350 5751
2351 5757
2352 5737
2353 5749
2354 5754
2355 5766
2356 5772
2357 5792
2358 5798
2359 5772
2360 5773
2361 5778
2362 5790
2363 5788
2364 5789
2365 5781
2366 5797
2367 5794
2368 5809
2369 5813
2370 5805
2371 5814
2372 5821
2373 5809
2374 5816
2375 5820
2376 5817
2377 5836
2378 5841
2379 5852
2380 5823
2381 5829
2382 5841
2383 5841
2384 5831
2385 5835
2386 5832
2387 5849
2388 5846
2389 5864
2390 5882
2391 5847
2392 5853
2393 5853
2394 5868
2395 5864
2396 5862
2397 5875
2398 5873
2399 5866
2400 5871
2401 5874
2402 5880
2403 5886
2404 5880
2405 5889
2406 5891
2407 5898
2408 5918
2409 5892
2410 5890
2411 5892
2412 5910
2413 5901
2414 5907
2415 5902
2416 5903
2417 5902
2418 5909
2419 5911
2420 5914
2421 5922
2422 5926
2423 5944
2424 5927
2425 5944
2426 5932
2427 5939
2428 5933
2429 5934
2430 5940
2431 5950
2432 5950
2433 5952
2434 5959
2435 5958
2436 5956
2437 5953
2438 5973
2439 5962
2440 5973
2441 5969
2442 5974
2443 5972
2444 5976
2445 5982
2446 5986
2447 5999
2448 5998
2449 5977
2450 5997
2451 5987
2452 5982
2453 5983
2454 5996
2455 5999
2456 6008
2457 5994
2458 5995
2459 6003
2460 6012
2461 6002
2462 6015
2463 6000
2464 6011
2465 6005
2466 6024
2467 6043
2468 6006
2469 6017
2470 6017
2471 6029
2472 6019
2473 6029
2474 6020
2475 6023
2476 6035
2477 6033
2478 6040
2479 6043
2480 6041
2481 6051
2482 6051
2483 6065
2484 6083
2485 6086
2486 6099
2487 6061
2488 6070
2489 6078
2490 6078
2491 6081
2492 6080
2493 6098
2494 6083
2495 6094
2496 6101
2497 6100
2498 6101
2499 6104
2500 6105
2501 6111
2502 6120
2503 6119
2504 6115
2505 6125
2506 6121
2507 6128
2508 6131
2509 6130
2510 6141
2511 6140
2512 6141
2513 6155
2514 6165
2515 6152
2516 6157
2517 6169
2518 6189
2519 6198
2520 6213
2521 6185
2522 6196
2523 6203
2524 6208
2525 6212
2526 6206
2527 6209
2528 6207
2529 6213
2530 6211
2531 6217
2532 6233
2533 6214
2534 6221
2535 6232
2536 6247
2537 6232
2538 6224
2539 6239
2540 6233
2541 6229
2542 6236
2543 6243
2544 6244
2545 6237
2546 6239
2547 6251
2548 6253
2549 6264
2550 6260
2551 6258
2552 6258
2553 6274
2554 6259
2555 6259
2556 6273
2557 6280
2558 6287
2559 6293
2560 6277
2561 6284
2562 6297
2563 6288
2564 6298
2565 6291
2566 6305
2567 6291
2568 6298
2569 6297
2570 6299
2571 6301
2572 6299
2573 6316
2574 6319
2575 6327
2576 6329
2577 6340
2578 6335
2579 6345
2580 6353
2581 6341
2582 6352
2583 6341
2584 6359
2585 6363
2586 6354
2587 6373
2588 6364
2589 6371
2590 6381
2591 6372
2592 6374
2593 6376
2594 6380
2595 6375
2596 6394
2597 6401
2598 6383
2599 6392
2600 6384
2601 6397
2602 6402
2603 6411
2604 6409
2605 6427
2606 6437
2607 6421
2608 6426
2609 6423
2610 6433
2611 6431
2612 6436
2613 6439
2614 6439
2615 6459
2616 6454
2617 6470
2618 6453
2619 6471
2620 6455
2621 6468
2622 6461
2623 6480
2624 6468
2625 6469
2626 6475
2627 6477
2628 6476
2629 6473
2630 6485
2631 6487
2632 6488
2633 6479
2634 6488
2635 6494
2636 6497
2637 6507
2638 6507
2639 6489
2640 6491
2641 6504
2642 6506
2643 6493
2644 6504
2645 6504
2646 6520
2647 6528
2648 6526
2649 6524
2650 6544
2651 6532
2652 6537
2653 6534
2654 6554
2655 6542
2656 6538
2657 6541
2658 6553
2659 6549
2660 6569
2661 6542
2662 6555
2663 6551
2664 6558
2665 6561
2666 6548
2667 6566
2668 6556
2669 6571
2670 6558
2671 6564
2672 6573
2673 6562
2674 6577
2675 6586
2676 6569
2677 6570
2678 6587
2679 6601
2680 6621
2681 6574
2682 6593
2683 6578
2684 6585
2685 6591
2686 6595
2687 6580
2688 6586
2689 6592
2690 6591
2691 6589
2692 6593
2693 6610
2694 6605
2695 6607
2696 6613
2697 6624
2698 6627
2699 6631
2700 6637
2701 6646
2702 6639
2703 6641
2704 6654
2705 6657
2706 6648
2707 6656
2708 6661
2709 6652
2710 6664
2711 6666
2712 6684
2713 6667
2714 6678
2715 6673
2716 6680
2717 6676
2718 6684
2719 6692
2720 6694
2721 6678
2722 6684
2723 6686
2724 6699
2725 6702
2726 6718
2727 6685
2728 6692
2729 6704
2730 6711
2731 6721
2732 6740
2733 6756
2734 6721
2735 6739
2736 6723
2737 6735
2738 6735
2739 6741
2740 6730
2741 6745
2742 6746
2743 6753
2744 6760
2745 6740
2746 6745
2747 6747
2748 6753
2749 6759
2750 6761
2751 6767
2752 6773
2753 6760
2754 6762
2755 6770
2756 6776
2757 6779
2758 6799
2759 6786
2760 6783
2761 6795
2762 6786
2763 6797
2764 6802
2765 6795
2766 6805
2767 6797
2768 6803
2769 6810
2770 6812
2771 6804
2772 6815
2773 6822
2774 6814
2775 6815
2776 6810
2777 6813
2778 6826
2779 6814
2780 6826
2781 6835
2782 6833
2783 6825
2784 6839
2785 6842
2786 6838
2787 6856
2788 6835
2789 6855
2790 6845
2791 6849
2792 6842
2793 6851
2794 6871
2795 6890
2796 6904
2797 6904
2798 6911
2799 6890
2800 6891
2801 6906
2802 6896
2803 6902
2804 6909
2805 6918
2806 6908
2807 6919
2808 6925
2809 6912
2810 6927
2811 6913
2812 6923
2813 6940
2814 6916
2815 6922
2816 6917
2817 6924
2818 6918
2819 6921
2820 6932
2821 6930
2822 6934
2823 6950
2824 6941
2825 6959
2826 6959
2827 6953
2828 6965
2829 6961
2830 6962
2831 6970
2832 6978
2833 6991
2834 6998
2835 6973
2836 6987
2837 7003
2838 7010
2839 6995
2840 7006
2841 7008
2842 7026
2843 7003
2844 7000
2845 7012
2846 7027
2847 7015
2848 7010
2849 7027
2850 7024
2851 7036
2852 7036
2853 7027
2854 7036
2855 7046
2856 7038
2857 7055
2858 7032
2859 7052
2860 7049
2861 7062
2862 7079
2863 7068
2864 7054
2865 7052
2866 7068
2867 7072
2868 7080
2869 7072
2870 7084
2871 7090
2872 7085
2873 7087
2874 7097
2875 7104
2876 7088
2877 7099
2878 7098
2879 7090
2880 7091
2881 7093
2882 7101
2883 7116
2884 7103
2885 7107
2886 7117
2887 7102
2888 7115
2889 7116
2890 7122
2891 7118
2892 7115
2893 7118
2894 7119
2895 7134
2896 7130
2897 7129
2898 7146
2899 7149
2900 7138
2901 7132
2902 7135
2903 7151
2904 7152
2905 7159
2906 7148
2907 7156
2908 7165
2909 7163
2910 7171
2911 7170
2912 7177
2913 7177
2914 7170
2915 7189
2916 7188
2917 7184
2918 7190
2919 7207
2920 7197
2921 7204
2922 7201
2923 7203
2924 7218
2925 7213
2926 7224
2927 7217
2928 7214
2929 7218
2930 7229
2931 7231
2932 7232
2933 7243
2934 7251
2935 7250
2936 7254
2937 7244
2938 7249
2939 7261
2940 7256
2941 7268
2942 7262
2943 7263
2944 7259
2945 7271
2946 7263
2947 7280
2948 7261
2949 7264
2950 7264
2951 7279
2952 7268
2953 7287
2954 7282
2955 7284
2956 7288
2957 7288
2958 7287
2959 7306
2960 7293
2961 7304
2962 7289
2963 7295
2964 7304
2965 7292
2966 7309
2967 7303
2968 7314
2969 7294
2970 7309
2971 7314
2972 7297
2973 7299
2974 7311
2975 7309
2976 7298
2977 7301
2978 7299
2979 7317
2980 7315
2981 7311
2982 7315
2983 7314
2984 7318
2985 7328
2986 7332
2987 7326
2988 7327
2989 7338
2990 7331
2991 7330
2992 7339
2993 7339
2994 7336
2995 7336
2996 7355
2997 7339
2998 7356
2999 7353
3000 7362
3001 7365
3002 7370
3003 7366
3004 7382
3005 7375
3006 7382
3007 7382
3008 7392
3009 7394
3010 7402
3011 7415
3012 7401
3013 7416
3014 7414
3015 7402
3016 7413
3017 7417
3018 7416
3019 7415
3020 7425
3021 7421
3022 7427
3023 7433
3024 7431
3025 7451
3026 7432
3027 7429
3028 7434
3029 7445
3030 7460
3031 7437
3032 7450
3033 7464
3034 7465
3035 7481
3036 7497
3037 7460
3038 7463
3039 7462
3040 7469
3041 7478
3042 7485
3043 7487
3044 7478
3045 7491
3046 7490
3047 7492
3048 7480
3049 7495
3050 7493
3051 7500
3052 7482
3053 7490
3054 7486
3055 7497
3056 7501
3057 7493
3058 7503
3059 7497
3060 7507
3061 7504
3062 7519
3063 7522
3064 7514
3065 7530
3066 7515
3067 7524
3068 7522
3069 7533
3070 7538
3071 7556
3072 7540
3073 7540
3074 7541
3075 7549
3076 7546
3077 7549
3078 7554
3079 7561
3080 7553
3081 7560
3082 7565
3083 7565
3084 7570
3085 7567
3086 7572
3087 7582
3088 7576
3089 7586
3090 7584
3091 7580
3092 7582
3093 7595
3094 7587
3095 7596
3096 7600
3097 7597
3098 7616
3099 7629
3100 7631
3101 7648
3102 7644
3103 7637
3104 7647
3105 7641
3106 7656
3107 7666
3108 7657
3109 7647
3110 7658
3111 7652
3112 7660
3113 7653
3114 7670
3115 7684
3116 7688
3117 7693
3118 7700
3119 7700
3120 7716
3121 7729
3122 7706
3123 7714
3124 7701
3125 7705
3126 7718
3127 7714
3128 7716
3129 7722
3130 7724
3131 7725
3132 7733
3133 7740
3134 7746
3135 7753
3136 7745
3137 7747
3138 7754
3139 7758
3140 7760
3141 7753
3142 7756
3143 7765
3144 7773
3145 7792
3146 7771
3147 7784
3148 7776
3149 7795
3150 7781
3151 7787
3152 7793
3153 7803
3154 7803
3155 7822
3156 7806
3157 7819
3158 7810
3159 7812
3160 7830
3161 7836
3162 7836
3163 7847
3164 7837
3165 7844
3166 7857
3167 7856
3168 7861
3169 7866
3170 7858
3171 7865
3172 7865
3173 7861
3174 7876
3175 7885
3176 7872
3177 7873
3178 7881
3179 7886
3180 7891
3181 7901
3182 7908
3183 7890
3184 7896
3185 7898
3186 7909
3187 7909
3188 7921
3189 7901
3190 7908
3191 7911
3192 7913
3193 7933
3194 7932
3195 7928
3196 7930
3197 7940
3198 7931
3199 7943
3200 7929
3201 7933
3202 7945
3203 7931
3204 7945
3205 7945
3206 7950
3207 7970
3208 7955
3209 7954
3210 7971
3211 7972
3212 7977
3213 7958
3214 7957
3215 7961
3216 7969
3217 7972
3218 7960
3219 7963
3220 7969
3221 7970
3222 7976
3223 7964
3224 7976
3225 7971
3226 7982
3227 7991
3228 7984
3229 7976
3230 7983
3231 7982
3232 7980
3233 7996
3234 7995
3235 7984
3236 7998
3237 7992
3238 8004
3239 8013
3240 8006
3241 8010
3242 7998
3243 8012
3244 8018
3245 8029
3246 8010
3247 8016
3248 8023
3249 8029
3250 8049
3251 8039
3252 8045
3253 8049
3254 8059
3255 8050
3256 8061
3257 8060
3258 8061
3259 8072
3260 8068
3261 8067
3262 8073
3263 8086
3264 8070
3265 8079
3266 8069
3267 8077
3268 8078
3269 8080
3270 8092
3271 8089
3272 8088
3273 8097
3274 8092
3275 8109
3276 8102
3277 8106
3278 8111
3279 8119
3280 8119
3281 8126
3282 8140
3283 8135
3284 8146
3285 8165
3286 8166
3287 8153
3288 8161
3289 8161
3290 8159
3291 8169
3292 8163
3293 8166
3294 8170
3295 8177
3296 8170
3297 8173
3298 8173
3299 8171
3300 8182
3301 8173
3302 8187
3303 8187
3304 8188
3305 8200
3306 8184
3307 8195
3308 8195
3309 8208
3310 8188
3311 8203
3312 8196
3313 8206
3314 8209
3315 8208
3316 8209
3317 8225
3318 8226
3319 8225
3320 8242
3321 8261
3322 8276
3323 8267
3324 8284
3325 8271
3326 8267
3327 8270
3328 8272
3329 8274
3330 8272
3331 8280
3332 8284
3333 8282
3334 8283
3335 8291
3336 8286
3337 8297
3338 8308
3339 8304
3340 8308
3341 8306
3342 8321
3343 8328
3344 8334
3345 8331
3346 8333
3347 8326
3348 8332
3349 8336
3350 8343
3351 8357
3352 8356
3353 8338
3354 8338
3355 8353
3356 8347
3357 8361
3358 8376
3359 8367
3360 8372
3361 8382
3362 8384
3363 8396
3364 8397
3365 8398
3366 8398
3367 8407
3368 8407
3369 8413
3370 8414
3371 8427
3372 8415
3373 8431
3374 8425
3375 8433
3376 8445
3377 8460
3378 8449
3379 8469
3380 8463
3381 8460
3382 8474
3383 8467
3384 8472
3385 8473
3386 8490
3387 8500
3388 8520
3389 8509
3390 8514
3391 8524
3392 8530
3393 8513
3394 8525
3395 8529
3396 8545
3397 8537
3398 8529
3399 8544
3400 8531
3401 8548
3402 8534
3403 8535
3404 8544
3405 8541
3406 8546
3407 8553
3408 8551
3409 8566
3410 8548
3411 8560
3412 8553
3413 8549
3414 8558
3415 8559
3416 8564
3417 8560
3418 8579
3419 8585
3420 8602
3421 8607
3422 8564
3423 8582
3424 8600
3425 8572
3426 8582
3427 8578
3428 8579
3429 8587
3430 8589
3431 8595
3432 8597
3433 8610
3434 8608
3435 8626
3436 8603
3437 8614
3438 8607
3439 8607
3440 8611
3441 8618
3442 8625
3443 8624
3444 8631
3445 8621
3446 8631
3447 8640
3448 8629
3449 8633
3450 8634
3451 8630
3452 8648
3453 8654
3454 8642
3455 8634
3456 8641
3457 8642
3458 8654
3459 8661
3460 8666
3461 8681
3462 8656
3463 8661
3464 8661
3465 8681
3466 8668
3467 8678
3468 8671
3469 8671
3470 8691
3471 8677
3472 8688
3473 8691
3474 8696
3475 8696
3476 8707
3477 8704
3478 8724
3479 8734
3480 8697
3481 8717
3482 8706
3483 8712
3484 8712
3485 8705
3486 8714
3487 8717
3488 8724
3489 8718
3490 8730
3491 8719
3492 8735
3493 8734
3494 8731
3495 8730
3496 8730
3497 8734
3498 8731
3499 8743
3500 8745
3501 8742
3502 8760
3503 8764
3504 8769
3505 8758
3506 8763
3507 8761
3508 8762
3509 8764
3510 8775
3511 8780
3512 8783
3513 8784
3514 8788
3515 8790
3516 8796
3517 8810
3518 8800
3519 8817
3520 8809
3521 8810
3522 8816
3523 8815
3524 8828
3525 8814
3526 8822
3527 8825
3528 8829
3529 8840
3530 8826
3531 8826
3532 8834
3533 8837
3534 8843
3535 8842
3536 8844
3537 8847
3538 8851
3539 8856
3540 8843
3541 8855
3542 8854
3543 8868
3544 8871
3545 8871
3546 8857
3547 8872
3548 8877
3549 8877
3550 8892
3551 8893
3552 8878
3553 8884
3554 8888
3555 8901
3556 8885
3557 8882
3558 8895
3559 8887
3560 8895
3561 8885
3562 8893
3563 8892
3564 8900
3565 8892
3566 8901
3567 8899
3568 8913
3569 8898
3570 8907
3571 8919
3572 8909
3573 8917
3574 8916
3575 8921
3576 8917
3577 8931
3578 8925
3579 8928
3580 8923
3581 8927
3582 8935
3583 8930
3584 8926
3585 8926
3586 8927
3587 8936
3588 8940
3589 8948
3590 8941
3591 8947
3592 8956
3593 8966
3594 8949
3595 8964
3596 8966
3597 8956
3598 8955
3599 8967
3600 8956
3601 8958
3602 8974
3603 8976
3604 8975
3605 8984
3606 8985
3607 8982
3608 8984
3609 8993
3610 9001
3611 9009
3612 8999
3613 8998
3614 9007
3615 9026
3616 9046
3617 9020
3618 9037
3619 9037
3620 9038
3621 9050
3622 9044
3623 9054
3624 9061
3625 9059
3626 9052
3627 9062
3628 9067
3629 9086
3630 9063
3631 9079
3632 9067
3633 9079
3634 9084
3635 9094
3636 9073
3637 9084
3638 9091
3639 9101
3640 9094
3641 9095
3642 9093
3643 9109
3644 9104
3645 9112
3646 9120
3647 9114
3648 9118
3649 9110
3650 9117
3651 9124
3652 9120
3653 9127
3654 9134
3655 9129
3656 9146
3657 9141
3658 9134
3659 9153
3660 9173
3661 9157
3662 9161
3663 9135
3664 9152
3665 9140
3666 9145
3667 9158
3668 9152
3669 9161
3670 9159
3671 9164
3672 9177
3673 9181
3674 9179
3675 9181
3676 9191
3677 9189
3678 9183
3679 9189
3680 9194
3681 9209
3682 9188
3683 9206
3684 9205
3685 9197
3686 9191
3687 9203
3688 9197
3689 9201
3690 9211
3691 9203
3692 9220
3693 9218
3694 9217
3695 9225
3696 9239
3697 9224
3698 9231
3699 9222
3700 9240
3701 9230
3702 9235
3703 9245
3704 9230
3705 9246
3706 9237
3707 9236
3708 9248
3709 9244
3710 9237
3711 9241
3712 9254
3713 9242
3714 9258
3715 9253
3716 9254
3717 9259
3718 9262
3719 9262
3720 9268
3721 9282
3722 9280
3723 9273
3724 9285
3725 9274
3726 9283
3727 9293
3728 9295
3729 9287
3730 9303
3731 9291
3732 9303
3733 9306
3734 9322
3735 9325
3736 9320
3737 9333
3738 9324
3739 9344
3740 9329
3741 9332
3742 9339
3743 9345
3744 9346
3745 9364
3746 9345
3747 9352
3748 9359
3749 9352
3750 9369
3751 9381
3752 9353
3753 9361
3754 9362
3755 9380
3756 9358
3757 9368
3758 9381
3759 9368
3760 9388
3761 9374
3762 9383
3763 9381
3764 9380
3765 9398
3766 9384
3767 9389
3768 9394
3769 9402
3770 9411
3771 9392
3772 9394
3773 9398
3774 9413
3775 9398
3776 9405
3777 9418
3778 9413
3779 9422
3780 9433
3781 9413
3782 9430
3783 9419
3784 9420
3785 9422
3786 9426
3787 9427
3788 9431
3789 9437
3790 9448
3791 9445
3792 9443
3793 9441
3794 9457
3795 9449
3796 9468
3797 9450
3798 9450
3799 9459
3800 9473
3801 9461
3802 9473
3803 9480
3804 9493
3805 9489
3806 9476
3807 9481
3808 9487
3809 9487
3810 9486
3811 9491
3812 9502
3813 9495
3814 9493
3815 9494
3816 9513
3817 9512
3818 9512
3819 9515
3820 9519
3821 9524
3822 9521
3823 9536
3824 9523
3825 9533
3826 9538
3827 9543
3828 9535
3829 9543
3830 9536
3831 9539
3832 9537
3833 9544
3834 9544
3835 9552
3836 9547
3837 9549
3838 9557
3839 9560
3840 9561
3841 9561
3842 9555
3843 9566
3844 9558
3845 9573
3846 9575
3847 9565
3848 9574
3849 9578
3850 9586
3851 9569
3852 9579
3853 9583
3854 9599
3855 9571
3856 9587
3857 9591
3858 9574
3859 9590
3860 9591
3861 9601
3862 9620
3863 9606
3864 9613
3865 9621
3866 9617
3867 9627
3868 9636
3869 9625
3870 9636
3871 9630
3872 9632
3873 9631
3874 9638
3875 9641
3876 9651
3877 9648
3878 9643
3879 9645
3880 9657
3881 9648
3882 9646
3883 9649
3884 9649
3885 9661
3886 9665
3887 9667
3888 9664
3889 9682
3890 9675
3891 9681
3892 9684
3893 9692
3894 9700
3895 9678
3896 9690
3897 9707
3898 9721
3899 9731
3900 9696
3901 9699
3902 9715
3903 9700
3904 9716
3905 9728
3906 9725
3907 9742
3908 9732
3909 9737
3910 9743
3911 9759
3912 9754
3913 9739
3914 9751
3915 9745
3916 9765
3917 9753
3918 9749
3919 9757
3920 9755
3921 9761
3922 9777
3923 9797
3924 9797
3925 9773
3926 9782
3927 9793
3928 9794
3929 9789
3930 9783
3931 9800
3932 9793
3933 9802
3934 9805
3935 9806
3936 9814
3937 9803
3938 9806
3939 9817
3940 9811
3941 9814
3942 9816
3943 9819
3944 9816
3945 9833
3946 9824
3947 9825
3948 9831
3949 9837
3950 9836
3951 9835
3952 9854
3953 9841
3954 9853
3955 9855
3956 9842
3957 9852
3958 9862
3959 9857
3960 9865
3961 9877
3962 9890
3963 9875
3964 9862
3965 9872
3966 9880
3967 9897
3968 9916
3969 9863
3970 9876
3971 9871
3972 9879
3973 9879
3974 9884
3975 9881
3976 9885
3977 9890
3978 9891
3979 9885
3980 9899
3981 9907
3982 9903
3983 9902
3984 9901
3985 9918
3986 9935
3987 9906
3988 9922
3989 9932
3990 9922
3991 9918
3992 9925
3993 9928
3994 9929
3995 9942
3996 9925
3997 9939
3998 9934
3999 9944
4000 9940
4001 9932
4002 9946
4003 9951
4004 9939
4005 9957
4006 9948
4007 9950
4008 9957
4009 9962
4010 9977
4011 9970
4012 9978
4013 9984
4014 9969
4015 9977
4016 9977
4017 9993
4018 9974
4019 9989
4020 9981
4021 9991
4022 9983
4023 9990
4024 9993
4025 10001
4026 9996
4027 10007
4028 10008
4029 10006
4030 10010
4031 10010
4032 10029
4033 10012
4034 10015
4035 10018
4036 10011
4037 10019
4038 10026
4039 10020
4040 10029
4041 10024
4042 10033
4043 10038
4044 10042
4045 10037
4046 10053
4047 10056
4048 10064
4049 10039
4050 10049
4051 10058
4052 10069
4053 10041
4054 10052
4055 10054
4056 10050
4057 10059
4058 10055
4059 10065
4060 10074
4061 10060
4062 10071
4063 10083
4064 10080
4065 10073
4066 10078
4067 10085
4068 10087
4069 10103
4070 10093
4071 10110
4072 10118
4073 10107
4074 10126
4075 10125
4076 10112
4077 10121
4078 10139
4079 10142
4080 10134
4081 10117
4082 10122
4083 10118
4084 10131
4085 10119
4086 10132
4087 10139
4088 10133
4089 10135
4090 10138
4091 10157
4092 10169
4093 10147
4094 10149
4095 10151
4096 10155
4097 10175
4098 10157
4099 10162
4100 10172
4101 10165
4102 10166
4103 10160
4104 10161
4105 10180
4106 10163
4107 10166
4108 10182
4109 10167
4110 10177
4111 10196
4112 10174
4113 10175
4114 10194
4115 10183
4116 10179
4117 10197
4118 10186
4119 10197
4120 10198
4121 10211
4122 10205
4123 10216
4124 10200
4125 10209
4126 10210
4127 10212
4128 10226
4129 10215
4130 10221
4131 10230
4132 10229
4133 10226
4134 10225
4135 10245
4136 10231
4137 10237
4138 10232
4139 10249
4140 10249
4141 10249
4142 10250
4143 10252
4144 10259
4145 10252
4146 10251
4147 10258
4148 10267
4149 10264
4150 10278
4151 10296
4152 10268
4153 10283
4154 10282
4155 10295
4156 10285
4157 10271
4158 10289
4159 10278
4160 10282
4161 10292
4162 10297
4163 10294
4164 10298
4165 10295
4166 10298
4167 10310
4168 10324
4169 10314
4170 10326
4171 10322
4172 10341
4173 10319
4174 10322
4175 10322
4176 10329
4177 10322
4178 10326
4179 10333
4180 10336
4181 10333
4182 10333
4183 10341
4184 10353
4185 10350
4186 10351
4187 10355
4188 10351
4189 10359
4190 10359
4191 10368
4192 10381
4193 10377
4194 10384
4195 10368
4196 10382
4197 10380
4198 10384
4199 10396
4200 10388
4201 10395
4202 10410
4203 10401
4204 10405
4205 10415
4206 10415
4207 10428
4208 10428
4209 10442
4210 10434
4211 10438
4212 10454
4213 10450
4214 10453
4215 10454
4216 10450
4217 10466
4218 10453
4219 10460
4220 10460
4221 10464
4222 10467
4223 10478
4224 10466
4225 10483
4226 10475
4227 10476
4228 10477
4229 10478
4230 10486
4231 10495
4232 10496
4233 10491
4234 10497
4235 10490
4236 10505
4237 10507
4238 10495
4239 10499
4240 10509
4241 10509
4242 10515
4243 10501
4244 10515
4245 10517
4246 10529
4247 10531
4248 10517
4249 10525
4250 10519
4251 10538
4252 10543
4253 10556
4254 10559
4255 10560
4256 10568
4257 10563
4258 10560
4259 10561
4260 10567
4261 10566
4262 10579
4263 10568
4264 10573
4265 10576
4266 10576
4267 10583
4268 10589
4269 10594
4270 10599
4271 10609
4272 10597
4273 10614
4274 10613
4275 10606
4276 10608
4277 10598
4278 10604
4279 10600
4280 10616
4281 10615
4282 10607
4283 10617
4284 10607
4285 10621
4286 10630
4287 10631
4288 10614
4289 10611
4290 10614
4291 10613
4292 10621
4293 10619
4294 10631
4295 10634
4296 10633
4297 10651
4298 10665
4299 10648
4300 10645
4301 10649
4302 10649
4303 10651
4304 10665
4305 10654
4306 10654
4307 10664
4308 10672
4309 10690
4310 10667
4311 10672
4312 10671
4313 10675
4314 10685
4315 10688
4316 10672
4317 10675
4318 10682
4319 10676
4320 10681
4321 10684
4322 10704
4323 10689
4324 10701
4325 10696
4326 10708
4327 10698
4328 10713
4329 10701
4330 10709
4331 10712
4332 10699
4333 10718
4334 10714
4335 10718
4336 10733
4337 10719
4338 10718
4339 10719
4340 10734
4341 10745
4342 10754
4343 10747
4344 10760
4345 10753
4346 10766
4347 10757
4348 10770
4349 10786
4350 10773
4351 10786
4352 10767
4353 10771
4354 10777
4355 10789
4356 10787
4357 10786
4358 10795
4359 10798
4360 10809
4361 10802
4362 10811
4363 10817
4364 10803
4365 10821
4366 10818
4367 10819
4368 10828
4369 10819
4370 10827
4371 10841
4372 10836
4373 10837
4374 10844
4375 10851
4376 10842
4377 10860
4378 10860
4379 10850
4380 10859
4381 10861
4382 10866
4383 10866
4384 10877
4385 10882
4386 10866
4387 10868
4388 10884
4389 10882
4390 10897
4391 10888
4392 10889
4393 10891
4394 10902
4395 10904
4396 10906
4397 10901
4398 10917
4399 10931
4400 10904
4401 10918
4402 10908
4403 10921
4404 10905
4405 10906
4406 10910
4407 10913
4408 10921
4409 10906
4410 10912
4411 10919
4412 10910
4413 10925
4414 10923
4415 10928
4416 10927
4417 10930
4418 10940
4419 10945
4420 10941
4421 10958
4422 10955
4423 10946
4424 10954
4425 10956
4426 10963
4427 10971
4428 10965
4429 10980
4430 10963
4431 10973
4432 10970
4433 10975
4434 10988
4435 10980
4436 10984
4437 11000
4438 11005
4439 11015
4440 11003
4441 11023
4442 11030
4443 11023
4444 11009
4445 11010
4446 11029
4447 11010
4448 11016
4449 11032
4450 11035
4451 11036
4452 11030
4453 11035
4454 11053
4455 11047
4456 11038
4457 11040
4458 11055
4459 11060
4460 11046
4461 11051
4462 11048
4463 11065
4464 11051
4465 11064
4466 11073
4467 11070
4468 11069
4469 11077
4470 11075
4471 11077
4472 11095
4473 11103
4474 11084
4475 11084
4476 11096
4477 11094
4478 11101
4479 11104
4480 11114
4481 11111
4482 11118
4483 11105
4484 11118
4485 11114
4486 11121
4487 11134
4488 11120
4489 11133
4490 11137
4491 11125
4492 11121
4493 11134
4494 11128
4495 11129
4496 11138
4497 11143
4498 11134
4499 11149
4500 11146
4501 11153
4502 11166
4503 11172
4504 11147
4505 11166
4506 11171
4507 11186
4508 11205
4509 11191
4510 11192
4511 11200
4512 11204
4513 11200
4514 11213
4515 11233
4516 11224
4517 11237
4518 11223
4519 11233
4520 11228
4521 11224
4522 11234
4523 11228
4524 11237
4525 11233
4526 11238
4527 11241
4528 11237
4529 11252
4530 11241
4531 11256
4532 11249
4533 11250
4534 11268
4535 11253
4536 11253
4537 11272
4538 11273
4539 11256
4540 11263
4541 11274
4542 11260
4543 11263
4544 11267
4545 11266
4546 11273
4547 11272
4548 11281
4549 11292
4550 11278
4551 11284
4552 11290
4553 11289
4554 11307
4555 11304
4556 11324
4557 11313
4558 11309
4559 11305
4560 11322
4561 11324
4562 11309
4563 11310
4564 11309
4565 11328
4566 11320
4567 11329
4568 11340
4569 11324
4570 11323
4571 11332
4572 11328
4573 11348
4574 11342
4575 11347
4576 11334
4577 11343
4578 11358
4579 11338
4580 11344
4581 11343
4582 11340
4583 11345
4584 11355
4585 11354
4586 11364
4587 11370
4588 11364
4589 11365
4590 11373
4591 11368
4592 11382
4593 11386
4594 11388
4595 11399
4596 11418
4597 11393
4598 11408
4599 11413
4600 11421
4601 11432
4602 11421
4603 11441
4604 11459
4605 11461
4606 11425
4607 11434
4608 11441
4609 11441
4610 11452
4611 11442
4612 11439
4613 11444
4614 11460
4615 11465
4616 11450
4617 11444
4618 11452
4619 11459
4620 11463
4621 11453
4622 11457
4623 11453
4624 11473
4625 11458
4626 11464
4627 11472
4628 11459
4629 11461
4630 11475
4631 11472
4632 11482
4633 11470
4634 11487
4635 11488
4636 11494
4637 11505
4638 11501
4639 11500
4640 11505
4641 11499
4642 11505
4643 11515
4644 11515
4645 11532
4646 11551
4647 11523
4648 11532
4649 11540
4650 11533
4651 11550
4652 11561
4653 11546
4654 11540
4655 11544
4656 11546
4657 11547
4658 11556
4659 11571
4660 11566
4661 11549
4662 11555
4663 11559
4664 11567
4665 11570
4666 11573
4667 11573
4668 11577
4669 11584
4670 11590
4671 11596
4672 11591
4673 11609
4674 11606
4675 11608
4676 11619
4677 11616
4678 11613
4679 11626
4680 11610
4681 11623
4682 11623
4683 11612
4684 11614
4685 11624
4686 11618
4687 11617
4688 11626
4689 11633
4690 11642
4691 11656
4692 11651
4693 11646
4694 11645
4695 11659
4696 11676
4697 11656
4698 11672
4699 11667
4700 11670
4701 11666
4702 11669
4703 11682
4704 11682
4705 11693
4706 11684
4707 11699
4708 11687
4709 11697
4710 11699
4711 11706
4712 11694
4713 11692
4714 11702
4715 11709
4716 11703
4717 11694
4718 11707
4719 11716
4720 11695
4721 11704
4722 11700
4723 11697
4724 11696
4725 11698
4726 11705
4727 11704
4728 11720
4729 11704
4730 11711
4731 11723
4732 11739
4733 11720
4734 11726
4735 11735
4736 11730
4737 11735
4738 11739
4739 11732
4740 11749
4741 11760
4742 11735
4743 11739
4744 11738
4745 11744
4746 11754
4747 11758
4748 11761
4749 11761
4750 11766
4751 11763
4752 11767
4753 11766
4754 11781
4755 11775
4756 11767
4757 11777
4758 11782
4759 11785
4760 11787
4761 11771
4762 11791
4763 11777
4764 11776
4765 11778
4766 11786
4767 11783
4768 11789
4769 11796
4770 11788
4771 11806
4772 11794
4773 11800
4774 11800
4775 11804
4776 11796
4777 11810
4778 11807
4779 11824
4780 11831
4781 11819
4782 11818
4783 11828
4784 11835
4785 11830
4786 11832
4787 11831
4788 11831
4789 11836
4790 11842
4791 11854
4792 11845
4793 11854
4794 11845
4795 11863
4796 11850
4797 11864
4798 11871
4799 11878
4800 11858
4801 11870
4802 11874
4803 11877
4804 11879
4805 11879
4806 11890
4807 11880
4808 11889
4809 11883
4810 11898
4811 11894
4812 11905
4813 11911
4814 11926
4815 11910
4816 11919
4817 11928
4818 11929
4819 11948
4820 11943
4821 11947
4822 11948
4823 11944
4824 11945
4825 11955
4826 11971
4827 11959
4828 11961
4829 11976
4830 11988
4831 12003
4832 12003
4833 12017
4834 12018
4835 12022
4836 12008
4837 12026
4838 12021
4839 12029
4840 12023
4841 12033
4842 12037
4843 12033
4844 12025
4845 12039
4846 12037
4847 12045
4848 12051
4849 12071
4850 12041
4851 12046
4852 12047
4853 12052
4854 12071
4855 12053
4856 12056
4857 12067
4858 12071
4859 12065
4860 12072
4861 12069
4862 12082
4863 12083
4864 12079
4865 12083
4866 12094
4867 12099
4868 12107
4869 12106
4870 12118
4871 12096
4872 12103
4873 12109
4874 12110
4875 12112
4876 12116
4877 12106
4878 12108
4879 12124
4880 12109
4881 12110
4882 12126
4883 12124
4884 12144
4885 12128
4886 12130
4887 12126
4888 12145
4889 12146
4890 12165
4891 12137
4892 12154
4893 12141
4894 12157
4895 12140
4896 12149
4897 12158
4898 12152
4899 12150
4900 12152
4901 12172
4902 12170
4903 12171
4904 12168
4905 12170
4906 12181
4907 12184
4908 12170
4909 12175
4910 12180
4911 12198
4912 12176
4913 12183
4914 12194
4915 12193
4916 12195
4917 12205
4918 12202
4919 12206
4920 12218
4921 12223
4922 12224
4923 12226
4924 12236
4925 12234
4926 12232
4927 12234
4928 12245
4929 12240
4930 12234
4931 12238
4932 12238
4933 12252
4934 12243
4935 12250
4936 12243
4937 12262
4938 12249
4939 12252
4940 12267
4941 12267
4942 12277
4943 12261
4944 12262
4945 12267
4946 12276
4947 12277
4948 12277
4949 12275
4950 12268
4951 12281
4952 12280
4953 12294
4954 12269
4955 12288
4956 12271
4957 12280
4958 12270
4959 12285
4960 12279
4961 12290
4962 12291
4963 12299
4964 12288
4965 12295
4966 12303
4967 12303
4968 12306
4969 12304
4970 12308
4971 12304
4972 12309
4973 12321
4974 12341
4975 12321
4976 12327
4977 12330
4978 12338
4979 12344
4980 12354
4981 12355
4982 12370
4983 12370
4984 12360
4985 12371
4986 12372
4987 12383
4988 12388
4989 12366
4990 12381
4991 12385
4992 12385
4993 12379
4994 12389
4995 12398
4996 12392
4997 12402
4998 12398
4999 12407
5000 12402
5001 12420
5002 12416
5003 12413
5004 12406
5005 12416
5006 12416
5007 12421
5008 12424
5009 12413
5010 12421
5011 12419
5012 12420
5013 12426
5014 12435
5015 12434
5016 12438
5017 12429
5018 12432
5019 12444
5020 12432
5021 12438
5022 12444
5023 12445
5024 12448
5025 12456
5026 12451
5027 12459
5028 12463
5029 12478
5030 12466
5031 12467
5032 12478
5033 12482
5034 12469
5035 12486
5036 12479
5037 12491
5038 12481
5039 12495
5040 12498
5041 12509
5042 12497
5043 12506
5044 12513
5045 12509
5046 12517
5047 12522
5048 12526
5049 12533
5050 12534
5051 12545
5052 12526
5053 12532
5054 12528
5055 12543
5056 12544
5057 12561
5058 12546
5059 12560
5060 12578
5061 12563
5062 12558
5063 12562
5064 12573
5065 12586
5066 12580
5067 12576
5068 12569
5069 12579
5070 12584
5071 12584
5072 12590
5073 12586
5074 12599
5075 12610
5076 12606
5077 12602
5078 12589
5079 12599
5080 12616
5081 12620
5082 12621
5083 12620
5084 12625
5085 12627
5086 12628
5087 12630
5088 12641
5089 12640
5090 12633
5091 12641
5092 12640
5093 12640
5094 12651
5095 12659
5096 12668
5097 12658
5098 12671
5099 12665
5100 12676
5101 12666
5102 12675
5103 12679
5104 12691
5105 12695
5106 12699
5107 12704
5108 12695
5109 12712
5110 12705
5111 12709
5112 12712
5113 12711
5114 12712
5115 12728
5116 12731
5117 12721
5118 12739
5119 12753
5120 12751
5121 12771
5122 12766
5123 12772
5124 12762
5125 12763
5126 12781
5127 12773
5128 12780
5129 12782
5130 12774
5131 12783
5132 12793
5133 12784
5134 12786
5135 12797
5136 12789
5137 12803
5138 12793
5139 12790
5140 12805
5141 12790
5142 12804
5143 12801
5144 12810
5145 12821
5146 12821
5147 12819
5148 12834
5149 12830
5150 12821
5151 12826
5152 12833
5153 12824
5154 12822
5155 12824
5156 12837
5157 12834
5158 12842
5159 12853
5160 12850
5161 12865
5162 12859
5163 12859
5164 12858
5165 12878
5166 12878
5167 12878
5168 12880
5169 12892
5170 12882
5171 12882
5172 12899
5173 12889
5174 12897
5175 12904
5176 12896
5177 12899
5178 12914
5179 12920
5180 12933
5181 12903
5182 12910
5183 12923
5184 12920
5185 12917
5186 12925
5187 12935
5188 12935
5189 12941
5190 12935
5191 12937
5192 12946
5193 12945
5194 12953
5195 12961
5196 12939
5197 12954
5198 12941
5199 12946
5200 12948
5201 12950
5202 12948
5203 12950
5204 12950
5205 12962
5206 12966
5207 12965
5208 12968
5209 12978
5210 12976
5211 12975
5212 12985
5213 12979
5214 12976
5215 12995
5216 12977
5217 12982
5218 12996
5219 12994
5220 12980
5221 12989
5222 13002
5223 13009
5224 13012
5225 13001
5226 13002
5227 13011
5228 13011
5229 13020
5230 13009
5231 13014
5232 13021
5233 13018
5234 13023
5235 13028
5236 13042
5237 13024
5238 13020
5239 13029
5240 13028
5241 13027
5242 13035
5243 13039
5244 13029
5245 13037
5246 13037
5247 13049
5248 13047
5249 13030
5250 13048
5251 13033
5252 13038
5253 13040
5254 13052
5255 13046
5256 13050
5257 13057
5258 13070
5259 13074
5260 13088
5261 13094
5262 13074
5263 13082
5264 13092
5265 13086
5266 13087
5267 13089
5268 13089
5269 13092
5270 13095
5271 13099
5272 13114
5273 13124
5274 13102
5275 13115
5276 13107
5277 13124
5278 13115
5279 13117
5280 13129
5281 13130
5282 13126
5283 13124
5284 13125
5285 13130
5286 13131
5287 13135
5288 13152
5289 13136
5290 13145
5291 13158
5292 13161
5293 13156
5294 13169
5295 13158
5296 13165
5297 13176
5298 13175
5299 13164
5300 13161
5301 13177
5302 13170
5303 13173
5304 13175
5305 13181
5306 13171
5307 13190
5308 13178
5309 13192
5310 13201
5311 13197
5312 13182
5313 13190
5314 13190
5315 13191
5316 13185
5317 13190
5318 13200
5319 13192
5320 13187
5321 13203
5322 13207
5323 13216
5324 13226
5325 13193
5326 13200
5327 13207
5328 13200
5329 13211
5330 13213
5331 13210
5332 13215
5333 13232
5334 13236
5335 13216
5336 13231
5337 13219
5338 13222
5339 13223
5340 13228
5341 13222
5342 13242
5343 13240
5344 13224
5345 13228
5346 13229
5347 13239
5348 13252
5349 13240
5350 13234
5351 13238
5352 13251
5353 13245
5354 13253
5355 13240
5356 13243
5357 13249
5358 13246
5359 13263
5360 13261
5361 13280
5362 13249
5363 13250
5364 13268
5365 13251
5366 13262
5367 13272
5368 13264
5369 13264
5370 13265
5371 13283
5372 13270
5373 13282
5374 13297
5375 13277
5376 13272
5377 13282
5378 13279
5379 13290
5380 13290
5381 13286
5382 13300
5383 13297
5384 13300
5385 13299
5386 13306
5387 13315
5388 13308
5389 13319
5390 13301
5391 13321
5392 13305
5393 13320
5394 13332
5395 13339
5396 13325
5397 13337
5398 13335
5399 13355
5400 13344
5401 13340
5402 13341
5403 13349
5404 13346
5405 13358
5406 13345
5407 13359
5408 13347
5409 13365
5410 13359
5411 13360
5412 13366
5413 13374
5414 13371
5415 13376
5416 13388
5417 13397
5418 13379
5419 13390
5420 13394
5421 13410
5422 13397
5423 13396
5424 13399
5425 13399
5426 13406
5427 13417
5428 13415
5429 13400
5430 13409
5431 13405
5432 13413
5433 13409
5434 13423
5435 13414
5436 13413
5437 13416
5438 13415
5439 13432
5440 13426
5441 13421
5442 13421
5443 13428
5444 13436
5445 13427
5446 13436
5447 13432
5448 13441
5449 13453
5450 13456
5451 13435
5452 13440
5453 13450
5454 13452
5455 13458
5456 13454
5457 13468
5458 13458
5459 13463
5460 13469
5461 13476
5462 13473
5463 13475
5464 13493
5465 13505
5466 13492
5467 13494
5468 13506
5469 13497
5470 13501
5471 13520
5472 13516
5473 13506
5474 13514
5475 13526
5476 13516
5477 13516
5478 13530
5479 13535
5480 13526
5481 13545
5482 13537
5483 13531
5484 13546
5485 13542
5486 13551
5487 13532
5488 13546
5489 13544
5490 13564
5491 13563
5492 13577
5493 13567
5494 13584
5495 13576
5496 13584
5497 13595
5498 13604
5499 13589
5500 13592
5501 13607
5502 13597
5503 13593
5504 13610
5505 13594
5506 13596
5507 13602
5508 13597
5509 13608
5510 13606
5511 13604
5512 13613
5513 13623
5514 13619
5515 13617
5516 13628
5517 13632
5518 13626
5519 13618
5520 13622
5521 13634
5522 13623
5523 13634
5524 13629
5525 13633
5526 13634
5527 13638
5528 13637
5529 13644
5530 13645
5531 13650
5532 13655
5533 13665
5534 13651
5535 13659
5536 13656
5537 13658
5538 13658
5539 13673
5540 13678
5541 13657
5542 13672
5543 13670
5544 13660
5545 13667
5546 13668
5547 13679
5548 13690
5549 13679
5550 13682
5551 13683
5552 13689
5553 13696
5554 13683
5555 13695
5556 13695
5557 13687
5558 13689
5559 13696
5560 13697
5561 13710
5562 13692
5563 13693
5564 13703
5565 13710
5566 13693
5567 13695
5568 13709
5569 13695
5570 13698
5571 13712
5572 13704
5573 13717
5574 13736
5575 13726
5576 13733
5577 13722
5578 13730
5579 13729
5580 13736
5581 13739
5582 13728
5583 13741
5584 13731
5585 13742
5586 13757
5587 13752
5588 13738
5589 13740
5590 13758
5591 13775
5592 13743
5593 13757
5594 13750
5595 13749
5596 13762
5597 13757
5598 13769
5599 13754
5600 13757
5601 13769
5602 13770
5603 13788
5604 13766
5605 13770
5606 13770
5607 13774
5608 13790
5609 13796
5610 13812
5611 13772
5612 13780
5613 13791
5614 13782
5615 13790
5616 13791
5617 13785
5618 13788
5619 13787
5620 13805
5621 13817
5622 13821
5623 13815
5624 13828
5625 13829
5626 13832
5627 13843
5628 13836
5629 13834
5630 13846
5631 13849
5632 13866
5633 13854
5634 13861
5635 13857
5636 13863
5637 13863
5638 13865
5639 13869
5640 13861
5641 13863
5642 13871
5643 13879
5644 13870
5645 13885
5646 13889
5647 13886
5648 13873
5649 13889
5650 13886
5651 13881
5652 13901
5653 13895
5654 13895
5655 13891
5656 13887
5657 13893
5658 13894
5659 13909
5660 13905
5661 13910
5662 13912
5663 13922
5664 13940
5665 13927
5666 13930
5667 13946
5668 13943
5669 13941
5670 13942
5671 13956
5672 13974
5673 13956
5674 13957
5675 13973
5676 13965
5677 13971
5678 13981
5679 13975
5680 13974
5681 13970
5682 13973
5683 13986
5684 13979
5685 13990
5686 13975
5687 13978
5688 13977
5689 13977
5690 13987
5691 13996
5692 13996
5693 14003
5694 13997
5695 13999
5696 14014
5697 14007
5698 14008
5699 14019
5700 14027
5701 14026
5702 14032
5703 14016
5704 14024
5705 14026
5706 14019
5707 14021
5708 14028
5709 14035
5710 14033
5711 14034
5712 14040
5713 14039
5714 14040
5715 14049
5716 14053
5717 14051
5718 14065
5719 14054
5720 14056
5721 14057
5722 14074
5723 14062
5724 14072
5725 14076
5726 14067
5727 14069
5728 14072
5729 14087
5730 14098
5731 14079
5732 14087
5733 14082
5734 14081
5735 14090
5736 14080
5737 14091
5738 14092
5739 14093
5740 14095
5741 14111
5742 14093
5743 14101
5744 14116
5745 14132
5746 14136
5747 14116
5748 14124
5749 14122
5750 14120
5751 14121
5752 14128
5753 14135
5754 14135
5755 14148
5756 14151
5757 14151
5758 14161
5759 14156
5760 14151
5761 14164
5762 14157
5763 14164
5764 14160
5765 14164
5766 14180
5767 14196
5768 14189
5769 14179
5770 14181
5771 14193
5772 14196
5773 14198
5774 14213
5775 14203
5776 14214
5777 14212
5778 14209
5779 14226
5780 14214
5781 14214
5782 14212
5783 14213
5784 14221
5785 14219
5786 14235
5787 14215
5788 14222
5789 14218
5790 14223
5791 14224
5792 14227
5793 14225
5794 14240
5795 14244
5796 14257
5797 14262
5798 14264
5799 14279
5800 14270
5801 14274
5802 14283
5803 14271
5804 14281
5805 14281
5806 14299
5807 14299
5808 14289
5809 14296
5810 14313
5811 14310
5812 14309
5813 14321
5814 14324
5815 14340
5816 14323
5817 14329
5818 14328
5819 14330
5820 14338
5821 14352
5822 14348
5823 14332
5824 14335
5825 14344
5826 14333
5827 14347
5828 14343
5829 14339
5830 14341
5831 14343
5832 14349
5833 14346
5834 14351
5835 14343
5836 14360
5837 14350
5838 14345
5839 14355
5840 14353
5841 14353
5842 14355
5843 14364
5844 14377
5845 14396
5846 14361
5847 14377
5848 14375
5849 14374
5850 14378
5851 14388
5852 14401
5853 14387
5854 14407
5855 14412
5856 14391
5857 14401
5858 14417
5859 14405
5860 14411
5861 14420
5862 14429
5863 14423
5864 14435
5865 14440
5866 14446
5867 14442
5868 14451
5869 14458
5870 14449
5871 14469
5872 14474
5873 14455
5874 14456
5875 14461
5876 14468
5877 14469
5878 14473
5879 14470
5880 14473
5881 14484
5882 14487
5883 14498
5884 14490
5885 14493
5886 14497
5887 14495
5888 14510
5889 14503
5890 14501
5891 14511
5892 14502
5893 14521
5894 14519
5895 14532
5896 14514
5897 14520
5898 14526
5899 14525
5900 14533
5901 14527
5902 14529
5903 14531
5904 14544
5905 14564
5906 14544
5907 14548
5908 14552
5909 14557
5910 14558
5911 14559
5912 14561
5913 14561
5914 14569
5915 14568
5916 14573
5917 14580
5918 14569
5919 14578
5920 14577
5921 14595
5922 14594
5923 14573
5924 14577
5925 14582
5926 14599
5927 14586
5928 14594
5929 14597
5930 14602
5931 14605
5932 14602
5933 14605
5934 14605
5935 14604
5936 14621
5937 14640
5938 14653
5939 14642
5940 14652
5941 14662
5942 14658
5943 14668
5944 14656
5945 14668
5946 14678
5947 14662
5948 14680
5949 14665
5950 14677
5951 14681
5952 14679
5953 14684
5954 14686
5955 14697
5956 14703
5957 14718
5958 14692
5959 14694
5960 14695
5961 14693
5962 14708
5963 14702
5964 14705
5965 14713
5966 14707
5967 14722
5968 14714
5969 14720
5970 14721
5971 14724
5972 14735
5973 14747
5974 14732
5975 14743
5976 14763
5977 14737
5978 14754
5979 14738
5980 14740
5981 14741
5982 14755
5983 14754
5984 14768
5985 14757
5986 14760
5987 14769
5988 14775
5989 14787
5990 14772
5991 14778
5992 14789
5993 14796
5994 14799
5995 14790
5996 14806
5997 14808
5998 14796
5999 14805
6000 14806
6001 14813
6002 14821
6003 14825
6004 14824
6005 14817
6006 14820
6007 14827
6008 14829
6009 14831
6010 14836
6011 14841
6012 14832
6013 14842
6014 14847
6015 14843
6016 14848
6017 14844
6018 14862
6019 14853
6020 14855
6021 14873
6022 14867
6023 14861
6024 14873
6025 14869
6026 14877
6027 14872
6028 14890
6029 14873
6030 14874
6031 14883
6032 14875
6033 14893
6034 14908
6035 14877
6036 14882
6037 14893
6038 14904
6039 14896
6040 14914
6041 14934
6042 14907
6043 14905
6044 14916
6045 14911
6046 14925
6047 14916
6048 14918
6049 14915
6050 14923
6051 14929
6052 14924
6053 14919
6054 14931
6055 14932
6056 14945
6057 14937
6058 14944
6059 14950
6060 14954
6061 14961
6062 14942
6063 14946
6064 14960
6065 14950
6066 14965
6067 14954
6068 14951
6069 14970
6070 14971
6071 14953
6072 14971
6073 14971
6074 14962
6075 14964
6076 14963
6077 14968
6078 14965
6079 14974
6080 14975
6081 14990
6082 14976
6083 14976
6084 14993
6085 14978
6086 14996
6087 14985
6088 14979
6089 14990
6090 14980
6091 14993
6092 14984
6093 15003
6094 15016
6095 14987
6096 15004
6097 15006
6098 15022
6099 15014
6100 15025
6101 15017
6102 15031
6103 15042
6104 15030
6105 15042
6106 15043
6107 15059
6108 15068
6109 15036
6110 15044
6111 15041
6112 15054
6113 15043
6114 15056
6115 15057
6116 15059
6117 15059
6118 15052
6119 15059
6120 15055
6121 15069
6122 15070
6123 15084
6124 15064
6125 15082
6126 15075
6127 15068
6128 15087
6129 15074
6130 15089
6131 15088
6132 15086
6133 15089
6134 15090
6135 15097
6136 15106
6137 15111
6138 15119
6139 15122
6140 15120
6141 15108
6142 15111
6143 15109
6144 15118
6145 15117
6146 15121
6147 15118
6148 15119
6149 15136
6150 15139
6151 15124
6152 15137
6153 15130
6154 15139
6155 15138
6156 15140
6157 15146
6158 15153
6159 15153
6160 15169
6161 15147
6162 15149
6163 15157
6164 15155
6165 15157
6166 15151
6167 15163
6168 15159
6169 15171
6170 15166
6171 15180
6172 15173
6173 15187
6174 15173
6175 15192
6176 15185
6177 15189
6178 15203
6179 15187
6180 15201
6181 15207
6182 15188
6183 15205
6184 15189
6185 15197
6186 15196
6187 15190
6188 15196
6189 15200
6190 15199
6191 15210
6192 15219
6193 15208
6194 15211
6195 15211
6196 15223
6197 15223
6198 15234
6199 15254
6200 15252
6201 15233
6202 15233
6203 15241
6204 15246
6205 15256
6206 15271
6207 15282
6208 15256
6209 15267
6210 15273
6211 15257
6212 15275
6213 15278
6214 15287
6215 15262
6216 15279
6217 15269
6218 15282
6219 15278
6220 15281
6221 15274
6222 15286
6223 15293
6224 15286
6225 15301
6226 15283
6227 15288
6228 15288
6229 15305
6230 15289
6231 15306
6232 15317
6233 15314
6234 15291
6235 15307
6236 15301
6237 15312
6238 15314
6239 15331
6240 15350
6241 15315
6242 15328
6243 15330
6244 15316
6245 15326
6246 15323
6247 15334
6248 15331
6249 15332
6250 15330
6251 15339
6252 15350
6253 15333
6254 15345
6255 15358
6256 15352
6257 15348
6258 15349
6259 15359
6260 15362
6261 15372
6262 15386
6263 15351
6264 15371
6265 15354
6266 15369
6267 15357
6268 15363
6269 15370
6270 15365
6271 15371
6272 15390
6273 15381
6274 15382
6275 15383
6276 15394
6277 15390
6278 15392
6279 15400
6280 15406
6281 15418
6282 15397
6283 15409
6284 15417
6285 15407
6286 15411
6287 15427
6288 15419
6289 15421
6290 15423
6291 15439
6292 15423
6293 15439
6294 15424
6295 15440
6296 15442
6297 15457
6298 15434
6299 15452
6300 15457
6301 15451
6302 15452
6303 15455
6304 15465
6305 15468
6306 15453
6307 15465
6308 15458
6309 15468
6310 15458
6311 15468
6312 15473
6313 15460
6314 15474
6315 15469
6316 15471
6317 15484
6318 15495
6319 15475
6320 15476
6321 15477
6322 15477
6323 15489
6324 15487
6325 15494
6326 15490
6327 15495
6328 15489
6329 15497
6330 15502
6331 15522
6332 15493
6333 15499
6334 15503
6335 15512
6336 15513
6337 15514
6338 15522
6339 15506
6340 15510
6341 15508
6342 15515
6343 15514
6344 15511
6345 15528
6346 15518
6347 15523
6348 15527
6349 15534
6350 15527
6351 15529
6352 15544
6353 15535
6354 15534
6355 15537
6356 15546
6357 15558
6358 15566
6359 15541
6360 15557
6361 15560
6362 15566
6363 15579
6364 15584
6365 15595
6366 15564
6367 15572
6368 15583
6369 15585
6370 15599
6371 15573
6372 15580
6373 15586
6374 15587
6375 15593
6376 15604
6377 15613
6378 15621
6379 15610
6380 15595
6381 15614
6382 15607
6383 15611
6384 15612
6385 15625
6386 15622
6387 15632
6388 15632
6389 15629
6390 15630
6391 15644
6392 15639
6393 15645
6394 15658
6395 15641
6396 15655
6397 15661
6398 15661
6399 15650
6400 15644
6401 15649
6402 15657
6403 15662
6404 15665
6405 15656
6406 15672
6407 15663
6408 15668
6409 15670
6410 15680
6411 15679
6412 15672
6413 15690
6414 15692
6415 15704
6416 15675
6417 15685
6418 15682
6419 15686
6420 15685
6421 15695
6422 15691
6423 15701
6424 15694
6425 15704
6426 15700
6427 15710
6428 15713
6429 15717
6430 15730
6431 15730
6432 15741
6433 15742
6434 15760
6435 15744
6436 15747
6437 15756
6438 15770
6439 15748
6440 15762
6441 15754
6442 15751
6443 15755
6444 15761
6445 15767
6446 15768
6447 15779
6448 15783
6449 15781
6450 15796
6451 15789
6452 15800
6453 15801
6454 15809
6455 15818
6456 15825
6457 15816
6458 15834
6459 15827
6460 15828
6461 15846
6462 15861
6463 15851
6464 15853
6465 15837
6466 15840
6467 15849
6468 15849
6469 15852
6470 15850
6471 15854
6472 15869
6473 15866
6474 15867
6475 15869
6476 15869
6477 15883
6478 15887
6479 15883
6480 15882
6481 15884
6482 15885
6483 15900
6484 15900
6485 15891
6486 15900
6487 15900
6488 15906
6489 15919
6490 15921
6491 15932
6492 15906
6493 15918
6494 15923
6495 15927
6496 15922
6497 15935
6498 15923
6499 15932
6500 15951
6501 15941
6502 15924
6503 15926
6504 15927
6505 15925
6506 15938
6507 15947
6508 15934
6509 15938
6510 15953
6511 15943
6512 15955
6513 15949
6514 15960
6515 15968
6516 15977
6517 15980
6518 15961
6519 15978
6520 15969
6521 15971
6522 15986
6523 15971
6524 15980
6525 15971
6526 15973
6527 15975
6528 15988
6529 15985
6530 16000
6531 15992
6532 15994
6533 15987
6534 15991
6535 16005
6536 16009
6537 16003
6538 16000
6539 16009
6540 16014
6541 16017
6542 16018
6543 16019
6544 16020
6545 16026
6546 16033
6547 16042
6548 16035
6549 16044
6550 16038
6551 16052
6552 16042
6553 16049
6554 16051
6555 16041
6556 16053
6557 16045
6558 16048
6559 16058
6560 16060
6561 16070
6562 16052
6563 16057
6564 16070
6565 16076
6566 16070
6567 16061
6568 16074
6569 16073
6570 16068
6571 16071
6572 16081
6573 16072
6574 16086
6575 16090
6576 16073
6577 16080
6578 16088
6579 16096
6580 16099
6581 16111
6582 16106
6583 16101
6584 16117
6585 16131
6586 16134
6587 16134
6588 16134
6589 16131
6590 16132
6591 16135
6592 16140
6593 16147
6594 16155
6595 16157
6596 16175
6597 16189
6598 16192
6599 16205
6600 16199
6601 16203
6602 16205
6603 16222
6604 16213
6605 16215
6606 16214
6607 16219
6608 16233
6609 16237
6610 16232
6611 16234
6612 16240
6613 16241
6614 16258
6615 16268
6616 16265
6617 16271
6618 16252
6619 16272
6620 16261
6621 16264
6622 16262
6623 16268
6624 16270
6625 16270
6626 16271
6627 16267
6628 16280
6629 16286
6630 16280
6631 16295
6632 16290
6633 16295
6634 16294
6635 16308
6636 16300
6637 16303
6638 16305
6639 16304
6640 16314
6641 16313
6642 16309
6643 16319
6644 16322
6645 16333
6646 16328
6647 16325
6648 16338
6649 16351
6650 16352
6651 16364
6652 16328
6653 16346
6654 16345
6655 16355
6656 16341
6657 16345
6658 16349
6659 16355
6660 16364
6661 16375
6662 16348
6663 16359
6664 16350
6665 16365
6666 16352
6667 16352
6668 16361
6669 16353
6670 16355
6671 16357
6672 16366
6673 16371
6674 16363
6675 16361
6676 16368
6677 16385
6678 16386
6679 16397
6680 16363
6681 16368
6682 16368
6683 16381
6684 16393
6685 16388
6686 16375
6687 16381
6688 16393
6689 16377
6690 16393
6691 16390
6692 16399
6693 16380
6694 16394
6695 16382
6696 16390
6697 16400
6698 16390
6699 16407
6700 16398
6701 16415
6702 16406
6703 16418
6704 16422
6705 16441
6706 16436
6707 16411
6708 16419
6709 16419
6710 16432
6711 16420
6712 16437
6713 16433
6714 16437
6715 16429
6716 16431
6717 16448
6718 16439
6719 16445
6720 16451
6721 16456
6722 16445
6723 16455
6724 16454
6725 16465
6726 16472
6727 16491
6728 16474
6729 16484
6730 16490
6731 16492
6732 16485
6733 16480
6734 16487
6735 16481
6736 16489
6737 16485
6738 16499
6739 16492
6740 16508
6741 16491
6742 16509
6743 16503
6744 16504
6745 16501
6746 16495
6747 16498
6748 16513
6749 16518
6750 16536
6751 16540
6752 16553
6753 16548
6754 16548
6755 16562
6756 16565
6757 16568
6758 16559
6759 16569
6760 16566
6761 16582
6762 16565
6763 16578
6764 16579
6765 16575
6766 16581
6767 16584
6768 16585
6769 16585
6770 16592
6771 16603
6772 16592
6773 16609
6774 16604
6775 16606
6776 16619
6777 16618
6778 16637
6779 16625
6780 16633
6781 16637
6782 16644
6783 16648
6784 16652
6785 16643
6786 16650
6787 16665
6788 16666
6789 16651
6790 16661
6791 16670
6792 16685
6793 16660
6794 16668
6795 16662
6796 16673
6797 16663
6798 16677
6799 16683
6800 16693
6801 16704
6802 16690
6803 16696
6804 16696
6805 16710
6806 16714
6807 16733
6808 16719
6809 16721
6810 16731
6811 16724
6812 16726
6813 16733
6814 16743
6815 16728
6816 16737
6817 16743
6818 16755
6819 16758
6820 16747
6821 16753
6822 16748
6823 16754
6824 16760
6825 16764
6826 16757
6827 16762
6828 16761
6829 16765
6830 16781
6831 16779
6832 16766
6833 16779
6834 16778
6835 16781
6836 16794
6837 16795
6838 16784
6839 16791
6840 16786
6841 16790
6842 16793
6843 16798
6844 16812
6845 16830
6846 16824
6847 16830
6848 16817
6849 16830
6850 16836
6851 16835
6852 16842
6853 16840
6854 16850
6855 16865
6856 16856
6857 16854
6858 16865
6859 16872
6860 16892
6861 16870
6862 16882
6863 16878
6864 16889
6865 16881
6866 16883
6867 16898
6868 16901
6869 16893
6870 16905
6871 16922
6872 16939
6873 16951
6874 16951
6875 16924
6876 16933
6877 16942
6878 16941
6879 16927
6880 16936
6881 16946
6882 16936
6883 16928
6884 16947
6885 16944
6886 16940
6887 16947
6888 16938
6889 16945
6890 16950
6891 16951
6892 16949
6893 16959
6894 16958
6895 16966
6896 16969
6897 16958
6898 16968
6899 16978
6900 16970
6901 16987
6902 16986
6903 16976
6904 16986
6905 16991
6906 16991
6907 16992
6908 16984
6909 17000
6910 17010
6911 16990
6912 16994
6913 16995
6914 16995
6915 17009
6916 17028
6917 16996
6918 16999
6919 17004
6920 17017
6921 17016
6922 17009
6923 17015
6924 17010
6925 17024
6926 17024
6927 17042
6928 17030
6929 17025
6930 17038
6931 17041
6932 17032
6933 17040
6934 17045
6935 17052
6936 17038
6937 17052
6938 17046
6939 17065
6940 17064
6941 17053
6942 17047
6943 17058
6944 17060
6945 17050
6946 17052
6947 17069
6948 17055
6949 17068
6950 17066
6951 17060
6952 17069
6953 17061
6954 17066
6955 17076
6956 17071
6957 17070
6958 17081
6959 17080
6960 17086
6961 17089
6962 17084
6963 17087
6964 17097
6965 17100
6966 17110
6967 17103
6968 17091
6969 17106
6970 17109
6971 17110
6972 17116
6973 17116
6974 17119
6975 17116
6976 17126
6977 17143
6978 17124
6979 17133
6980 17136
6981 17144
6982 17136
6983 17138
6984 17140
6985 17142
6986 17146
6987 17148
6988 17147
6989 17161
6990 17162
6991 17167
6992 17168
6993 17181
6994 17181
6995 17177
6996 17187
6997 17180
6998 17181
6999 17196
7000 17200
7001 17201
7002 17213
7003 17210
7004 17210
7005 17220
7006 17228
7007 17240
7008 17221
7009 17232
7010 17228
7011 17226
7012 17245
7013 17243
7014 17244
7015 17244
7016 17261
7017 17247
7018 17256
7019 17267
7020 17253
7021 17273
7022 17278
7023 17266
7024 17261
7025 17267
7026 17272
7027 17272
7028 17268
7029 17286
7030 17270
7031 17275
7032 17283
7033 17272
7034 17285
7035 17292
7036 17302
7037 17320
7038 17332
7039 17299
7040 17301
7041 17309
7042 17319
7043 17315
7044 17304
7045 17304
7046 17309
7047 17311
7048 17323
7049 17318
7050 17325
7051 17336
7052 17312
7053 17329
7054 17315
7055 17331
7056 17325
7057 17331
7058 17327
7059 17322
7060 17336
7061 17324
7062 17324
7063 17340
7064 17338
7065 17342
7066 17335
7067 17337
7068 17339
7069 17345
7070 17364
7071 17344
7072 17360
7073 17376
7074 17357
7075 17349
7076 17355
7077 17366
7078 17372
7079 17370
7080 17385
7081 17377
7082 17376
7083 17377
7084 17387
7085 17398
7086 17394
7087 17398
7088 17398
7089 17417
7090 17416
7091 17417
7092 17424
7093 17418
7094 17437
7095 17427
7096 17429
7097 17444
7098 17436
7099 17448
7100 17432
7101 17446
7102 17451
7103 17449
7104 17464
7105 17461
7106 17473
7107 17456
7108 17476
7109 17463
7110 17463
7111 17466
7112 17474
7113 17479
7114 17489
7115 17475
7116 17493
7117 17476
7118 17479
7119 17491
7120 17490
7121 17477
7122 17480
7123 17490
7124 17490
7125 17498
7126 17487
7127 17507
7128 17499
7129 17506
7130 17515
7131 17522
7132 17531
7133 17533
7134 17536
7135 17546
7136 17564
