0 0
1 15
2 32
3 42
4 17
5 20
6 35
7 27
8 29
9 33
10 31
11 45
12 32
13 37
14 50
15 55
16 42
17 40
18 45
19 56
20 60
21 44
22 58
23 49
24 57
25 61
26 54
27 55
28 56
29 72
30 87
31 75
32 91
33 107
34 92
35 97
36 111
37 94
38 109
39 114
40 131
41 106
42 111
43 108
44 124
45 115
46 115
47 120
48 121
49 133
50 131
51 132
52 145
53 142
54 157
55 170
56 157
57 175
58 183
59 162
60 175
61 164
62 178
63 163
64 180
65 172
66 166
67 170
68 183
69 187
70 167
71 173
72 169
73 188
74 171
75 188
76 187
77 176
78 178
79 196
80 187
81 189
82 198
83 210
84 206
85 195
86 203
87 206
88 201
89 203
90 220
91 222
92 238
93 207
94 221
95 225
96 222
97 209
98 224
99 229
100 227
101 214
102 219
103 228
104 226
105 225
106 218
107 233
108 238
109 249
110 236
111 242
112 243
113 241
114 248
115 257
116 249
117 254
118 264
119 249
120 254
121 267
122 253
123 257
124 255
125 256
126 269
127 269
128 260
129 261
130 268
131 281
132 268
133 269
134 278
135 288
136 287
137 298
138 281
139 292
140 295
141 300
142 299
143 305
144 315
145 322
146 310
147 329
148 315
149 333
150 337
151 326
152 336
153 331
154 336
155 346
156 351
157 350
158 361
159 352
160 359
161 356
162 359
163 366
164 364
165 365
166 373
167 365
168 372
169 378
170 378
171 378
172 394
173 396
174 412
175 379
176 385
177 398
178 380
179 392
180 386
181 391
182 402
183 405
184 398
185 406
186 400
187 415
188 432
189 419
190 429
191 410
192 415
193 425
194 426
195 432
196 423
197 434
198 440
199 445
200 463
201 477
202 442
203 461
204 459
205 466
206 462
207 476
208 469
209 474
210 474
211 485
212 476
213 478
214 483
215 484
216 483
217 491
218 491
219 489
220 495
221 506
222 504
223 513
224 499
225 518
226 505
227 507
228 513
229 512
230 524
231 531
232 532
233 529
234 516
235 530
236 517
237 525
238 539
239 535
240 537
241 546
242 544
243 556
244 541
245 556
246 553
247 556
248 555
249 558
250 568
251 556
252 571
253 564
254 577
255 574
256 559
257 567
258 581
259 575
260 586
261 575
262 590
263 591
264 583
265 587
266 585
267 600
268 601
269 585
270 586
271 594
272 597
273 612
274 606
275 614
276 615
277 628
278 629
279 642
280 635
281 637
282 651
283 644
284 654
285 651
286 660
287 646
288 651
289 663
290 666
291 666
292 652
293 663
294 661
295 673
296 662
297 681
298 680
299 672
300 676
301 676
302 674
303 684
304 676
305 690
306 690
307 678
308 694
309 686
310 681
311 688
312 685
313 701
314 696
315 692
316 707
317 717
318 732
319 693
320 704
321 712
322 711
323 700
324 709
325 715
326 729
327 706
328 712
329 721
330 740
331 726
332 730
333 719
334 731
335 749
336 757
337 733
338 721
339 739
340 731
341 723
342 730
343 737
344 743
345 748
346 749
347 753
348 763
349 754
350 760
351 767
352 776
353 777
354 771
355 768
356 783
357 779
358 780
359 799
360 796
361 792
362 799
363 796
364 797
365 795
366 815
367 807
368 799
369 806
370 819
371 818
372 807
373 813
374 811
375 823
376 829
377 812
378 812
379 832
380 825
381 825
382 831
383 845
384 843
385 840
386 841
387 857
388 870
389 844
390 846
391 858
392 861
393 852
394 871
395 857
396 863
397 878
398 859
399 868
400 879
401 864
402 878
403 866
404 870
405 874
406 885
407 875
408 884
409 884
410 888
411 901
412 896
413 894
414 911
415 904
416 907
417 899
418 908
419 920
420 910
421 928
422 909
423 926
424 933
425 930
426 911
427 928
428 917
429 925
430 938
431 938
432 951
433 958
434 960
435 963
436 961
437 975
438 965
439 978
440 984
441 971
442 983
443 994
444 977
445 990
446 1003
447 1012
448 1010
449 992
450 1010
451 1010
452 996
453 1009
454 1017
455 1026
456 1033
457 1029
458 1034
459 1028
460 1036
461 1042
462 1052
463 1032
464 1040
465 1046
466 1037
467 1038
468 1040
469 1042
470 1043
471 1057
472 1047
473 1045
474 1059
475 1044
476 1056
477 1057
478 1063
479 1049
480 1064
481 1071
482 1059
483 1065
484 1068
485 1079
486 1080
487 1064
488 1080
489 1074
490 1085
491 1093
492 1088
493 1100
494 1090
495 1093
496 1094
497 1103
498 1101
499 1107
500 1111
501 1123
