0 0
1 13
2 15
3 32
4 2
5 21
6 6
7 10
8 13
9 26
10 29
11 46
12 28
13 37
14 36
15 38
16 45
17 43
18 37
19 50
20 46
21 40
22 45
23 44
24 58
25 56
26 48
27 62
28 52
29 69
30 62
31 67
32 82
33 71
34 77
35 83
36 91
37 82
38 87
39 89
40 96
41 103
42 85
43 89
44 103
45 98
46 115
47 116
48 124
49 140
50 130
51 129
52 138
53 137
54 146
55 156
56 158
57 172
58 151
59 162
60 158
61 174
62 154
63 171
64 172
65 182
66 164
67 172
68 171
69 175
70 184
71 191
72 206
73 223
74 220
75 190
76 197
77 197
78 200
79 196
80 200
81 211
82 215
83 217
84 229
85 221
86 233
87 223
88 237
89 256
90 243
91 246
92 233
93 246
94 243
95 260
96 245
97 240
98 248
99 252
100 262
101 266
102 251
103 253
104 263
105 266
106 282
107 290
108 279
109 280
110 288
111 298
112 284
113 300
114 302
115 302
116 313
117 304
118 306
119 319
120 323
121 328
122 332
123 330
124 337
125 334
126 350
127 363
128 364
129 368
130 372
131 374
132 370
133 390
134 378
135 386
136 396
137 387
138 397
139 380
140 390
141 392
142 392
143 381
144 394
145 387
146 389
147 398
148 392
149 397
150 399
151 400
152 410
153 412
154 417
155 406
156 416
157 435
158 421
159 426
160 432
161 436
162 428
163 445
164 434
165 443
166 446
167 456
168 476
169 486
170 453
171 464
172 481
173 467
174 471
175 475
176 473
177 486
178 506
179 518
180 494
181 497
182 495
183 504
184 507
185 509
186 497
187 498
188 512
189 506
190 515
191 526
192 511
193 515
194 519
195 519
196 514
197 522
198 515
199 530
200 537
201 519
202 530
203 535
204 539
205 538
206 551
207 542
208 551
209 557
210 554
211 565
212 569
213 558
214 568
215 556
216 563
217 568
218 576
219 583
220 571
221 583
222 594
223 611
224 590
225 593
226 607
227 602
228 591
229 597
230 609
231 608
232 601
233 616
234 604
235 618
236 621
237 621
238 622
239 634
240 637
241 640
242 635
243 653
244 645
245 663
246 663
247 675
248 660
249 661
250 674
251 670
252 674
253 675
254 686
255 689
256 688
257 704
258 711
259 701
260 699
261 715
262 705
263 723
264 723
265 731
266 722
267 727
268 734
269 740
270 742
271 733
272 729
273 735
274 744
275 743
276 745
277 753
278 758
279 770
280 765
281 760
282 761
283 768
284 781
285 775
286 790
287 784
288 790
289 791
290 785
291 794
292 795
293 791
294 805
295 801
296 806
297 810
298 815
299 818
300 832
301 832
302 819
303 827
304 829
305 820
306 836
307 833
308 842
309 853
310 835
311 834
312 843
313 849
314 838
315 852
316 868
317 880
318 877
319 870
320 880
321 876
322 871
323 891
324 905
325 902
326 910
327 929
328 946
329 954
330 931
331 941
332 946
333 944
334 959
335 957
336 950
337 945
338 958
339 961
340 973
341 952
342 962
343 969
344 964
345 968
346 969
347 988
348 996
349 973
350 975
351 982
352 988
353 992
354 991
355 1002
356 993
357 994
358 995
359 1005
360 1001
361 1011
362 999
363 1014
364 1016
365 1023
366 1034
367 1028
368 1032
369 1038
370 1033
371 1039
372 1051
373 1043
374 1050
375 1055
376 1056
377 1057
378 1066
379 1054
380 1055
381 1067
382 1072
383 1083
384 1092
385 1085
386 1094
387 1085
388 1091
389 1090
390 1103
391 1109
392 1108
393 1110
394 1123
395 1118
396 1122
397 1133
398 1142
399 1124
400 1137
401 1141
402 1140
403 1149
404 1146
405 1153
406 1152
407 1149
408 1169
409 1156
410 1156
411 1164
412 1170
413 1162
414 1167
415 1163
416 1166
417 1172
418 1180
419 1179
420 1175
421 1186
422 1177
423 1180
424 1187
425 1194
426 1196
427 1195
428 1203
429 1214
430 1209
431 1215
432 1219
433 1215
434 1216
435 1223
436 1231
437 1218
438 1220
439 1232
440 1231
441 1232
442 1224
443 1236
444 1228
445 1232
446 1235
447 1251
448 1244
449 1242
450 1239
451 1238
452 1256
453 1243
454 1256
455 1255
456 1250
457 1257
458 1261
459 1264
460 1268
461 1277
462 1267
463 1271
464 1286
465 1283
466 1292
467 1308
468 1284
469 1301
470 1303
471 1293
472 1303
473 1304
474 1312
475 1311
476 1306
477 1315
478 1308
479 1325
480 1307
481 1313
482 1308
483 1323
484 1321
485 1317
486 1327
487 1314
488 1327
489 1320
490 1330
491 1331
492 1348
493 1343
494 1359
495 1335
496 1349
497 1347
498 1338
499 1345
500 1356
501 1354
