0 0
1 15
2 28
3 28
4 1
5 3
6 2
7 12
8 24
9 9
10 13
11 23
12 28
13 33
14 19
15 21
16 24
17 38
18 35
19 53
20 73
21 87
22 64
23 67
24 84
25 76
26 86
27 88
28 96
29 111
30 95
31 94
32 93
33 112
34 117
35 101
36 110
37 118
38 108
39 115
40 109
41 116
42 123
43 110
44 115
45 122
46 126
47 112
48 119
49 128
50 125
51 124
52 136
53 148
54 130
55 129
56 141
57 136
58 130
59 138
60 142
61 149
62 144
63 134
64 136
65 140
66 152
67 142
68 160
69 144
70 149
71 151
72 148
73 149
74 151
75 171
76 178
77 157
78 171
79 160
80 174
81 168
82 177
83 185
84 179
85 188
86 170
87 181
88 176
89 189
90 193
91 186
92 196
93 179
94 181
95 185
96 187
97 203
98 209
99 229
100 203
101 213
102 222
103 234
104 212
105 224
106 227
107 224
108 218
109 238
110 226
111 235
112 243
113 234
114 252
115 247
116 259
117 247
118 248
119 258
120 266
121 265
122 281
123 266
124 285
125 280
126 275
127 275
128 276
129 284
130 291
131 294
132 283
133 293
134 284
135 304
136 308
137 319
138 314
139 298
140 309
141 309
142 304
143 309
144 312
145 306
146 309
147 315
148 321
149 328
150 317
151 326
152 318
153 324
154 338
155 320
156 321
157 336
158 322
159 339
160 334
161 334
162 334
163 341
164 338
165 355
166 341
167 342
168 344
169 339
170 345
171 348
172 359
173 349
174 353
175 370
176 359
177 367
178 379
179 373
180 392
181 386
182 391
183 408
184 396
185 402
186 407
187 418
188 398
189 411
190 422
191 408
192 413
193 416
194 421
195 425
196 431
197 416
198 425
199 420
200 433
201 430
202 434
203 428
204 429
205 445
206 446
207 452
208 452
209 454
210 471
211 472
212 469
213 477
214 480
215 485
216 477
217 486
218 481
219 482
220 501
221 487
222 492
223 495
224 497
225 502
226 505
227 500
228 518
229 516
230 532
231 519
232 523
233 529
234 534
235 547
236 567
237 560
238 560
239 562
240 576
241 577
242 568
243 579
244 580
245 577
246 592
247 596
248 609
249 584
250 589
251 601
252 606
253 589
254 593
255 609
256 599
257 593
258 608
259 612
260 624
261 636
262 614
263 630
264 641
265 620
266 627
267 625
268 631
269 639
270 650
271 656
272 640
273 644
274 659
275 668
276 678
277 695
278 660
279 662
280 664
281 668
282 667
283 675
284 683
285 702
286 687
287 691
288 700
289 700
290 709
291 720
292 696
293 703
294 697
295 711
296 728
297 704
298 707
299 718
300 722
301 732
302 746
303 743
304 754
305 749
306 756
307 754
308 762
309 761
310 767
311 769
312 755
313 770
314 772
315 774
316 764
317 769
318 781
319 774
320 785
321 778
322 792
323 792
324 789
325 795
326 808
327 800
328 805
329 806
330 811
331 814
332 815
333 834
334 807
335 824
336 815
337 815
338 817
339 816
340 828
341 826
342 827
343 836
344 824
345 835
346 842
347 826
348 838
349 832
350 844
351 849
352 851
353 839
354 843
355 844
356 860
357 855
358 853
359 862
360 856
361 855
362 873
363 863
364 864
365 863
366 863
367 867
368 874
369 883
370 867
371 882
372 877
373 896
374 883
375 885
376 897
377 898
378 886
379 892
380 891
381 899
382 901
383 907
384 915
385 904
386 910
387 914
388 929
389 930
390 947
391 928
392 932
393 930
394 941
395 945
396 933
397 948
398 940
399 941
400 941
401 960
402 943
403 946
404 945
405 954
406 954
407 959
408 950
409 947
410 959
411 962
412 960
413 964
414 979
415 968
416 972
417 991
418 984
419 983
420 976
421 988
422 985
423 980
424 990
425 985
426 991
427 996
428 995
429 995
430 1009
431 1005
432 1014
433 1013
434 1021
435 1015
436 1021
437 1033
438 1034
439 1024
440 1043
441 1031
442 1041
443 1041
444 1026
445 1045
446 1039
447 1043
448 1057
449 1064
450 1053
451 1055
452 1058
453 1056
454 1064
455 1057
456 1072
457 1064
458 1071
459 1082
460 1074
461 1078
462 1087
463 1080
464 1100
465 1078
466 1088
467 1095
468 1086
469 1087
470 1105
471 1104
472 1118
473 1092
474 1110
475 1105
476 1098
477 1108
478 1105
479 1109
480 1124
481 1130
482 1117
483 1118
484 1117
485 1134
486 1136
487 1129
488 1146
489 1133
490 1137
491 1142
492 1136
493 1149
494 1137
495 1145
496 1151
497 1146
498 1150
499 1163
500 1160
501 1156
