0 0
1 14
2 26
3 23
4 17
5 22
6 41
7 43
8 58
9 25
10 37
11 33
12 32
13 35
14 36
15 40
16 47
17 54
18 71
19 57
20 70
21 82
22 77
23 72
24 59
25 76
26 62
27 81
28 76
29 68
30 78
31 75
32 77
33 85
34 91
35 108
36 94
37 92
38 104
39 97
40 104
41 114
42 115
43 111
44 122
45 117
46 131
47 120
48 124
49 136
50 121
51 137
52 122
53 130
54 150
55 156
56 125
57 142
58 132
59 133
60 145
61 159
62 176
63 191
64 198
65 200
66 204
67 194
68 201
69 204
70 202
71 208
72 208
73 216
74 206
75 226
76 221
77 208
78 214
79 220
80 236
81 229
82 234
83 233
84 244
85 235
86 246
87 250
88 252
89 245
90 253
91 255
92 259
93 266
94 278
95 273
96 272
97 273
98 275
99 277
100 280
101 284
102 293
103 283
104 289
105 302
106 303
107 322
108 317
109 293
110 296
111 306
112 313
113 332
114 349
115 365
116 338
117 339
118 346
119 362
120 353
121 350
122 352
123 364
124 362
125 363
126 371
127 370
128 380
129 367
130 366
131 384
132 381
133 401
134 382
135 396
136 395
137 407
138 408
139 428
140 427
141 405
142 420
143 406
144 415
145 414
146 422
147 435
148 410
149 427
150 416
151 415
152 424
153 418
154 416
155 417
156 418
157 436
158 452
159 431
160 439
161 438
162 434
163 452
164 449
165 465
166 483
167 501
168 465
169 451
170 468
171 465
172 472
173 453
174 465
175 472
176 478
177 471
178 488
179 473
180 487
181 489
182 487
183 501
184 494
185 502
186 495
187 514
188 495
189 511
190 528
191 509
192 524
193 512
194 526
195 518
196 516
197 518
198 524
199 532
200 538
201 517
202 535
203 521
204 525
205 536
206 519
207 532
208 531
209 528
210 536
211 547
212 549
213 536
214 533
215 547
216 552
217 534
218 537
219 543
220 546
221 543
222 547
223 561
224 568
225 565
226 579
227 580
228 581
229 585
230 593
231 598
232 609
233 622
234 603
235 607
236 607
237 616
238 611
239 617
240 632
241 649
242 627
243 628
244 620
245 635
246 634
247 654
248 650
249 662
250 679
251 667
252 681
253 674
254 668
255 676
256 678
257 679
258 682
259 672
260 677
261 692
262 684
263 694
264 699
265 700
266 692
267 701
268 709
269 729
270 697
271 704
272 704
273 704
274 698
275 710
276 708
277 701
278 711
279 707
280 719
281 735
282 711
283 720
284 716
285 736
286 717
287 721
288 733
289 726
290 735
291 734
292 752
293 727
294 737
295 745
296 728
297 731
298 740
299 751
300 733
301 737
302 740
303 747
304 739
305 756
306 775
307 756
308 769
309 740
310 746
311 760
312 757
313 757
314 763
315 762
316 766
317 774
318 777
319 780
320 797
321 789
322 800
323 816
324 808
325 800
326 818
327 808
328 816
329 816
330 803
331 814
332 818
333 808
334 828
335 816
336 822
337 809
338 820
339 836
340 829
341 848
342 825
343 841
344 832
345 840
346 845
347 847
348 852
349 861
350 863
351 856
352 853
353 854
354 871
355 872
356 869
357 875
358 889
359 881
360 882
361 898
362 888
363 908
364 908
365 886
366 905
367 896
368 892
369 900
370 903
371 911
372 910
373 917
374 910
375 929
376 920
377 916
378 918
379 935
380 936
381 940
382 945
383 946
384 949
385 949
386 959
387 975
388 984
389 973
390 986
391 992
392 979
393 985
394 975
395 992
396 992
397 978
398 998
399 993
400 988
401 1000
402 997
403 1009
404 1027
405 1039
406 1045
407 1045
408 1054
409 1059
410 1060
411 1069
412 1071
413 1074
414 1075
415 1095
416 1086
417 1088
418 1091
419 1100
420 1100
421 1104
422 1102
423 1109
424 1111
425 1107
426 1104
427 1116
428 1110
429 1112
430 1111
431 1117
432 1129
433 1114
434 1117
435 1128
436 1131
437 1137
438 1139
439 1148
440 1160
441 1155
442 1155
443 1153
444 1156
445 1160
446 1159
447 1171
448 1172
449 1173
450 1179
451 1164
452 1168
453 1182
454 1176
455 1166
456 1178
457 1175
458 1192
459 1182
460 1202
461 1185
462 1187
463 1193
464 1211
465 1212
466 1231
467 1197
468 1206
469 1202
470 1222
471 1226
472 1206
473 1224
474 1217
475 1225
476 1210
477 1219
478 1217
479 1212
480 1223
481 1215
482 1220
483 1224
484 1229
485 1238
486 1235
487 1234
488 1245
489 1248
490 1252
491 1261
492 1262
493 1278
494 1260
495 1268
496 1270
497 1273
498 1291
499 1306
500 1314
501 1290
