0 0
1 12
2 16
3 7
4 27
5 25
6 26
7 17
8 24
9 38
10 36
11 37
12 39
13 29
14 34
15 44
16 46
17 31
18 47
19 34
20 33
21 37
22 51
23 51
24 52
25 51
26 41
27 61
28 59
29 53
30 67
31 69
32 87
33 97
34 99
35 80
36 75
37 92
38 81
39 80
40 82
41 93
42 91
43 100
44 95
45 111
46 122
47 93
48 105
49 113
50 107
51 102
52 117
53 127
54 125
55 136
56 113
57 123
58 125
59 126
60 134
61 133
62 145
63 136
64 143
65 135
66 139
67 142
68 145
69 141
70 155
71 163
72 174
73 158
74 164
75 161
76 164
77 169
78 169
79 175
80 171
81 178
82 176
83 172
84 173
85 180
86 174
87 194
88 198
89 186
90 181
91 191
92 191
93 183
94 197
95 210
96 220
97 210
98 197
99 206
100 204
101 198
102 207
103 206
104 214
105 216
106 216
107 207
108 223
109 219
110 222
111 216
112 236
113 244
114 255
115 245
116 217
117 222
118 228
119 234
120 240
121 237
122 253
123 264
124 240
125 250
126 257
127 255
128 247
129 249
130 259
131 250
132 262
133 256
134 270
135 263
136 270
137 276
138 285
139 276
140 277
141 293
142 287
143 286
144 286
145 294
146 300
147 304
148 287
149 294
150 297
151 313
152 331
153 305
154 306
155 318
156 336
157 309
158 311
159 325
160 331
161 325
162 326
163 313
164 316
165 315
166 332
167 351
168 316
169 318
170 320
171 328
172 318
173 334
174 331
175 335
176 349
177 344
178 360
179 362
180 342
181 358
182 371
183 360
184 376
185 370
186 369
187 370
188 375
189 373
190 373
191 379
192 375
193 388
194 388
195 384
196 400
197 404
198 412
199 399
200 419
201 416
202 409
203 422
204 416
205 421
206 418
207 421
208 424
209 426
210 444
211 441
212 451
213 444
214 434
215 446
216 446
217 450
218 439
219 443
220 450
221 452
222 459
223 447
224 450
225 450
226 470
227 457
228 467
229 475
230 476
231 495
232 478
233 493
234 512
235 523
236 531
237 539
238 554
239 532
240 538
241 539
242 541
243 547
244 548
245 547
246 550
247 568
248 583
249 560
250 557
251 559
252 566
253 577
254 593
255 595
256 579
257 587
258 593
259 585
260 594
261 608
262 622
263 627
264 602
265 604
266 604
267 611
268 611
269 618
270 628
271 609
272 627
273 616
274 619
275 627
276 618
277 635
278 627
279 631
280 642
281 653
282 644
283 631
284 643
285 640
286 644
287 644
288 656
289 651
290 658
291 671
292 659
293 665
294 664
295 676
296 674
297 663
298 669
299 666
300 674
301 679
302 683
303 691
304 697
305 691
306 700
307 697
308 708
309 712
310 692
311 706
312 714
313 708
314 697
315 702
316 702
317 704
318 703
319 708
320 712
321 720
322 723
323 739
324 740
325 755
326 741
327 757
328 743
329 747
330 751
331 756
332 774
333 758
334 762
335 776
336 768
337 763
338 769
339 770
340 767
341 786
342 782
343 787
344 800
345 794
346 803
347 810
348 808
349 821
350 832
351 816
352 825
353 812
354 819
355 816
356 817
357 833
358 831
359 835
360 833
361 846
362 834
363 842
364 856
365 849
366 857
367 848
368 856
369 852
370 864
371 860
372 868
373 872
374 861
375 880
376 862
377 865
378 870
379 881
380 875
381 876
382 896
383 896
384 912
385 905
386 907
387 910
388 925
389 932
390 919
391 928
392 929
393 932
394 945
395 935
396 932
397 949
398 936
399 943
400 952
401 968
402 940
403 956
404 946
405 944
406 946
407 942
408 959
409 945
410 952
411 951
412 971
413 946
414 953
415 953
416 964
417 958
418 977
419 960
420 969
421 968
422 977
423 987
424 971
425 990
426 991
427 1010
428 980
429 993
430 983
431 991
432 1007
433 990
434 1002
435 994
436 1006
437 1012
438 1008
439 1017
440 1028
441 1044
442 1028
443 1048
444 1041
445 1038
446 1056
447 1052
448 1058
449 1045
450 1061
451 1063
452 1068
453 1063
454 1065
455 1078
456 1072
457 1092
458 1067
459 1082
460 1068
461 1086
462 1076
463 1077
464 1078
465 1076
466 1086
467 1095
468 1080
469 1093
470 1098
471 1113
472 1111
473 1101
474 1108
475 1100
476 1111
477 1105
478 1108
479 1113
480 1107
481 1121
482 1119
483 1109
484 1111
485 1128
486 1135
487 1136
488 1123
489 1125
490 1126
491 1129
492 1142
493 1134
494 1145
495 1128
496 1144
497 1155
498 1139
499 1142
500 1144
501 1142
