0 0
1 4
2 10
3 28
4 10
5 13
6 5
7 22
8 14
9 6
10 10
11 10
12 12
13 21
14 28
15 37
16 29
17 33
18 36
19 38
20 55
21 42
22 44
23 62
24 65
25 81
26 58
27 64
28 71
29 70
30 73
31 71
32 72
33 80
34 90
35 78
36 83
37 83
38 96
39 90
40 90
41 99
42 102
43 108
44 105
45 108
46 116
47 119
48 118
49 138
50 129
51 134
52 141
53 147
54 143
55 148
56 162
57 164
58 159
59 155
60 153
61 156
62 163
63 170
64 164
65 163
66 171
67 176
68 173
69 179
70 178
71 174
72 186
73 183
74 177
75 182
76 181
77 196
78 185
79 205
80 222
81 187
82 190
83 205
84 193
85 199
86 204
87 202
88 222
89 218
90 211
91 227
92 206
93 224
94 234
95 238
96 211
97 207
98 209
99 223
100 217
101 223
102 219
103 211
104 217
105 215
106 225
107 216
108 225
109 219
110 219
111 235
112 238
113 235
114 225
115 231
116 235
117 235
118 234
119 251
120 241
121 244
122 247
123 247
124 264
125 262
126 252
127 253
128 267
129 258
130 265
131 266
132 277
133 280
134 268
135 280
136 281
137 285
138 270
139 281
140 279
141 272
142 283
143 277
144 279
145 288
146 289
147 287
148 305
149 296
150 306
151 308
152 309
153 303
154 315
155 318
156 323
157 319
158 323
159 339
160 336
161 354
162 349
163 349
164 364
165 367
166 356
167 368
168 373
169 366
170 380
171 365
172 372
173 381
174 367
175 373
176 370
177 379
178 389
179 382
180 383
181 398
182 383
183 398
184 395
185 399
186 385
187 391
188 390
189 396
190 412
191 406
192 415
193 408
194 425
195 415
196 428
197 422
198 433
199 450
200 447
201 457
202 440
203 441
204 443
205 456
206 445
207 452
208 465
209 460
210 451
211 454
212 469
213 467
214 468
215 462
216 468
217 477
218 470
219 476
220 471
221 474
222 490
223 477
224 483
225 487
226 483
227 486
228 492
229 501
230 490
231 494
232 495
233 496
234 496
235 502
236 512
237 510
238 512
239 522
240 518
241 527
242 541
243 529
244 531
245 537
246 547
247 538
248 531
249 537
250 537
251 546
252 547
253 557
254 541
255 558
256 547
257 547
258 567
259 562
260 569
261 572
262 548
263 562
264 562
265 560
266 574
267 555
268 569
269 574
270 583
271 594
272 586
273 588
274 596
275 602
276 596
277 599
278 602
279 609
280 614
281 608
282 625
283 610
284 610
285 609
286 617
287 613
288 624
289 630
290 636
291 641
292 616
293 636
294 654
295 656
296 645
297 647
298 646
299 660
300 658
301 662
302 672
303 667
304 673
305 683
306 698
307 669
308 682
309 683
310 698
311 681
312 685
313 690
314 700
315 690
316 702
317 702
318 722
319 691
320 706
321 716
322 736
323 695
324 700
325 711
326 702
327 706
328 716
329 706
330 705
331 704
332 718
333 706
334 706
335 723
336 727
337 737
338 709
339 720
340 719
341 712
342 717
343 724
344 719
345 717
346 719
347 727
348 722
349 718
350 722
351 733
352 731
353 744
354 755
355 735
356 748
357 746
358 752
359 759
360 754
361 772
362 791
363 756
364 771
365 759
366 778
367 768
368 770
369 763
370 779
371 777
372 765
373 777
374 765
375 773
376 768
377 773
378 772
379 792
380 781
381 791
382 794
383 783
384 782
385 793
386 796
387 813
388 829
389 822
390 798
391 799
392 810
393 807
394 811
395 817
396 809
397 814
398 824
399 828
400 830
401 830
402 844
403 848
404 851
405 842
406 862
407 856
408 870
409 863
410 871
411 866
412 871
413 876
414 877
415 873
416 878
417 877
418 881
419 884
420 881
421 880
422 884
423 885
424 896
425 899
426 881
427 883
428 882
429 899
430 903
431 909
432 916
433 906
434 916
435 921
436 913
437 920
438 938
439 948
440 963
441 933
442 947
443 966
444 953
445 956
446 963
447 969
448 963
449 980
450 966
451 981
452 982
453 992
454 967
455 970
456 975
457 986
458 969
459 975
460 975
461 981
462 997
463 1007
464 1009
465 995
466 997
467 1010
468 1000
469 1001
470 1000
471 1007
472 1005
473 1009
474 1013
475 1025
476 1013
477 1022
478 1033
479 1041
480 1022
481 1038
482 1040
483 1033
484 1041
485 1060
486 1052
487 1051
488 1052
489 1067
490 1066
491 1086
492 1104
493 1109
494 1114
495 1120
496 1139
497 1105
498 1112
499 1128
500 1110
501 1116
