0 0
1 14
2 17
3 5
4 11
5 20
6 23
7 32
8 34
9 53
10 26
11 35
12 38
13 42
14 45
15 64
16 78
17 64
18 49
19 61
20 67
21 75
22 64
23 52
24 61
25 57
26 71
27 71
28 85
29 97
30 83
31 87
32 84
33 93
34 98
35 89
36 109
37 91
38 104
39 95
40 110
41 102
42 109
43 114
44 123
45 118
46 126
47 132
48 122
49 134
50 139
51 159
52 147
53 150
54 156
55 143
56 144
57 149
58 150
59 155
60 152
61 171
62 171
63 162
64 163
65 169
66 176
67 174
68 185
69 178
70 183
71 193
72 192
73 191
74 208
75 192
76 208
77 202
78 197
79 204
80 216
81 205
82 213
83 221
84 218
85 211
86 228
87 225
88 239
89 212
90 232
91 225
92 245
93 258
94 250
95 255
96 257
97 272
98 267
99 285
100 293
101 280
102 281
103 285
104 286
105 293
106 304
107 307
108 313
109 324
110 321
111 319
112 339
113 329
114 339
115 336
116 354
117 345
118 344
119 348
120 341
121 343
122 358
123 358
124 374
125 383
126 362
127 365
128 371
129 381
130 383
131 369
132 383
133 377
134 379
135 380
136 382
137 397
138 395
139 380
140 384
141 399
142 400
143 382
144 395
145 412
146 390
147 390
148 402
149 412
150 393
151 394
152 405
153 407
154 403
155 404
156 420
157 418
158 437
159 417
160 405
161 410
162 425
163 423
164 406
165 409
166 421
167 426
168 443
169 437
170 444
171 448
172 458
173 445
174 447
175 454
176 450
177 453
178 451
179 455
180 458
181 465
182 477
183 484
184 456
185 467
186 457
187 473
188 493
189 459
190 466
191 460
192 465
193 464
194 479
195 464
196 468
197 479
198 466
199 472
200 480
201 495
202 476
203 477
204 486
205 483
206 503
207 497
208 494
209 486
210 495
211 494
212 498
213 501
214 496
215 495
216 498
217 506
218 526
219 509
220 529
221 511
222 517
223 531
224 529
225 522
226 541
227 541
228 554
229 525
230 536
231 533
232 530
233 544
234 534
235 553
236 536
237 538
238 552
239 541
240 551
241 554
242 550
243 562
244 554
245 561
246 555
247 566
248 557
249 568
250 578
251 571
252 587
253 558
254 578
255 565
256 562
257 571
258 568
259 563
260 566
261 577
262 579
263 582
264 597
265 568
266 586
267 570
268 587
269 577
270 590
271 579
272 586
273 581
274 595
275 582
276 583
277 590
278 597
279 600
280 596
281 612
282 602
283 599
284 609
285 611
286 616
287 602
288 610
289 608
290 624
291 616
292 627
293 611
294 617
295 620
296 612
297 615
298 619
299 623
300 630
301 617
302 631
303 634
304 637
305 625
306 628
307 630
308 632
309 635
310 632
311 648
312 639
313 657
314 672
315 650
316 648
317 659
318 653
319 654
320 666
321 658
322 663
323 664
324 682
325 670
326 689
327 686
328 686
329 672
330 686
331 691
332 681
333 676
334 696
335 681
336 685
337 694
338 693
339 711
340 698
341 717
342 699
343 713
344 699
345 708
346 713
347 724
348 705
349 717
350 713
351 715
352 723
353 730
354 735
355 752
356 765
357 750
358 766
359 741
360 742
361 760
362 761
363 770
364 776
365 776
366 781
367 794
368 781
369 780
370 791
371 783
372 802
373 791
374 788
375 794
376 796
377 809
378 800
379 809
380 813
381 812
382 827
383 818
384 825
385 844
386 828
387 836
388 828
389 835
390 848
391 845
392 864
393 856
394 864
395 861
396 860
397 862
398 873
399 872
400 884
401 885
402 890
403 896
404 898
405 897
406 898
407 912
408 907
409 910
410 916
411 912
412 917
413 916
414 918
415 921
416 929
417 929
418 932
419 940
420 951
421 945
422 947
423 944
424 958
425 952
426 956
427 960
428 955
429 963
430 983
431 975
432 974
433 981
434 985
435 986
436 999
437 1017
438 1000
439 1007
440 1011
441 1027
442 1025
443 1026
444 1020
445 1035
446 1021
447 1025
448 1040
449 1022
450 1032
451 1043
452 1055
453 1046
454 1038
455 1053
456 1041
457 1054
458 1054
459 1048
460 1052
461 1064
462 1055
463 1072
464 1063
465 1069
466 1068
467 1087
468 1079
469 1080
470 1083
471 1089
472 1091
473 1095
474 1105
475 1100
476 1103
477 1113
478 1112
479 1121
480 1121
481 1128
482 1132
483 1127
484 1129
485 1144
486 1141
487 1147
488 1133
489 1134
490 1144
491 1148
492 1137
493 1151
494 1153
495 1169
496 1170
497 1157
498 1162
499 1177
500 1167
501 1180
