0 0
1 3
2 3
3 17
4 20
5 35
6 10
7 15
8 16
9 17
10 34
11 34
12 47
13 51
14 63
15 48
16 55
17 64
18 80
19 56
20 66
21 68
22 74
23 88
24 105
25 77
26 82
27 97
28 88
29 94
30 89
31 100
32 107
33 123
34 93
35 94
36 105
37 118
38 100
39 101
40 102
41 117
42 106
43 112
44 111
45 110
46 120
47 107
48 111
49 116
50 121
51 120
52 125
53 126
54 133
55 135
56 147
57 142
58 139
59 158
60 136
61 147
62 139
63 156
64 169
65 140
66 158
67 169
68 148
69 164
70 173
71 177
72 167
73 176
74 183
75 180
76 185
77 180
78 183
79 186
80 200
81 194
82 207
83 198
84 213
85 201
86 204
87 209
88 204
89 220
90 221
91 239
92 215
93 221
94 223
95 228
96 232
97 228
98 239
99 243
100 255
101 239
102 252
103 246
104 264
105 261
106 255
107 256
108 260
109 274
110 265
111 265
112 263
113 267
114 281
115 273
116 271
117 279
118 276
119 285
120 288
121 278
122 286
123 284
124 290
125 298
126 309
127 289
128 301
129 299
130 304
131 318
132 321
133 324
134 309
135 326
136 329
137 315
138 322
139 317
140 321
141 316
142 325
143 325
144 322
145 323
146 324
147 327
148 325
149 338
150 326
151 332
152 343
153 347
154 346
155 362
156 347
157 364
158 364
159 362
160 366
161 364
162 367
163 368
164 381
165 378
166 385
167 385
168 402
169 413
170 399
171 416
172 435
173 423
174 429
175 429
176 446
177 438
178 455
179 431
180 433
181 438
182 457
183 436
184 443
185 453
186 459
187 464
188 463
189 470
190 469
191 482
192 487
193 476
194 471
195 475
196 484
197 491
198 486
199 487
200 492
201 504
202 491
203 497
204 504
205 503
206 502
207 503
208 509
209 524
210 521
211 537
212 517
213 521
214 535
215 531
216 548
217 530
218 531
219 543
220 532
221 531
222 546
223 549
224 542
225 551
226 551
227 551
228 566
229 557
230 571
231 557
232 576
233 581
234 588
235 601
236 613
237 615
238 617
239 621
240 614
241 626
242 633
243 634
244 648
245 665
246 645
247 640
248 646
249 659
250 673
251 645
252 658
253 660
254 664
255 666
256 677
257 674
258 675
259 677
260 692
261 691
262 687
263 698
264 693
265 706
266 695
267 709
268 706
269 714
270 710
271 708
272 714
273 719
274 723
275 727
276 741
277 723
278 725
279 734
280 733
281 725
282 732
283 729
284 730
285 739
286 733
287 735
288 743
289 742
290 745
291 750
292 744
293 751
294 753
295 759
296 765
297 750
298 763
299 760
300 757
301 769
302 765
303 766
304 773
305 764
306 783
307 778
308 769
309 776
310 787
311 786
312 775
313 792
314 797
315 780
316 785
317 797
318 804
319 812
320 823
321 806
322 809
323 816
324 812
325 817
326 821
327 813
328 832
329 822
330 827
331 823
332 835
333 833
334 838
335 831
336 839
337 836
338 851
339 857
340 852
341 871
342 891
343 862
344 875
345 866
346 869
347 867
348 882
349 871
350 882
351 888
352 885
353 894
354 901
355 902
356 909
357 920
358 895
359 911
360 898
361 905
362 915
363 919
364 939
365 917
366 921
367 918
368 922
369 918
370 931
371 919
372 938
373 929
374 931
375 939
376 944
377 948
378 945
379 952
380 951
381 947
382 946
383 956
384 949
385 954
386 961
387 947
388 955
389 963
390 954
391 965
392 972
393 964
394 955
395 968
396 967
397 958
398 959
399 967
400 975
401 975
402 972
403 991
404 981
405 982
406 985
407 993
408 996
409 999
410 1012
411 1016
412 1015
413 1014
414 1004
415 1013
416 1023
417 1036
418 1047
419 1059
420 1067
421 1072
422 1043
423 1060
424 1073
425 1072
426 1091
427 1073
428 1093
429 1080
430 1080
431 1092
432 1096
433 1101
434 1106
435 1103
436 1111
437 1115
438 1118
439 1128
440 1146
441 1126
442 1125
443 1126
444 1138
445 1151
446 1132
447 1140
448 1150
449 1137
450 1137
451 1139
452 1157
453 1169
454 1174
455 1158
456 1165
457 1163
458 1161
459 1172
460 1165
461 1176
462 1191
463 1194
464 1201
465 1207
466 1177
467 1191
468 1185
469 1183
470 1191
471 1191
472 1191
473 1205
474 1197
475 1205
476 1208
477 1205
478 1210
479 1219
480 1228
481 1212
482 1227
483 1228
484 1215
485 1229
486 1219
487 1231
488 1216
489 1232
490 1236
491 1222
492 1229
493 1245
494 1235
495 1225
496 1226
497 1237
498 1239
499 1247
500 1238
501 1253
