0 0
1 13
2 14
3 9
4 24
5 31
6 27
7 45
8 36
9 36
10 54
11 55
12 64
13 38
14 57
15 49
16 44
17 54
18 57
19 65
20 68
21 60
22 72
23 67
24 71
25 76
26 76
27 76
28 76
29 90
30 81
31 91
32 85
33 85
34 92
35 101
36 118
37 109
38 119
39 129
40 121
41 129
42 143
43 124
44 126
45 139
46 134
47 143
48 151
49 169
50 144
51 160
52 145
53 149
54 167
55 187
56 157
57 165
58 165
59 159
60 166
61 177
62 185
63 186
64 177
65 184
66 192
67 189
68 189
69 208
70 206
71 207
72 226
73 231
74 236
75 242
76 223
77 226
78 238
79 239
80 225
81 226
82 231
83 228
84 226
85 236
86 229
87 247
88 237
89 239
90 239
91 241
92 243
93 246
94 247
95 255
96 247
97 257
98 264
99 267
100 255
101 259
102 275
103 262
104 260
105 263
106 279
107 266
108 282
109 279
110 296
111 272
112 291
113 296
114 281
115 301
116 294
117 299
118 309
119 297
120 297
121 303
122 317
123 315
124 324
125 329
126 330
127 345
128 355
129 352
130 353
131 356
132 353
133 360
134 362
135 372
136 366
137 371
138 369
139 372
140 386
141 380
142 387
143 397
144 401
145 409
146 402
147 412
148 431
149 432
150 439
151 417
152 421
153 418
154 435
155 433
156 423
157 427
158 429
159 440
160 442
161 426
162 429
163 445
164 445
165 431
166 440
167 437
168 444
169 453
170 461
171 455
172 470
173 459
174 458
175 474
176 472
177 473
178 474
179 482
180 483
181 492
182 483
183 498
184 493
185 496
186 506
187 493
188 501
189 514
190 498
191 514
192 504
193 503
194 513
195 521
196 521
197 525
198 527
199 533
200 531
201 549
202 554
203 537
204 549
205 549
206 544
207 540
208 555
209 548
210 549
211 554
212 565
213 559
214 563
215 566
216 567
217 575
218 591
219 591
220 578
221 582
222 577
223 588
224 594
225 595
226 601
227 610
228 597
229 597
230 598
231 600
232 599
233 603
234 600
235 615
236 626
237 638
238 652
239 656
240 665
241 669
242 658
243 665
244 660
245 666
246 679
247 679
248 681
249 701
250 687
251 706
252 689
253 692
254 710
255 712
256 722
257 730
258 710
259 726
260 718
261 735
262 738
263 734
264 723
265 738
266 747
267 741
268 727
269 735
270 739
271 740
272 743
273 755
274 754
275 746
276 756
277 749
278 761
279 758
280 764
281 779
282 757
283 762
284 758
285 762
286 767
287 760
288 769
289 772
290 765
291 769
292 763
293 766
294 772
295 782
296 775
297 769
298 787
299 791
300 783
301 788
302 792
303 803
304 800
305 790
306 794
307 796
308 798
309 809
310 808
311 820
312 818
313 806
314 810
315 818
316 810
317 824
318 836
319 811
320 824
321 813
322 831
323 845
324 824
325 839
326 856
327 841
328 845
329 850
330 851
331 854
332 863
333 861
334 870
335 882
336 867
337 872
338 881
339 877
340 897
341 881
342 897
343 887
344 879
345 886
346 895
347 881
348 884
349 890
350 891
351 895
352 891
353 906
354 901
355 901
356 899
357 912
358 929
359 906
360 903
361 916
362 912
363 908
364 912
365 914
366 928
367 915
368 927
369 923
370 924
371 943
372 928
373 948
374 937
375 945
376 964
377 957
378 956
379 965
380 972
381 979
382 983
383 995
384 987
385 997
386 989
387 990
388 1003
389 990
390 998
391 996
392 994
393 1006
394 1014
395 1032
396 1021
397 1017
398 1033
399 1032
400 1033
401 1024
402 1040
403 1030
404 1038
405 1041
406 1031
407 1039
408 1032
409 1052
410 1047
411 1048
412 1042
413 1035
414 1046
415 1058
416 1076
417 1090
418 1058
419 1074
420 1087
421 1070
422 1071
423 1087
424 1086
425 1086
426 1084
427 1099
428 1101
429 1110
430 1109
431 1116
432 1126
433 1133
434 1127
435 1114
436 1118
437 1118
438 1134
439 1136
440 1118
441 1119
442 1131
443 1133
444 1148
445 1124
446 1142
447 1128
448 1133
449 1129
450 1134
451 1134
452 1135
453 1138
454 1152
455 1146
456 1152
457 1156
458 1170
459 1162
460 1157
461 1162
462 1175
463 1186
464 1169
465 1174
466 1178
467 1178
468 1175
469 1195
470 1178
471 1192
472 1212
473 1183
474 1192
475 1186
476 1196
477 1191
478 1200
479 1206
480 1204
481 1206
482 1198
483 1201
484 1216
485 1205
486 1207
487 1214
488 1206
489 1209
490 1211
491 1212
492 1220
493 1215
494 1212
495 1223
496 1230
497 1230
498 1220
499 1216
500 1227
501 1226
