0 0
1 15
2 31
3 34
4 54
5 19
6 35
7 33
8 23
9 34
10 40
11 39
12 46
13 59
14 62
15 67
16 72
17 55
18 68
19 63
20 70
21 73
22 82
23 77
24 81
25 84
26 87
27 88
28 93
29 88
30 94
31 102
32 97
33 107
34 95
35 99
36 117
37 106
38 110
39 114
40 100
41 117
42 110
43 110
44 112
45 119
46 125
47 127
48 128
49 119
50 125
51 139
52 127
53 128
54 145
55 128
56 148
57 146
58 137
59 153
60 131
61 149
62 143
63 149
64 135
65 141
66 153
67 149
68 145
69 159
70 160
71 156
72 161
73 163
74 173
75 167
76 163
77 167
78 170
79 177
80 184
81 174
82 185
83 178
84 181
85 181
86 200
87 194
88 201
89 189
90 205
91 190
92 191
93 204
94 203
95 221
96 208
97 216
98 213
99 212
100 215
101 223
102 221
103 231
104 216
105 217
106 237
107 235
108 255
109 267
110 251
111 255
112 256
113 265
114 263
115 276
116 274
117 294
118 276
119 294
120 281
121 294
122 283
123 297
124 300
125 290
126 293
127 305
128 301
129 301
130 301
131 305
132 319
133 312
134 312
135 308
136 310
137 315
138 317
139 317
140 324
141 335
142 318
143 334
144 330
145 337
146 346
147 329
148 342
149 353
150 360
151 334
152 338
153 338
154 347
155 342
156 355
157 349
158 353
159 366
160 364
161 360
162 367
163 361
164 363
165 361
166 370
167 380
168 367
169 377
170 372
171 381
172 379
173 380
174 386
175 391
176 399
177 398
178 399
179 403
180 406
181 399
182 408
183 409
184 419
185 419
186 430
187 422
188 428
189 435
190 447
191 462
192 437
193 454
194 444
195 453
196 442
197 460
198 456
199 465
200 468
201 484
202 500
203 519
204 476
205 491
206 478
207 485
208 486
209 500
210 489
211 501
212 506
213 506
214 516
215 521
216 507
217 525
218 527
219 512
220 513
221 515
222 524
223 522
224 531
225 523
226 528
227 540
228 545
229 546
230 553
231 572
232 552
233 561
234 571
235 581
236 578
237 579
238 567
239 571
240 579
241 579
242 590
243 578
244 575
245 591
246 602
247 609
248 585
249 577
250 582
251 594
252 588
253 608
254 598
255 605
256 615
257 610
258 623
259 613
260 627
261 643
262 629
263 632
264 639
265 633
266 646
267 639
268 644
269 654
270 672
271 651
272 669
273 689
274 665
275 668
276 669
277 667
278 672
279 672
280 682
281 670
282 672
283 687
284 697
285 696
286 685
287 690
288 710
289 686
290 692
291 695
292 706
293 715
294 699
295 707
296 719
297 727
298 720
299 712
300 717
301 730
302 725
303 726
304 734
305 741
306 746
307 766
308 759
309 748
310 752
311 766
312 762
313 768
314 782
315 776
316 775
317 791
318 777
319 785
320 778
321 779
322 780
323 784
324 794
325 795
326 792
327 800
328 808
329 806
330 809
331 813
332 823
333 832
334 825
335 839
336 819
337 831
338 837
339 832
340 833
341 833
342 842
343 850
344 864
345 875
346 882
347 853
348 854
349 858
350 867
351 861
352 857
353 873
354 867
355 873
356 886
357 892
358 912
359 887
360 888
361 897
362 896
363 892
364 888
365 898
366 890
367 899
368 893
369 902
370 914
371 896
372 903
373 907
374 914
375 909
376 901
377 917
378 915
379 932
380 921
381 926
382 924
383 916
384 930
385 931
386 930
387 921
388 930
389 929
390 936
391 938
392 941
393 951
394 957
395 958
396 963
397 968
398 974
399 973
400 986
401 997
402 990
403 996
404 1008
405 1023
406 1024
407 997
408 1005
409 1014
410 1023
411 1025
412 1031
413 1039
414 1032
415 1027
416 1034
417 1040
418 1044
419 1052
420 1054
421 1048
422 1050
423 1055
424 1063
425 1053
426 1057
427 1054
428 1056
429 1059
430 1058
431 1066
432 1081
433 1074
434 1084
435 1075
436 1093
437 1077
438 1085
439 1088
440 1095
441 1096
442 1107
443 1110
444 1114
445 1113
446 1114
447 1120
448 1128
449 1128
450 1133
451 1152
452 1165
453 1130
454 1142
455 1132
456 1135
457 1151
458 1163
459 1178
460 1146
461 1150
462 1165
463 1181
464 1168
465 1176
466 1182
467 1183
468 1180
469 1171
470 1173
471 1186
472 1180
473 1178
474 1179
475 1181
476 1194
477 1184
478 1193
479 1190
480 1198
481 1195
482 1200
483 1208
484 1206
485 1212
486 1218
487 1219
488 1238
489 1248
490 1230
491 1247
492 1238
493 1257
494 1273
495 1254
496 1258
497 1260
498 1256
499 1265
500 1272
501 1275
