0 0
1 11
2 23
3 5
4 16
5 22
6 9
7 27
8 28
9 32
10 47
11 41
12 47
13 43
14 58
15 43
16 63
17 52
18 52
19 69
20 53
21 55
22 63
23 55
24 66
25 65
26 83
27 57
28 75
29 64
30 77
31 78
32 85
33 91
34 97
35 106
36 106
37 112
38 109
39 114
40 124
41 117
42 132
43 122
44 127
45 131
46 129
47 143
48 146
49 140
50 160
51 156
52 159
53 179
54 164
55 165
56 178
57 161
58 179
59 175
60 189
61 208
62 209
63 207
64 200
65 193
66 207
67 197
68 204
69 199
70 209
71 198
72 216
73 227
74 215
75 232
76 251
77 229
78 219
79 224
80 235
81 230
82 235
83 233
84 243
85 250
86 246
87 263
88 283
89 254
90 263
91 260
92 274
93 280
94 285
95 270
96 277
97 282
98 275
99 285
100 297
101 307
102 316
103 280
104 288
105 291
106 304
107 292
108 296
109 303
110 304
111 314
112 307
113 304
114 308
115 324
116 315
117 327
118 317
119 334
120 339
121 320
122 331
123 340
124 335
125 322
126 325
127 324
128 325
129 333
130 330
131 339
132 336
133 337
134 348
135 350
136 342
137 341
138 356
139 366
140 369
141 347
142 346
143 366
144 369
145 374
146 348
147 357
148 366
149 350
150 356
151 355
152 360
153 358
154 351
155 360
156 366
157 360
158 362
159 368
160 365
161 373
162 393
163 372
164 388
165 397
166 387
167 375
168 393
169 394
170 394
171 386
172 404
173 403
174 396
175 408
176 419
177 414
178 422
179 405
180 421
181 422
182 423
183 424
184 424
185 433
186 441
187 429
188 427
189 428
190 446
191 446
192 453
193 447
194 456
195 459
196 464
197 481
198 471
199 476
200 482
201 491
202 495
203 487
204 503
205 505
206 493
207 494
208 500
209 509
210 501
211 509
212 527
213 522
214 527
215 519
216 532
217 522
218 536
219 521
220 533
221 527
222 528
223 540
224 548
225 536
226 543
227 545
228 546
229 545
230 544
231 557
232 564
233 564
234 554
235 560
236 569
237 585
238 566
239 580
240 586
241 577
242 570
243 572
244 589
245 584
246 600
247 585
248 594
249 602
250 618
251 594
252 607
253 610
254 613
255 629
256 637
257 623
258 628
259 639
260 641
261 642
262 654
263 643
264 657
265 661
266 662
267 644
268 645
269 651
270 655
271 663
272 659
273 653
274 667
275 668
276 665
277 665
278 673
279 667
280 685
281 704
282 700
283 715
284 729
285 712
286 718
287 710
288 711
289 728
290 719
291 734
292 730
293 725
294 742
295 737
296 745
297 742
298 750
299 744
300 749
301 756
302 763
303 769
304 764
305 768
306 786
307 784
308 787
309 804
310 791
311 809
312 800
313 817
314 834
315 803
316 813
317 804
318 806
319 811
320 824
321 812
322 821
323 817
324 820
325 814
326 829
327 832
328 819
329 819
330 839
331 838
332 826
333 830
334 838
335 834
336 840
337 852
338 853
339 845
340 858
341 861
342 862
343 847
344 862
345 862
346 879
347 851
348 859
349 865
350 865
351 869
352 877
353 883
354 888
355 871
356 876
357 890
358 882
359 890
360 885
361 885
362 886
363 892
364 897
365 887
366 891
367 893
368 908
369 906
370 919
371 903
372 908
373 909
374 915
375 916
376 925
377 936
378 935
379 935
380 940
381 952
382 956
383 962
384 971
385 956
386 974
387 986
388 1000
389 965
390 978
391 984
392 978
393 974
394 978
395 984
396 994
397 980
398 992
399 993
400 988
401 1000
402 1008
403 1007
404 992
405 1012
406 1012
407 995
408 998
409 1000
410 1015
411 1033
412 1051
413 1028
414 1032
415 1046
416 1036
417 1047
418 1042
419 1042
420 1052
421 1050
422 1051
423 1057
424 1072
425 1067
426 1056
427 1067
428 1057
429 1059
430 1065
431 1067
432 1062
433 1080
434 1085
435 1089
436 1082
437 1078
438 1093
439 1097
440 1084
441 1087
442 1079
443 1082
444 1087
445 1097
446 1096
447 1084
448 1084
449 1104
450 1092
451 1098
452 1101
453 1121
454 1105
455 1106
456 1104
457 1114
458 1130
459 1115
460 1123
461 1131
462 1140
463 1125
464 1131
465 1130
466 1136
467 1133
468 1149
469 1138
470 1155
471 1163
472 1141
473 1144
474 1144
475 1148
476 1165
477 1153
478 1154
479 1162
480 1165
481 1168
482 1188
483 1168
484 1187
485 1182
486 1172
487 1187
488 1192
489 1188
490 1174
491 1179
492 1183
493 1189
494 1182
495 1188
496 1187
497 1191
498 1191
499 1194
500 1190
501 1205
