0 0
1 2
2 4
3 13
4 5
5 11
6 4
7 20
8 19
9 22
10 25
11 42
12 35
13 28
14 43
15 53
16 44
17 63
18 61
19 62
20 74
21 56
22 57
23 62
24 81
25 85
26 60
27 64
28 71
29 67
30 72
31 74
32 78
33 91
34 75
35 87
36 93
37 91
38 89
39 98
40 100
41 94
42 106
43 90
44 107
45 95
46 96
47 109
48 126
49 128
50 132
51 97
52 105
53 114
54 117
55 110
56 119
57 117
58 123
59 125
60 126
61 122
62 131
63 134
64 130
65 139
66 143
67 145
68 145
69 141
70 157
71 150
72 144
73 159
74 163
75 152
76 164
77 156
78 158
79 163
80 174
81 189
82 197
83 180
84 193
85 196
86 194
87 208
88 201
89 218
90 214
91 232
92 216
93 215
94 216
95 222
96 229
97 237
98 224
99 231
100 228
101 242
102 244
103 252
104 249
105 252
106 251
107 250
108 253
109 267
110 259
111 260
112 261
113 272
114 285
115 263
116 270
117 279
118 275
119 278
120 276
121 287
122 306
123 284
124 295
125 291
126 294
127 308
128 290
129 295
130 309
131 309
132 319
133 325
134 313
135 320
136 335
137 317
138 321
139 320
140 336
141 323
142 322
143 339
144 323
145 343
146 351
147 326
148 332
149 335
150 328
151 337
152 329
153 335
154 347
155 341
156 346
157 363
158 346
159 349
160 364
161 365
162 364
163 375
164 369
165 372
166 383
167 392
168 401
169 383
170 384
171 386
172 385
173 394
174 394
175 401
176 399
177 406
178 411
179 408
180 424
181 409
182 419
183 411
184 422
185 414
186 424
187 419
188 414
189 422
190 427
191 418
192 415
193 420
194 419
195 421
196 428
197 442
198 428
199 433
200 440
201 445
202 446
203 456
204 450
205 459
206 456
207 459
208 472
209 452
210 472
211 469
212 458
213 460
214 469
215 471
216 472
217 466
218 473
219 477
220 490
221 478
222 479
223 486
224 496
225 488
226 505
227 497
228 508
229 511
230 502
231 498
232 504
233 499
234 517
235 499
236 505
237 509
238 508
239 508
240 510
241 526
242 511
243 526
244 522
245 525
246 518
247 536
248 555
249 537
250 535
251 519
252 538
253 521
254 525
255 537
256 535
257 535
258 536
259 552
260 553
261 560
262 562
263 576
264 573
265 563
266 569
267 570
268 577
269 578
270 565
271 566
272 576
273 582
274 589
275 592
276 596
277 601
278 601
279 604
280 619
281 622
282 611
283 604
284 613
285 613
286 620
287 638
288 610
289 614
290 629
291 622
292 621
293 627
294 627
295 639
296 641
297 644
298 643
299 663
300 657
301 659
302 661
303 670
304 675
305 673
306 691
307 684
308 679
309 697
310 692
311 694
312 696
313 706
314 699
315 699
316 710
317 716
318 714
319 718
320 703
321 723
322 721
323 736
324 705
325 707
326 714
327 709
328 712
329 725
330 710
331 725
332 713
333 726
334 728
335 729
336 744
337 728
338 734
339 745
340 730
341 742
342 741
343 743
344 745
345 757
346 751
347 753
348 768
349 755
350 758
351 765
352 765
353 762
354 776
355 772
356 774
357 784
358 786
359 794
360 788
361 779
362 798
363 790
364 794
365 796
366 809
367 800
368 809
369 813
370 816
371 802
372 821
373 817
374 813
375 825
376 828
377 830
378 839
379 837
380 829
381 845
382 843
383 859
384 845
385 858
386 846
387 858
388 872
389 876
390 859
391 878
392 865
393 878
394 893
395 910
396 884
397 896
398 905
399 896
400 903
401 920
402 903
403 903
404 899
405 912
406 900
407 916
408 934
409 901
410 911
411 912
412 914
413 929
414 914
415 917
416 931
417 926
418 928
419 920
420 933
421 940
422 951
423 957
424 957
425 952
426 942
427 956
428 962
429 964
430 959
431 979
432 977
433 977
434 994
435 992
436 997
437 989
438 999
439 998
440 1008
441 996
442 1015
443 1012
444 1009
445 1012
446 1014
447 1014
448 1022
449 1034
450 1013
451 1032
452 1036
453 1044
454 1027
455 1035
456 1028
457 1038
458 1037
459 1044
460 1045
461 1061
462 1048
463 1057
464 1060
465 1065
466 1058
467 1073
468 1090
469 1070
470 1078
471 1082
472 1095
473 1071
474 1079
475 1086
476 1083
477 1092
478 1090
479 1096
480 1110
481 1119
482 1133
483 1106
484 1121
485 1107
486 1110
487 1119
488 1114
489 1113
490 1122
491 1116
492 1123
493 1120
494 1119
495 1130
496 1134
497 1142
498 1134
499 1132
500 1138
501 1141
