0 0
1 15
2 20
3 31
4 44
5 32
6 29
7 34
8 36
9 49
10 48
11 58
12 49
13 61
14 50
15 60
16 61
17 66
18 66
19 80
20 82
21 70
22 78
23 76
24 91
25 77
26 79
27 79
28 94
29 80
30 83
31 92
32 105
33 98
34 99
35 90
36 91
37 110
38 93
39 110
40 93
41 94
42 113
43 98
44 118
45 101
46 106
47 115
48 123
49 120
50 129
51 145
52 124
53 139
54 131
55 125
56 142
57 129
58 133
59 139
60 131
61 146
62 159
63 133
64 137
65 133
66 142
67 138
68 140
69 151
70 155
71 139
72 143
73 151
74 161
75 152
76 163
77 154
78 159
79 165
80 178
81 166
82 176
83 167
84 175
85 183
86 184
87 188
88 193
89 194
90 193
91 198
92 203
93 202
94 202
95 201
96 204
97 206
98 218
99 209
100 223
101 221
102 228
103 211
104 222
105 228
106 231
107 240
108 231
109 243
110 235
111 243
112 253
113 245
114 264
115 257
116 264
117 253
118 259
119 273
120 254
121 272
122 264
123 268
124 270
125 284
126 275
127 288
128 286
129 287
130 302
131 287
132 304
133 302
134 288
135 298
136 307
137 322
138 337
139 340
140 327
141 343
142 351
143 370
144 351
145 340
146 345
147 358
148 345
149 361
150 358
151 368
152 362
153 373
154 375
155 380
156 381
157 389
158 389
159 395
160 392
161 406
162 398
163 407
164 411
165 406
166 408
167 425
168 443
169 446
170 409
171 413
172 427
173 418
174 423
175 426
176 425
177 435
178 433
179 444
180 428
181 447
182 447
183 463
184 465
185 457
186 468
187 473
188 474
189 475
190 490
191 486
192 478
193 483
194 496
195 481
196 495
197 497
198 512
199 512
200 521
201 517
202 526
203 535
204 555
205 524
206 543
207 531
208 550
209 531
210 549
211 542
212 538
213 553
214 554
215 540
216 552
217 559
218 562
219 576
220 544
221 561
222 558
223 570
224 588
225 580
226 563
227 566
228 577
229 583
230 578
231 566
232 571
233 582
234 596
235 585
236 590
237 582
238 597
239 586
240 597
241 592
242 602
243 617
244 595
245 608
246 603
247 611
248 629
249 638
250 640
251 655
252 647
253 648
254 658
255 658
256 660
257 670
258 681
259 673
260 683
261 685
262 690
263 675
264 689
265 702
266 695
267 691
268 703
269 690
270 703
271 716
272 707
273 723
274 703
275 710
276 706
277 706
278 711
279 711
280 712
281 727
282 735
283 731
284 741
285 728
286 746
287 738
288 754
289 742
290 757
291 749
292 761
293 753
294 764
295 770
296 777
297 779
298 770
299 771
300 777
301 785
302 787
303 773
304 778
305 792
306 785
307 789
308 789
309 805
310 795
311 799
312 799
313 790
314 802
315 814
316 805
317 818
318 822
319 811
320 826
321 821
322 839
323 841
324 831
325 847
326 844
327 834
328 847
329 849
330 842
331 843
332 845
333 855
334 859
335 866
336 862
337 858
338 869
339 860
340 872
341 869
342 886
343 878
344 886
345 882
346 875
347 891
348 895
349 901
350 877
351 896
352 897
353 882
354 896
355 883
356 885
357 897
358 907
359 908
360 894
361 903
362 900
363 907
364 902
365 906
366 918
367 909
368 927
369 915
370 912
371 910
372 927
373 930
374 917
375 931
376 922
377 918
378 929
379 925
380 931
381 928
382 938
383 945
384 929
385 935
386 936
387 949
388 942
389 944
390 943
391 947
392 953
393 946
394 961
395 977
396 963
397 975
398 972
399 982
400 980
401 985
402 982
403 979
404 987
405 995
406 1002
407 1000
408 1007
409 1014
410 1015
411 1018
412 1011
413 1014
414 1030
415 1018
416 1020
417 1019
418 1036
419 1036
420 1044
421 1051
422 1053
423 1048
424 1054
425 1049
426 1054
427 1064
428 1059
429 1055
430 1066
431 1057
432 1066
433 1073
434 1085
435 1075
436 1064
437 1084
438 1074
439 1073
440 1086
441 1080
442 1083
443 1094
444 1075
445 1089
446 1087
447 1099
448 1111
449 1124
450 1130
451 1127
452 1147
453 1130
454 1142
455 1129
456 1143
457 1141
458 1141
459 1135
460 1155
461 1141
462 1159
463 1158
464 1150
465 1146
466 1163
467 1153
468 1165
469 1169
470 1173
471 1176
472 1172
473 1185
474 1184
475 1188
476 1190
477 1198
478 1203
479 1208
480 1201
481 1209
482 1204
483 1213
484 1222
485 1212
486 1210
487 1212
488 1229
489 1222
490 1219
491 1231
492 1220
493 1230
494 1231
495 1235
496 1230
497 1236
498 1250
499 1258
500 1259
501 1274
