0 0
1 10
2 22
3 30
4 1
5 3
6 4
7 10
8 11
9 30
10 28
11 18
12 28
13 29
14 27
15 21
16 39
17 43
18 42
19 59
20 45
21 56
22 64
23 48
24 55
25 60
26 54
27 66
28 51
29 64
30 57
31 54
32 71
33 63
34 74
35 72
36 74
37 84
38 103
39 95
40 90
41 88
42 107
43 108
44 98
45 111
46 106
47 115
48 114
49 112
50 117
51 126
52 126
53 137
54 142
55 161
56 167
57 177
58 171
59 162
60 166
61 166
62 173
63 180
64 187
65 187
66 177
67 188
68 208
69 191
70 194
71 195
72 202
73 209
74 203
75 195
76 203
77 212
78 210
79 224
80 240
81 221
82 226
83 224
84 238
85 226
86 235
87 238
88 232
89 251
90 245
91 233
92 242
93 245
94 240
95 255
96 245
97 263
98 275
99 249
100 257
101 259
102 252
103 270
104 265
105 265
106 282
107 261
108 262
109 280
110 277
111 281
112 293
113 293
114 278
115 286
116 289
117 296
118 293
119 287
120 293
121 296
122 297
123 297
124 300
125 295
126 300
127 305
128 323
129 297
130 305
131 298
132 314
133 300
134 317
135 307
136 315
137 321
138 310
139 315
140 311
141 323
142 322
143 342
144 362
145 378
146 386
147 342
148 350
149 343
150 359
151 355
152 362
153 352
154 358
155 378
156 396
157 396
158 364
159 380
160 365
161 372
162 383
163 397
164 376
165 395
166 382
167 390
168 393
169 385
170 401
171 398
172 391
173 408
174 409
175 408
176 397
177 402
178 411
179 414
180 407
181 403
182 419
183 433
184 415
185 433
186 426
187 434
188 416
189 419
190 433
191 437
192 421
193 424
194 435
195 438
196 453
197 439
198 443
199 451
200 446
201 444
202 464
203 462
204 480
205 482
206 451
207 460
208 467
209 474
210 471
211 463
212 468
213 477
214 471
215 467
216 469
217 468
218 470
219 470
220 468
221 482
222 476
223 480
224 469
225 479
226 489
227 496
228 496
229 487
230 490
231 507
232 494
233 513
234 502
235 511
236 508
237 501
238 503
239 502
240 520
241 517
242 516
243 518
244 528
245 530
246 523
247 533
248 540
249 543
250 540
251 541
252 558
253 543
254 541
255 543
256 557
257 556
258 547
259 555
260 559
261 561
262 560
263 571
264 572
265 574
266 572
267 579
268 578
269 589
270 590
271 598
272 599
273 591
274 607
275 610
276 622
277 593
278 602
279 596
280 604
281 601
282 597
283 598
284 608
285 599
286 619
287 638
288 618
289 627
290 646
291 638
292 636
293 651
294 650
295 668
296 668
297 653
298 665
299 663
300 679
301 679
302 664
303 671
304 677
305 676
306 692
307 684
308 693
309 693
310 696
311 705
312 705
313 712
314 699
315 704
316 719
317 709
318 717
319 733
320 723
321 717
322 728
323 735
324 729
325 720
326 738
327 755
328 759
329 738
330 734
331 752
332 741
333 754
334 739
335 751
336 756
337 762
338 754
339 766
340 756
341 771
342 762
343 770
344 779
345 785
346 775
347 771
348 782
349 773
350 778
351 781
352 791
353 785
354 787
355 807
356 818
357 833
358 834
359 826
360 845
361 844
362 841
363 845
364 858
365 869
366 852
367 872
368 882
369 857
370 870
371 875
372 873
373 876
374 874
375 874
376 883
377 900
378 892
379 897
380 899
381 908
382 895
383 915
384 911
385 908
386 910
387 909
388 909
389 914
390 920
391 931
392 911
393 915
394 913
395 925
396 926
397 920
398 939
399 921
400 933
401 933
402 921
403 936
404 931
405 923
406 925
407 943
408 935
409 952
410 955
411 939
412 944
413 953
414 948
415 968
416 964
417 960
418 949
419 952
420 965
421 966
422 971
423 958
424 972
425 974
426 967
427 974
428 986
429 983
430 994
431 1001
432 993
433 1004
434 1008
435 1016
436 1003
437 1006
438 1021
439 1023
440 1009
441 1029
442 1018
443 1015
444 1025
445 1010
446 1015
447 1025
448 1018
449 1016
450 1028
451 1019
452 1035
453 1043
454 1058
455 1074
456 1046
457 1047
458 1059
459 1066
460 1052
461 1063
462 1072
463 1060
464 1069
465 1080
466 1097
467 1106
468 1106
469 1110
470 1104
471 1116
472 1117
473 1133
474 1122
475 1140
476 1141
477 1144
478 1130
479 1132
480 1131
481 1133
482 1134
483 1154
484 1142
485 1152
486 1162
487 1158
488 1158
489 1170
490 1171
491 1181
492 1176
493 1183
494 1179
495 1189
496 1185
497 1184
498 1196
499 1193
500 1195
501 1195
