0 0
1 9
2 17
3 14
4 25
5 22
6 16
7 22
8 17
9 20
10 24
11 24
12 35
13 30
14 46
15 32
16 48
17 47
18 46
19 54
20 64
21 58
22 63
23 57
24 70
25 68
26 77
27 84
28 62
29 73
30 74
31 75
32 78
33 94
34 86
35 92
36 98
37 99
38 106
39 116
40 110
41 112
42 120
43 118
44 130
45 135
46 130
47 120
48 136
49 133
50 130
51 146
52 137
53 143
54 140
55 140
56 151
57 142
58 144
59 162
60 153
61 146
62 159
63 163
64 171
65 171
66 182
67 179
68 167
69 186
70 197
71 207
72 201
73 206
74 192
75 195
76 197
77 212
78 230
79 203
80 200
81 201
82 219
83 205
84 206
85 225
86 205
87 207
88 213
89 212
90 224
91 223
92 217
93 220
94 229
95 220
96 236
97 232
98 238
99 254
100 253
101 273
102 293
103 277
104 290
105 290
106 297
107 311
108 293
109 307
110 308
111 310
112 297
113 298
114 307
115 324
116 309
117 317
118 320
119 329
120 338
121 321
122 341
123 340
124 337
125 331
126 347
127 334
128 343
129 360
130 340
131 345
132 348
133 362
134 354
135 361
136 347
137 348
138 358
139 361
140 368
141 355
142 373
143 375
144 391
145 405
146 388
147 402
148 403
149 402
150 418
151 438
152 451
153 452
154 467
155 464
156 469
157 470
158 486
159 474
160 476
161 482
162 489
163 483
164 494
165 513
166 515
167 502
168 504
169 499
170 503
171 505
172 507
173 508
174 507
175 510
176 513
177 515
178 525
179 516
180 531
181 534
182 553
183 553
184 558
185 552
186 540
187 550
188 556
189 564
190 552
191 563
192 562
193 570
194 572
195 570
196 584
197 579
198 578
199 592
200 588
201 597
202 581
203 590
204 610
205 593
206 605
207 593
208 595
209 596
210 599
211 602
212 610
213 615
214 616
215 603
216 616
217 618
218 608
219 617
220 618
221 611
222 609
223 620
224 622
225 612
226 612
227 613
228 628
229 629
230 647
231 648
232 656
233 660
234 666
235 656
236 651
237 658
238 659
239 654
240 671
241 653
242 664
243 668
244 671
245 662
246 668
247 678
248 678
249 672
250 686
251 705
252 684
253 696
254 692
255 702
256 711
257 705
258 694
259 705
260 712
261 728
262 721
263 715
264 709
265 712
266 718
267 728
268 735
269 754
270 729
271 729
272 743
273 742
274 740
275 750
276 752
277 759
278 742
279 747
280 761
281 750
282 743
283 763
284 756
285 770
286 751
287 762
288 768
289 779
290 797
291 769
292 780
293 785
294 780
295 788
296 783
297 790
298 799
299 793
300 799
301 810
302 809
303 810
304 807
305 821
306 819
307 823
308 811
309 808
310 811
311 816
312 825
313 816
314 829
315 819
316 830
317 835
318 836
319 826
320 844
321 837
322 845
323 839
324 850
325 844
326 851
327 848
328 865
329 854
330 868
331 861
332 858
333 870
334 871
335 874
336 883
337 890
338 873
339 889
340 888
341 882
342 891
343 885
344 897
345 890
346 892
347 891
348 900
349 903
350 917
351 908
352 914
353 908
354 919
355 927
356 931
357 927
358 932
359 931
360 938
361 941
362 946
363 951
364 933
365 935
366 946
367 941
368 943
369 945
370 947
371 956
372 950
373 960
374 965
375 956
376 965
377 974
378 959
379 973
380 965
381 960
382 977
383 992
384 972
385 990
386 980
387 988
388 983
389 988
390 988
391 1001
392 1005
393 1008
394 993
395 1009
396 997
397 1010
398 1008
399 1004
400 1015
401 1010
402 1016
403 1013
404 1025
405 1018
406 1022
407 1029
408 1020
409 1030
410 1028
411 1033
412 1029
413 1038
414 1033
415 1030
416 1034
417 1039
418 1049
419 1045
420 1037
421 1057
422 1046
423 1043
424 1055
425 1052
426 1050
427 1063
428 1060
429 1053
430 1069
431 1071
432 1067
433 1058
434 1069
435 1082
436 1062
437 1072
438 1067
439 1069
440 1079
441 1095
442 1070
443 1081
444 1094
445 1096
446 1071
447 1080
448 1083
449 1088
450 1095
451 1083
452 1097
453 1103
454 1107
455 1108
456 1108
457 1111
458 1115
459 1112
460 1123
461 1127
462 1131
463 1130
464 1122
465 1135
466 1142
467 1130
468 1139
469 1147
470 1148
471 1135
472 1155
473 1154
474 1165
475 1146
476 1154
477 1159
478 1165
479 1156
480 1150
481 1170
482 1155
483 1162
484 1159
485 1170
486 1167
487 1174
488 1175
489 1169
490 1177
491 1180
492 1176
493 1183
494 1196
495 1192
496 1194
497 1193
498 1195
499 1200
500 1203
501 1202
