0 0
1 6
2 13
3 5
4 20
5 9
6 24
7 19
8 35
9 28
10 40
11 37
12 31
13 43
14 34
15 32
16 39
17 44
18 41
19 42
20 34
21 40
22 42
23 41
24 40
25 52
26 55
27 44
28 48
29 50
30 52
31 66
32 55
33 71
34 72
35 88
36 66
37 79
38 76
39 86
40 91
41 84
42 92
43 87
44 105
45 105
46 124
47 125
48 125
49 119
50 127
51 135
52 130
53 150
54 145
55 131
56 149
57 137
58 152
59 137
60 149
61 154
62 147
63 148
64 153
65 167
66 163
67 168
68 181
69 183
70 191
71 191
72 182
73 185
74 190
75 196
76 200
77 205
78 198
79 212
80 225
81 200
82 215
83 219
84 213
85 230
86 232
87 232
88 214
89 224
90 225
91 231
92 242
93 251
94 259
95 278
96 283
97 302
98 297
99 304
100 300
101 300
102 302
103 312
104 304
105 311
106 310
107 311
108 327
109 325
110 340
111 319
112 322
113 331
114 337
115 323
116 331
117 331
118 333
119 336
120 347
121 337
122 340
123 337
124 338
125 343
126 344
127 339
128 357
129 339
130 344
131 351
132 347
133 351
134 367
135 356
136 366
137 367
138 354
139 362
140 371
141 381
142 377
143 386
144 393
145 376
146 388
147 381
148 378
149 393
150 380
151 390
152 410
153 397
154 411
155 409
156 411
157 412
158 419
159 418
160 434
161 429
162 429
163 446
164 428
165 439
166 445
167 435
168 439
169 454
170 456
171 465
172 454
173 469
174 464
175 465
176 458
177 475
178 476
179 490
180 484
181 466
182 471
183 482
184 473
185 477
186 479
187 490
188 491
189 502
190 506
191 519
192 498
193 495
194 503
195 509
196 513
197 518
198 523
199 528
200 515
201 525
202 535
203 552
204 527
205 532
206 536
207 545
208 545
209 539
210 551
211 556
212 557
213 542
214 549
215 558
216 557
217 549
218 564
219 570
220 561
221 562
222 569
223 575
224 571
225 572
226 590
227 588
228 600
229 598
230 600
231 601
232 616
233 606
234 607
235 609
236 625
237 615
238 620
239 640
240 635
241 647
242 627
243 634
244 639
245 640
246 640
247 649
248 647
249 652
250 672
251 660
252 670
253 651
254 671
255 674
256 676
257 688
258 665
259 677
260 676
261 678
262 671
263 678
264 690
265 695
266 687
267 704
268 687
269 705
270 688
271 706
272 700
273 699
274 689
275 692
276 693
277 710
278 699
279 696
280 711
281 700
282 702
283 698
284 707
285 713
286 702
287 703
288 712
289 711
290 706
291 721
292 721
293 721
294 727
295 746
296 724
297 734
298 742
299 732
300 741
301 742
302 734
303 743
304 738
305 736
306 739
307 746
308 745
309 758
310 754
311 754
312 762
313 769
314 769
315 768
316 778
317 784
318 803
319 793
320 780
321 797
322 816
323 813
324 794
325 792
326 809
327 811
328 830
329 820
330 812
331 819
332 823
333 827
334 830
335 823
336 832
337 830
338 835
339 838
340 832
341 843
342 834
343 854
344 845
345 854
346 842
347 855
348 860
349 861
350 873
351 860
352 864
353 871
354 879
355 896
356 873
357 884
358 893
359 889
360 907
361 881
362 888
363 891
364 892
365 890
366 889
367 905
368 909
369 891
370 909
371 911
372 908
373 894
374 896
375 914
376 912
377 895
378 907
379 909
380 908
381 908
382 912
383 926
384 914
385 918
386 924
387 928
388 929
389 929
390 938
391 942
392 931
393 934
394 942
395 943
396 955
397 954
398 955
399 957
400 955
401 959
402 962
403 965
404 971
405 966
406 977
407 974
408 970
409 982
410 978
411 977
412 996
413 1002
414 984
415 1002
416 985
417 996
418 985
419 1005
420 1004
421 1013
422 1033
423 1034
424 1017
425 1030
426 1024
427 1026
428 1044
429 1027
430 1032
431 1040
432 1030
433 1031
434 1040
435 1038
436 1046
437 1054
438 1057
439 1071
440 1067
441 1063
442 1067
443 1069
444 1079
445 1073
446 1090
447 1084
448 1098
449 1084
450 1091
451 1106
452 1099
453 1092
454 1102
455 1112
456 1099
457 1117
458 1118
459 1136
460 1124
461 1125
462 1144
463 1126
464 1129
465 1125
466 1129
467 1141
468 1130
469 1134
470 1131
471 1137
472 1142
473 1143
474 1134
475 1136
476 1145
477 1142
478 1149
479 1151
480 1152
481 1152
482 1170
483 1170
484 1154
485 1170
486 1171
487 1169
488 1158
489 1171
490 1164
491 1176
492 1196
493 1173
494 1193
495 1186
496 1202
497 1184
498 1175
499 1178
500 1192
501 1179
