0 0
1 12
2 24
3 20
4 25
5 2
6 18
7 22
8 21
9 41
10 49
11 29
12 48
13 24
14 25
15 43
16 34
17 49
18 45
19 53
20 64
21 58
22 60
23 58
24 78
25 91
26 70
27 65
28 69
29 69
30 72
31 84
32 90
33 87
34 85
35 92
36 92
37 87
38 105
39 91
40 107
41 97
42 102
43 98
44 116
45 135
46 115
47 132
48 134
49 116
50 124
51 133
52 121
53 123
54 133
55 139
56 131
57 150
58 133
59 138
60 141
61 144
62 154
63 153
64 161
65 143
66 150
67 144
68 151
69 158
70 160
71 169
72 170
73 159
74 178
75 171
76 182
77 201
78 202
79 172
80 181
81 184
82 173
83 176
84 177
85 190
86 181
87 197
88 193
89 210
90 211
91 213
92 228
93 214
94 226
95 222
96 226
97 227
98 237
99 240
100 260
101 247
102 264
103 279
104 271
105 257
106 263
107 265
108 275
109 270
110 278
111 289
112 298
113 282
114 285
115 283
116 287
117 302
118 319
119 324
120 296
121 290
122 296
123 308
124 307
125 322
126 295
127 308
128 305
129 311
130 331
131 311
132 330
133 318
134 318
135 318
136 327
137 343
138 335
139 345
140 342
141 339
142 348
143 363
144 350
145 369
146 341
147 342
148 349
149 360
150 353
151 361
152 373
153 354
154 365
155 366
156 371
157 356
158 362
159 372
160 367
161 373
162 369
163 387
164 374
165 383
166 371
167 383
168 373
169 379
170 384
171 388
172 391
173 395
174 406
175 405
176 417
177 411
178 423
179 415
180 420
181 435
182 413
183 422
184 432
185 451
186 434
187 434
188 453
189 442
190 458
191 467
192 466
193 453
194 457
195 455
196 459
197 459
198 468
199 467
200 458
201 475
202 485
203 473
204 466
205 463
206 473
207 473
208 489
209 476
210 496
211 489
212 495
213 487
214 490
215 503
216 504
217 509
218 497
219 498
220 511
221 512
222 516
223 513
224 526
225 515
226 533
227 522
228 518
229 516
230 522
231 534
232 518
233 527
234 520
235 522
236 532
237 536
238 542
239 531
240 535
241 540
242 558
243 538
244 545
245 548
246 561
247 546
248 556
249 558
250 558
251 574
252 575
253 574
254 591
255 589
256 589
257 603
258 594
259 595
260 607
261 625
262 614
263 622
264 631
265 616
266 636
267 622
268 622
269 633
270 642
271 656
272 628
273 631
274 630
275 637
276 654
277 667
278 641
279 649
280 652
281 660
282 649
283 667
284 682
285 662
286 652
287 662
288 669
289 662
290 660
291 671
292 665
293 663
294 680
295 676
296 682
297 676
298 667
299 673
300 674
301 679
302 693
303 696
304 678
305 687
306 685
307 698
308 704
309 689
310 708
311 698
312 700
313 712
314 702
315 701
316 721
317 729
318 703
319 715
320 721
321 731
322 740
323 733
324 738
325 743
326 746
327 760
328 745
329 763
330 765
331 774
332 753
333 766
334 771
335 771
336 779
337 779
338 772
339 776
340 792
341 799
342 811
343 809
344 796
345 813
346 816
347 799
348 811
349 815
350 805
351 809
352 819
353 823
354 827
355 824
356 817
357 822
358 839
359 833
360 833
361 825
362 842
363 830
364 842
365 836
366 835
367 852
368 846
369 847
370 851
371 842
372 855
373 845
374 855
375 853
376 851
377 861
378 856
379 868
380 871
381 859
382 870
383 871
384 872
385 874
386 888
387 898
388 880
389 887
390 878
391 887
392 898
393 900
394 895
395 903
396 902
397 911
398 931
399 904
400 919
401 915
402 924
403 926
404 938
405 926
406 939
407 945
408 933
409 945
410 953
411 961
412 963
413 963
414 973
415 968
416 970
417 986
418 984
419 973
420 977
421 985
422 1001
423 1005
424 1014
425 1010
426 1020
427 1015
428 1027
429 1027
430 1034
431 1028
432 1040
433 1053
434 1045
435 1042
436 1057
437 1059
438 1055
439 1071
440 1058
441 1070
442 1070
443 1064
444 1083
445 1064
446 1065
447 1073
448 1082
449 1075
450 1076
451 1080
452 1076
453 1094
454 1088
455 1089
456 1091
457 1096
458 1097
459 1107
460 1107
461 1126
462 1108
463 1115
464 1111
465 1113
466 1125
467 1125
468 1116
469 1124
470 1122
471 1132
472 1128
473 1130
474 1126
475 1136
476 1134
477 1131
478 1132
479 1133
480 1147
481 1143
482 1140
483 1144
484 1159
485 1148
486 1162
487 1164
488 1155
489 1175
490 1170
491 1160
492 1178
493 1177
494 1164
495 1170
496 1179
497 1188
498 1208
499 1192
500 1189
501 1194
