0 0
1 10
2 25
3 23
4 38
5 51
6 28
7 32
8 29
9 29
10 29
11 49
12 36
13 44
14 47
15 48
16 51
17 46
18 48
19 63
20 61
21 62
22 52
23 64
24 67
25 78
26 68
27 70
28 74
29 82
30 79
31 95
32 107
33 79
34 90
35 86
36 97
37 100
38 89
39 95
40 98
41 107
42 104
43 94
44 98
45 112
46 110
47 111
48 114
49 121
50 122
51 127
52 137
53 135
54 130
55 140
56 147
57 164
58 140
59 159
60 176
61 145
62 145
63 155
64 164
65 150
66 163
67 167
68 165
69 167
70 186
71 184
72 200
73 177
74 193
75 186
76 190
77 192
78 195
79 198
80 208
81 210
82 209
83 228
84 215
85 221
86 222
87 237
88 239
89 257
90 236
91 251
92 239
93 247
94 241
95 258
96 246
97 247
98 263
99 264
100 275
101 282
102 284
103 302
104 283
105 293
106 290
107 296
108 305
109 307
110 302
111 315
112 318
113 312
114 304
115 316
116 324
117 321
118 332
119 332
120 328
121 338
122 332
123 346
124 345
125 350
126 356
127 376
128 349
129 359
130 365
131 354
132 355
133 370
134 374
135 356
136 359
137 366
138 376
139 382
140 361
141 366
142 381
143 372
144 372
145 375
146 373
147 389
148 391
149 399
150 402
151 411
152 418
153 407
154 424
155 404
156 420
157 418
158 426
159 426
160 421
161 432
162 435
163 442
164 436
165 444
166 450
167 451
168 465
169 470
170 458
171 458
172 460
173 468
174 460
175 462
176 462
177 478
178 468
179 476
180 480
181 493
182 507
183 488
184 503
185 508
186 508
187 511
188 527
189 516
190 517
191 532
192 551
193 568
194 543
195 548
196 549
197 553
198 570
199 546
200 563
201 564
202 577
203 570
204 583
205 583
206 584
207 584
208 598
209 612
210 590
211 602
212 605
213 605
214 616
215 617
216 620
217 607
218 627
219 610
220 623
221 626
222 627
223 638
224 643
225 633
226 651
227 646
228 647
229 652
230 652
231 650
232 669
233 669
234 652
235 660
236 665
237 669
238 678
239 697
240 684
241 678
242 686
243 685
244 696
245 704
246 713
247 707
248 704
249 705
250 721
251 718
252 735
253 717
254 724
255 736
256 748
257 747
258 751
259 759
260 760
261 762
262 772
263 768
264 778
265 765
266 772
267 783
268 779
269 785
270 782
271 792
272 787
273 788
274 797
275 815
276 799
277 788
278 794
279 806
280 804
281 791
282 796
283 806
284 798
285 818
286 800
287 802
288 820
289 813
290 820
291 810
292 828
293 818
294 819
295 837
296 843
297 846
298 852
299 857
300 865
301 862
302 853
303 870
304 860
305 869
306 870
307 871
308 874
309 891
310 887
311 887
312 903
313 887
314 906
315 895
316 895
317 904
318 923
319 912
320 909
321 921
322 920
323 918
324 925
325 938
326 944
327 921
328 924
329 928
330 925
331 933
332 948
333 937
334 953
335 935
336 937
337 951
338 954
339 940
340 950
341 938
342 946
343 961
344 980
345 998
346 977
347 986
348 1005
349 989
350 995
351 998
352 1003
353 996
354 994
355 1005
356 1014
357 1008
358 1014
359 1015
360 1022
361 1036
362 1035
363 1021
364 1027
365 1033
366 1024
367 1038
368 1039
369 1051
370 1059
371 1040
372 1044
373 1048
374 1053
375 1058
376 1050
377 1058
378 1065
379 1056
380 1064
381 1067
382 1074
383 1087
384 1094
385 1077
386 1090
387 1097
388 1084
389 1086
390 1094
391 1097
392 1107
393 1110
394 1101
395 1111
396 1114
397 1110
398 1123
399 1140
400 1119
401 1139
402 1138
403 1137
404 1140
405 1153
406 1154
407 1148
408 1151
409 1143
410 1153
411 1171
412 1145
413 1160
414 1146
415 1155
416 1169
417 1162
418 1154
419 1163
420 1156
421 1160
422 1161
423 1172
424 1180
425 1189
426 1200
427 1171
428 1180
429 1195
430 1198
431 1210
432 1193
433 1206
434 1199
435 1218
436 1224
437 1201
438 1218
439 1203
440 1208
441 1219
442 1214
443 1210
444 1225
445 1228
446 1213
447 1220
448 1228
449 1222
450 1222
451 1230
452 1238
453 1231
454 1235
455 1244
456 1250
457 1257
458 1251
459 1262
460 1253
461 1272
462 1258
463 1260
464 1256
465 1272
466 1274
467 1275
468 1285
469 1286
470 1276
471 1287
472 1288
473 1298
474 1316
475 1293
476 1291
477 1301
478 1321
479 1303
480 1319
481 1305
482 1306
483 1321
484 1324
485 1323
486 1308
487 1316
488 1311
489 1319
490 1319
491 1332
492 1339
493 1332
494 1339
495 1333
496 1352
497 1348
498 1343
499 1354
500 1362
501 1376
