0 0
1 9
2 19
3 8
4 20
5 3
6 10
7 21
8 16
9 13
10 15
11 32
12 22
13 16
14 22
15 17
16 18
17 20
18 34
19 34
20 38
21 33
22 40
23 57
24 77
25 38
26 40
27 54
28 40
29 55
30 59
31 75
32 61
33 59
34 67
35 78
36 97
37 117
38 85
39 97
40 87
41 102
42 97
43 103
44 116
45 100
46 116
47 116
48 112
49 117
50 121
51 125
52 133
53 132
54 140
55 128
56 146
57 144
58 148
59 135
60 152
61 172
62 148
63 155
64 171
65 158
66 168
67 172
68 192
69 173
70 189
71 208
72 200
73 203
74 205
75 221
76 216
77 225
78 209
79 221
80 212
81 216
82 228
83 231
84 235
85 248
86 242
87 249
88 239
89 243
90 260
91 257
92 274
93 258
94 260
95 275
96 278
97 289
98 307
99 297
100 308
101 325
102 317
103 322
104 319
105 332
106 335
107 321
108 332
109 334
110 338
111 346
112 350
113 347
114 360
115 360
116 364
117 371
118 380
119 385
120 369
121 380
122 371
123 379
124 394
125 399
126 402
127 422
128 408
129 403
130 413
131 417
132 406
133 408
134 417
135 420
136 431
137 421
138 436
139 442
140 428
141 432
142 445
143 445
144 448
145 455
146 461
147 462
148 477
149 484
150 495
151 487
152 506
153 479
154 493
155 491
156 497
157 512
158 500
159 496
160 496
161 499
162 507
163 500
164 501
165 501
166 505
167 519
168 515
169 535
170 516
171 524
172 538
173 521
174 535
175 524
176 540
177 529
178 534
179 541
180 537
181 535
182 545
183 547
184 549
185 553
186 547
187 555
188 558
189 567
190 557
191 554
192 560
193 565
194 569
195 563
196 568
197 574
198 574
199 570
200 588
201 576
202 580
203 578
204 594
205 587
206 601
207 596
208 604
209 601
210 609
211 597
212 608
213 615
214 598
215 606
216 609
217 618
218 624
219 625
220 643
221 637
222 634
223 635
224 647
225 649
226 640
227 650
228 648
229 667
230 651
231 661
232 667
233 672
234 679
235 668
236 687
237 674
238 686
239 698
240 690
241 692
242 695
243 696
244 693
245 699
246 702
247 712
248 711
249 718
250 735
251 737
252 751
253 756
254 736
255 749
256 749
257 752
258 737
259 755
260 767
261 743
262 759
263 754
264 762
265 753
266 754
267 762
268 763
269 756
270 774
271 769
272 773
273 769
274 787
275 789
276 803
277 809
278 776
279 796
280 787
281 780
282 800
283 816
284 824
285 784
286 786
287 788
288 791
289 800
290 800
291 818
292 803
293 823
294 820
295 838
296 837
297 815
298 833
299 824
300 831
301 843
302 841
303 860
304 853
305 868
306 860
307 868
308 867
309 854
310 865
311 877
312 871
313 873
314 873
315 889
316 887
317 890
318 882
319 895
320 893
321 907
322 895
323 900
324 899
325 907
326 903
327 904
328 919
329 912
330 905
331 912
332 913
333 908
334 924
335 916
336 936
337 911
338 919
339 917
340 923
341 932
342 936
343 942
344 940
345 948
346 964
347 946
348 953
349 956
350 958
351 958
352 958
353 962
354 957
355 969
356 979
357 990
358 991
359 1001
360 1010
361 998
362 1004
363 1001
364 1006
365 1014
366 1017
367 1002
368 1004
369 1015
370 1011
371 1016
372 1022
373 1026
374 1029
375 1042
376 1030
377 1031
378 1044
379 1040
380 1034
381 1053
382 1055
383 1049
384 1063
385 1057
386 1067
387 1051
388 1066
389 1060
390 1054
391 1061
392 1054
393 1063
394 1055
395 1056
396 1074
397 1071
398 1068
399 1071
400 1057
401 1072
402 1067
403 1068
404 1077
405 1076
406 1069
407 1084
408 1070
409 1073
410 1089
411 1084
412 1089
413 1091
414 1088
415 1098
416 1095
417 1097
418 1095
419 1099
420 1109
421 1100
422 1110
423 1116
424 1135
425 1113
426 1114
427 1118
428 1124
429 1127
430 1117
431 1127
432 1120
433 1127
434 1133
435 1137
436 1136
437 1143
438 1137
439 1152
440 1154
441 1150
442 1162
443 1165
444 1160
445 1164
446 1178
447 1176
448 1177
449 1179
450 1184
451 1193
452 1207
453 1189
454 1206
455 1207
456 1205
457 1213
458 1232
459 1208
460 1215
461 1209
462 1225
463 1242
464 1230
465 1243
466 1242
467 1237
468 1249
469 1244
470 1252
471 1253
472 1267
473 1253
474 1261
475 1273
476 1283
477 1300
478 1280
479 1277
480 1281
481 1296
482 1278
483 1297
484 1289
485 1295
486 1296
487 1297
488 1296
489 1308
490 1313
491 1324
492 1305
493 1305
494 1319
495 1322
496 1329
497 1323
498 1323
499 1333
500 1327
501 1341
