0 0
1 16
2 21
3 22
4 33
5 40
6 29
7 42
8 51
9 32
10 42
11 41
12 43
13 61
14 56
15 55
16 62
17 62
18 69
19 56
20 76
21 61
22 69
23 81
24 72
25 81
26 85
27 88
28 89
29 93
30 85
31 101
32 101
33 107
34 95
35 111
36 129
37 102
38 112
39 126
40 115
41 103
42 105
43 116
44 109
45 114
46 120
47 130
48 121
49 125
50 119
51 126
52 128
53 129
54 138
55 144
56 147
57 138
58 148
59 153
60 157
61 168
62 144
63 151
64 149
65 156
66 155
67 166
68 155
69 158
70 160
71 169
72 169
73 175
74 165
75 175
76 190
77 177
78 192
79 209
80 191
81 194
82 195
83 194
84 210
85 199
86 205
87 200
88 214
89 201
90 210
91 220
92 224
93 225
94 226
95 227
96 240
97 258
98 241
99 250
100 262
101 264
102 271
103 281
104 300
105 265
106 284
107 275
108 271
109 282
110 272
111 283
112 290
113 278
114 291
115 288
116 286
117 294
118 292
119 306
120 296
121 305
122 309
123 307
124 317
125 311
126 325
127 328
128 318
129 331
130 325
131 343
132 320
133 334
134 337
135 352
136 321
137 324
138 338
139 337
140 343
141 338
142 354
143 355
144 364
145 357
146 357
147 364
148 368
149 380
150 400
151 365
152 370
153 367
154 379
155 371
156 390
157 378
158 383
159 394
160 411
161 388
162 405
163 406
164 407
165 409
166 416
167 436
168 422
169 429
170 428
171 429
172 430
173 429
174 448
175 460
176 436
177 444
178 446
179 453
180 446
181 444
182 458
183 456
184 461
185 462
186 469
187 477
188 491
189 511
190 497
191 484
192 486
193 504
194 489
195 491
196 493
197 495
198 507
199 519
200 498
201 510
202 512
203 523
204 520
205 502
206 508
207 515
208 505
209 514
210 511
211 519
212 519
213 506
214 507
215 522
216 508
217 525
218 523
219 527
220 530
221 528
222 534
223 541
224 546
225 531
226 545
227 546
228 552
229 556
230 543
231 561
232 547
233 557
234 556
235 563
236 550
237 551
238 558
239 563
240 557
241 566
242 566
243 574
244 579
245 574
246 580
247 587
248 591
249 585
250 596
251 601
252 597
253 607
254 604
255 611
256 610
257 622
258 629
259 627
260 628
261 642
262 638
263 640
264 641
265 639
266 646
267 656
268 652
269 649
270 652
271 660
272 667
273 673
274 654
275 656
276 671
277 673
278 666
279 674
280 669
281 673
282 668
283 685
284 680
285 672
286 689
287 685
288 697
289 705
290 723
291 740
292 724
293 743
294 709
295 725
296 728
297 729
298 741
299 727
300 746
301 735
302 751
303 729
304 731
305 735
306 740
307 744
308 743
309 749
310 764
311 747
312 749
313 760
314 767
315 752
316 763
317 781
318 768
319 769
320 769
321 775
322 778
323 794
324 791
325 803
326 812
327 819
328 795
329 806
330 815
331 828
332 817
333 827
334 812
335 816
336 829
337 815
338 826
339 825
340 821
341 826
342 830
343 838
344 832
345 842
346 846
347 843
348 860
349 855
350 847
351 859
352 869
353 861
354 865
355 869
356 868
357 873
358 885
359 867
360 874
361 881
362 880
363 877
364 884
365 897
366 882
367 885
368 899
369 894
370 902
371 907
372 901
373 906
374 910
375 930
376 906
377 917
378 919
379 925
380 935
381 931
382 939
383 940
384 949
385 963
386 955
387 963
388 981
389 955
390 974
391 962
392 973
393 960
394 978
395 977
396 970
397 980
398 988
399 994
400 993
401 984
402 998
403 1001
404 1006
405 985
406 999
407 1003
408 992
409 1012
410 1003
411 1004
412 994
413 1004
414 1020
415 1002
416 1007
417 1015
418 1020
419 1005
420 1010
421 1020
422 1025
423 1034
424 1045
425 1028
426 1045
427 1030
428 1041
429 1044
430 1058
431 1043
432 1045
433 1056
434 1061
435 1054
436 1059
437 1063
438 1080
439 1060
440 1068
441 1065
442 1063
443 1064
444 1077
445 1069
446 1079
447 1065
448 1072
449 1069
450 1075
451 1071
452 1067
453 1071
454 1081
455 1073
456 1091
457 1111
458 1074
459 1074
460 1085
461 1088
462 1097
463 1105
464 1122
465 1117
466 1121
467 1141
468 1159
469 1124
470 1127
471 1143
472 1144
473 1143
474 1139
475 1158
476 1155
477 1159
478 1164
479 1172
480 1176
481 1175
482 1187
483 1194
484 1190
485 1181
486 1186
487 1182
488 1189
489 1200
490 1214
491 1219
492 1205
493 1208
494 1224
495 1221
496 1226
497 1223
498 1237
499 1241
500 1231
501 1243
