0 0
1 7
2 16
3 8
4 14
5 9
6 11
7 23
8 29
9 17
10 26
11 20
12 38
13 25
14 45
15 65
16 45
17 27
18 40
19 40
20 42
21 39
22 51
23 45
24 53
25 57
26 59
27 58
28 63
29 71
30 74
31 61
32 60
33 73
34 74
35 73
36 84
37 90
38 83
39 84
40 92
41 89
42 91
43 87
44 94
45 113
46 88
47 97
48 103
49 100
50 98
51 99
52 113
53 114
54 107
55 108
56 100
57 104
58 117
59 120
60 111
61 129
62 138
63 154
64 122
65 128
66 133
67 126
68 133
69 143
70 145
71 146
72 146
73 162
74 169
75 166
76 174
77 150
78 165
79 160
80 163
81 159
82 170
83 173
84 166
85 185
86 176
87 175
88 177
89 194
90 185
91 203
92 214
93 191
94 207
95 214
96 205
97 208
98 213
99 217
100 227
101 222
102 214
103 217
104 234
105 217
106 220
107 219
108 225
109 231
110 220
111 235
112 222
113 234
114 224
115 231
116 239
117 235
118 241
119 253
120 242
121 259
122 255
123 256
124 266
125 256
126 260
127 264
128 265
129 269
130 275
131 287
132 281
133 288
134 305
135 294
136 296
137 290
138 307
139 301
140 316
141 336
142 323
143 321
144 331
145 336
146 331
147 336
148 347
149 345
150 354
151 340
152 359
153 348
154 354
155 355
156 353
157 353
158 357
159 360
160 367
161 362
162 374
163 364
164 364
165 381
166 394
167 395
168 407
169 414
170 393
171 406
172 419
173 407
174 408
175 399
176 408
177 400
178 418
179 414
180 412
181 420
182 417
183 423
184 414
185 431
186 429
187 433
188 425
189 442
190 440
191 456
192 440
193 456
194 448
195 445
196 459
197 446
198 447
199 452
200 463
201 450
202 457
203 468
204 460
205 458
206 458
207 463
208 466
209 461
210 466
211 464
212 480
213 464
214 483
215 472
216 484
217 473
218 490
219 489
220 476
221 477
222 494
223 492
224 507
225 502
226 509
227 498
228 504
229 507
230 511
231 522
232 502
233 508
234 514
235 511
236 527
237 529
238 538
239 551
240 532
241 545
242 533
243 547
244 544
245 561
246 548
247 555
248 565
249 567
250 565
251 578
252 576
253 582
254 585
255 595
256 586
257 598
258 601
259 607
260 605
261 595
262 596
263 608
264 602
265 604
266 617
267 621
268 606
269 616
270 626
271 624
272 620
273 623
274 625
275 627
276 624
277 631
278 638
279 654
280 656
281 668
282 644
283 663
284 650
285 656
286 652
287 667
288 672
289 666
290 658
291 674
292 684
293 676
294 689
295 698
296 702
297 696
298 695
299 691
300 700
301 702
302 694
303 698
304 711
305 712
306 716
307 711
308 718
309 736
310 731
311 743
312 760
313 738
314 749
315 757
316 743
317 749
318 762
319 765
320 756
321 762
322 770
323 760
324 767
325 766
326 779
327 799
328 772
329 792
330 774
331 787
332 780
333 791
334 809
335 808
336 792
337 792
338 801
339 802
340 809
341 808
342 817
343 821
344 829
345 827
346 833
347 827
348 845
349 848
350 846
351 856
352 847
353 866
354 849
355 856
356 875
357 890
358 881
359 861
360 879
361 864
362 869
363 884
364 867
365 876
366 869
367 875
368 869
369 881
370 877
371 886
372 872
373 887
374 882
375 873
376 891
377 882
378 887
379 889
380 883
381 887
382 903
383 896
384 896
385 914
386 896
387 906
388 902
389 916
390 915
391 909
392 911
393 913
394 923
395 925
396 928
397 922
398 934
399 952
400 925
401 934
402 942
403 937
404 943
405 951
406 970
407 947
408 954
409 952
410 971
411 953
412 962
413 969
414 955
415 966
416 975
417 963
418 972
419 988
420 976
421 980
422 983
423 995
424 999
425 990
426 986
427 999
428 996
429 992
430 1006
431 1005
432 1004
433 1008
434 1023
435 1010
436 1015
437 1015
438 1011
439 1013
440 1021
441 1014
442 1023
443 1016
444 1019
445 1020
446 1025
447 1028
448 1035
449 1022
450 1035
451 1026
452 1028
453 1032
454 1040
455 1042
456 1060
457 1044
458 1047
459 1056
460 1048
461 1053
462 1066
463 1063
464 1072
465 1051
466 1057
467 1054
468 1063
469 1083
470 1103
471 1075
472 1081
473 1088
474 1093
475 1098
476 1111
477 1095
478 1104
479 1108
480 1115
481 1121
482 1118
483 1121
484 1136
485 1118
486 1136
487 1137
488 1155
489 1154
490 1163
491 1143
492 1145
493 1151
494 1150
495 1145
496 1155
497 1155
498 1160
499 1171
500 1168
501 1166
