0 0
1 12
2 13
3 2
4 3
5 14
6 4
7 11
8 13
9 20
10 28
11 17
12 21
13 36
14 23
15 24
16 29
17 29
18 31
19 38
20 37
21 39
22 47
23 59
24 38
25 41
26 54
27 51
28 60
29 68
30 85
31 92
32 75
33 95
34 83
35 101
36 88
37 92
38 101
39 100
40 120
41 115
42 124
43 115
44 111
45 119
46 115
47 119
48 126
49 124
50 127
51 137
52 140
53 142
54 140
55 144
56 149
57 158
58 162
59 158
60 157
61 174
62 173
63 176
64 169
65 161
66 171
67 172
68 165
69 163
70 162
71 173
72 180
73 180
74 164
75 176
76 181
77 178
78 189
79 198
80 206
81 202
82 194
83 196
84 208
85 213
86 202
87 216
88 207
89 225
90 221
91 228
92 230
93 215
94 226
95 225
96 244
97 245
98 259
99 254
100 239
101 247
102 252
103 247
104 242
105 244
106 259
107 274
108 280
109 262
110 255
111 268
112 261
113 265
114 262
115 277
116 269
117 271
118 282
119 289
120 293
121 306
122 296
123 299
124 311
125 316
126 336
127 338
128 321
129 338
130 335
131 329
132 337
133 346
134 348
135 340
136 344
137 349
138 352
139 352
140 354
141 356
142 364
143 365
144 375
145 379
146 363
147 378
148 372
149 373
150 367
151 383
152 381
153 384
154 389
155 386
156 388
157 394
158 387
159 399
160 403
161 417
162 392
163 391
164 407
165 406
166 409
167 411
168 403
169 408
170 420
171 419
172 428
173 435
174 443
175 422
176 436
177 425
178 426
179 441
180 434
181 443
182 454
183 450
184 466
185 455
186 469
187 463
188 468
189 459
190 479
191 461
192 472
193 482
194 473
195 475
196 477
197 485
198 476
199 480
200 479
201 485
202 487
203 491
204 499
205 505
206 513
207 511
208 518
209 503
210 513
211 513
212 519
213 518
214 521
215 525
216 530
217 531
218 526
219 533
220 536
221 538
222 553
223 537
224 538
225 552
226 564
227 539
228 546
229 562
230 543
231 544
232 551
233 551
234 545
235 553
236 562
237 561
238 580
239 565
240 563
241 574
242 576
243 587
244 587
245 600
246 601
247 579
248 595
249 603
250 588
251 599
252 596
253 600
254 606
255 598
256 602
257 606
258 604
259 606
260 599
261 617
262 601
263 606
264 619
265 618
266 622
267 620
268 608
269 626
270 643
271 635
272 646
273 648
274 636
275 641
276 645
277 653
278 637
279 646
280 643
281 642
282 644
283 661
284 673
285 659
286 656
287 665
288 675
289 657
290 662
291 664
292 667
293 661
294 679
295 671
296 675
297 688
298 676
299 692
300 689
301 701
302 683
303 698
304 698
305 702
306 700
307 706
308 715
309 720
310 725
311 709
312 729
313 730
314 748
315 750
316 765
317 730
318 745
319 763
320 749
321 733
322 741
323 747
324 743
325 762
326 749
327 749
328 758
329 767
330 764
331 773
332 754
333 773
334 761
335 769
336 771
337 775
338 791
339 788
340 793
341 807
342 798
343 804
344 811
345 824
346 818
347 817
348 825
349 819
350 833
351 829
352 834
353 841
354 835
355 836
356 853
357 839
358 847
359 839
360 851
361 852
362 858
363 873
364 884
365 894
366 872
367 878
368 890
369 874
370 892
371 909
372 889
373 896
374 901
375 892
376 893
377 898
378 893
379 913
380 909
381 896
382 910
383 896
384 905
385 914
386 907
387 910
388 927
389 935
390 934
391 915
392 924
393 929
394 931
395 920
396 924
397 928
398 931
399 937
400 943
401 946
402 963
403 947
404 952
405 967
406 958
407 957
408 973
409 959
410 975
411 986
412 1002
413 962
414 982
415 981
416 970
417 973
418 976
419 972
420 983
421 991
422 979
423 983
424 982
425 1001
426 983
427 987
428 999
429 1001
430 985
431 994
432 996
433 995
434 1009
435 995
436 1014
437 1004
438 1000
439 1003
440 1018
441 1019
442 1015
443 1035
444 1031
445 1039
446 1047
447 1056
448 1033
449 1036
450 1051
451 1034
452 1035
453 1035
454 1047
455 1050
456 1067
457 1057
458 1058
459 1070
460 1066
461 1063
462 1065
463 1072
464 1074
465 1083
466 1079
467 1084
468 1095
469 1084
470 1097
471 1085
472 1092
473 1112
474 1094
475 1093
476 1100
477 1106
478 1102
479 1107
480 1100
481 1111
482 1120
483 1102
484 1120
485 1103
486 1118
487 1108
488 1115
489 1131
490 1115
491 1119
492 1133
493 1129
494 1119
495 1132
496 1136
497 1145
498 1124
499 1136
500 1138
501 1127
