0 0
1 19
2 6
3 1
4 10
5 3
6 6
7 14
8 8
9 9
10 18
11 10
12 22
13 24
14 26
15 39
16 29
17 35
18 46
19 42
20 45
21 47
22 45
23 62
24 62
25 48
26 50
27 57
28 54
29 61
30 64
31 54
32 70
33 55
34 69
35 60
36 62
37 79
38 91
39 107
40 105
41 109
42 116
43 125
44 122
45 124
46 135
47 144
48 128
49 132
50 134
51 150
52 139
53 129
54 148
55 133
56 141
57 143
58 140
59 138
60 148
61 155
62 147
63 166
64 145
65 155
66 175
67 150
68 156
69 157
70 175
71 175
72 170
73 162
74 164
75 181
76 177
77 181
78 173
79 185
80 188
81 185
82 200
83 205
84 199
85 192
86 191
87 202
88 212
89 203
90 213
91 231
92 209
93 219
94 210
95 217
96 224
97 226
98 230
99 219
100 222
101 233
102 241
103 248
104 238
105 243
106 241
107 241
108 256
109 255
110 256
111 260
112 243
113 261
114 244
115 251
116 247
117 264
118 265
119 279
120 249
121 263
122 264
123 254
124 259
125 264
126 276
127 281
128 271
129 288
130 287
131 273
132 274
133 281
134 275
135 283
136 279
137 279
138 286
139 295
140 290
141 286
142 291
143 310
144 293
145 294
146 298
147 300
148 300
149 294
150 300
151 313
152 314
153 300
154 303
155 313
156 310
157 315
158 313
159 314
160 326
161 324
162 342
163 332
164 319
165 338
166 327
167 333
168 324
169 337
170 334
171 345
172 339
173 338
174 355
175 353
176 356
177 364
178 377
179 365
180 376
181 373
182 376
183 384
184 388
185 394
186 378
187 384
188 385
189 381
190 387
191 397
192 405
193 398
194 409
195 416
196 401
197 400
198 406
199 419
200 439
201 426
202 420
203 438
204 433
205 445
206 458
207 439
208 455
209 453
210 464
211 478
212 461
213 480
214 464
215 472
216 479
217 477
218 490
219 489
220 504
221 511
222 501
223 510
224 510
225 511
226 528
227 518
228 535
229 530
230 527
231 532
232 540
233 560
234 544
235 551
236 543
237 550
238 561
239 556
240 576
241 554
242 567
243 584
244 560
245 567
246 573
247 576
248 591
249 576
250 585
251 587
252 589
253 577
254 595
255 588
256 599
257 601
258 608
259 589
260 603
261 606
262 617
263 592
264 593
265 603
266 607
267 623
268 595
269 596
270 605
271 606
272 612
273 629
274 631
275 625
276 616
277 626
278 624
279 626
280 630
281 632
282 636
283 647
284 633
285 645
286 650
287 651
288 659
289 663
290 647
291 651
292 651
293 661
294 661
295 678
296 671
297 689
298 708
299 678
300 684
301 693
302 689
303 696
304 698
305 703
306 691
307 697
308 711
309 713
310 710
311 727
312 740
313 760
314 721
315 734
316 724
317 729
318 728
319 726
320 733
321 747
322 760
323 763
324 779
325 785
326 775
327 768
328 774
329 783
330 774
331 787
332 770
333 773
334 782
335 777
336 789
337 775
338 787
339 795
340 795
341 788
342 792
343 801
344 800
345 804
346 815
347 807
348 812
349 832
350 830
351 846
352 816
353 831
354 846
355 821
356 822
357 838
358 832
359 838
360 836
361 848
362 842
363 837
364 841
365 852
366 856
367 851
368 861
369 859
370 862
371 863
372 872
373 874
374 869
375 865
376 885
377 871
378 880
379 891
380 899
381 902
382 916
383 917
384 937
385 927
386 933
387 936
388 945
389 938
390 948
391 949
392 945
393 953
394 955
395 952
396 947
397 948
398 965
399 978
400 997
401 984
402 980
403 984
404 998
405 989
406 991
407 990
408 997
409 1006
410 1021
411 1010
412 1012
413 1011
414 1016
415 1016
416 1017
417 1023
418 1016
419 1034
420 1029
421 1019
422 1036
423 1029
424 1042
425 1033
426 1030
427 1043
428 1046
429 1046
430 1049
431 1044
432 1047
433 1055
434 1059
435 1053
436 1070
437 1066
438 1075
439 1057
440 1061
441 1065
442 1071
443 1083
444 1089
445 1098
446 1102
447 1121
448 1130
449 1111
450 1110
451 1120
452 1119
453 1134
454 1119
455 1137
456 1132
457 1121
458 1129
459 1144
460 1123
461 1131
462 1139
463 1150
464 1152
465 1150
466 1151
467 1163
468 1176
469 1167
470 1185
471 1156
472 1171
473 1160
474 1163
475 1157
476 1165
477 1164
478 1164
479 1173
480 1175
481 1179
482 1178
483 1184
484 1193
485 1194
486 1210
487 1202
488 1221
489 1240
490 1204
491 1224
492 1211
493 1208
494 1225
495 1225
496 1235
497 1214
498 1215
499 1232
500 1226
501 1242
