0 0
1 16
2 24
3 33
4 42
5 54
6 49
7 52
8 52
9 71
10 67
11 52
12 55
13 65
14 64
15 66
16 75
17 93
18 74
19 88
20 90
21 90
22 88
23 100
24 116
25 100
26 110
27 101
28 118
29 113
30 103
31 120
32 108
33 117
34 111
35 110
36 126
37 115
38 123
39 129
40 135
41 131
42 121
43 134
44 138
45 151
46 145
47 141
48 140
49 155
50 151
51 159
52 163
53 155
54 172
55 163
56 171
57 165
58 180
59 184
60 179
61 195
62 188
63 201
64 195
65 208
66 205
67 202
68 211
69 215
70 219
71 238
72 221
73 241
74 237
75 251
76 241
77 253
78 243
79 260
80 262
81 244
82 249
83 250
84 253
85 252
86 263
87 254
88 256
89 264
90 266
91 274
92 265
93 284
94 269
95 281
96 274
97 283
98 285
99 286
100 287
101 290
102 309
103 304
104 310
105 303
106 305
107 310
108 318
109 328
110 323
111 340
112 326
113 330
114 333
115 347
116 334
117 341
118 340
119 339
120 337
121 336
122 344
123 346
124 343
125 353
126 355
127 355
128 357
129 377
130 364
131 366
132 382
133 379
134 398
135 377
136 381
137 396
138 380
139 391
140 411
141 392
142 383
143 385
144 390
145 397
146 393
147 405
148 402
149 404
150 412
151 420
152 413
153 432
154 420
155 429
156 449
157 424
158 431
159 439
160 441
161 448
162 425
163 433
164 426
165 439
166 444
167 433
168 427
169 432
170 437
171 439
172 447
173 449
174 448
175 460
176 466
177 467
178 450
179 469
180 460
181 459
182 453
183 466
184 484
185 457
186 456
187 461
188 475
189 473
190 457
191 475
192 464
193 459
194 476
195 494
196 467
197 484
198 483
199 477
200 480
201 486
202 484
203 499
204 517
205 491
206 487
207 501
208 492
209 507
210 490
211 494
212 491
213 505
214 503
215 502
216 505
217 510
218 506
219 520
220 522
221 536
222 539
223 555
224 524
225 526
226 544
227 534
228 533
229 539
230 538
231 553
232 540
233 541
234 552
235 560
236 567
237 568
238 565
239 577
240 584
241 571
242 577
243 590
244 587
245 572
246 581
247 591
248 575
249 584
250 580
251 580
252 585
253 587
254 590
255 595
256 602
257 608
258 611
259 618
260 622
261 624
262 625
263 624
264 634
265 647
266 641
267 637
268 636
269 653
270 641
271 649
272 656
273 653
274 646
275 666
276 649
277 664
278 666
279 650
280 659
281 662
282 674
283 673
284 681
285 665
286 676
287 677
288 678
289 671
290 684
291 674
292 686
293 704
294 688
295 688
296 682
297 697
298 692
299 694
300 698
301 715
302 728
303 716
304 705
305 722
306 721
307 727
308 710
309 725
310 737
311 712
312 726
313 746
314 729
315 742
316 727
317 734
318 737
319 752
320 737
321 738
322 754
323 757
324 766
325 752
326 766
327 759
328 770
329 775
330 776
331 778
332 776
333 788
334 784
335 793
336 781
337 782
338 791
339 800
340 803
341 801
342 812
343 808
344 817
345 827
346 812
347 816
348 817
349 823
350 815
351 821
352 824
353 835
354 818
355 820
356 832
357 825
358 839
359 828
360 836
361 844
362 841
363 854
364 859
365 853
366 843
367 845
368 859
369 852
370 854
371 859
372 855
373 860
374 876
375 864
376 871
377 876
378 880
379 898
380 896
381 898
382 892
383 896
384 907
385 894
386 902
387 908
388 908
389 902
390 912
391 922
392 913
393 907
394 921
395 912
396 931
397 911
398 923
399 915
400 912
401 926
402 930
403 939
404 928
405 917
406 926
407 933
408 934
409 920
410 932
411 937
412 937
413 925
414 927
415 936
416 951
417 938
418 936
419 935
420 951
421 938
422 943
423 961
424 944
425 956
426 952
427 947
428 962
429 965
430 954
431 963
432 978
433 993
434 961
435 975
436 964
437 968
438 982
439 974
440 986
441 973
442 990
443 979
444 978
445 982
446 995
447 982
448 985
449 1000
450 987
451 985
452 993
453 1012
454 1010
455 1004
456 999
457 1000
458 1002
459 1018
460 1021
461 1023
462 1035
463 1031
464 1036
465 1050
466 1044
467 1047
468 1051
469 1047
470 1053
471 1063
472 1057
473 1068
474 1068
475 1074
476 1072
477 1086
478 1077
479 1082
480 1088
481 1089
482 1094
483 1098
484 1109
485 1104
486 1098
487 1111
488 1107
489 1127
490 1101
491 1121
492 1106
493 1109
494 1123
495 1118
496 1127
497 1120
498 1115
499 1123
500 1117
501 1129
