0 0
1 6
2 18
3 20
4 19
5 30
6 23
7 30
8 40
9 28
10 30
11 39
12 48
13 33
14 35
15 46
16 44
17 63
18 66
19 53
20 73
21 77
22 71
23 76
24 80
25 83
26 101
27 99
28 93
29 111
30 96
31 103
32 118
33 122
34 103
35 119
36 113
37 120
38 127
39 115
40 121
41 141
42 129
43 135
44 144
45 140
46 151
47 153
48 169
49 159
50 141
51 155
52 147
53 143
54 156
55 158
56 157
57 147
58 158
59 162
60 155
61 156
62 169
63 173
64 165
65 171
66 184
67 184
68 185
69 176
70 195
71 179
72 185
73 185
74 183
75 198
76 200
77 202
78 192
79 205
80 212
81 204
82 208
83 220
84 219
85 205
86 222
87 216
88 219
89 229
90 225
91 220
92 229
93 237
94 251
95 252
96 260
97 261
98 277
99 281
100 272
101 262
102 272
103 270
104 271
105 276
106 281
107 275
108 280
109 292
110 296
111 287
112 304
113 321
114 315
115 312
116 312
117 327
118 330
119 325
120 336
121 346
122 366
123 346
124 363
125 350
126 370
127 381
128 386
129 362
130 363
131 377
132 369
133 374
134 371
135 382
136 386
137 382
138 388
139 390
140 389
141 399
142 400
143 401
144 414
145 391
146 399
147 397
148 408
149 409
150 429
151 426
152 415
153 423
154 423
155 423
156 436
157 438
158 452
159 440
160 443
161 456
162 466
163 460
164 454
165 461
166 464
167 481
168 458
169 468
170 471
171 481
172 483
173 491
174 492
175 502
176 497
177 505
178 499
179 494
180 512
181 502
182 506
183 497
184 514
185 512
186 503
187 520
188 522
189 522
190 517
191 537
192 525
193 526
194 530
195 532
196 537
197 547
198 557
199 562
200 547
201 548
202 565
203 557
204 555
205 567
206 560
207 567
208 567
209 570
210 574
211 582
212 583
213 594
214 594
215 598
216 600
217 610
218 614
219 604
220 613
221 615
222 607
223 621
224 617
225 618
226 616
227 617
228 627
229 620
230 640
231 618
232 629
233 630
234 650
235 626
236 629
237 630
238 649
239 637
240 644
241 638
242 644
243 654
244 645
245 650
246 651
247 653
248 669
249 663
250 655
251 668
252 672
253 670
254 672
255 674
256 689
257 694
258 679
259 680
260 692
261 694
262 710
263 691
264 706
265 695
266 703
267 699
268 708
269 699
270 707
271 723
272 710
273 724
274 735
275 728
276 719
277 724
278 736
279 726
280 739
281 750
282 730
283 746
284 763
285 770
286 782
287 786
288 786
289 793
290 804
291 795
292 801
293 814
294 800
295 809
296 802
297 811
298 809
299 823
300 823
301 806
302 807
303 809
304 813
305 828
306 842
307 819
308 823
309 827
310 836
311 824
312 828
313 843
314 830
315 837
316 844
317 856
318 834
319 835
320 849
321 841
322 846
323 859
324 849
325 864
326 854
327 855
328 862
329 881
330 900
331 864
332 883
333 880
334 872
335 873
336 882
337 873
338 878
339 887
340 879
341 886
342 892
343 884
344 891
345 909
346 885
347 885
348 898
349 889
350 902
351 896
352 907
353 895
354 906
355 915
356 907
357 912
358 913
359 918
360 909
361 927
362 928
363 914
364 921
365 938
366 926
367 946
368 934
369 940
370 954
371 956
372 954
373 969
374 956
375 961
376 968
377 962
378 973
379 972
380 980
381 982
382 974
383 984
384 990
385 986
386 994
387 982
388 993
389 998
390 1005
391 986
392 1001
393 1000
394 1016
395 995
396 1012
397 1004
398 1005
399 1011
400 1018
401 1017
402 1021
403 1028
404 1025
405 1023
406 1028
407 1037
408 1045
409 1062
410 1030
411 1044
412 1046
413 1039
414 1041
415 1051
416 1056
417 1069
418 1071
419 1065
420 1066
421 1073
422 1068
423 1083
424 1074
425 1088
426 1085
427 1101
428 1100
429 1103
430 1110
431 1115
432 1125
433 1121
434 1113
435 1129
436 1117
437 1127
438 1143
439 1131
440 1137
441 1146
442 1140
443 1153
444 1156
445 1161
446 1169
447 1159
448 1168
449 1174
450 1161
451 1167
452 1163
453 1177
454 1172
455 1173
456 1168
457 1181
458 1188
459 1186
460 1189
461 1189
462 1203
463 1193
464 1207
465 1197
466 1212
467 1201
468 1216
469 1226
470 1229
471 1233
472 1230
473 1234
474 1246
475 1238
476 1240
477 1236
478 1254
479 1238
480 1256
481 1244
482 1255
483 1243
484 1252
485 1256
486 1273
487 1260
488 1262
489 1278
490 1264
491 1284
492 1282
493 1290
494 1271
495 1290
496 1287
497 1273
498 1272
499 1273
500 1286
501 1287
