0 0
1 18
2 34
3 27
4 45
5 8
6 23
7 24
8 40
9 26
10 38
11 46
12 31
13 45
14 56
15 68
16 43
17 53
18 68
19 48
20 52
21 64
22 66
23 53
24 63
25 68
26 68
27 64
28 56
29 63
30 70
31 71
32 85
33 68
34 70
35 84
36 71
37 74
38 78
39 79
40 80
41 74
42 85
43 89
44 101
45 75
46 85
47 90
48 77
49 92
50 97
51 86
52 90
53 98
54 103
55 105
56 110
57 113
58 115
59 128
60 135
61 125
62 140
63 128
64 147
65 134
66 130
67 146
68 160
69 131
70 139
71 145
72 135
73 145
74 153
75 167
76 183
77 147
78 153
79 162
80 172
81 161
82 170
83 167
84 163
85 167
86 174
87 190
88 190
89 181
90 188
91 196
92 210
93 191
94 193
95 194
96 196
97 195
98 215
99 221
100 198
101 201
102 198
103 206
104 207
105 211
106 211
107 214
108 221
109 222
110 216
111 219
112 225
113 231
114 249
115 245
116 252
117 263
118 255
119 271
120 265
121 267
122 275
123 277
124 272
125 282
126 288
127 275
128 280
129 279
130 286
131 279
132 289
133 285
134 292
135 281
136 301
137 300
138 304
139 301
140 290
141 305
142 291
143 302
144 309
145 293
146 294
147 300
148 310
149 316
150 305
151 325
152 308
153 307
154 316
155 320
156 326
157 325
158 322
159 326
160 336
161 340
162 342
163 340
164 355
165 354
166 344
167 345
168 354
169 364
170 357
171 369
172 364
173 359
174 366
175 373
176 368
177 367
178 374
179 374
180 372
181 389
182 379
183 374
184 383
185 376
186 376
187 386
188 401
189 387
190 389
191 400
192 407
193 398
194 407
195 411
196 409
197 429
198 428
199 417
200 418
201 421
202 423
203 429
204 440
205 446
206 457
207 461
208 448
209 461
210 457
211 462
212 460
213 466
214 485
215 465
216 462
217 464
218 481
219 469
220 472
221 488
222 479
223 480
224 484
225 487
226 500
227 503
228 485
229 487
230 499
231 492
232 504
233 519
234 524
235 498
236 502
237 516
238 507
239 510
240 519
241 503
242 522
243 529
244 520
245 512
246 522
247 517
248 529
249 534
250 529
251 546
252 540
253 546
254 543
255 534
256 535
257 542
258 542
259 540
260 544
261 554
262 560
263 550
264 569
265 583
266 596
267 562
268 580
269 565
270 574
271 569
272 580
273 589
274 569
275 572
276 592
277 587
278 577
279 591
280 590
281 596
282 614
283 594
284 596
285 614
286 600
287 604
288 619
289 622
290 626
291 618
292 628
293 638
294 627
295 636
296 640
297 639
298 653
299 651
300 643
301 653
302 657
303 654
304 656
305 674
306 664
307 666
308 677
309 693
310 683
311 678
312 686
313 685
314 682
315 694
316 690
317 699
318 693
319 698
320 701
321 705
322 704
323 724
324 700
325 713
326 720
327 702
328 707
329 704
330 710
331 714
332 707
333 713
334 709
335 723
336 723
337 719
338 727
339 737
340 741
341 732
342 752
343 739
344 749
345 740
346 753
347 754
348 765
349 750
350 753
351 754
352 772
353 763
354 782
355 759
356 776
357 774
358 771
359 787
360 774
361 779
362 775
363 785
364 797
365 800
366 808
367 818
368 819
369 801
370 818
371 818
372 806
373 823
374 817
375 818
376 815
377 822
378 831
379 830
380 828
381 827
382 835
383 836
384 851
385 849
386 855
387 851
388 854
389 864
390 866
391 869
392 871
393 867
394 870
395 875
396 871
397 883
398 891
399 884
400 880
401 900
402 900
403 917
404 920
405 928
406 920
407 926
408 922
409 932
410 932
411 929
412 931
413 935
414 942
415 936
416 939
417 956
418 959
419 941
420 950
421 946
422 958
423 965
424 975
425 967
426 966
427 979
428 976
429 986
430 1006
431 988
432 1005
433 979
434 997
435 1007
436 1017
437 1022
438 1011
439 1015
440 1021
441 1026
442 1023
443 1018
444 1021
445 1038
446 1020
447 1028
448 1047
449 1027
450 1034
451 1032
452 1031
453 1047
454 1039
455 1043
456 1049
457 1049
458 1055
459 1051
460 1063
461 1068
462 1069
463 1066
464 1085
465 1079
466 1070
467 1071
468 1075
469 1076
470 1083
471 1087
472 1074
473 1090
474 1088
475 1089
476 1081
477 1076
478 1079
479 1081
480 1086
481 1097
482 1106
483 1113
484 1099
485 1105
486 1117
487 1106
488 1111
489 1123
490 1106
491 1126
492 1118
493 1124
494 1109
495 1123
496 1129
497 1127
498 1141
499 1143
500 1142
501 1153
