0 0
1 8
2 3
3 9
4 14
5 16
6 11
7 17
8 29
9 31
10 34
11 21
12 36
13 37
14 44
15 44
16 49
17 58
18 66
19 56
20 54
21 69
22 74
23 70
24 63
25 71
26 81
27 74
28 76
29 91
30 83
31 85
32 94
33 105
34 104
35 105
36 110
37 107
38 117
39 106
40 114
41 121
42 127
43 120
44 133
45 116
46 118
47 130
48 141
49 143
50 163
51 148
52 153
53 155
54 166
55 169
56 180
57 166
58 173
59 169
60 170
61 175
62 183
63 184
64 185
65 202
66 180
67 186
68 187
69 195
70 200
71 188
72 193
73 207
74 196
75 210
76 197
77 198
78 208
79 209
80 226
81 215
82 222
83 228
84 217
85 227
86 220
87 228
88 223
89 235
90 236
91 241
92 232
93 249
94 261
95 248
96 248
97 254
98 266
99 252
100 259
101 267
102 267
103 268
104 274
105 268
106 269
107 275
108 288
109 278
110 289
111 291
112 283
113 299
114 297
115 302
116 312
117 316
118 319
119 317
120 328
121 334
122 326
123 318
124 327
125 325
126 338
127 333
128 347
129 344
130 362
131 350
132 359
133 361
134 361
135 365
136 368
137 377
138 370
139 372
140 383
141 390
142 391
143 375
144 391
145 402
146 376
147 393
148 410
149 388
150 397
151 385
152 395
153 396
154 402
155 398
156 408
157 414
158 427
159 445
160 443
161 440
162 435
163 447
164 438
165 451
166 454
167 465
168 457
169 455
170 456
171 472
172 466
173 460
174 474
175 466
176 473
177 483
178 481
179 491
180 494
181 491
182 497
183 498
184 496
185 506
186 515
187 505
188 524
189 527
190 543
191 559
192 574
193 537
194 542
195 550
196 543
197 549
198 548
199 557
200 564
201 565
202 575
203 579
204 577
205 575
206 585
207 591
208 591
209 579
210 590
211 590
212 585
213 590
214 594
215 594
216 602
217 593
218 598
219 600
220 606
221 598
222 606
223 612
224 617
225 614
226 607
227 608
228 608
229 618
230 624
231 623
232 643
233 616
234 627
235 644
236 655
237 617
238 629
239 631
240 621
241 630
242 639
243 624
244 638
245 656
246 653
247 639
248 647
249 655
250 651
251 663
252 683
253 660
254 667
255 664
256 663
257 670
258 678
259 671
260 687
261 707
262 680
263 687
264 682
265 694
266 682
267 682
268 692
269 696
270 687
271 683
272 701
273 712
274 716
275 719
276 707
277 723
278 711
279 715
280 724
281 715
282 717
283 716
284 728
285 739
286 757
287 774
288 785
289 794
290 778
291 787
292 787
293 781
294 784
295 790
296 791
297 798
298 801
299 802
300 807
301 808
302 815
303 810
304 823
305 829
306 839
307 842
308 858
309 847
310 857
311 842
312 844
313 845
314 851
315 860
316 848
317 851
318 860
319 874
320 865
321 871
322 880
323 872
324 891
325 894
326 902
327 897
328 908
329 901
330 902
331 912
332 911
333 920
334 905
335 905
336 922
337 922
338 916
339 934
340 936
341 949
342 937
343 947
344 951
345 952
346 939
347 953
348 959
349 979
350 997
351 973
352 960
353 972
354 965
355 976
356 980
357 982
358 987
359 975
360 984
361 985
362 981
363 1000
364 994
365 1000
366 989
367 1002
368 990
369 993
370 1009
371 1010
372 1025
373 1034
374 1010
375 1021
376 1020
377 1015
378 1014
379 1024
380 1042
381 1038
382 1022
383 1036
384 1049
385 1040
386 1024
387 1031
388 1046
389 1030
390 1034
391 1036
392 1040
393 1049
394 1038
395 1041
396 1050
397 1040
398 1043
399 1059
400 1045
401 1057
402 1048
403 1055
404 1046
405 1056
406 1058
407 1060
408 1073
409 1089
410 1074
411 1075
412 1076
413 1078
414 1081
415 1091
416 1081
417 1095
418 1100
419 1098
420 1116
421 1103
422 1108
423 1113
424 1114
425 1126
426 1107
427 1117
428 1110
429 1118
430 1108
431 1124
432 1112
433 1116
434 1115
435 1122
436 1132
437 1119
438 1117
439 1136
440 1118
441 1131
442 1147
443 1163
444 1173
445 1143
446 1159
447 1156
448 1159
449 1167
450 1158
451 1173
452 1158
453 1173
454 1162
455 1163
456 1167
457 1178
458 1172
459 1185
460 1187
461 1205
462 1182
463 1187
464 1201
465 1194
466 1199
467 1203
468 1204
469 1207
470 1221
471 1233
472 1217
473 1220
474 1226
475 1223
476 1224
477 1236
478 1234
479 1242
480 1243
481 1257
482 1265
483 1235
484 1241
485 1243
486 1248
487 1256
488 1272
489 1278
490 1280
491 1295
492 1281
493 1282
494 1282
495 1296
496 1290
497 1303
498 1302
499 1291
500 1308
501 1309
