0 0
1 1
2 3
3 3
4 6
5 13
6 19
7 17
8 37
9 57
10 34
11 50
12 47
13 47
14 37
15 45
16 57
17 38
18 50
19 43
20 44
21 44
22 59
23 57
24 58
25 77
26 72
27 85
28 77
29 87
30 77
31 85
32 87
33 91
34 94
35 103
36 89
37 97
38 95
39 91
40 96
41 111
42 100
43 103
44 109
45 123
46 106
47 104
48 121
49 113
50 131
51 147
52 131
53 129
54 138
55 135
56 143
57 146
58 135
59 147
60 145
61 147
62 153
63 149
64 155
65 166
66 149
67 162
68 163
69 167
70 151
71 160
72 154
73 171
74 155
75 157
76 165
77 169
78 189
79 172
80 176
81 174
82 176
83 192
84 188
85 177
86 188
87 182
88 190
89 185
90 200
91 216
92 227
93 196
94 197
95 213
96 202
97 207
98 210
99 205
100 225
101 220
102 236
103 217
104 227
105 225
106 222
107 240
108 241
109 229
110 242
111 236
112 239
113 234
114 239
115 242
116 257
117 254
118 268
119 262
120 264
121 274
122 282
123 276
124 292
125 296
126 310
127 315
128 334
129 299
130 315
131 311
132 330
133 339
134 300
135 301
136 313
137 320
138 308
139 314
140 306
141 315
142 334
143 323
144 323
145 329
146 333
147 338
148 343
149 338
150 343
151 341
152 353
153 353
154 357
155 370
156 356
157 355
158 365
159 356
160 357
161 359
162 371
163 373
164 384
165 388
166 376
167 386
168 377
169 395
170 405
171 380
172 392
173 396
174 396
175 404
176 397
177 409
178 411
179 399
180 407
181 403
182 409
183 404
184 412
185 404
186 413
187 415
188 415
189 417
190 414
191 419
192 433
193 435
194 437
195 436
196 440
197 450
198 462
199 458
200 441
201 455
202 459
203 450
204 453
205 454
206 454
207 464
208 463
209 459
210 455
211 461
212 467
213 469
214 467
215 482
216 475
217 470
218 474
219 479
220 475
221 481
222 485
223 486
224 504
225 500
226 510
227 513
228 512
229 532
230 513
231 523
232 518
233 516
234 533
235 535
236 544
237 523
238 523
239 543
240 542
241 534
242 540
243 541
244 551
245 539
246 555
247 552
248 558
249 573
250 562
251 568
252 580
253 582
254 577
255 582
256 577
257 593
258 583
259 588
260 582
261 595
262 595
263 583
264 595
265 593
266 611
267 590
268 603
269 593
270 591
271 604
272 592
273 605
274 619
275 611
276 616
277 626
278 633
279 625
280 627
281 626
282 628
283 632
284 643
285 633
286 633
287 648
288 647
289 661
290 639
291 648
292 663
293 667
294 655
295 667
296 685
297 666
298 676
299 671
300 680
301 691
302 676
303 677
304 683
305 684
306 693
307 690
308 703
309 691
310 704
311 715
312 699
313 695
314 709
315 698
316 710
317 707
318 714
319 721
320 721
321 708
322 720
323 711
324 717
325 722
326 726
327 729
328 731
329 748
330 735
331 737
332 742
333 742
334 742
335 752
336 757
337 774
338 748
339 750
340 752
341 766
342 767
343 786
344 784
345 789
346 778
347 797
348 803
349 812
350 814
351 783
352 803
353 794
354 810
355 785
356 784
357 792
358 799
359 785
360 793
361 785
362 802
363 805
364 806
365 797
366 814
367 807
368 817
369 827
370 837
371 854
372 872
373 884
374 849
375 865
376 856
377 860
378 872
379 875
380 857
381 859
382 866
383 868
384 861
385 859
386 862
387 871
388 864
389 881
390 882
391 883
392 892
393 910
394 883
395 903
396 895
397 901
398 903
399 919
400 926
401 926
402 939
403 946
404 921
405 937
406 957
407 928
408 942
409 936
410 936
411 946
412 948
413 938
414 948
415 950
416 943
417 945
418 944
419 946
420 956
421 951
422 959
423 959
424 965
425 968
426 988
427 966
428 974
429 980
430 981
431 984
432 1000
433 999
434 1000
435 983
436 994
437 1007
438 1012
439 998
440 1015
441 1008
442 1021
443 1009
444 1020
445 1027
446 1026
447 1036
448 1034
449 1051
450 1051
451 1035
452 1041
453 1048
454 1045
455 1047
456 1054
457 1064
458 1046
459 1048
460 1062
461 1062
462 1054
463 1055
464 1056
465 1076
466 1065
467 1062
468 1066
469 1078
470 1081
471 1076
472 1075
473 1076
474 1081
475 1092
476 1088
477 1092
478 1109
479 1116
480 1108
481 1109
482 1112
483 1126
484 1129
485 1125
486 1133
487 1143
488 1134
489 1145
490 1153
491 1153
492 1166
493 1145
494 1153
495 1160
496 1160
497 1172
498 1175
499 1173
500 1170
501 1169
