0 0
1 3
2 17
3 19
4 10
5 15
6 6
7 10
8 20
9 12
10 23
11 35
12 15
13 35
14 31
15 20
16 21
17 24
18 23
19 21
20 30
21 40
22 26
23 34
24 45
25 34
26 54
27 44
28 38
29 47
30 58
31 55
32 65
33 46
34 57
35 54
36 64
37 71
38 56
39 58
40 56
41 76
42 65
43 59
44 79
45 72
46 89
47 97
48 77
49 80
50 87
51 87
52 97
53 100
54 91
55 107
56 119
57 100
58 101
59 114
60 117
61 111
62 109
63 116
64 115
65 129
66 122
67 136
68 137
69 149
70 162
71 148
72 168
73 165
74 166
75 167
76 160
77 177
78 170
79 179
80 189
81 195
82 188
83 183
84 191
85 186
86 186
87 200
88 202
89 188
90 202
91 203
92 195
93 212
94 214
95 205
96 215
97 206
98 217
99 211
100 221
101 223
102 223
103 223
104 243
105 238
106 224
107 238
108 225
109 240
110 232
111 232
112 244
113 250
114 268
115 285
116 274
117 260
118 262
119 271
120 287
121 288
122 289
123 264
124 284
125 273
126 282
127 291
128 277
129 290
130 296
131 290
132 297
133 304
134 309
135 306
136 320
137 318
138 336
139 330
140 335
141 332
142 325
143 343
144 347
145 337
146 336
147 354
148 346
149 354
150 345
151 348
152 364
153 364
154 373
155 356
156 362
157 373
158 372
159 364
160 376
161 373
162 376
163 371
164 374
165 389
166 373
167 377
168 388
169 391
170 387
171 405
172 398
173 394
174 396
175 404
176 406
177 403
178 410
179 414
180 420
181 412
182 425
183 436
184 426
185 427
186 415
187 422
188 434
189 430
190 448
191 418
192 427
193 425
194 437
195 427
196 445
197 442
198 443
199 436
200 445
201 443
202 451
203 450
204 450
205 459
206 474
207 469
208 475
209 484
210 491
211 486
212 495
213 495
214 506
215 514
216 499
217 509
218 519
219 503
220 509
221 517
222 504
223 518
224 512
225 511
226 514
227 519
228 539
229 521
230 532
231 527
232 527
233 530
234 542
235 530
236 536
237 539
238 553
239 570
240 544
241 552
242 565
243 584
244 564
245 560
246 576
247 567
248 562
249 578
250 583
251 575
252 591
253 586
254 578
255 586
256 583
257 593
258 588
259 590
260 593
261 607
262 595
263 590
264 595
265 609
266 595
267 599
268 608
269 601
270 608
271 618
272 609
273 628
274 646
275 617
276 621
277 624
278 637
279 640
280 626
281 627
282 632
283 642
284 642
285 657
286 648
287 637
288 653
289 657
290 669
291 684
292 670
293 681
294 674
295 687
296 679
297 689
298 692
299 696
300 691
301 699
302 704
303 708
304 712
305 707
306 710
307 721
308 718
309 731
310 729
311 749
312 738
313 758
314 748
315 749
316 750
317 753
318 767
319 765
320 768
321 763
322 774
323 782
324 781
325 773
326 789
327 793
328 777
329 784
330 788
331 793
332 797
333 806
334 806
335 825
336 796
337 805
338 808
339 811
340 823
341 813
342 824
343 827
344 836
345 826
346 840
347 834
348 850
349 851
350 838
351 843
352 860
353 877
354 845
355 864
356 860
357 850
358 862
359 862
360 875
361 866
362 870
363 888
364 869
365 871
366 867
367 881
368 871
369 879
370 884
371 878
372 881
373 879
374 897
375 888
376 885
377 896
378 892
379 891
380 904
381 907
382 911
383 893
384 894
385 897
386 910
387 913
388 910
389 928
390 909
391 927
392 914
393 930
394 923
395 926
396 927
397 935
398 939
399 937
400 952
401 967
402 952
403 954
404 953
405 969
406 956
407 961
408 971
409 965
410 974
411 969
412 974
413 977
414 975
415 981
416 984
417 989
418 986
419 1004
420 999
421 993
422 998
423 1006
424 1000
425 1013
426 1013
427 1014
428 1015
429 1002
430 1018
431 1013
432 1025
433 1026
434 1033
435 1041
436 1021
437 1023
438 1041
439 1047
440 1025
441 1043
442 1027
443 1043
444 1044
445 1055
446 1052
447 1060
448 1056
449 1072
450 1072
451 1058
452 1070
453 1060
454 1073
455 1061
456 1066
457 1076
458 1077
459 1086
460 1077
461 1084
462 1103
463 1097
464 1100
465 1095
466 1105
467 1103
468 1097
469 1110
470 1130
471 1119
472 1128
473 1107
474 1123
475 1114
476 1122
477 1128
478 1127
479 1131
480 1148
481 1131
482 1135
483 1145
484 1148
485 1144
486 1146
487 1153
488 1159
489 1166
490 1173
491 1164
492 1163
493 1183
494 1166
495 1183
496 1170
497 1165
498 1177
499 1182
500 1194
501 1177
