0 0
1 9
2 18
3 35
4 21
5 20
6 35
7 23
8 21
9 34
10 28
11 35
12 30
13 33
14 36
15 37
16 36
17 39
18 41
19 52
20 47
21 54
22 59
23 54
24 59
25 60
26 67
27 62
28 70
29 72
30 92
31 81
32 92
33 85
34 86
35 88
36 101
37 97
38 96
39 100
40 109
41 112
42 102
43 112
44 105
45 109
46 116
47 134
48 122
49 120
50 123
51 129
52 133
53 128
54 148
55 140
56 145
57 152
58 155
59 162
60 155
61 169
62 172
63 188
64 193
65 199
66 171
67 191
68 208
69 211
70 177
71 183
72 185
73 190
74 178
75 192
76 197
77 209
78 224
79 208
80 213
81 228
82 214
83 229
84 222
85 224
86 237
87 223
88 235
89 253
90 226
91 239
92 237
93 243
94 248
95 243
96 253
97 245
98 260
99 261
100 256
101 263
102 267
103 272
104 283
105 272
106 275
107 281
108 292
109 297
110 297
111 309
112 294
113 306
114 311
115 304
116 321
117 311
118 330
119 319
120 318
121 326
122 334
123 320
124 328
125 340
126 342
127 322
128 336
129 340
130 326
131 336
132 339
133 342
134 340
135 350
136 350
137 351
138 369
139 355
140 356
141 369
142 356
143 362
144 359
145 375
146 375
147 366
148 361
149 371
150 380
151 394
152 382
153 387
154 396
155 384
156 403
157 416
158 395
159 406
160 400
161 400
162 408
163 403
164 406
165 419
166 434
167 422
168 434
169 439
170 432
171 428
172 440
173 444
174 433
175 451
176 448
177 447
178 458
179 463
180 459
181 472
182 487
183 489
184 475
185 482
186 493
187 482
188 484
189 492
190 486
191 495
192 501
193 489
194 488
195 501
196 501
197 515
198 502
199 507
200 513
201 509
202 508
203 511
204 516
205 521
206 519
207 515
208 529
209 523
210 526
211 538
212 544
213 537
214 524
215 527
216 544
217 554
218 573
219 563
220 556
221 565
222 569
223 581
224 562
225 579
226 599
227 563
228 568
229 568
230 582
231 564
232 568
233 574
234 569
235 570
236 568
237 583
238 588
239 601
240 579
241 596
242 589
243 586
244 587
245 595
246 610
247 600
248 615
249 598
250 611
251 602
252 620
253 602
254 604
255 619
256 618
257 631
258 644
259 627
260 637
261 647
262 632
263 642
264 652
265 639
266 652
267 651
268 659
269 646
270 647
271 666
272 656
273 669
274 661
275 664
276 683
277 677
278 691
279 680
280 699
281 719
282 721
283 737
284 713
285 705
286 721
287 712
288 720
289 728
290 727
291 731
292 740
293 732
294 751
295 759
296 768
297 787
298 740
299 758
300 761
301 755
302 754
303 762
304 765
305 758
306 759
307 764
308 760
309 771
310 762
311 765
312 771
313 770
314 786
315 779
316 786
317 781
318 782
319 780
320 794
321 783
322 788
323 793
324 798
325 816
326 826
327 795
328 802
329 801
330 809
331 801
332 810
333 818
334 838
335 807
336 813
337 819
338 820
339 820
340 827
341 822
342 823
343 840
344 828
345 835
346 832
347 838
348 858
349 877
350 869
351 843
352 845
353 848
354 854
355 846
356 849
357 851
358 854
359 857
360 867
361 874
362 878
363 886
364 890
365 870
366 880
367 878
368 881
369 889
370 871
371 876
372 891
373 883
374 888
375 892
376 909
377 900
378 912
379 903
380 915
381 905
382 913
383 909
384 922
385 932
386 926
387 928
388 936
389 935
390 946
391 951
392 942
393 945
394 945
395 948
396 943
397 947
398 958
399 974
400 965
401 951
402 952
403 954
404 961
405 964
406 976
407 963
408 973
409 967
410 973
411 987
412 978
413 987
414 997
415 990
416 1004
417 989
418 994
419 1001
420 1008
421 1000
422 1009
423 1007
424 1008
425 1015
426 1035
427 1017
428 1009
429 1029
430 1010
431 1021
432 1033
433 1020
434 1027
435 1021
436 1037
437 1023
438 1026
439 1041
440 1027
441 1029
442 1030
443 1040
444 1040
445 1036
446 1049
447 1048
448 1040
449 1041
450 1049
451 1068
452 1054
453 1061
454 1068
455 1071
456 1087
457 1076
458 1072
459 1077
460 1078
461 1087
462 1090
463 1096
464 1094
465 1093
466 1111
467 1110
468 1118
469 1099
470 1109
471 1119
472 1125
473 1113
474 1106
475 1113
476 1112
477 1119
478 1129
479 1124
480 1139
481 1119
482 1130
483 1126
484 1126
485 1143
486 1127
487 1130
488 1137
489 1136
490 1140
491 1142
492 1146
493 1137
494 1155
495 1146
496 1147
497 1155
498 1165
499 1148
500 1155
501 1175
