0 0
1 11
2 15
3 7
4 9
5 23
6 27
7 10
8 18
9 17
10 28
11 24
12 33
13 37
14 27
15 32
16 32
17 31
18 39
19 35
20 45
21 49
22 57
23 65
24 60
25 71
26 80
27 69
28 72
29 88
30 71
31 88
32 91
33 86
34 95
35 97
36 91
37 92
38 96
39 103
40 106
41 93
42 98
43 100
44 114
45 104
46 115
47 106
48 104
49 119
50 113
51 130
52 150
53 124
54 128
55 132
56 130
57 133
58 132
59 143
60 134
61 150
62 137
63 142
64 145
65 147
66 164
67 165
68 172
69 167
70 159
71 176
72 190
73 196
74 193
75 187
76 190
77 192
78 196
79 209
80 197
81 197
82 214
83 211
84 224
85 221
86 223
87 232
88 231
89 227
90 235
91 249
92 252
93 264
94 272
95 255
96 264
97 262
98 256
99 259
100 274
101 282
102 286
103 260
104 271
105 277
106 277
107 261
108 266
109 279
110 271
111 274
112 278
113 277
114 288
115 286
116 293
117 290
118 302
119 310
120 319
121 317
122 337
123 321
124 329
125 334
126 322
127 326
128 326
129 326
130 342
131 336
132 330
133 346
134 350
135 336
136 341
137 344
138 340
139 356
140 372
141 346
142 357
143 342
144 359
145 354
146 360
147 360
148 364
149 371
150 383
151 382
152 370
153 384
154 387
155 392
156 382
157 393
158 392
159 399
160 400
161 407
162 406
163 411
164 414
165 426
166 420
167 434
168 419
169 429
170 434
171 442
172 443
173 444
174 459
175 444
176 453
177 454
178 450
179 461
180 464
181 469
182 470
183 485
184 489
185 474
186 487
187 494
188 501
189 482
190 486
191 484
192 488
193 488
194 497
195 501
196 494
197 494
198 495
199 514
200 503
201 504
202 520
203 525
204 532
205 523
206 513
207 533
208 519
209 527
210 530
211 532
212 536
213 547
214 548
215 566
216 553
217 562
218 558
219 567
220 562
221 564
222 567
223 587
224 577
225 574
226 586
227 602
228 588
229 590
230 588
231 604
232 615
233 599
234 607
235 606
236 603
237 615
238 610
239 604
240 622
241 608
242 624
243 609
244 627
245 611
246 621
247 614
248 622
249 629
250 641
251 615
252 615
253 633
254 618
255 622
256 638
257 626
258 621
259 641
260 633
261 653
262 643
263 650
264 650
265 661
266 658
267 657
268 669
269 670
270 658
271 677
272 678
273 690
274 691
275 691
276 703
277 679
278 682
279 688
280 696
281 686
282 687
283 703
284 717
285 698
286 715
287 701
288 715
289 718
290 716
291 729
292 710
293 726
294 713
295 730
296 715
297 731
298 723
299 734
300 731
301 736
302 742
303 749
304 744
305 759
306 773
307 759
308 764
309 761
310 780
311 771
312 762
313 768
314 767
315 777
316 787
317 776
318 781
319 777
320 783
321 787
322 800
323 796
324 790
325 793
326 803
327 812
328 808
329 813
330 813
331 813
332 819
333 823
334 839
335 830
336 833
337 836
338 834
339 844
340 840
341 837
342 857
343 869
344 884
345 841
346 843
347 853
348 855
349 867
350 887
351 886
352 861
353 868
354 877
355 896
356 884
357 890
358 889
359 897
360 906
361 912
362 925
363 925
364 901
365 902
366 913
367 928
368 938
369 917
370 929
371 923
372 918
373 923
374 928
375 933
376 940
377 941
378 956
379 956
380 946
381 945
382 952
383 948
384 953
385 958
386 957
387 972
388 975
389 981
390 971
391 989
392 984
393 975
394 983
395 974
396 989
397 976
398 987
399 985
400 990
401 1002
402 1004
403 992
404 993
405 997
406 996
407 1008
408 1012
409 999
410 997
411 1016
412 1000
413 1008
414 1014
415 1013
416 1016
417 1010
418 1023
419 1015
420 1034
421 1037
422 1026
423 1043
424 1042
425 1049
426 1038
427 1042
428 1050
429 1068
430 1061
431 1050
432 1062
433 1064
434 1065
435 1075
436 1079
437 1082
438 1079
439 1076
440 1088
441 1093
442 1104
443 1113
444 1123
445 1130
446 1145
447 1137
448 1131
449 1138
450 1149
451 1135
452 1149
453 1141
454 1150
455 1148
456 1150
457 1144
458 1147
459 1154
460 1156
461 1173
462 1172
463 1156
464 1167
465 1169
466 1174
467 1168
468 1157
469 1173
470 1163
471 1165
472 1169
473 1181
474 1176
475 1180
476 1171
477 1173
478 1185
479 1182
480 1179
481 1189
482 1198
483 1201
484 1204
485 1214
486 1232
487 1221
488 1225
489 1213
490 1228
491 1222
492 1218
493 1222
494 1234
495 1240
496 1238
497 1226
498 1233
499 1227
500 1236
501 1230
