0 0
1 9
2 4
3 16
4 22
5 7
6 10
7 6
8 11
9 23
10 28
11 19
12 22
13 29
14 25
15 39
16 31
17 25
18 33
19 52
20 36
21 51
22 38
23 38
24 43
25 42
26 48
27 49
28 44
29 56
30 62
31 61
32 54
33 67
34 61
35 64
36 79
37 80
38 82
39 98
40 103
41 89
42 108
43 93
44 108
45 113
46 112
47 121
48 94
49 104
50 98
51 104
52 121
53 111
54 120
55 126
56 114
57 133
58 124
59 115
60 120
61 122
62 125
63 137
64 157
65 151
66 155
67 173
68 193
69 167
70 185
71 198
72 212
73 188
74 193
75 205
76 193
77 196
78 215
79 214
80 208
81 214
82 223
83 229
84 217
85 231
86 228
87 237
88 234
89 235
90 241
91 241
92 259
93 251
94 249
95 269
96 252
97 262
98 269
99 279
100 280
101 278
102 298
103 270
104 279
105 273
106 278
107 282
108 282
109 282
110 289
111 309
112 286
113 295
114 296
115 297
116 305
117 314
118 309
119 307
120 309
121 311
122 314
123 317
124 322
125 320
126 330
127 337
128 324
129 340
130 329
131 341
132 339
133 345
134 345
135 365
136 373
137 387
138 382
139 370
140 382
141 386
142 383
143 371
144 375
145 385
146 382
147 379
148 392
149 381
150 397
151 384
152 385
153 386
154 396
155 414
156 399
157 412
158 402
159 413
160 406
161 418
162 418
163 422
164 437
165 443
166 429
167 426
168 435
169 433
170 437
171 443
172 444
173 450
174 468
175 465
176 483
177 478
178 498
179 514
180 498
181 505
182 512
183 507
184 507
185 512
186 515
187 526
188 527
189 516
190 536
191 543
192 527
193 530
194 545
195 542
196 546
197 550
198 548
199 554
200 560
201 555
202 554
203 558
204 565
205 574
206 581
207 563
208 572
209 578
210 578
211 583
212 580
213 590
214 596
215 593
216 601
217 583
218 587
219 603
220 589
221 606
222 595
223 590
224 592
225 607
226 601
227 611
228 622
229 639
230 631
231 617
232 630
233 635
234 632
235 651
236 665
237 651
238 653
239 658
240 657
241 663
242 659
243 678
244 692
245 675
246 691
247 688
248 682
249 697
250 688
251 687
252 691
253 699
254 702
255 698
256 698
257 696
258 716
259 699
260 700
261 719
262 714
263 708
264 708
265 725
266 727
267 743
268 733
269 732
270 745
271 733
272 740
273 752
274 760
275 748
276 734
277 749
278 736
279 755
280 746
281 753
282 762
283 771
284 782
285 795
286 804
287 811
288 795
289 791
290 810
291 802
292 811
293 818
294 818
295 822
296 833
297 840
298 836
299 831
300 847
301 848
302 842
303 851
304 844
305 855
306 851
307 858
308 855
309 868
310 862
311 865
312 876
313 885
314 867
315 886
316 901
317 883
318 894
319 894
320 903
321 906
322 896
323 907
324 911
325 921
326 908
327 912
328 913
329 917
330 928
331 927
332 938
333 944
334 946
335 950
336 959
337 959
338 961
339 962
340 972
341 967
342 973
343 987
344 991
345 992
346 996
347 1000
348 1007
349 1013
350 999
351 1015
352 1011
353 1000
354 1015
355 1020
356 1039
357 1054
358 1055
359 1067
360 1040
361 1047
362 1054
363 1055
364 1058
365 1066
366 1078
367 1068
368 1073
369 1071
370 1075
371 1083
372 1078
373 1085
374 1084
375 1081
376 1082
377 1089
378 1089
379 1098
380 1087
381 1099
382 1094
383 1099
384 1112
385 1111
386 1098
387 1106
388 1109
389 1115
390 1133
391 1108
392 1107
393 1125
394 1110
395 1112
396 1119
397 1114
398 1122
399 1133
400 1121
401 1128
402 1147
403 1141
404 1124
405 1139
406 1143
407 1125
408 1126
409 1135
410 1149
411 1144
412 1162
413 1132
414 1150
415 1167
416 1183
417 1149
418 1169
419 1177
420 1182
421 1193
422 1197
423 1215
424 1215
425 1219
426 1217
427 1211
428 1216
429 1218
430 1217
431 1219
432 1218
433 1233
434 1241
435 1218
436 1233
437 1238
438 1223
439 1239
440 1231
441 1238
442 1250
443 1235
444 1245
445 1249
446 1255
447 1257
448 1260
449 1269
450 1263
451 1264
452 1272
453 1274
454 1279
455 1290
456 1288
457 1307
458 1324
459 1304
460 1301
461 1320
462 1321
463 1318
464 1315
465 1316
466 1332
467 1324
468 1331
469 1340
470 1333
471 1344
472 1335
473 1350
474 1370
475 1335
476 1343
477 1354
478 1363
479 1342
480 1362
481 1371
482 1348
483 1348
484 1364
485 1360
486 1349
487 1357
488 1354
489 1371
490 1352
491 1358
492 1365
493 1354
494 1366
495 1382
496 1369
497 1383
498 1382
499 1379
500 1390
501 1386
