0 0
1 14
2 18
3 31
4 25
5 41
6 19
7 37
8 49
9 35
10 48
11 55
12 43
13 49
14 45
15 53
16 55
17 59
18 54
19 71
20 85
21 80
22 98
23 82
24 87
25 88
26 105
27 109
28 92
29 111
30 112
31 132
32 102
33 96
34 101
35 107
36 116
37 118
38 113
39 133
40 148
41 127
42 129
43 144
44 130
45 135
46 141
47 142
48 146
49 155
50 159
51 152
52 162
53 162
54 168
55 157
56 172
57 170
58 185
59 166
60 184
61 174
62 176
63 196
64 192
65 187
66 203
67 180
68 191
69 183
70 192
71 189
72 196
73 189
74 203
75 190
76 196
77 216
78 204
79 201
80 203
81 208
82 218
83 217
84 204
85 209
86 205
87 222
88 217
89 229
90 226
91 222
92 224
93 236
94 234
95 241
96 228
97 236
98 238
99 229
100 247
101 251
102 241
103 252
104 237
105 244
106 252
107 269
108 273
109 280
110 281
111 282
112 281
113 285
114 295
115 290
116 284
117 292
118 297
119 305
120 292
121 312
122 321
123 337
124 328
125 338
126 346
127 335
128 350
129 352
130 342
131 348
132 349
133 365
134 382
135 352
136 357
137 371
138 390
139 369
140 382
141 397
142 381
143 396
144 394
145 394
146 396
147 395
148 397
149 399
150 406
151 401
152 407
153 408
154 411
155 417
156 428
157 414
158 430
159 439
160 415
161 428
162 418
163 424
164 435
165 429
166 430
167 434
168 432
169 431
170 442
171 434
172 446
173 456
174 475
175 465
176 465
177 485
178 502
179 482
180 485
181 500
182 501
183 499
184 519
185 486
186 503
187 493
188 505
189 501
190 505
191 504
192 517
193 521
194 510
195 520
196 537
197 529
198 522
199 532
200 532
201 538
202 528
203 546
204 541
205 546
206 551
207 548
208 566
209 566
210 584
211 601
212 602
213 579
214 598
215 581
216 594
217 595
218 607
219 582
220 583
221 598
222 617
223 603
224 614
225 617
226 599
227 609
228 620
229 629
230 624
231 607
232 624
233 627
234 608
235 616
236 616
237 620
238 634
239 627
240 634
241 630
242 630
243 650
244 639
245 636
246 637
247 657
248 644
249 640
250 657
251 647
252 649
253 665
254 645
255 663
256 663
257 665
258 668
259 658
260 667
261 671
262 676
263 686
264 685
265 689
266 704
267 682
268 698
269 701
270 683
271 700
272 700
273 701
274 705
275 698
276 701
277 702
278 716
279 699
280 707
281 715
282 708
283 716
284 712
285 726
286 727
287 731
288 746
289 729
290 746
291 744
292 756
293 765
294 772
295 762
296 780
297 782
298 769
299 789
300 785
301 781
302 791
303 790
304 810
305 800
306 818
307 810
308 800
309 809
310 817
311 814
312 812
313 810
314 823
315 821
316 815
317 826
318 823
319 831
320 819
321 838
322 838
323 856
324 831
325 849
326 840
327 848
328 859
329 849
330 855
331 853
332 853
333 851
334 870
335 873
336 866
337 880
338 857
339 869
340 871
341 876
342 886
343 879
344 886
345 896
346 887
347 883
348 898
349 898
350 904
351 902
352 919
353 919
354 904
355 918
356 917
357 934
358 920
359 920
360 940
361 959
362 944
363 962
364 935
365 949
366 949
367 966
368 981
369 968
370 972
371 985
372 971
373 990
374 988
375 989
376 974
377 989
378 983
379 995
380 975
381 995
382 1005
383 979
384 998
385 999
386 1002
387 988
388 994
389 993
390 999
391 996
392 1011
393 1004
394 1009
395 1028
396 1013
397 1033
398 1040
399 1028
400 1047
401 1018
402 1020
403 1029
404 1030
405 1038
406 1057
407 1038
408 1050
409 1043
410 1043
411 1056
412 1046
413 1050
414 1055
415 1065
416 1073
417 1090
418 1074
419 1073
420 1068
421 1083
422 1083
423 1082
424 1088
425 1093
426 1090
427 1109
428 1121
429 1137
430 1140
431 1113
432 1125
433 1114
434 1130
435 1150
436 1132
437 1139
438 1135
439 1145
440 1144
441 1152
442 1155
443 1148
444 1162
445 1155
446 1165
447 1162
448 1168
449 1178
450 1163
451 1174
452 1169
453 1170
454 1187
455 1178
456 1183
457 1174
458 1192
459 1192
460 1189
461 1194
462 1208
463 1203
464 1203
465 1205
466 1207
467 1206
468 1206
469 1221
470 1207
471 1226
472 1226
473 1229
474 1246
475 1258
476 1240
477 1257
478 1242
479 1253
480 1246
481 1262
482 1247
483 1250
484 1259
485 1258
486 1266
487 1262
488 1276
489 1262
490 1264
491 1274
492 1281
493 1281
494 1281
495 1266
496 1267
497 1280
498 1285
499 1281
500 1289
501 1297
