0 0
1 15
2 3
3 18
4 8
5 18
6 17
7 20
8 29
9 21
10 24
11 33
12 39
13 28
14 45
15 46
16 46
17 45
18 60
19 57
20 63
21 65
22 79
23 94
24 97
25 103
26 67
27 72
28 77
29 73
30 81
31 82
32 82
33 90
34 97
35 90
36 92
37 97
38 99
39 104
40 124
41 112
42 109
43 111
44 125
45 121
46 127
47 140
48 132
49 138
50 143
51 134
52 142
53 139
54 144
55 153
56 142
57 153
58 157
59 143
60 150
61 152
62 159
63 156
64 163
65 170
66 176
67 174
68 161
69 173
70 162
71 166
72 179
73 185
74 196
75 193
76 192
77 190
78 204
79 195
80 209
81 201
82 204
83 207
84 207
85 220
86 206
87 219
88 207
89 212
90 208
91 225
92 221
93 233
94 227
95 229
96 234
97 244
98 232
99 233
100 249
101 247
102 237
103 246
104 246
105 249
106 242
107 249
108 262
109 251
110 266
111 244
112 258
113 252
114 257
115 264
116 262
117 268
118 266
119 286
120 283
121 270
122 276
123 272
124 292
125 297
126 296
127 307
128 315
129 319
130 330
131 318
132 322
133 331
134 338
135 334
136 344
137 350
138 352
139 358
140 344
141 361
142 355
143 363
144 372
145 367
146 377
147 361
148 372
149 377
150 365
151 370
152 372
153 374
154 382
155 382
156 383
157 383
158 388
159 399
160 402
161 404
162 398
163 405
164 404
165 415
166 421
167 409
168 416
169 423
170 435
171 434
172 434
173 454
174 442
175 451
176 459
177 469
178 477
179 467
180 476
181 487
182 485
183 482
184 484
185 491
186 499
187 502
188 515
189 521
190 528
191 532
192 523
193 529
194 545
195 531
196 549
197 561
198 541
199 537
200 542
201 552
202 556
203 545
204 552
205 563
206 561
207 552
208 566
209 562
210 581
211 595
212 557
213 575
214 561
215 572
216 572
217 565
218 567
219 574
220 583
221 573
222 585
223 582
224 587
225 587
226 596
227 591
228 601
229 605
230 593
231 597
232 603
233 596
234 611
235 600
236 602
237 614
238 618
239 618
240 619
241 624
242 629
243 626
244 637
245 638
246 644
247 650
248 636
249 637
250 656
251 645
252 651
253 657
254 658
255 652
256 663
257 670
258 672
259 672
260 681
261 665
262 681
263 672
264 667
265 678
266 682
267 692
268 693
269 698
270 696
271 688
272 706
273 710
274 698
275 706
276 716
277 717
278 736
279 725
280 727
281 728
282 733
283 748
284 735
285 745
286 752
287 754
288 772
289 764
290 766
291 774
292 771
293 784
294 789
295 798
296 790
297 800
298 796
299 810
300 798
301 812
302 819
303 810
304 830
305 818
306 820
307 816
308 835
309 836
310 836
311 851
312 828
313 835
314 849
315 848
316 835
317 846
318 848
319 851
320 857
321 850
322 863
323 861
324 862
325 879
326 875
327 870
328 871
329 880
330 879
331 881
332 889
333 908
334 899
335 886
336 894
337 906
338 887
339 895
340 900
341 893
342 894
343 891
344 894
345 895
346 894
347 902
348 901
349 904
350 902
351 904
352 912
353 914
354 933
355 907
356 909
357 920
358 921
359 925
360 912
361 932
362 928
363 947
364 939
365 921
366 927
367 929
368 945
369 934
370 932
371 937
372 941
373 954
374 959
375 948
376 941
377 956
378 976
379 985
380 947
381 951
382 958
383 951
384 961
385 970
386 977
387 972
388 982
389 999
390 982
391 987
392 985
393 995
394 988
395 999
396 999
397 996
398 1013
399 1006
400 1009
401 1006
402 1007
403 1010
404 1017
405 1009
406 1018
407 1018
408 1012
409 1026
410 1029
411 1036
412 1056
413 1021
414 1023
415 1036
416 1027
417 1040
418 1027
419 1047
420 1028
421 1042
422 1038
423 1036
424 1038
425 1052
426 1042
427 1050
428 1047
429 1053
430 1056
431 1060
432 1061
433 1061
434 1063
435 1059
436 1073
437 1067
438 1068
439 1086
440 1070
441 1073
442 1085
443 1086
444 1094
445 1101
446 1102
447 1087
448 1107
449 1125
450 1098
451 1103
452 1106
453 1117
454 1107
455 1118
456 1122
457 1128
458 1108
459 1126
460 1126
461 1125
462 1138
463 1116
464 1136
465 1123
466 1132
467 1130
468 1141
469 1137
470 1146
471 1132
472 1149
473 1141
474 1135
475 1149
476 1149
477 1137
478 1149
479 1146
480 1161
481 1146
482 1156
483 1163
484 1157
485 1151
486 1163
487 1164
488 1157
489 1176
490 1191
491 1173
492 1179
493 1176
494 1184
495 1180
496 1184
497 1183
498 1200
499 1195
500 1186
501 1199
502 1193
503 1198
504 1218
505 1200
506 1198
507 1196
508 1204
509 1199
510 1200
511 1209
512 1200
513 1210
514 1208
515 1218
516 1204
517 1210
518 1213
519 1230
520 1223
521 1241
522 1230
523 1233
524 1253
525 1236
526 1242
527 1253
528 1259
529 1250
530 1260
531 1266
532 1256
533 1266
534 1269
535 1270
536 1265
537 1277
538 1293
539 1269
540 1274
541 1275
542 1286
543 1293
544 1293
545 1289
546 1301
547 1299
548 1318
549 1313
550 1294
551 1311
552 1302
553 1306
554 1318
555 1320
556 1331
557 1315
558 1321
559 1327
560 1322
561 1338
562 1325
563 1330
564 1333
565 1343
566 1345
567 1338
568 1350
569 1369
570 1340
571 1350
572 1361
573 1344
574 1354
575 1366
576 1363
577 1349
578 1351
579 1360
580 1355
581 1356
582 1358
583 1368
584 1376
585 1365
586 1376
587 1394
588 1410
589 1367
590 1377
591 1387
592 1379
593 1375
594 1377
595 1387
596 1382
597 1382
598 1390
599 1384
600 1398
601 1395
602 1404
603 1415
604 1419
605 1415
606 1434
607 1433
608 1438
609 1430
610 1426
611 1427
612 1444
613 1429
614 1446
615 1461
616 1474
617 1449
618 1448
619 1451
620 1455
621 1466
622 1455
623 1458
624 1459
625 1470
626 1461
627 1468
628 1474
629 1462
630 1474
631 1481
632 1464
633 1476
634 1473
635 1475
636 1483
637 1476
638 1483
639 1485
640 1489
641 1498
642 1494
643 1513
644 1515
645 1521
646 1516
647 1530
648 1520
649 1534
650 1526
651 1542
652 1541
653 1536
654 1555
655 1557
656 1558
657 1559
658 1575
659 1563
660 1561
661 1563
662 1579
663 1581
664 1599
665 1612
666 1589
667 1599
668 1588
669 1593
670 1590
671 1601
672 1591
673 1592
674 1600
675 1607
676 1615
677 1608
678 1621
679 1623
680 1616
681 1626
682 1617
683 1618
684 1629
685 1638
686 1640
687 1623
688 1642
689 1639
690 1627
691 1637
692 1640
693 1660
694 1642
695 1653
696 1656
697 1670
698 1649
699 1664
700 1669
701 1662
702 1676
703 1685
704 1678
705 1687
706 1664
707 1679
708 1678
709 1677
710 1691
711 1696
712 1684
713 1697
714 1696
715 1697
716 1693
717 1710
718 1694
719 1711
720 1730
721 1709
722 1700
723 1707
724 1717
725 1715
726 1711
727 1712
728 1717
729 1718
730 1724
731 1715
732 1729
733 1731
734 1732
735 1733
736 1723
737 1738
738 1734
739 1733
740 1744
741 1750
742 1758
743 1736
744 1738
745 1747
746 1746
747 1754
748 1772
749 1769
750 1773
751 1788
752 1789
753 1792
754 1777
755 1797
756 1786
757 1780
758 1792
759 1789
760 1799
761 1794
762 1797
763 1799
764 1813
765 1811
766 1802
767 1800
768 1814
769 1818
770 1818
771 1815
772 1819
773 1822
774 1816
775 1819
776 1827
777 1838
778 1823
779 1839
780 1831
781 1843
782 1854
783 1824
784 1838
785 1858
786 1830
787 1830
788 1838
789 1850
790 1840
791 1854
792 1845
793 1848
794 1851
795 1851
796 1864
797 1869
798 1866
799 1868
800 1875
801 1885
802 1877
803 1878
804 1887
805 1898
806 1907
807 1915
808 1929
809 1909
810 1914
811 1911
812 1920
813 1931
814 1920
815 1939
816 1935
817 1938
818 1931
819 1936
820 1945
821 1950
822 1941
823 1948
824 1958
825 1964
826 1958
827 1976
828 1987
829 2004
830 1962
831 1965
832 1973
833 1977
834 1967
835 1974
836 1974
837 1993
838 1970
839 1976
840 1979
841 1980
842 1998
843 1989
844 1996
845 1982
846 1998
847 1984
848 1983
849 1991
850 1995
851 2003
852 2008
853 2010
854 2022
855 2023
856 2012
857 2027
858 2029
859 2046
860 2058
861 2060
862 2067
863 2060
864 2063
865 2070
866 2074
867 2080
868 2084
869 2076
870 2088
871 2096
872 2077
873 2097
874 2092
875 2084
876 2083
877 2094
878 2087
879 2084
880 2087
881 2100
882 2088
883 2100
884 2107
885 2120
886 2102
887 2104
888 2107
889 2114
890 2118
891 2111
892 2129
893 2118
894 2128
895 2113
896 2119
897 2120
898 2134
899 2131
900 2142
901 2122
902 2128
903 2125
904 2135
905 2125
906 2137
907 2142
908 2141
909 2151
910 2146
911 2146
912 2155
913 2148
914 2158
915 2168
916 2151
917 2152
918 2167
919 2186
920 2153
921 2173
922 2170
923 2159
924 2177
925 2170
926 2178
927 2189
928 2209
929 2181
930 2193
931 2190
932 2187
933 2186
934 2187
935 2189
936 2208
937 2203
938 2214
939 2211
940 2218
941 2222
942 2228
943 2232
944 2226
945 2242
946 2258
947 2227
948 2231
949 2242
950 2236
951 2250
952 2262
953 2234
954 2245
955 2253
956 2265
957 2264
958 2237
959 2249
960 2268
961 2250
962 2242
963 2250
964 2244
965 2257
966 2251
967 2255
968 2258
969 2248
970 2254
971 2259
972 2265
973 2278
974 2279
975 2293
976 2279
977 2294
978 2282
979 2282
980 2293
981 2295
982 2300
983 2296
984 2316
985 2308
986 2307
987 2316
988 2319
989 2327
990 2330
991 2324
992 2317
993 2335
994 2332
995 2337
996 2339
997 2345
998 2356
999 2341
1000 2347
1001 2360
1002 2364
1003 2345
1004 2358
1005 2349
1006 2350
1007 2366
1008 2369
1009 2355
1010 2370
1011 2368
1012 2362
1013 2375
1014 2369
1015 2363
1016 2368
1017 2383
1018 2381
1019 2382
1020 2375
1021 2392
1022 2386
1023 2379
1024 2383
1025 2377
1026 2388
1027 2390
1028 2388
1029 2395
1030 2397
1031 2405
1032 2393
1033 2392
1034 2396
1035 2404
1036 2397
1037 2399
1038 2414
1039 2430
1040 2408
1041 2427
1042 2417
1043 2425
1044 2410
1045 2421
1046 2425
1047 2427
1048 2426
1049 2441
1050 2444
1051 2447
1052 2441
1053 2432
1054 2446
1055 2435
1056 2447
1057 2452
1058 2451
1059 2453
1060 2443
1061 2448
1062 2455
1063 2450
1064 2451
1065 2463
1066 2481
1067 2465
1068 2460
1069 2457
1070 2465
1071 2460
1072 2465
1073 2463
1074 2482
1075 2471
1076 2464
1077 2480
1078 2475
1079 2473
1080 2469
1081 2472
1082 2487
1083 2487
1084 2479
1085 2481
1086 2484
1087 2485
1088 2499
1089 2502
1090 2492
1091 2512
1092 2487
1093 2501
1094 2509
1095 2501
1096 2507
1097 2498
1098 2518
1099 2518
1100 2499
1101 2512
1102 2505
1103 2510
1104 2529
1105 2537
1106 2534
1107 2521
1108 2517
1109 2529
1110 2536
1111 2552
1112 2536
1113 2540
1114 2546
1115 2543
1116 2537
1117 2550
1118 2541
1119 2539
1120 2553
1121 2562
1122 2566
1123 2573
1124 2592
1125 2563
1126 2570
1127 2568
1128 2568
1129 2584
1130 2578
1131 2571
1132 2573
1133 2590
1134 2584
1135 2600
1136 2583
1137 2596
1138 2594
1139 2596
1140 2600
1141 2613
1142 2610
1143 2597
1144 2608
1145 2619
1146 2614
1147 2605
1148 2622
1149 2607
1150 2615
1151 2622
1152 2629
1153 2614
1154 2629
1155 2632
1156 2623
1157 2633
1158 2632
1159 2637
1160 2629
1161 2649
1162 2660
1163 2647
1164 2651
1165 2655
1166 2662
1167 2672
1168 2674
1169 2679
1170 2666
1171 2680
1172 2699
1173 2686
1174 2697
1175 2678
1176 2679
1177 2690
1178 2695
1179 2712
1180 2696
1181 2705
1182 2711
1183 2713
1184 2722
1185 2709
1186 2719
1187 2715
1188 2713
1189 2728
1190 2722
1191 2740
1192 2726
1193 2736
1194 2746
1195 2738
1196 2746
1197 2741
1198 2758
1199 2741
1200 2743
1201 2744
1202 2752
1203 2764
1204 2748
1205 2768
1206 2763
1207 2757
1208 2769
1209 2769
1210 2768
1211 2775
1212 2777
1213 2784
1214 2778
1215 2780
1216 2787
1217 2794
1218 2794
1219 2796
1220 2803
1221 2796
1222 2799
1223 2799
1224 2797
1225 2803
1226 2809
1227 2811
1228 2803
1229 2811
1230 2812
1231 2808
1232 2810
1233 2830
1234 2809
1235 2811
1236 2820
1237 2830
1238 2816
1239 2834
1240 2828
1241 2818
1242 2835
1243 2820
1244 2837
1245 2833
1246 2834
1247 2837
1248 2854
1249 2859
1250 2849
1251 2845
1252 2861
1253 2848
1254 2857
1255 2857
1256 2859
1257 2851
1258 2864
1259 2867
1260 2852
1261 2853
1262 2854
1263 2872
1264 2866
1265 2865
1266 2870
1267 2864
1268 2874
1269 2871
1270 2890
1271 2884
1272 2891
1273 2891
1274 2882
1275 2896
1276 2893
1277 2913
1278 2899
1279 2910
1280 2912
1281 2917
1282 2926
1283 2918
1284 2916
1285 2924
1286 2919
1287 2920
1288 2934
1289 2925
1290 2931
1291 2930
1292 2943
1293 2929
1294 2948
1295 2964
1296 2948
1297 2934
1298 2939
1299 2952
1300 2970
1301 2936
1302 2942
1303 2947
1304 2948
1305 2951
1306 2967
1307 2950
1308 2956
1309 2951
1310 2957
1311 2967
1312 2972
1313 2952
1314 2962
1315 2967
1316 2976
1317 2983
1318 2995
1319 2970
1320 2985
1321 2984
1322 2992
1323 2992
1324 2988
1325 3005
1326 2995
1327 3008
1328 2996
1329 3014
1330 3007
1331 3007
1332 3006
1333 3019
1334 3015
1335 3017
1336 3008
1337 3025
1338 3022
1339 3015
1340 3034
1341 3022
1342 3040
1343 3027
1344 3017
1345 3032
1346 3036
1347 3027
1348 3029
1349 3037
1350 3054
1351 3068
1352 3038
1353 3056
1354 3057
1355 3045
1356 3049
1357 3062
1358 3067
1359 3062
1360 3063
1361 3071
1362 3070
1363 3090
1364 3079
1365 3087
1366 3072
1367 3074
1368 3079
1369 3088
1370 3089
1371 3080
1372 3090
1373 3094
1374 3090
1375 3096
1376 3095
1377 3101
1378 3111
1379 3106
1380 3125
1381 3145
1382 3111
1383 3113
1384 3124
1385 3127
1386 3120
1387 3123
1388 3138
1389 3124
1390 3126
1391 3138
1392 3143
1393 3146
1394 3125
1395 3143
1396 3126
1397 3131
1398 3141
1399 3137
1400 3147
1401 3138
1402 3141
1403 3155
1404 3153
1405 3155
1406 3158
1407 3166
1408 3166
1409 3177
1410 3162
1411 3175
1412 3180
1413 3165
1414 3167
1415 3169
1416 3186
1417 3166
1418 3185
1419 3185
1420 3194
1421 3171
1422 3180
1423 3187
1424 3186
1425 3195
1426 3202
1427 3198
1428 3212
1429 3231
1430 3201
1431 3213
1432 3199
1433 3202
1434 3218
1435 3216
1436 3216
1437 3209
1438 3229
1439 3232
1440 3246
1441 3221
1442 3233
1443 3243
1444 3231
1445 3235
1446 3248
1447 3248
1448 3246
1449 3250
1450 3259
1451 3258
1452 3260
1453 3247
1454 3262
1455 3250
1456 3253
1457 3253
1458 3260
1459 3275
1460 3256
1461 3256
1462 3273
1463 3266
1464 3283
1465 3260
1466 3271
1467 3272
1468 3272
1469 3285
1470 3273
1471 3279
1472 3288
1473 3273
1474 3285
1475 3277
1476 3286
1477 3293
1478 3285
1479 3297
1480 3301
1481 3291
1482 3298
1483 3298
1484 3310
1485 3314
1486 3311
1487 3324
1488 3312
1489 3332
1490 3330
1491 3333
1492 3345
1493 3349
1494 3337
1495 3350
1496 3356
1497 3353
1498 3355
1499 3365
1500 3352
1501 3367
1502 3360
1503 3357
1504 3375
1505 3361
1506 3376
1507 3371
1508 3373
1509 3390
1510 3364
1511 3374
1512 3366
1513 3369
1514 3386
1515 3367
1516 3384
1517 3376
1518 3383
1519 3397
1520 3389
1521 3384
1522 3404
1523 3395
1524 3385
1525 3397
1526 3392
1527 3396
1528 3395
1529 3395
1530 3409
1531 3411
1532 3400
1533 3406
1534 3406
1535 3408
1536 3415
1537 3423
1538 3424
1539 3443
1540 3418
1541 3426
1542 3439
1543 3432
1544 3435
1545 3428
1546 3441
1547 3447
1548 3442
1549 3441
1550 3461
1551 3452
1552 3459
1553 3466
1554 3468
1555 3476
1556 3469
1557 3464
1558 3482
1559 3468
1560 3479
1561 3482
1562 3483
1563 3477
1564 3478
1565 3484
1566 3481
1567 3500
1568 3487
1569 3495
1570 3507
1571 3503
1572 3504
1573 3511
1574 3511
1575 3521
1576 3524
1577 3536
1578 3524
1579 3538
1580 3526
1581 3528
1582 3540
1583 3546
1584 3535
1585 3529
1586 3546
1587 3548
1588 3559
1589 3545
1590 3536
1591 3552
1592 3538
1593 3545
1594 3554
1595 3545
1596 3542
1597 3559
1598 3562
1599 3550
1600 3560
1601 3573
1602 3564
1603 3565
1604 3565
1605 3572
1606 3570
1607 3568
1608 3584
1609 3585
1610 3602
1611 3599
1612 3592
1613 3605
1614 3610
1615 3607
1616 3615
1617 3612
1618 3612
1619 3616
1620 3619
1621 3629
1622 3628
1623 3629
1624 3634
1625 3639
1626 3641
1627 3646
1628 3654
1629 3639
1630 3647
1631 3649
1632 3655
1633 3651
1634 3663
1635 3663
1636 3666
1637 3671
1638 3670
1639 3682
1640 3680
1641 3690
1642 3683
1643 3693
1644 3706
1645 3710
1646 3729
1647 3711
1648 3720
1649 3740
1650 3732
1651 3730
1652 3738
1653 3749
1654 3752
1655 3759
1656 3747
1657 3755
1658 3748
1659 3751
1660 3760
1661 3752
1662 3760
1663 3765
1664 3755
1665 3757
1666 3764
1667 3772
1668 3774
1669 3766
1670 3784
1671 3770
1672 3774
1673 3788
1674 3794
1675 3800
1676 3812
1677 3793
1678 3806
1679 3797
1680 3803
1681 3808
1682 3800
1683 3818
1684 3818
1685 3828
1686 3811
1687 3812
1688 3828
1689 3830
1690 3834
1691 3840
1692 3854
1693 3842
1694 3842
1695 3835
1696 3851
1697 3852
1698 3849
1699 3842
1700 3847
1701 3853
1702 3867
1703 3859
1704 3851
1705 3865
1706 3876
1707 3860
1708 3855
1709 3863
1710 3873
1711 3863
1712 3875
1713 3876
1714 3889
1715 3885
1716 3886
1717 3897
1718 3913
1719 3905
1720 3906
1721 3922
1722 3940
1723 3942
1724 3951
1725 3961
1726 3960
1727 3941
1728 3956
1729 3960
1730 3948
1731 3949
1732 3949
1733 3963
1734 3958
1735 3969
1736 3960
1737 3968
1738 3977
1739 3980
1740 3971
1741 3972
1742 3989
1743 3984
1744 4000
1745 3992
1746 4004
1747 3995
1748 4004
1749 3999
1750 4008
1751 4011
1752 4011
1753 4016
1754 4022
1755 4016
1756 4022
1757 4029
1758 4023
1759 4032
1760 4042
1761 4030
1762 4049
1763 4042
1764 4047
1765 4065
1766 4059
1767 4063
1768 4073
1769 4050
1770 4069
1771 4065
1772 4085
1773 4083
1774 4070
1775 4078
1776 4095
1777 4088
1778 4106
1779 4094
1780 4092
1781 4095
1782 4095
1783 4112
1784 4108
1785 4111
1786 4110
1787 4119
1788 4121
1789 4121
1790 4134
1791 4140
1792 4135
1793 4138
1794 4138
1795 4154
1796 4157
1797 4139
1798 4147
1799 4143
1800 4155
1801 4147
1802 4156
1803 4146
1804 4162
1805 4165
1806 4156
1807 4163
1808 4170
1809 4188
1810 4190
1811 4172
1812 4181
1813 4192
1814 4199
1815 4190
1816 4200
1817 4218
1818 4196
1819 4195
1820 4198
1821 4198
1822 4203
1823 4220
1824 4207
1825 4201
1826 4211
1827 4221
1828 4232
1829 4206
1830 4209
1831 4210
1832 4229
1833 4220
1834 4219
1835 4234
1836 4237
1837 4255
1838 4271
1839 4264
1840 4276
1841 4271
1842 4284
1843 4276
1844 4280
1845 4279
1846 4290
1847 4289
1848 4286
1849 4300
1850 4299
1851 4306
1852 4307
1853 4313
1854 4316
1855 4309
1856 4327
1857 4325
1858 4310
1859 4323
1860 4315
1861 4315
1862 4317
1863 4318
1864 4318
1865 4323
1866 4321
1867 4330
1868 4327
1869 4330
1870 4327
1871 4325
1872 4327
1873 4338
1874 4356
1875 4376
1876 4361
1877 4349
1878 4369
1879 4361
1880 4365
1881 4366
1882 4373
1883 4380
1884 4367
1885 4382
1886 4382
1887 4381
1888 4397
1889 4372
1890 4392
1891 4379
1892 4388
1893 4390
1894 4408
1895 4389
1896 4394
1897 4401
1898 4405
1899 4407
1900 4394
1901 4399
1902 4401
1903 4413
1904 4406
1905 4414
1906 4410
1907 4422
1908 4437
1909 4415
1910 4422
1911 4426
1912 4433
1913 4417
1914 4432
1915 4428
1916 4439
1917 4447
1918 4436
1919 4446
1920 4463
1921 4446
1922 4442
1923 4449
1924 4447
1925 4462
1926 4456
1927 4468
1928 4456
1929 4463
1930 4460
1931 4476
1932 4494
1933 4503
1934 4492
1935 4495
1936 4511
1937 4507
1938 4503
1939 4507
1940 4517
1941 4516
1942 4515
1943 4517
1944 4535
1945 4535
1946 4544
1947 4554
1948 4524
1949 4530
1950 4533
1951 4543
1952 4554
1953 4551
1954 4547
1955 4562
1956 4554
1957 4573
1958 4566
1959 4586
1960 4589
1961 4579
1962 4591
1963 4577
1964 4586
1965 4580
1966 4593
1967 4589
1968 4598
1969 4599
1970 4604
1971 4613
1972 4629
1973 4619
1974 4621
1975 4633
1976 4637
1977 4628
1978 4638
1979 4637
1980 4629
1981 4648
1982 4642
1983 4637
1984 4643
1985 4653
1986 4671
1987 4656
1988 4671
1989 4661
1990 4665
1991 4672
1992 4667
1993 4672
1994 4682
1995 4670
1996 4673
1997 4689
1998 4687
1999 4688
2000 4689
2001 4692
2002 4701
2003 4700
2004 4694
2005 4695
2006 4698
2007 4712
2008 4700
2009 4697
2010 4701
2011 4707
2012 4713
2013 4708
2014 4724
2015 4709
2016 4715
2017 4721
2018 4718
2019 4725
2020 4720
2021 4734
2022 4722
2023 4725
2024 4740
2025 4727
2026 4733
2027 4742
2028 4735
2029 4746
2030 4752
2031 4748
2032 4750
2033 4763
2034 4772
2035 4786
2036 4757
2037 4770
2038 4769
2039 4768
2040 4779
2041 4776
2042 4784
2043 4777
2044 4782
2045 4779
2046 4788
2047 4781
2048 4784
2049 4785
2050 4785
2051 4784
2052 4796
2053 4801
2054 4799
2055 4817
2056 4785
2057 4790
2058 4798
2059 4802
2060 4802
2061 4795
2062 4815
2063 4801
2064 4807
2065 4807
2066 4813
2067 4808
2068 4817
2069 4822
2070 4819
2071 4824
2072 4818
2073 4819
2074 4819
2075 4826
2076 4823
2077 4826
2078 4827
2079 4826
2080 4841
2081 4844
2082 4830
2083 4839
2084 4852
2085 4837
2086 4833
2087 4841
2088 4850
2089 4855
2090 4845
2091 4858
2092 4842
2093 4859
2094 4857
2095 4843
2096 4844
2097 4850
2098 4849
2099 4851
2100 4860
2101 4853
2102 4865
2103 4859
2104 4860
2105 4859
2106 4866
2107 4863
2108 4883
2109 4902
2110 4878
2111 4880
2112 4885
2113 4898
2114 4882
2115 4889
2116 4901
2117 4908
2118 4911
2119 4916
2120 4918
2121 4923
2122 4932
2123 4925
2124 4937
2125 4941
2126 4941
2127 4950
2128 4953
2129 4947
2130 4955
2131 4945
2132 4951
2133 4949
2134 4964
2135 4967
2136 4974
2137 4967
2138 4980
2139 4996
2140 4969
2141 4978
2142 4970
2143 4988
2144 4987
2145 4978
2146 4974
2147 4979
2148 4982
2149 4993
2150 4988
2151 4992
2152 4999
2153 5008
2154 5010
2155 5001
2156 5018
2157 5015
2158 5019
2159 5025
2160 5032
2161 5022
2162 5036
2163 5035
2164 5039
2165 5046
2166 5054
2167 5060
2168 5053
2169 5058
2170 5050
2171 5055
2172 5055
2173 5057
2174 5058
2175 5062
2176 5070
2177 5060
2178 5069
2179 5076
2180 5070
2181 5074
2182 5074
2183 5084
2184 5072
2185 5092
2186 5076
2187 5085
2188 5091
2189 5082
2190 5084
2191 5085
2192 5104
2193 5084
2194 5094
2195 5099
2196 5098
2197 5100
2198 5118
2199 5129
2200 5101
2201 5115
2202 5112
2203 5116
2204 5134
2205 5152
2206 5117
2207 5122
2208 5130
2209 5149
2210 5151
2211 5157
2212 5171
2213 5184
2214 5188
2215 5158
2216 5175
2217 5182
2218 5163
2219 5168
2220 5173
2221 5186
2222 5167
2223 5179
2224 5194
2225 5214
2226 5221
2227 5184
2228 5188
2229 5203
2230 5208
2231 5207
2232 5213
2233 5217
2234 5213
2235 5230
2236 5235
2237 5250
2238 5246
2239 5257
2240 5241
2241 5259
2242 5250
2243 5249
2244 5268
2245 5261
2246 5263
2247 5271
2248 5272
2249 5265
2250 5271
2251 5283
2252 5281
2253 5284
2254 5272
2255 5279
2256 5280
2257 5289
2258 5291
2259 5308
2260 5305
2261 5303
2262 5301
2263 5314
2264 5316
2265 5321
2266 5317
2267 5309
2268 5314
2269 5318
2270 5317
2271 5326
2272 5326
2273 5329
2274 5344
2275 5346
2276 5357
2277 5362
2278 5360
2279 5352
2280 5354
2281 5355
2282 5354
2283 5355
2284 5366
2285 5385
2286 5364
2287 5366
2288 5383
2289 5368
2290 5375
2291 5379
2292 5397
2293 5370
2294 5374
2295 5385
2296 5376
2297 5375
2298 5380
2299 5385
2300 5399
2301 5394
2302 5401
2303 5381
2304 5397
2305 5386
2306 5386
2307 5393
2308 5400
2309 5398
2310 5404
2311 5403
2312 5405
2313 5423
2314 5433
2315 5408
2316 5415
2317 5418
2318 5417
2319 5413
2320 5429
2321 5431
2322 5432
2323 5420
2324 5421
2325 5434
2326 5447
2327 5430
2328 5426
2329 5439
2330 5447
2331 5445
2332 5446
2333 5453
2334 5443
2335 5444
2336 5454
2337 5459
2338 5472
2339 5477
2340 5467
2341 5475
2342 5494
2343 5495
2344 5486
2345 5489
2346 5491
2347 5500
2348 5498
2349 5510
2350 5528
2351 5508
2352 5526
2353 5515
2354 5522
2355 5523
2356 5521
2357 5537
2358 5531
2359 5526
2360 5546
2361 5529
2362 5538
2363 5554
2364 5538
2365 5545
2366 5542
2367 5551
2368 5555
2369 5552
2370 5561
2371 5571
2372 5574
2373 5558
2374 5561
2375 5577
2376 5571
2377 5564
2378 5572
2379 5579
2380 5583
2381 5583
2382 5585
2383 5590
2384 5593
2385 5595
2386 5608
2387 5597
2388 5598
2389 5602
2390 5617
2391 5611
2392 5614
2393 5606
2394 5604
2395 5613
2396 5611
2397 5620
2398 5615
2399 5633
2400 5639
2401 5630
2402 5623
2403 5631
2404 5640
2405 5625
2406 5643
2407 5629
2408 5642
2409 5629
2410 5640
2411 5642
2412 5637
2413 5648
2414 5654
2415 5668
2416 5670
2417 5688
2418 5692
2419 5688
2420 5708
2421 5712
2422 5691
2423 5693
2424 5700
2425 5694
2426 5709
2427 5705
2428 5709
2429 5707
2430 5722
2431 5715
2432 5735
2433 5717
2434 5733
2435 5749
2436 5729
2437 5718
2438 5726
2439 5723
2440 5729
2441 5719
2442 5728
2443 5737
2444 5749
2445 5748
2446 5756
2447 5758
2448 5767
2449 5775
2450 5785
2451 5784
2452 5785
2453 5799
2454 5802
2455 5809
2456 5810
2457 5799
2458 5809
2459 5827
2460 5812
2461 5805
2462 5819
2463 5820
2464 5832
2465 5839
2466 5813
2467 5830
2468 5825
2469 5827
2470 5845
2471 5845
2472 5848
2473 5834
2474 5849
2475 5837
2476 5854
2477 5842
2478 5849
2479 5847
2480 5854
2481 5858
2482 5855
2483 5875
2484 5855
2485 5869
2486 5873
2487 5872
2488 5862
2489 5864
2490 5868
2491 5869
2492 5869
2493 5875
2494 5888
2495 5894
2496 5898
2497 5910
2498 5891
2499 5898
2500 5909
2501 5897
2502 5906
2503 5913
2504 5933
2505 5904
2506 5916
2507 5913
2508 5907
2509 5926
2510 5909
2511 5913
2512 5921
2513 5918
2514 5927
2515 5929
2516 5931
2517 5931
2518 5931
2519 5947
2520 5948
2521 5949
2522 5958
2523 5975
2524 5963
2525 5956
2526 5970
2527 5969
2528 5965
2529 5972
2530 5959
2531 5963
2532 5977
2533 5976
2534 5973
2535 5992
2536 5975
2537 5990
2538 5991
2539 6005
2540 6009
2541 5983
2542 6002
2543 5991
2544 6002
2545 5984
2546 5990
2547 5992
2548 5985
2549 6005
2550 6021
2551 5996
2552 6004
2553 6016
2554 6012
2555 6018
2556 6021
2557 6016
2558 6032
2559 6014
2560 6016
2561 6017
2562 6026
2563 6023
2564 6035
2565 6025
2566 6033
2567 6052
2568 6048
2569 6040
2570 6050
2571 6047
2572 6045
2573 6060
2574 6049
2575 6046
2576 6053
2577 6050
2578 6049
2579 6063
2580 6058
2581 6054
2582 6064
2583 6065
2584 6063
2585 6071
2586 6090
2587 6078
2588 6080
2589 6099
2590 6089
2591 6100
2592 6089
2593 6106
2594 6114
2595 6120
2596 6107
2597 6095
2598 6105
2599 6108
2600 6100
2601 6105
2602 6111
2603 6117
2604 6112
2605 6118
2606 6106
2607 6120
2608 6110
2609 6116
2610 6121
2611 6120
2612 6125
2613 6128
2614 6132
2615 6131
2616 6136
2617 6148
2618 6144
2619 6140
2620 6151
2621 6149
2622 6154
2623 6148
2624 6165
2625 6168
2626 6179
2627 6150
2628 6169
2629 6162
2630 6182
2631 6174
2632 6158
2633 6167
2634 6176
2635 6171
2636 6184
2637 6183
2638 6189
2639 6191
2640 6204
2641 6201
2642 6200
2643 6194
2644 6212
2645 6212
2646 6214
2647 6202
2648 6207
2649 6207
2650 6226
2651 6233
2652 6230
2653 6232
2654 6232
2655 6236
2656 6233
2657 6238
2658 6245
2659 6247
2660 6248
2661 6250
2662 6268
2663 6264
2664 6253
2665 6268
2666 6256
2667 6255
2668 6273
2669 6260
2670 6261
2671 6270
2672 6273
2673 6278
2674 6267
2675 6274
2676 6282
2677 6273
2678 6270
2679 6273
2680 6285
2681 6291
2682 6297
2683 6301
2684 6292
2685 6297
2686 6310
2687 6298
2688 6298
2689 6294
2690 6295
2691 6311
2692 6303
2693 6312
2694 6323
2695 6318
2696 6316
2697 6330
2698 6333
2699 6327
2700 6324
2701 6330
2702 6326
2703 6342
2704 6341
2705 6348
2706 6335
2707 6342
2708 6352
2709 6340
2710 6351
2711 6344
2712 6362
2713 6375
2714 6371
2715 6384
2716 6371
2717 6377
2718 6381
2719 6388
2720 6396
2721 6400
2722 6394
2723 6398
2724 6408
2725 6405
2726 6401
2727 6402
2728 6402
2729 6417
2730 6413
2731 6419
2732 6408
2733 6415
2734 6410
2735 6425
2736 6409
2737 6416
2738 6420
2739 6416
2740 6415
2741 6422
2742 6434
2743 6425
2744 6425
2745 6434
2746 6436
2747 6436
2748 6437
2749 6449
2750 6447
2751 6446
2752 6464
2753 6460
2754 6471
2755 6468
2756 6462
2757 6474
2758 6474
2759 6479
2760 6469
2761 6483
2762 6479
2763 6488
2764 6485
2765 6495
2766 6488
2767 6485
2768 6502
2769 6498
2770 6509
2771 6506
2772 6522
2773 6541
2774 6515
2775 6526
2776 6521
2777 6534
2778 6536
2779 6538
2780 6554
2781 6544
2782 6546
2783 6551
2784 6556
2785 6558
2786 6577
2787 6553
2788 6555
2789 6575
2790 6560
2791 6560
2792 6562
2793 6581
2794 6571
2795 6565
2796 6563
2797 6580
2798 6571
2799 6574
2800 6577
2801 6578
2802 6595
2803 6600
2804 6578
2805 6595
2806 6594
2807 6597
2808 6597
2809 6584
2810 6586
2811 6590
2812 6589
2813 6587
2814 6594
2815 6609
2816 6607
2817 6610
2818 6613
2819 6600
2820 6601
2821 6614
2822 6607
2823 6620
2824 6632
2825 6615
2826 6613
2827 6619
2828 6625
2829 6631
2830 6629
2831 6633
2832 6642
2833 6645
2834 6643
2835 6658
2836 6671
2837 6655
2838 6647
2839 6662
2840 6648
2841 6668
2842 6661
2843 6666
2844 6683
2845 6660
2846 6669
2847 6673
2848 6693
2849 6670
2850 6672
2851 6688
2852 6705
2853 6685
2854 6691
2855 6695
2856 6714
2857 6714
2858 6711
2859 6702
2860 6713
2861 6707
2862 6718
2863 6726
2864 6719
2865 6716
2866 6728
2867 6733
2868 6736
2869 6745
2870 6723
2871 6728
2872 6724
2873 6731
2874 6728
2875 6729
2876 6728
2877 6734
2878 6739
2879 6731
2880 6737
2881 6737
2882 6739
2883 6750
2884 6733
2885 6748
2886 6742
2887 6741
2888 6752
2889 6753
2890 6765
2891 6773
2892 6760
2893 6759
2894 6769
2895 6765
2896 6766
2897 6766
2898 6778
2899 6770
2900 6774
2901 6781
2902 6771
2903 6789
2904 6781
2905 6792
2906 6786
2907 6783
2908 6790
2909 6799
2910 6800
2911 6789
2912 6800
2913 6805
2914 6805
2915 6802
2916 6794
2917 6803
2918 6814
2919 6804
2920 6799
2921 6807
2922 6812
2923 6830
2924 6820
2925 6823
2926 6842
2927 6832
2928 6825
2929 6843
2930 6842
2931 6854
2932 6860
2933 6876
2934 6871
2935 6889
2936 6873
2937 6878
2938 6880
2939 6890
2940 6894
2941 6892
2942 6894
2943 6896
2944 6894
2945 6899
2946 6913
2947 6913
2948 6908
2949 6917
2950 6921
2951 6926
2952 6913
2953 6928
2954 6914
2955 6926
2956 6939
2957 6917
2958 6918
2959 6926
2960 6929
2961 6946
2962 6930
2963 6919
2964 6921
2965 6931
2966 6926
2967 6939
2968 6936
2969 6937
2970 6934
2971 6939
2972 6946
2973 6953
2974 6942
2975 6954
2976 6944
2977 6951
2978 6950
2979 6946
2980 6947
2981 6947
2982 6957
2983 6947
2984 6950
2985 6956
2986 6960
2987 6967
2988 6972
2989 6965
2990 6978
2991 6980
2992 6999
2993 6984
2994 6993
2995 6990
2996 6991
2997 7001
2998 7006
2999 7019
3000 7007
3001 7016
3002 7013
3003 7020
3004 7024
3005 7033
3006 7032
3007 7048
3008 7038
3009 7040
3010 7040
3011 7055
3012 7053
3013 7051
3014 7044
3015 7049
3016 7062
3017 7049
3018 7050
3019 7055
3020 7061
3021 7063
3022 7068
3023 7066
3024 7076
3025 7080
3026 7078
3027 7078
3028 7080
3029 7090
3030 7086
3031 7091
3032 7111
3033 7099
3034 7110
3035 7122
3036 7135
3037 7119
3038 7118
3039 7119
3040 7137
3041 7154
3042 7121
3043 7119
3044 7138
3045 7138
3046 7120
3047 7121
3048 7127
3049 7136
3050 7128
3051 7135
3052 7139
3053 7140
3054 7148
3055 7137
3056 7144
3057 7157
3058 7159
3059 7169
3060 7168
3061 7177
3062 7197
3063 7186
3064 7181
3065 7194
3066 7198
3067 7212
3068 7218
3069 7200
3070 7215
3071 7235
3072 7214
3073 7212
3074 7232
3075 7246
3076 7242
3077 7249
3078 7267
3079 7245
3080 7246
3081 7262
3082 7249
3083 7264
3084 7252
3085 7268
3086 7260
3087 7261
3088 7269
3089 7273
3090 7278
3091 7286
3092 7266
3093 7269
3094 7275
3095 7291
3096 7307
3097 7302
3098 7310
3099 7292
3100 7312
3101 7300
3102 7314
3103 7299
3104 7301
3105 7310
3106 7300
3107 7311
3108 7314
3109 7305
3110 7314
3111 7318
3112 7319
3113 7327
3114 7323
3115 7332
3116 7322
3117 7342
3118 7353
3119 7325
3120 7327
3121 7342
3122 7354
3123 7355
3124 7347
3125 7351
3126 7343
3127 7346
3128 7344
3129 7352
3130 7363
3131 7376
3132 7352
3133 7368
3134 7353
3135 7367
3136 7357
3137 7372
3138 7370
3139 7387
3140 7359
3141 7368
3142 7377
3143 7385
3144 7383
3145 7398
3146 7405
3147 7390
3148 7390
3149 7405
3150 7404
3151 7397
3152 7407
3153 7400
3154 7403
3155 7414
3156 7420
3157 7404
3158 7420
3159 7406
3160 7416
3161 7411
3162 7420
3163 7413
3164 7420
3165 7423
3166 7423
3167 7419
3168 7423
3169 7438
3170 7423
3171 7439
3172 7429
3173 7443
3174 7442
3175 7430
3176 7447
3177 7443
3178 7447
3179 7460
3180 7446
3181 7460
3182 7450
3183 7466
3184 7452
3185 7458
3186 7462
3187 7458
3188 7475
3189 7464
3190 7462
3191 7463
3192 7483
3193 7465
3194 7485
3195 7476
3196 7479
3197 7476
3198 7489
3199 7487
3200 7505
3201 7488
3202 7492
3203 7499
3204 7499
3205 7502
3206 7492
3207 7511
3208 7510
3209 7526
3210 7510
3211 7505
3212 7507
3213 7520
3214 7511
3215 7524
3216 7519
3217 7518
3218 7519
3219 7529
3220 7524
3221 7522
3222 7536
3223 7528
3224 7531
3225 7551
3226 7535
3227 7551
3228 7566
3229 7546
3230 7546
3231 7547
3232 7555
3233 7548
3234 7550
3235 7558
3236 7569
3237 7564
3238 7561
3239 7566
3240 7571
3241 7573
3242 7586
3243 7583
3244 7590
3245 7606
3246 7577
3247 7587
3248 7581
3249 7582
3250 7594
3251 7587
3252 7597
3253 7589
3254 7590
3255 7603
3256 7606
3257 7619
3258 7590
3259 7592
3260 7604
3261 7603
3262 7610
3263 7599
3264 7604
3265 7600
3266 7600
3267 7610
3268 7611
3269 7601
3270 7610
3271 7614
3272 7627
3273 7613
3274 7620
3275 7621
3276 7632
3277 7646
3278 7659
3279 7672
3280 7641
3281 7651
3282 7651
3283 7649
3284 7661
3285 7654
3286 7661
3287 7669
3288 7670
3289 7679
3290 7690
3291 7695
3292 7675
3293 7681
3294 7690
3295 7676
3296 7692
3297 7679
3298 7686
3299 7691
3300 7695
3301 7690
3302 7701
3303 7701
3304 7703
3305 7706
3306 7712
3307 7714
3308 7709
3309 7727
3310 7737
3311 7743
3312 7741
3313 7710
3314 7712
3315 7725
3316 7716
3317 7712
3318 7713
3319 7727
3320 7731
3321 7723
3322 7729
3323 7742
3324 7754
3325 7737
3326 7751
3327 7746
3328 7749
3329 7754
3330 7746
3331 7764
3332 7753
3333 7772
3334 7758
3335 7766
3336 7755
3337 7761
3338 7772
3339 7763
3340 7766
3341 7768
3342 7775
3343 7766
3344 7775
3345 7785
3346 7775
3347 7778
3348 7792
3349 7777
3350 7781
3351 7790
3352 7793
3353 7800
3354 7800
3355 7795
3356 7802
3357 7801
3358 7809
3359 7799
3360 7812
3361 7810
3362 7813
3363 7825
3364 7811
3365 7812
3366 7812
3367 7816
3368 7827
3369 7831
3370 7814
3371 7815
3372 7831
3373 7821
3374 7839
3375 7829
3376 7844
3377 7845
3378 7849
3379 7852
3380 7842
3381 7858
3382 7849
3383 7850
3384 7859
3385 7863
3386 7866
3387 7873
3388 7867
3389 7864
3390 7874
3391 7875
3392 7891
3393 7879
3394 7887
3395 7890
3396 7880
3397 7895
3398 7890
3399 7894
3400 7911
3401 7900
3402 7895
3403 7912
3404 7899
3405 7914
3406 7909
3407 7922
3408 7910
3409 7929
3410 7949
3411 7927
3412 7931
3413 7944
3414 7943
3415 7935
3416 7952
3417 7941
3418 7944
3419 7938
3420 7950
3421 7942
3422 7948
3423 7956
3424 7957
3425 7967
3426 7956
3427 7958
3428 7970
3429 7962
3430 7977
3431 7967
3432 7976
3433 7967
3434 7983
3435 7992
3436 7982
3437 7980
3438 7981
3439 7998
3440 7985
3441 8002
3442 7999
3443 8018
3444 8022
3445 8003
3446 8023
3447 8016
3448 8009
3449 8019
3450 8023
3451 8022
3452 8038
3453 8032
3454 8036
3455 8042
3456 8035
3457 8052
3458 8061
3459 8063
3460 8052
3461 8070
3462 8071
3463 8089
3464 8085
3465 8098
3466 8095
3467 8081
3468 8099
3469 8102
3470 8107
3471 8122
3472 8122
3473 8108
3474 8120
3475 8121
3476 8127
3477 8134
3478 8139
3479 8126
3480 8131
3481 8138
3482 8145
3483 8142
3484 8156
3485 8175
3486 8153
3487 8171
3488 8160
3489 8163
3490 8154
3491 8169
3492 8160
3493 8158
3494 8168
3495 8165
3496 8180
3497 8166
3498 8170
3499 8181
3500 8168
3501 8181
3502 8179
3503 8187
3504 8200
3505 8201
3506 8210
3507 8203
3508 8204
3509 8215
3510 8220
3511 8224
3512 8225
3513 8234
3514 8243
3515 8246
3516 8240
3517 8254
3518 8264
3519 8250
3520 8267
3521 8253
3522 8262
3523 8266
3524 8266
3525 8274
3526 8263
3527 8264
3528 8271
3529 8270
3530 8281
3531 8274
3532 8276
3533 8275
3534 8279
3535 8284
3536 8292
3537 8294
3538 8295
3539 8310
3540 8324
3541 8313
3542 8320
3543 8302
3544 8309
3545 8314
3546 8315
3547 8305
3548 8320
3549 8325
3550 8333
3551 8318
3552 8330
3553 8348
3554 8355
3555 8325
3556 8328
3557 8343
3558 8330
3559 8345
3560 8331
3561 8336
3562 8342
3563 8341
3564 8351
3565 8344
3566 8348
3567 8350
3568 8356
3569 8355
3570 8375
3571 8363
3572 8371
3573 8367
3574 8368
3575 8374
3576 8369
3577 8385
3578 8383
3579 8388
3580 8397
3581 8396
3582 8405
3583 8410
3584 8405
3585 8421
3586 8414
3587 8431
3588 8419
3589 8427
3590 8421
3591 8426
3592 8432
3593 8436
3594 8443
3595 8431
3596 8443
3597 8458
3598 8443
3599 8450
3600 8444
3601 8454
3602 8461
3603 8452
3604 8457
3605 8458
3606 8460
3607 8463
3608 8476
3609 8475
3610 8481
3611 8497
3612 8504
3613 8483
3614 8490
3615 8487
3616 8503
3617 8495
3618 8496
3619 8511
3620 8519
3621 8522
3622 8528
3623 8527
3624 8527
3625 8535
3626 8555
3627 8551
3628 8534
3629 8551
3630 8564
3631 8546
3632 8551
3633 8549
3634 8558
3635 8556
3636 8564
3637 8576
3638 8581
3639 8566
3640 8570
3641 8580
3642 8582
3643 8600
3644 8567
3645 8577
3646 8579
3647 8587
3648 8571
3649 8590
3650 8586
3651 8587
3652 8583
3653 8601
3654 8602
3655 8584
3656 8595
3657 8589
3658 8600
3659 8602
3660 8588
3661 8590
3662 8598
3663 8600
3664 8602
3665 8601
3666 8610
3667 8610
3668 8606
3669 8624
3670 8625
3671 8632
3672 8625
3673 8633
3674 8631
3675 8641
3676 8644
3677 8631
3678 8643
3679 8645
3680 8645
3681 8658
3682 8659
3683 8659
3684 8652
3685 8671
3686 8656
3687 8662
3688 8665
3689 8653
3690 8660
3691 8658
3692 8661
3693 8664
3694 8664
3695 8662
3696 8674
3697 8679
3698 8663
3699 8671
3700 8670
3701 8680
3702 8679
3703 8680
3704 8679
3705 8687
3706 8694
3707 8690
3708 8697
3709 8691
3710 8711
3711 8699
3712 8700
3713 8712
3714 8693
3715 8711
3716 8711
3717 8712
3718 8698
3719 8714
3720 8706
3721 8716
3722 8712
3723 8708
3724 8721
3725 8716
3726 8730
3727 8736
3728 8752
3729 8750
3730 8734
3731 8741
3732 8752
3733 8746
3734 8763
3735 8744
3736 8756
3737 8763
3738 8775
3739 8778
3740 8765
3741 8772
3742 8769
3743 8777
3744 8775
3745 8779
3746 8790
3747 8791
3748 8787
3749 8776
3750 8790
3751 8778
3752 8777
3753 8779
3754 8777
3755 8797
3756 8778
3757 8791
3758 8788
3759 8797
3760 8806
3761 8808
3762 8795
3763 8802
3764 8820
3765 8809
3766 8814
3767 8811
3768 8827
3769 8832
3770 8812
3771 8815
3772 8826
3773 8834
3774 8827
3775 8832
3776 8844
3777 8861
3778 8834
3779 8850
3780 8847
3781 8848
3782 8854
3783 8849
3784 8858
3785 8866
3786 8857
3787 8868
3788 8884
3789 8870
3790 8870
3791 8877
3792 8870
3793 8873
3794 8887
3795 8878
3796 8890
3797 8893
3798 8887
3799 8904
3800 8899
3801 8888
3802 8888
3803 8908
3804 8908
3805 8918
3806 8898
3807 8899
3808 8911
3809 8928
3810 8930
3811 8916
3812 8920
3813 8934
3814 8944
3815 8953
3816 8930
3817 8928
3818 8938
3819 8938
3820 8943
3821 8943
3822 8959
3823 8968
3824 8962
3825 8970
3826 8978
3827 8972
3828 8989
3829 8968
3830 8977
3831 8982
3832 8994
3833 8998
3834 8969
3835 8978
3836 8985
3837 8981
3838 8970
3839 8977
3840 8980
3841 8996
3842 8988
3843 8993
3844 9006
3845 9013
3846 9016
3847 9002
3848 9014
3849 9034
3850 9022
3851 9008
3852 9016
3853 9020
3854 9018
3855 9030
3856 9018
3857 9030
3858 9023
3859 9025
3860 9026
3861 9033
3862 9029
3863 9044
3864 9051
3865 9065
3866 9034
3867 9050
3868 9048
3869 9042
3870 9045
3871 9054
3872 9061
3873 9047
3874 9058
3875 9046
3876 9048
3877 9059
3878 9059
3879 9055
3880 9074
3881 9074
3882 9091
3883 9092
3884 9101
3885 9121
3886 9099
3887 9116
3888 9105
3889 9118
3890 9109
3891 9119
3892 9134
3893 9113
3894 9124
3895 9113
3896 9124
3897 9115
3898 9123
3899 9117
3900 9126
3901 9136
3902 9135
3903 9141
3904 9121
3905 9122
3906 9127
3907 9128
3908 9141
3909 9138
3910 9139
3911 9132
3912 9147
3913 9152
3914 9134
3915 9139
3916 9139
3917 9153
3918 9149
3919 9150
3920 9169
3921 9159
3922 9156
3923 9166
3924 9178
3925 9185
3926 9174
3927 9180
3928 9170
3929 9187
3930 9181
3931 9176
3932 9180
3933 9189
3934 9191
3935 9195
3936 9196
3937 9210
3938 9208
3939 9202
3940 9215
3941 9204
3942 9222
3943 9211
3944 9219
3945 9228
3946 9207
3947 9208
3948 9209
3949 9214
3950 9229
3951 9244
3952 9248
3953 9213
3954 9224
3955 9218
3956 9227
3957 9233
3958 9231
3959 9228
3960 9243
3961 9239
3962 9237
3963 9239
3964 9257
3965 9250
3966 9245
3967 9263
3968 9248
3969 9258
3970 9259
3971 9258
3972 9268
3973 9283
3974 9262
3975 9264
3976 9281
3977 9267
3978 9269
3979 9274
3980 9274
3981 9279
3982 9287
3983 9285
3984 9294
3985 9287
3986 9304
3987 9292
3988 9296
3989 9303
3990 9302
3991 9312
3992 9318
3993 9307
3994 9314
3995 9325
3996 9329
3997 9314
3998 9334
3999 9332
4000 9349
4001 9365
4002 9354
4003 9344
4004 9362
4005 9359
4006 9362
4007 9365
4008 9351
4009 9352
4010 9358
4011 9364
4012 9358
4013 9378
4014 9369
4015 9370
4016 9389
4017 9376
4018 9395
4019 9386
4020 9397
4021 9405
4022 9424
4023 9436
4024 9399
4025 9401
4026 9408
4027 9410
4028 9417
4029 9423
4030 9411
4031 9414
4032 9412
4033 9423
4034 9418
4035 9426
4036 9418
4037 9419
4038 9433
4039 9420
4040 9420
4041 9427
4042 9429
4043 9435
4044 9438
4045 9444
4046 9443
4047 9439
4048 9455
4049 9453
4050 9472
4051 9455
4052 9461
4053 9457
4054 9464
4055 9461
4056 9467
4057 9468
4058 9467
4059 9474
4060 9468
4061 9477
4062 9473
4063 9474
4064 9486
4065 9494
4066 9485
4067 9497
4068 9501
4069 9502
4070 9522
4071 9500
4072 9502
4073 9516
4074 9517
4075 9506
4076 9511
4077 9510
4078 9515
4079 9509
4080 9515
4081 9510
4082 9519
4083 9521
4084 9520
4085 9526
4086 9531
4087 9529
4088 9537
4089 9533
4090 9540
4091 9549
4092 9535
4093 9548
4094 9539
4095 9539
4096 9540
4097 9546
4098 9551
4099 9566
4100 9574
4101 9586
4102 9570
4103 9586
4104 9583
4105 9579
4106 9586
4107 9597
4108 9580
4109 9589
4110 9596
4111 9598
4112 9603
4113 9594
4114 9598
4115 9599
4116 9610
4117 9617
4118 9600
4119 9609
4120 9619
4121 9602
4122 9614
4123 9603
4124 9615
4125 9606
4126 9606
4127 9616
4128 9607
4129 9616
4130 9624
4131 9621
4132 9608
4133 9622
4134 9621
4135 9614
4136 9627
4137 9631
4138 9632
4139 9618
4140 9632
4141 9625
4142 9636
4143 9641
4144 9621
4145 9631
4146 9635
4147 9636
4148 9651
4149 9643
4150 9650
4151 9645
4152 9652
4153 9656
4154 9656
4155 9675
4156 9646
4157 9650
4158 9664
4159 9648
4160 9656
4161 9659
4162 9661
4163 9663
4164 9662
4165 9664
4166 9663
4167 9680
4168 9676
4169 9674
4170 9690
4171 9676
4172 9689
4173 9682
4174 9684
4175 9691
4176 9692
4177 9698
4178 9694
4179 9701
4180 9696
4181 9710
4182 9695
4183 9704
4184 9701
4185 9712
4186 9709
4187 9716
4188 9724
4189 9720
4190 9721
4191 9734
4192 9736
4193 9748
4194 9751
4195 9739
4196 9749
4197 9753
4198 9755
4199 9769
4200 9755
4201 9756
4202 9769
4203 9768
4204 9757
4205 9764
4206 9773
4207 9771
4208 9782
4209 9799
4210 9792
4211 9773
4212 9786
4213 9783
4214 9787
4215 9803
4216 9805
4217 9800
4218 9811
4219 9791
4220 9793
4221 9795
4222 9806
4223 9798
4224 9799
4225 9806
4226 9814
4227 9803
4228 9815
4229 9807
4230 9810
4231 9815
4232 9805
4233 9822
4234 9816
4235 9828
4236 9844
4237 9860
4238 9826
4239 9835
4240 9840
4241 9846
4242 9842
4243 9849
4244 9850
4245 9851
4246 9869
4247 9859
4248 9869
4249 9871
4250 9883
4251 9861
4252 9872
4253 9869
4254 9882
4255 9877
4256 9881
4257 9882
4258 9889
4259 9882
4260 9887
4261 9903
4262 9888
4263 9895
4264 9899
4265 9906
4266 9919
4267 9915
4268 9915
4269 9909
4270 9925
4271 9921
4272 9938
4273 9915
4274 9929
4275 9917
4276 9935
4277 9928
4278 9923
4279 9934
4280 9937
4281 9925
4282 9938
4283 9933
4284 9943
4285 9945
4286 9939
4287 9958
4288 9947
4289 9940
4290 9953
4291 9958
4292 9958
4293 9969
4294 9948
4295 9962
4296 9961
4297 9956
4298 9952
4299 9953
4300 9970
4301 9961
4302 9969
4303 9972
4304 9959
4305 9966
4306 9963
4307 9979
4308 9991
4309 9972
4310 9967
4311 9974
4312 9970
4313 9987
4314 9973
4315 9982
4316 9984
4317 9989
4318 9984
4319 9983
4320 9993
4321 10012
4322 10003
4323 9993
4324 10010
4325 9998
4326 10004
4327 10010
4328 10001
4329 10002
4330 10018
4331 10032
4332 10027
4333 10023
4334 10041
4335 10033
4336 10050
4337 10040
4338 10053
4339 10053
4340 10046
4341 10060
4342 10049
4343 10062
4344 10055
4345 10056
4346 10054
4347 10064
4348 10062
4349 10060
4350 10074
4351 10061
4352 10067
4353 10080
4354 10073
4355 10073
4356 10082
4357 10086
4358 10088
4359 10104
4360 10094
4361 10112
4362 10102
4363 10106
4364 10119
4365 10114
4366 10124
4367 10131
4368 10142
4369 10132
4370 10135
4371 10132
4372 10148
4373 10161
4374 10147
4375 10140
4376 10142
4377 10145
4378 10154
4379 10150
4380 10154
4381 10159
4382 10167
4383 10171
4384 10171
4385 10174
4386 10182
4387 10176
4388 10183
4389 10194
4390 10196
4391 10200
4392 10202
4393 10205
4394 10212
4395 10223
4396 10217
4397 10206
4398 10224
4399 10234
4400 10251
4401 10215
4402 10226
4403 10246
4404 10228
4405 10244
4406 10248
4407 10251
4408 10248
4409 10251
4410 10260
4411 10254
4412 10261
4413 10265
4414 10265
4415 10259
4416 10278
4417 10267
4418 10267
4419 10268
4420 10270
4421 10283
4422 10284
4423 10284
4424 10301
4425 10295
4426 10290
4427 10297
4428 10294
4429 10307
4430 10304
4431 10297
4432 10305
4433 10313
4434 10299
4435 10300
4436 10302
4437 10318
4438 10303
4439 10318
4440 10325
4441 10329
4442 10315
4443 10327
4444 10323
4445 10324
4446 10334
4447 10326
4448 10327
4449 10332
4450 10331
4451 10344
4452 10330
4453 10347
4454 10344
4455 10344
4456 10332
4457 10337
4458 10345
4459 10338
4460 10346
4461 10366
4462 10355
4463 10358
4464 10356
4465 10366
4466 10359
4467 10362
4468 10367
4469 10376
4470 10364
4471 10366
4472 10374
4473 10384
4474 10381
4475 10378
4476 10382
4477 10393
4478 10389
4479 10398
4480 10399
4481 10405
4482 10394
4483 10406
4484 10397
4485 10414
4486 10403
4487 10410
4488 10414
4489 10420
4490 10406
4491 10407
4492 10416
4493 10420
4494 10428
4495 10421
4496 10417
4497 10436
4498 10424
4499 10431
4500 10448
4501 10426
4502 10436
4503 10439
4504 10446
4505 10432
4506 10449
4507 10437
4508 10452
4509 10448
4510 10449
4511 10463
4512 10474
4513 10473
4514 10482
4515 10465
4516 10480
4517 10482
4518 10493
4519 10492
4520 10507
4521 10512
4522 10524
4523 10522
4524 10518
4525 10513
4526 10527
4527 10518
4528 10528
4529 10534
4530 10544
4531 10535
4532 10536
4533 10555
4534 10539
4535 10558
4536 10565
4537 10546
4538 10552
4539 10566
4540 10562
4541 10565
4542 10585
4543 10563
4544 10583
4545 10569
4546 10578
4547 10572
4548 10573
4549 10577
4550 10593
4551 10575
4552 10595
4553 10586
4554 10601
4555 10594
4556 10606
4557 10598
4558 10587
4559 10599
4560 10600
4561 10603
4562 10589
4563 10603
4564 10590
4565 10603
4566 10592
4567 10606
4568 10607
4569 10600
4570 10612
4571 10608
4572 10620
4573 10621
4574 10627
4575 10613
4576 10619
4577 10628
4578 10644
4579 10630
4580 10624
4581 10632
4582 10635
4583 10644
4584 10635
4585 10636
4586 10647
4587 10637
4588 10647
4589 10652
4590 10652
4591 10641
4592 10654
4593 10649
4594 10648
4595 10654
4596 10668
4597 10674
4598 10680
4599 10681
4600 10694
4601 10698
4602 10700
4603 10693
4604 10688
4605 10690
4606 10709
4607 10697
4608 10709
4609 10709
4610 10693
4611 10713
4612 10703
4613 10702
4614 10712
4615 10703
4616 10706
4617 10710
4618 10708
4619 10707
4620 10713
4621 10714
4622 10715
4623 10720
4624 10717
4625 10726
4626 10741
4627 10731
4628 10725
4629 10729
4630 10737
4631 10742
4632 10755
4633 10742
4634 10751
4635 10748
4636 10745
4637 10758
4638 10758
4639 10760
4640 10761
4641 10773
4642 10762
4643 10777
4644 10771
4645 10772
4646 10779
4647 10780
4648 10784
4649 10784
4650 10792
4651 10800
4652 10797
4653 10817
4654 10810
4655 10799
4656 10801
4657 10813
4658 10811
4659 10814
4660 10821
4661 10837
4662 10851
4663 10819
4664 10831
4665 10839
4666 10826
4667 10837
4668 10838
4669 10837
4670 10839
4671 10845
4672 10860
4673 10862
4674 10881
4675 10884
4676 10880
4677 10868
4678 10868
4679 10877
4680 10872
4681 10878
4682 10895
4683 10876
4684 10891
4685 10889
4686 10890
4687 10910
4688 10908
4689 10917
4690 10909
4691 10903
4692 10912
4693 10916
4694 10915
4695 10917
4696 10916
4697 10917
4698 10921
4699 10939
4700 10944
4701 10924
4702 10930
4703 10936
4704 10945
4705 10944
4706 10937
4707 10940
4708 10953
4709 10942
4710 10949
4711 10968
4712 10944
4713 10943
4714 10948
4715 10952
4716 10961
4717 10970
4718 10945
4719 10948
4720 10950
4721 10965
4722 10952
4723 10957
4724 10966
4725 10962
4726 10979
4727 10966
4728 10972
4729 10976
4730 10965
4731 10966
4732 10972
4733 10980
4734 10986
4735 10997
4736 10978
4737 10982
4738 10996
4739 10994
4740 10994
4741 10994
4742 10998
4743 10999
4744 11018
4745 11006
4746 11006
4747 11016
4748 11015
4749 11017
4750 11033
4751 11017
4752 11035
4753 11022
4754 11027
4755 11025
4756 11034
4757 11043
4758 11024
4759 11034
4760 11042
4761 11038
4762 11042
4763 11036
4764 11054
4765 11066
4766 11042
4767 11058
4768 11047
4769 11061
4770 11053
4771 11059
4772 11071
4773 11064
4774 11066
4775 11072
4776 11072
4777 11083
4778 11075
4779 11084
4780 11094
4781 11091
4782 11081
4783 11082
4784 11096
4785 11109
4786 11095
4787 11107
4788 11112
4789 11102
4790 11112
4791 11107
4792 11110
4793 11122
4794 11122
4795 11123
4796 11121
4797 11126
4798 11134
4799 11134
4800 11146
4801 11138
4802 11158
4803 11147
4804 11148
4805 11158
4806 11160
4807 11161
4808 11179
4809 11193
4810 11163
4811 11173
4812 11176
4813 11185
4814 11186
4815 11187
4816 11206
4817 11206
4818 11202
4819 11214
4820 11213
4821 11221
4822 11227
4823 11214
4824 11221
4825 11230
4826 11227
4827 11226
4828 11239
4829 11232
4830 11242
4831 11237
4832 11241
4833 11241
4834 11253
4835 11241
4836 11246
4837 11248
4838 11249
4839 11264
4840 11261
4841 11266
4842 11268
4843 11263
4844 11279
4845 11277
4846 11274
4847 11277
4848 11278
4849 11275
4850 11287
4851 11293
4852 11286
4853 11288
4854 11294
4855 11295
4856 11291
4857 11297
4858 11292
4859 11298
4860 11296
4861 11305
4862 11308
4863 11322
4864 11310
4865 11307
4866 11327
4867 11322
4868 11342
4869 11352
4870 11308
4871 11327
4872 11324
4873 11320
4874 11309
4875 11326
4876 11337
4877 11337
4878 11347
4879 11363
4880 11356
4881 11338
4882 11348
4883 11358
4884 11356
4885 11341
4886 11358
4887 11342
4888 11350
4889 11350
4890 11358
4891 11343
4892 11353
4893 11348
4894 11361
4895 11351
4896 11349
4897 11364
4898 11367
4899 11356
4900 11364
4901 11367
4902 11368
4903 11364
4904 11367
4905 11379
4906 11370
4907 11370
4908 11383
4909 11389
4910 11390
4911 11373
4912 11380
4913 11385
4914 11389
4915 11395
4916 11398
4917 11406
4918 11418
4919 11425
4920 11404
4921 11409
4922 11420
4923 11420
4924 11409
4925 11408
4926 11415
4927 11430
4928 11419
4929 11419
4930 11437
4931 11441
4932 11446
4933 11429
4934 11436
4935 11443
4936 11455
4937 11460
4938 11474
4939 11477
4940 11448
4941 11449
4942 11463
4943 11457
4944 11466
4945 11458
4946 11474
4947 11480
4948 11469
4949 11464
4950 11483
4951 11465
4952 11478
4953 11480
4954 11474
4955 11477
4956 11480
4957 11478
4958 11489
4959 11488
4960 11498
4961 11505
4962 11505
4963 11494
4964 11507
4965 11514
4966 11499
4967 11502
4968 11501
4969 11514
4970 11517
4971 11521
4972 11502
4973 11514
4974 11513
4975 11507
4976 11507
4977 11512
4978 11521
4979 11512
4980 11521
4981 11527
4982 11544
4983 11523
4984 11529
4985 11522
4986 11531
4987 11541
4988 11531
4989 11544
4990 11536
4991 11538
4992 11548
4993 11535
4994 11550
4995 11543
4996 11556
4997 11552
4998 11559
4999 11559
5000 11557
5001 11556
5002 11560
5003 11563
5004 11565
5005 11582
5006 11567
5007 11572
5008 11590
5009 11570
5010 11584
5011 11572
5012 11589
5013 11588
5014 11575
5015 11578
5016 11589
5017 11595
5018 11590
5019 11601
5020 11614
5021 11605
5022 11615
5023 11621
5024 11625
5025 11613
5026 11630
5027 11624
5028 11640
5029 11636
5030 11653
5031 11647
5032 11666
5033 11671
5034 11678
5035 11665
5036 11652
5037 11655
5038 11664
5039 11678
5040 11665
5041 11659
5042 11668
5043 11674
5044 11684
5045 11669
5046 11673
5047 11676
5048 11677
5049 11689
5050 11705
5051 11681
5052 11684
5053 11686
5054 11700
5055 11711
5056 11704
5057 11706
5058 11697
5059 11699
5060 11711
5061 11705
5062 11701
5063 11716
5064 11719
5065 11721
5066 11735
5067 11720
5068 11720
5069 11727
5070 11729
5071 11744
5072 11737
5073 11739
5074 11740
5075 11750
5076 11753
5077 11748
5078 11753
5079 11747
5080 11751
5081 11764
5082 11757
5083 11764
5084 11769
5085 11782
5086 11801
5087 11791
5088 11792
5089 11807
5090 11827
5091 11829
5092 11817
5093 11811
5094 11814
5095 11819
5096 11838
5097 11823
5098 11834
5099 11843
5100 11855
5101 11841
5102 11845
5103 11858
5104 11856
5105 11870
5106 11849
5107 11856
5108 11859
5109 11853
5110 11859
5111 11875
5112 11873
5113 11872
5114 11871
5115 11888
5116 11886
5117 11879
5118 11897
5119 11898
5120 11906
5121 11890
5122 11891
5123 11901
5124 11918
5125 11892
5126 11893
5127 11898
5128 11909
5129 11922
5130 11918
5131 11936
5132 11909
5133 11926
5134 11921
5135 11925
5136 11940
5137 11936
5138 11928
5139 11939
5140 11932
5141 11946
5142 11934
5143 11952
5144 11939
5145 11952
5146 11941
5147 11959
5148 11972
5149 11964
5150 11977
5151 11977
5152 11985
5153 11994
5154 11990
5155 11993
5156 12008
5157 12001
5158 12016
5159 12012
5160 12013
5161 12021
5162 12025
5163 12032
5164 12022
5165 12022
5166 12037
5167 12044
5168 12042
5169 12057
5170 12035
5171 12048
5172 12051
5173 12046
5174 12048
5175 12051
5176 12065
5177 12047
5178 12066
5179 12067
5180 12080
5181 12093
5182 12070
5183 12076
5184 12081
5185 12072
5186 12075
5187 12072
5188 12077
5189 12076
5190 12095
5191 12097
5192 12094
5193 12110
5194 12128
5195 12108
5196 12128
5197 12098
5198 12116
5199 12101
5200 12112
5201 12114
5202 12105
5203 12119
5204 12110
5205 12117
5206 12123
5207 12137
5208 12135
5209 12140
5210 12146
5211 12147
5212 12150
5213 12157
5214 12143
5215 12149
5216 12145
5217 12160
5218 12162
5219 12163
5220 12162
5221 12166
5222 12181
5223 12171
5224 12172
5225 12171
5226 12182
5227 12198
5228 12191
5229 12209
5230 12199
5231 12197
5232 12211
5233 12199
5234 12215
5235 12211
5236 12217
5237 12227
5238 12218
5239 12214
5240 12215
5241 12229
5242 12243
5243 12230
5244 12218
5245 12219
5246 12235
5247 12229
5248 12233
5249 12231
5250 12241
5251 12241
5252 12250
5253 12242
5254 12255
5255 12242
5256 12256
5257 12255
5258 12275
5259 12275
5260 12274
5261 12277
5262 12280
5263 12279
5264 12285
5265 12295
5266 12296
5267 12312
5268 12304
5269 12300
5270 12307
5271 12311
5272 12313
5273 12326
5274 12320
5275 12330
5276 12317
5277 12325
5278 12328
5279 12329
5280 12347
5281 12344
5282 12351
5283 12370
5284 12384
5285 12386
5286 12374
5287 12380
5288 12379
5289 12382
5290 12380
5291 12383
5292 12383
5293 12393
5294 12391
5295 12401
5296 12385
5297 12393
5298 12395
5299 12401
5300 12412
5301 12395
5302 12405
5303 12421
5304 12404
5305 12415
5306 12427
5307 12432
5308 12407
5309 12426
5310 12427
5311 12444
5312 12426
5313 12415
5314 12429
5315 12423
5316 12438
5317 12424
5318 12427
5319 12442
5320 12424
5321 12436
5322 12438
5323 12444
5324 12460
5325 12443
5326 12445
5327 12452
5328 12446
5329 12461
5330 12452
5331 12455
5332 12457
5333 12447
5334 12448
5335 12453
5336 12465
5337 12458
5338 12460
5339 12470
5340 12485
5341 12466
5342 12471
5343 12473
5344 12484
5345 12468
5346 12472
5347 12469
5348 12483
5349 12489
5350 12472
5351 12473
5352 12491
5353 12477
5354 12483
5355 12481
5356 12488
5357 12491
5358 12492
5359 12501
5360 12492
5361 12504
5362 12518
5363 12508
5364 12521
5365 12518
5366 12526
5367 12538
5368 12530
5369 12534
5370 12546
5371 12538
5372 12535
5373 12546
5374 12552
5375 12564
5376 12541
5377 12547
5378 12551
5379 12557
5380 12552
5381 12567
5382 12577
5383 12562
5384 12566
5385 12572
5386 12580
5387 12585
5388 12574
5389 12574
5390 12580
5391 12589
5392 12581
5393 12598
5394 12592
5395 12596
5396 12612
5397 12613
5398 12616
5399 12631
5400 12624
5401 12620
5402 12626
5403 12632
5404 12633
5405 12635
5406 12651
5407 12641
5408 12652
5409 12670
5410 12650
5411 12667
5412 12642
5413 12659
5414 12649
5415 12652
5416 12659
5417 12649
5418 12658
5419 12660
5420 12678
5421 12661
5422 12659
5423 12667
5424 12661
5425 12675
5426 12670
5427 12662
5428 12663
5429 12681
5430 12694
5431 12668
5432 12682
5433 12670
5434 12687
5435 12678
5436 12684
5437 12696
5438 12702
5439 12679
5440 12693
5441 12701
5442 12695
5443 12683
5444 12691
5445 12694
5446 12703
5447 12712
5448 12707
5449 12706
5450 12726
5451 12707
5452 12721
5453 12722
5454 12720
5455 12719
5456 12737
5457 12729
5458 12733
5459 12737
5460 12722
5461 12742
5462 12723
5463 12732
5464 12739
5465 12735
5466 12751
5467 12765
5468 12752
5469 12745
5470 12754
5471 12751
5472 12748
5473 12765
5474 12749
5475 12767
5476 12765
5477 12752
5478 12760
5479 12760
5480 12766
5481 12757
5482 12760
5483 12761
5484 12769
5485 12776
5486 12778
5487 12783
5488 12781
5489 12784
5490 12783
5491 12793
5492 12792
5493 12812
5494 12796
5495 12799
5496 12802
5497 12801
5498 12805
5499 12804
5500 12810
5501 12818
5502 12830
5503 12824
5504 12832
5505 12847
5506 12852
5507 12843
5508 12859
5509 12877
5510 12867
5511 12859
5512 12866
5513 12861
5514 12878
5515 12868
5516 12868
5517 12884
5518 12872
5519 12884
5520 12882
5521 12888
5522 12877
5523 12887
5524 12882
5525 12887
5526 12896
5527 12908
5528 12895
5529 12890
5530 12902
5531 12896
5532 12915
5533 12902
5534 12893
5535 12903
5536 12899
5537 12904
5538 12910
5539 12909
5540 12916
5541 12919
5542 12913
5543 12914
5544 12924
5545 12930
5546 12916
5547 12927
5548 12932
5549 12939
5550 12934
5551 12927
5552 12930
5553 12946
5554 12938
5555 12943
5556 12950
5557 12940
5558 12953
5559 12954
5560 12962
5561 12949
5562 12953
5563 12955
5564 12970
5565 12969
5566 12979
5567 12996
5568 12984
5569 12993
5570 12982
5571 12991
5572 13002
5573 13001
5574 12997
5575 13000
5576 13011
5577 13011
5578 13015
5579 13018
5580 13018
5581 13034
5582 13016
5583 13018
5584 13018
5585 13033
5586 13020
5587 13037
5588 13042
5589 13034
5590 13046
5591 13033
5592 13036
5593 13041
5594 13036
5595 13038
5596 13056
5597 13054
5598 13040
5599 13051
5600 13059
5601 13049
5602 13060
5603 13052
5604 13071
5605 13059
5606 13051
5607 13061
5608 13058
5609 13059
5610 13075
5611 13060
5612 13071
5613 13091
5614 13089
5615 13078
5616 13080
5617 13087
5618 13083
5619 13097
5620 13092
5621 13100
5622 13107
5623 13112
5624 13103
5625 13098
5626 13112
5627 13104
5628 13117
5629 13135
5630 13121
5631 13122
5632 13123
5633 13124
5634 13128
5635 13134
5636 13126
5637 13131
5638 13135
5639 13149
5640 13133
5641 13134
5642 13141
5643 13141
5644 13139
5645 13159
5646 13146
5647 13153
5648 13157
5649 13159
5650 13148
5651 13166
5652 13170
5653 13156
5654 13149
5655 13153
5656 13169
5657 13152
5658 13169
5659 13176
5660 13180
5661 13153
5662 13171
5663 13163
5664 13165
5665 13176
5666 13174
5667 13164
5668 13171
5669 13179
5670 13186
5671 13178
5672 13195
5673 13187
5674 13184
5675 13185
5676 13193
5677 13204
5678 13198
5679 13193
5680 13196
5681 13199
5682 13217
5683 13197
5684 13198
5685 13215
5686 13204
5687 13208
5688 13210
5689 13212
5690 13231
5691 13232
5692 13222
5693 13229
5694 13240
5695 13248
5696 13262
5697 13231
5698 13240
5699 13248
5700 13235
5701 13248
5702 13236
5703 13253
5704 13255
5705 13250
5706 13246
5707 13261
5708 13259
5709 13266
5710 13256
5711 13258
5712 13276
5713 13270
5714 13266
5715 13272
5716 13259
5717 13268
5718 13275
5719 13264
5720 13275
5721 13295
5722 13300
5723 13278
5724 13292
5725 13290
5726 13286
5727 13300
5728 13286
5729 13293
5730 13306
5731 13288
5732 13290
5733 13304
5734 13294
5735 13294
5736 13308
5737 13307
5738 13313
5739 13315
5740 13331
5741 13325
5742 13321
5743 13333
5744 13327
5745 13340
5746 13341
5747 13326
5748 13336
5749 13335
5750 13336
5751 13351
5752 13348
5753 13365
5754 13354
5755 13358
5756 13367
5757 13355
5758 13371
5759 13372
5760 13379
5761 13378
5762 13384
5763 13387
5764 13386
5765 13392
5766 13401
5767 13411
5768 13406
5769 13395
5770 13401
5771 13404
5772 13416
5773 13422
5774 13401
5775 13409
5776 13408
5777 13410
5778 13409
5779 13417
5780 13418
5781 13422
5782 13431
5783 13422
5784 13430
5785 13430
5786 13433
5787 13432
5788 13434
5789 13441
5790 13442
5791 13450
5792 13453
5793 13459
5794 13460
5795 13454
5796 13461
5797 13467
5798 13473
5799 13474
5800 13487
5801 13488
5802 13477
5803 13496
5804 13491
5805 13506
5806 13490
5807 13493
5808 13509
5809 13508
5810 13515
5811 13498
5812 13507
5813 13525
5814 13509
5815 13506
5816 13508
5817 13513
5818 13518
5819 13531
5820 13515
5821 13526
5822 13532
5823 13540
5824 13533
5825 13551
5826 13537
5827 13552
5828 13535
5829 13545
5830 13551
5831 13539
5832 13546
5833 13557
5834 13557
5835 13553
5836 13556
5837 13560
5838 13573
5839 13561
5840 13569
5841 13570
5842 13571
5843 13583
5844 13588
5845 13576
5846 13587
5847 13595
5848 13577
5849 13583
5850 13593
5851 13594
5852 13586
5853 13602
5854 13592
5855 13599
5856 13605
5857 13614
5858 13596
5859 13614
5860 13611
5861 13616
5862 13620
5863 13627
5864 13635
5865 13624
5866 13621
5867 13630
5868 13628
5869 13633
5870 13647
5871 13637
5872 13654
5873 13642
5874 13658
5875 13651
5876 13647
5877 13651
5878 13658
5879 13651
5880 13648
5881 13661
5882 13656
5883 13664
5884 13649
5885 13654
5886 13658
5887 13651
5888 13656
5889 13657
5890 13660
5891 13674
5892 13687
5893 13671
5894 13664
5895 13684
5896 13704
5897 13692
5898 13670
5899 13683
5900 13671
5901 13688
5902 13685
5903 13691
5904 13697
5905 13691
5906 13702
5907 13714
5908 13707
5909 13721
5910 13709
5911 13715
5912 13724
5913 13722
5914 13724
5915 13740
5916 13755
5917 13728
5918 13741
5919 13736
5920 13745
5921 13743
5922 13751
5923 13742
5924 13755
5925 13750
5926 13769
5927 13774
5928 13769
5929 13780
5930 13785
5931 13790
5932 13779
5933 13784
5934 13788
5935 13784
5936 13800
5937 13805
5938 13803
5939 13795
5940 13801
5941 13808
5942 13825
5943 13797
5944 13800
5945 13815
5946 13804
5947 13806
5948 13812
5949 13817
5950 13821
5951 13836
5952 13846
5953 13832
5954 13846
5955 13835
5956 13846
5957 13836
5958 13836
5959 13839
5960 13855
5961 13845
5962 13846
5963 13860
5964 13880
5965 13863
5966 13850
5967 13861
5968 13852
5969 13854
5970 13869
5971 13860
5972 13857
5973 13858
5974 13870
5975 13865
5976 13881
5977 13867
5978 13871
5979 13878
5980 13889
5981 13889
5982 13885
5983 13891
5984 13879
5985 13893
5986 13892
5987 13887
5988 13889
5989 13901
5990 13891
5991 13892
5992 13898
5993 13908
5994 13908
5995 13924
5996 13927
5997 13931
5998 13919
5999 13926
6000 13937
6001 13951
6002 13941
6003 13959
6004 13927
6005 13938
6006 13952
6007 13937
6008 13930
6009 13933
6010 13942
6011 13939
6012 13952
6013 13939
6014 13954
6015 13957
6016 13952
6017 13967
6018 13987
6019 13973
6020 13992
6021 13978
6022 13975
6023 13987
6024 13988
6025 13991
6026 13993
6027 13997
6028 13997
6029 14009
6030 14001
6031 14008
6032 14016
6033 14014
6034 14034
6035 14011
6036 14013
6037 14026
6038 14019
6039 14029
6040 14027
6041 14030
6042 14029
6043 14040
6044 14032
6045 14046
6046 14066
6047 14076
6048 14057
6049 14064
6050 14062
6051 14058
6052 14064
6053 14059
6054 14073
6055 14078
6056 14080
6057 14081
6058 14090
6059 14078
6060 14086
6061 14104
6062 14090
6063 14094
6064 14108
6065 14110
6066 14102
6067 14117
6068 14119
6069 14104
6070 14121
6071 14135
6072 14106
6073 14108
6074 14120
6075 14130
6076 14121
6077 14139
6078 14133
6079 14144
6080 14152
6081 14150
6082 14136
6083 14138
6084 14144
6085 14152
6086 14137
6087 14145
6088 14143
6089 14138
6090 14155
6091 14151
6092 14146
6093 14164
6094 14154
6095 14163
6096 14177
6097 14151
6098 14170
6099 14187
6100 14152
6101 14155
6102 14157
6103 14163
6104 14154
6105 14161
6106 14166
6107 14166
6108 14180
6109 14180
6110 14186
6111 14183
6112 14178
6113 14196
6114 14186
6115 14179
6116 14190
6117 14184
6118 14198
6119 14188
6120 14195
6121 14200
6122 14208
6123 14193
6124 14195
6125 14211
6126 14201
6127 14198
6128 14201
6129 14202
6130 14212
6131 14220
6132 14237
6133 14215
6134 14221
6135 14226
6136 14231
6137 14237
6138 14217
6139 14220
6140 14228
6141 14234
6142 14225
6143 14227
6144 14244
6145 14231
6146 14240
6147 14245
6148 14248
6149 14257
6150 14254
6151 14258
6152 14255
6153 14260
6154 14262
6155 14268
6156 14282
6157 14297
6158 14284
6159 14280
6160 14284
6161 14293
6162 14298
6163 14316
6164 14320
6165 14295
6166 14302
6167 14312
6168 14298
6169 14308
6170 14304
6171 14308
6172 14306
6173 14312
6174 14309
6175 14324
6176 14328
6177 14340
6178 14338
6179 14343
6180 14363
6181 14349
6182 14356
6183 14369
6184 14365
6185 14354
6186 14363
6187 14361
6188 14361
6189 14362
6190 14377
6191 14394
6192 14390
6193 14377
6194 14380
6195 14383
6196 14390
6197 14396
6198 14399
6199 14401
6200 14394
6201 14397
6202 14396
6203 14412
6204 14400
6205 14406
6206 14420
6207 14424
6208 14402
6209 14411
6210 14408
6211 14416
6212 14414
6213 14420
6214 14430
6215 14433
6216 14434
6217 14430
6218 14449
6219 14443
6220 14444
6221 14447
6222 14452
6223 14456
6224 14464
6225 14461
6226 14466
6227 14475
6228 14462
6229 14465
6230 14477
6231 14473
6232 14475
6233 14480
6234 14481
6235 14491
6236 14481
6237 14493
6238 14494
6239 14499
6240 14495
6241 14500
6242 14517
6243 14507
6244 14506
6245 14511
6246 14519
6247 14524
6248 14525
6249 14515
6250 14532
6251 14519
6252 14538
6253 14528
6254 14532
6255 14529
6256 14537
6257 14532
6258 14531
6259 14546
6260 14562
6261 14544
6262 14549
6263 14549
6264 14546
6265 14564
6266 14560
6267 14557
6268 14568
6269 14573
6270 14564
6271 14579
6272 14571
6273 14590
6274 14595
6275 14585
6276 14579
6277 14594
6278 14591
6279 14597
6280 14605
6281 14610
6282 14597
6283 14600
6284 14617
6285 14610
6286 14628
6287 14613
6288 14620
6289 14623
6290 14643
6291 14633
6292 14649
6293 14647
6294 14638
6295 14648
6296 14649
6297 14656
6298 14647
6299 14655
6300 14648
6301 14664
6302 14661
6303 14668
6304 14686
6305 14688
6306 14669
6307 14683
6308 14689
6309 14680
6310 14672
6311 14691
6312 14700
6313 14687
6314 14694
6315 14687
6316 14692
6317 14707
6318 14694
6319 14695
6320 14713
6321 14699
6322 14707
6323 14708
6324 14710
6325 14717
6326 14702
6327 14717
6328 14721
6329 14705
6330 14712
6331 14723
6332 14708
6333 14719
6334 14718
6335 14724
6336 14711
6337 14714
6338 14716
6339 14728
6340 14716
6341 14730
6342 14743
6343 14728
6344 14733
6345 14736
6346 14747
6347 14756
6348 14743
6349 14745
6350 14759
6351 14762
6352 14760
6353 14774
6354 14764
6355 14765
6356 14772
6357 14773
6358 14765
6359 14766
6360 14781
6361 14783
6362 14784
6363 14779
6364 14791
6365 14791
6366 14798
6367 14788
6368 14789
6369 14805
6370 14796
6371 14807
6372 14815
6373 14800
6374 14819
6375 14829
6376 14840
6377 14808
6378 14811
6379 14809
6380 14810
6381 14822
6382 14815
6383 14821
6384 14825
6385 14822
6386 14831
6387 14827
6388 14843
6389 14848
6390 14841
6391 14846
6392 14855
6393 14857
6394 14861
6395 14858
6396 14869
6397 14889
6398 14876
6399 14862
6400 14871
6401 14872
6402 14890
6403 14880
6404 14878
6405 14890
6406 14891
6407 14894
6408 14908
6409 14896
6410 14907
6411 14899
6412 14903
6413 14900
6414 14898
6415 14907
6416 14906
6417 14917
6418 14910
6419 14910
6420 14913
6421 14911
6422 14915
6423 14917
6424 14917
6425 14913
6426 14914
6427 14927
6428 14922
6429 14920
6430 14925
6431 14936
6432 14922
6433 14935
6434 14928
6435 14925
6436 14924
6437 14931
6438 14934
6439 14935
6440 14942
6441 14945
6442 14949
6443 14954
6444 14936
6445 14939
6446 14938
6447 14954
6448 14945
6449 14954
6450 14958
6451 14963
6452 14970
6453 14956
6454 14959
6455 14969
6456 14976
6457 14960
6458 14978
6459 14962
6460 14974
6461 14973
6462 14981
6463 14967
6464 14984
6465 14986
6466 14968
6467 14974
6468 14978
6469 14985
6470 14993
6471 14993
6472 14983
6473 14985
6474 15000
6475 15004
6476 15000
6477 15019
6478 14990
6479 15008
6480 15009
6481 15005
6482 15016
6483 15008
6484 15015
6485 15012
6486 15014
6487 15015
6488 15034
6489 15024
6490 15027
6491 15031
6492 15032
6493 15045
6494 15038
6495 15044
6496 15044
6497 15039
6498 15040
6499 15049
6500 15064
6501 15045
6502 15042
6503 15045
6504 15048
6505 15046
6506 15053
6507 15050
6508 15053
6509 15052
6510 15053
6511 15070
6512 15054
6513 15055
6514 15068
6515 15062
6516 15081
6517 15073
6518 15091
6519 15091
6520 15093
6521 15089
6522 15097
6523 15094
6524 15096
6525 15109
6526 15106
6527 15106
6528 15099
6529 15106
6530 15108
6531 15113
6532 15119
6533 15121
6534 15138
6535 15129
6536 15124
6537 15139
6538 15123
6539 15143
6540 15157
6541 15134
6542 15139
6543 15133
6544 15136
6545 15145
6546 15152
6547 15143
6548 15152
6549 15161
6550 15149
6551 15156
6552 15156
6553 15174
6554 15165
6555 15172
6556 15176
6557 15166
6558 15170
6559 15172
6560 15183
6561 15182
6562 15188
6563 15176
6564 15178
6565 15189
6566 15195
6567 15190
6568 15181
6569 15194
6570 15189
6571 15190
6572 15192
6573 15192
6574 15199
6575 15206
6576 15214
6577 15204
6578 15217
6579 15235
6580 15220
6581 15206
6582 15208
6583 15211
6584 15230
6585 15223
6586 15218
6587 15223
6588 15237
6589 15234
6590 15229
6591 15230
6592 15237
6593 15246
6594 15242
6595 15246
6596 15246
6597 15263
6598 15248
6599 15266
6600 15264
6601 15283
6602 15265
6603 15258
6604 15259
6605 15264
6606 15271
6607 15278
6608 15278
6609 15284
6610 15280
6611 15293
6612 15297
6613 15291
6614 15292
6615 15299
6616 15304
6617 15302
6618 15313
6619 15317
6620 15315
6621 15308
6622 15325
6623 15317
6624 15322
6625 15324
6626 15333
6627 15343
6628 15344
6629 15350
6630 15355
6631 15359
6632 15370
6633 15359
6634 15370
6635 15360
6636 15376
6637 15375
6638 15378
6639 15382
6640 15379
6641 15396
6642 15403
6643 15389
6644 15392
6645 15386
6646 15401
6647 15397
6648 15399
6649 15410
6650 15398
6651 15401
6652 15409
6653 15417
6654 15420
6655 15407
6656 15408
6657 15416
6658 15423
6659 15433
6660 15418
6661 15423
6662 15436
6663 15442
6664 15433
6665 15445
6666 15438
6667 15445
6668 15449
6669 15452
6670 15461
6671 15454
6672 15466
6673 15459
6674 15467
6675 15465
6676 15465
6677 15473
6678 15475
6679 15480
6680 15475
6681 15492
6682 15483
6683 15480
6684 15483
6685 15497
6686 15496
6687 15497
6688 15505
6689 15511
6690 15521
6691 15500
6692 15498
6693 15499
6694 15512
6695 15513
6696 15513
6697 15516
6698 15517
6699 15527
6700 15520
6701 15518
6702 15518
6703 15519
6704 15522
6705 15530
6706 15534
6707 15539
6708 15536
6709 15537
6710 15552
6711 15571
6712 15584
6713 15545
6714 15555
6715 15547
6716 15555
6717 15551
6718 15560
6719 15555
6720 15568
6721 15572
6722 15571
6723 15580
6724 15580
6725 15591
6726 15599
6727 15606
6728 15589
6729 15582
6730 15602
6731 15601
6732 15621
6733 15615
6734 15618
6735 15605
6736 15606
6737 15608
6738 15628
6739 15612
6740 15629
6741 15625
6742 15630
6743 15634
6744 15626
6745 15636
6746 15634
6747 15647
6748 15636
6749 15642
6750 15650
6751 15646
6752 15653
6753 15650
6754 15651
6755 15654
6756 15653
6757 15667
6758 15676
6759 15662
6760 15663
6761 15671
6762 15681
6763 15682
6764 15677
6765 15679
6766 15695
6767 15681
6768 15693
6769 15687
6770 15687
6771 15692
6772 15702
6773 15719
6774 15720
6775 15702
6776 15721
6777 15705
6778 15710
6779 15709
6780 15721
6781 15717
6782 15719
6783 15730
6784 15748
6785 15758
6786 15763
6787 15759
6788 15774
6789 15771
6790 15781
6791 15778
6792 15764
6793 15775
6794 15770
6795 15777
6796 15775
6797 15780
6798 15785
6799 15785
6800 15805
6801 15796
6802 15791
6803 15790
6804 15797
6805 15806
6806 15808
6807 15794
6808 15805
6809 15815
6810 15823
6811 15816
6812 15830
6813 15833
6814 15831
6815 15851
6816 15842
6817 15855
6818 15854
6819 15834
6820 15835
6821 15836
6822 15847
6823 15847
6824 15847
6825 15838
6826 15843
6827 15858
6828 15854
6829 15848
6830 15855
6831 15868
6832 15854
6833 15864
6834 15862
6835 15867
6836 15871
6837 15872
6838 15882
6839 15885
6840 15889
6841 15875
6842 15890
6843 15886
6844 15898
6845 15889
6846 15902
6847 15906
6848 15908
6849 15892
6850 15900
6851 15893
6852 15908
6853 15908
6854 15900
6855 15901
6856 15903
6857 15911
6858 15911
6859 15901
6860 15909
6861 15914
6862 15921
6863 15923
6864 15923
6865 15919
6866 15923
6867 15940
6868 15929
6869 15937
6870 15927
6871 15941
6872 15948
6873 15931
6874 15938
6875 15951
6876 15949
6877 15936
6878 15947
6879 15949
6880 15949
6881 15954
6882 15955
6883 15962
6884 15963
6885 15969
6886 15973
6887 15985
6888 16004
6889 15971
6890 15973
6891 15983
6892 15972
6893 15980
6894 15987
6895 15994
6896 15982
6897 16002
6898 15992
6899 15985
6900 15995
6901 15996
6902 16004
6903 15992
6904 15999
6905 16010
6906 15995
6907 16002
6908 15997
6909 15997
6910 16003
6911 16007
6912 16015
6913 16006
6914 16022
6915 16018
6916 16021
6917 16019
6918 16033
6919 16020
6920 16022
6921 16029
6922 16039
6923 16036
6924 16033
6925 16053
6926 16035
6927 16041
6928 16042
6929 16061
6930 16047
6931 16048
6932 16057
6933 16066
6934 16050
6935 16061
6936 16063
6937 16063
6938 16066
6939 16067
6940 16077
6941 16079
6942 16092
6943 16089
6944 16093
6945 16092
6946 16097
6947 16100
6948 16107
6949 16106
6950 16115
6951 16124
6952 16134
6953 16122
6954 16123
6955 16124
6956 16140
6957 16134
6958 16150
6959 16130
6960 16135
6961 16144
6962 16143
6963 16154
6964 16145
6965 16150
6966 16149
6967 16158
6968 16150
6969 16154
6970 16152
6971 16168
6972 16155
6973 16156
6974 16159
6975 16170
6976 16172
6977 16177
6978 16184
6979 16197
6980 16194
6981 16195
6982 16198
6983 16196
6984 16211
6985 16212
6986 16205
6987 16210
6988 16206
6989 16215
6990 16216
6991 16224
6992 16213
6993 16228
6994 16223
6995 16237
6996 16233
6997 16215
6998 16223
6999 16222
7000 16225
7001 16219
7002 16236
7003 16254
7004 16226
7005 16234
7006 16246
7007 16236
7008 16256
7009 16235
7010 16252
7011 16250
7012 16251
7013 16239
7014 16254
7015 16249
7016 16255
7017 16266
7018 16256
7019 16267
7020 16274
7021 16271
7022 16263
7023 16280
7024 16274
7025 16270
7026 16269
7027 16265
7028 16281
7029 16276
7030 16276
7031 16277
7032 16281
7033 16293
7034 16291
7035 16301
7036 16283
7037 16300
7038 16296
7039 16310
7040 16312
7041 16301
7042 16321
7043 16322
7044 16310
7045 16322
7046 16319
7047 16332
7048 16329
7049 16349
7050 16336
7051 16342
7052 16349
7053 16331
7054 16339
7055 16348
7056 16347
7057 16341
7058 16353
7059 16348
7060 16349
7061 16348
7062 16352
7063 16357
7064 16358
7065 16353
7066 16354
7067 16356
7068 16358
7069 16366
7070 16363
7071 16364
7072 16358
7073 16372
7074 16376
7075 16378
7076 16389
7077 16396
7078 16378
7079 16395
7080 16389
7081 16388
7082 16403
7083 16395
7084 16390
7085 16410
7086 16398
7087 16408
7088 16401
7089 16397
7090 16415
7091 16413
7092 16410
7093 16403
7094 16405
7095 16422
7096 16415
7097 16435
7098 16426
7099 16438
7100 16442
7101 16426
7102 16428
7103 16429
7104 16444
7105 16442
7106 16429
7107 16439
7108 16440
7109 16453
7110 16465
7111 16440
7112 16458
7113 16458
7114 16460
7115 16460
7116 16447
7117 16464
7118 16467
7119 16486
7120 16486
7121 16497
7122 16473
7123 16491
7124 16499
7125 16502
7126 16498
7127 16511
7128 16514
7129 16508
7130 16520
7131 16518
7132 16527
7133 16521
7134 16520
7135 16529
7136 16544
7137 16557
7138 16525
7139 16540
7140 16538
7141 16531
7142 16535
7143 16549
7144 16550
7145 16547
7146 16548
7147 16555
7148 16553
7149 16565
7150 16577
7151 16582
7152 16570
7153 16571
7154 16574
7155 16594
7156 16583
7157 16577
7158 16582
7159 16591
7160 16609
7161 16583
7162 16596
7163 16602
7164 16612
7165 16588
7166 16594
7167 16591
7168 16605
7169 16589
7170 16606
7171 16597
7172 16601
7173 16591
7174 16608
7175 16602
7176 16596
7177 16593
7178 16613
7179 16602
7180 16606
7181 16608
7182 16606
7183 16618
7184 16607
7185 16609
7186 16618
7187 16616
7188 16619
7189 16622
7190 16639
7191 16627
7192 16635
7193 16643
7194 16637
7195 16656
7196 16640
7197 16647
7198 16646
7199 16650
7200 16651
7201 16666
7202 16648
7203 16649
7204 16649
7205 16655
7206 16658
7207 16668
7208 16658
7209 16660
7210 16668
7211 16677
7212 16691
7213 16688
7214 16675
7215 16694
7216 16681
7217 16694
7218 16692
7219 16687
7220 16694
7221 16684
7222 16700
7223 16686
7224 16694
7225 16692
7226 16696
7227 16711
7228 16695
7229 16709
7230 16707
7231 16721
7232 16696
7233 16708
7234 16706
7235 16715
7236 16726
7237 16712
7238 16719
7239 16716
7240 16731
7241 16732
7242 16716
7243 16733
7244 16729
7245 16726
7246 16729
7247 16733
7248 16734
7249 16737
7250 16744
7251 16736
7252 16741
7253 16741
7254 16744
7255 16753
7256 16744
7257 16757
7258 16750
7259 16757
7260 16767
7261 16751
7262 16753
7263 16761
7264 16758
7265 16767
7266 16771
7267 16758
7268 16774
7269 16761
7270 16765
7271 16768
7272 16779
7273 16778
7274 16784
7275 16776
7276 16794
7277 16792
7278 16796
7279 16795
7280 16797
7281 16812
7282 16793
7283 16808
7284 16827
7285 16802
7286 16800
7287 16810
7288 16820
7289 16820
7290 16801
7291 16821
7292 16813
7293 16819
7294 16802
7295 16813
7296 16815
7297 16804
