0 0
1 3
2 13
3 13
4 3
5 17
6 5
7 23
8 24
9 29
10 42
11 7
12 22
13 13
14 13
15 19
16 31
17 47
18 54
19 48
20 47
21 51
22 62
23 49
24 54
25 57
26 62
27 73
28 77
29 74
30 84
31 88
32 87
33 84
34 98
35 90
36 89
37 93
38 91
39 100
40 109
41 98
42 115
43 129
44 108
45 127
46 121
47 129
48 138
49 141
50 146
51 127
52 133
53 137
54 145
55 152
56 162
57 170
58 149
59 163
60 163
61 176
62 171
63 179
64 187
65 166
66 175
67 180
68 179
69 196
70 184
71 190
72 193
73 206
74 220
75 202
76 205
77 216
78 231
79 223
80 215
81 220
82 229
83 233
84 223
85 217
86 226
87 234
88 218
89 231
90 232
91 236
92 231
93 243
94 233
95 242
96 246
97 248
98 237
99 236
100 243
101 252
102 255
103 271
104 268
105 262
106 269
107 271
108 276
109 285
110 280
111 281
112 287
113 293
114 287
115 284
116 297
117 288
118 304
119 295
120 298
121 303
122 312
123 302
124 312
125 315
126 313
127 326
128 317
129 331
130 324
131 318
132 328
133 335
134 338
135 341
136 330
137 340
138 346
139 347
140 334
141 336
142 344
143 339
144 358
145 351
146 355
147 355
148 362
149 364
150 353
151 354
152 368
153 374
154 373
155 376
156 388
157 387
158 380
159 390
160 380
161 383
162 397
163 390
164 398
165 393
166 398
167 406
168 395
169 400
170 408
171 407
172 401
173 417
174 416
175 433
176 453
177 440
178 428
179 437
180 442
181 442
182 462
183 482
184 456
185 448
186 467
187 452
188 456
189 464
190 473
191 458
192 461
193 465
194 480
195 472
196 475
197 482
198 483
199 490
200 493
201 496
202 503
203 492
204 502
205 495
206 502
207 508
208 502
209 503
210 514
211 520
212 519
213 528
214 520
215 527
216 525
217 537
218 529
219 535
220 527
221 533
222 541
223 556
224 545
225 558
226 542
227 559
228 560
229 562
230 573
231 551
232 569
233 561
234 558
235 568
236 581
237 574
238 574
239 571
240 591
241 582
242 586
243 601
244 593
245 592
246 598
247 597
248 604
249 599
250 598
251 612
252 611
253 608
254 618
255 607
256 614
257 609
258 609
259 626
260 616
261 614
262 618
263 610
264 617
265 619
266 612
267 616
268 617
269 620
270 619
271 632
272 646
273 619
274 625
275 639
276 642
277 621
278 640
279 623
280 639
281 645
282 655
283 633
284 643
285 655
286 652
287 658
288 658
289 654
290 669
291 679
292 661
293 681
294 677
295 684
296 697
297 671
298 680
299 686
300 678
301 684
302 695
303 698
304 695
305 710
306 703
307 708
308 696
309 716
310 703
311 704
312 712
313 712
314 718
315 721
316 721
317 725
318 741
319 743
320 748
321 761
322 780
323 750
324 754
325 762
326 754
327 771
328 767
329 756
330 776
331 768
332 776
333 773
334 779
335 782
336 780
337 798
338 809
339 825
340 785
341 795
342 798
343 791
344 793
345 803
346 798
347 798
348 815
349 799
350 809
351 805
352 818
353 810
354 816
355 833
356 820
357 819
358 818
359 824
360 833
361 837
362 826
363 832
364 841
365 854
366 863
367 841
368 850
369 857
370 846
371 850
372 849
373 855
374 874
375 866
376 878
377 880
378 869
379 874
380 880
381 873
382 879
383 883
384 886
385 886
386 897
387 897
388 899
389 899
390 906
391 904
392 910
393 901
394 914
395 902
396 918
397 932
398 921
399 924
400 926
401 919
402 929
403 928
404 937
405 949
406 934
407 951
408 954
409 951
410 952
411 961
412 961
413 960
414 964
415 967
416 974
417 975
418 992
419 977
420 971
421 991
422 990
423 974
424 989
425 992
426 982
427 990
428 984
429 987
430 992
431 999
432 993
433 993
434 990
435 1009
436 1027
437 1010
438 1019
439 1015
440 1016
441 1033
442 1032
443 1019
444 1038
445 1020
446 1029
447 1041
448 1028
449 1032
450 1037
451 1034
452 1044
453 1046
454 1063
455 1050
456 1047
457 1052
458 1064
459 1072
460 1070
461 1065
462 1079
463 1081
464 1091
465 1072
466 1088
467 1105
468 1085
469 1089
470 1096
471 1087
472 1100
473 1101
474 1112
475 1118
476 1111
477 1130
478 1118
479 1125
480 1120
481 1126
482 1124
483 1127
484 1141
485 1139
486 1135
487 1144
488 1161
489 1161
490 1167
491 1152
492 1160
493 1171
494 1168
495 1156
496 1162
497 1172
498 1192
499 1171
500 1184
501 1177
