0 0
1 8
2 24
3 36
4 7
5 13
6 8
7 17
8 20
9 34
10 18
11 19
12 27
13 30
14 42
15 44
16 23
17 27
18 42
19 40
20 38
21 36
22 37
23 40
24 46
25 66
26 46
27 54
28 65
29 62
30 69
31 72
32 75
33 94
34 77
35 79
36 87
37 102
38 80
39 97
40 112
41 99
42 101
43 110
44 109
45 100
46 110
47 113
48 104
49 107
50 104
51 121
52 123
53 124
54 136
55 129
56 125
57 142
58 130
59 133
60 136
61 139
62 149
63 147
64 155
65 146
66 165
67 168
68 180
69 154
70 160
71 169
72 163
73 163
74 179
75 172
76 167
77 173
78 168
79 184
80 195
81 205
82 182
83 192
84 196
85 201
86 197
87 208
88 226
89 207
90 209
91 227
92 240
93 227
94 210
95 221
96 223
97 241
98 224
99 241
100 230
101 236
102 238
103 257
104 252
105 256
106 263
107 243
108 254
109 246
110 252
111 253
112 266
113 258
114 258
115 263
116 267
117 260
118 279
119 269
120 262
121 269
122 278
123 275
124 293
125 273
126 277
127 277
128 282
129 296
130 282
131 278
132 288
133 287
134 296
135 291
136 300
137 302
138 303
139 301
140 311
141 312
142 306
143 320
144 314
145 332
146 334
147 344
148 318
149 330
150 321
151 340
152 345
153 331
154 351
155 347
156 349
157 345
158 345
159 355
160 356
161 368
162 361
163 375
164 372
165 373
166 362
167 373
168 381
169 382
170 396
171 395
172 397
173 402
174 403
175 406
176 410
177 425
178 422
179 434
180 432
181 415
182 435
183 432
184 417
185 417
186 422
187 442
188 446
189 454
190 428
191 442
192 439
193 456
194 455
195 465
196 451
197 455
198 456
199 472
200 467
201 467
202 480
203 472
204 470
205 476
206 474
207 485
208 497
209 493
210 494
211 498
212 514
213 533
214 520
215 536
216 530
217 524
218 539
219 541
220 538
221 539
222 526
223 530
224 537
225 528
226 537
227 535
228 537
229 547
230 548
231 549
232 567
233 560
234 563
235 568
236 580
237 569
238 579
239 589
240 593
241 594
242 603
243 603
244 598
245 609
246 607
247 615
248 606
249 615
250 611
251 622
252 639
253 617
254 629
255 624
256 639
257 642
258 636
259 641
260 640
261 642
262 652
263 657
264 645
265 656
266 658
267 660
268 660
269 666
270 661
271 676
272 672
273 661
274 669
275 686
276 663
277 667
278 687
279 690
280 700
281 703
282 703
283 717
284 718
285 705
286 721
287 729
288 722
289 725
290 726
291 730
292 746
293 739
294 745
295 737
296 739
297 749
298 766
299 755
300 749
301 759
302 758
303 772
304 757
305 766
306 759
307 758
308 765
309 773
310 769
311 781
312 771
313 780
314 800
315 774
316 778
317 784
318 784
319 785
320 801
321 792
322 804
323 787
324 803
325 818
326 788
327 798
328 803
329 816
330 811
331 799
332 815
333 811
334 816
335 814
336 819
337 823
338 812
339 820
340 824
341 824
342 840
343 825
344 840
345 834
346 837
347 843
348 829
349 843
350 845
351 850
352 851
353 863
354 869
355 856
356 859
357 859
358 860
359 870
360 867
361 866
362 872
363 864
364 877
365 869
366 875
367 871
368 882
369 887
370 888
371 908
372 918
373 891
374 904
375 917
376 900
377 907
378 905
379 912
380 915
381 906
382 925
383 922
384 940
385 927
386 917
387 923
388 936
389 922
390 925
391 935
392 937
393 952
394 927
395 929
396 939
397 945
398 943
399 938
400 941
401 945
402 950
403 951
404 960
405 966
406 965
407 983
408 974
409 974
410 984
411 981
412 988
413 1008
414 984
415 992
416 990
417 1009
418 1003
419 1012
420 1018
421 1014
422 1033
423 1025
424 1028
425 1043
426 1022
427 1036
428 1050
429 1061
430 1060
431 1053
432 1056
433 1060
434 1067
435 1062
436 1072
437 1077
438 1071
439 1080
440 1069
441 1084
442 1089
443 1092
444 1071
445 1082
446 1090
447 1100
448 1080
449 1090
450 1089
451 1106
452 1087
453 1090
454 1099
455 1105
456 1091
457 1107
458 1101
459 1098
460 1102
461 1106
462 1106
463 1123
464 1107
465 1110
466 1113
467 1113
468 1116
469 1132
470 1148
471 1149
472 1117
473 1129
474 1120
475 1134
476 1136
477 1122
478 1138
479 1126
480 1129
481 1138
482 1147
483 1166
484 1132
485 1135
486 1141
487 1144
488 1148
489 1156
490 1149
491 1168
492 1150
493 1170
494 1165
495 1161
496 1175
497 1155
498 1157
499 1173
500 1163
501 1158
