0 0
1 15
2 28
3 45
4 48
5 59
6 29
7 44
8 32
9 37
10 48
11 50
12 61
13 46
14 49
15 48
16 51
17 47
18 55
19 70
20 53
21 58
22 73
23 61
24 65
25 76
26 71
27 76
28 73
29 77
30 77
31 83
32 96
33 101
34 120
35 115
36 110
37 129
38 113
39 119
40 119
41 132
42 150
43 135
44 154
45 143
46 148
47 156
48 158
49 157
50 175
51 182
52 174
53 185
54 188
55 194
56 207
57 200
58 204
59 215
60 218
61 220
62 222
63 229
64 239
65 223
66 239
67 236
68 254
69 263
70 268
71 246
72 249
73 264
74 266
75 268
76 265
77 267
78 282
79 279
80 279
81 282
82 269
83 275
84 286
85 289
86 275
87 293
88 278
89 294
90 295
91 308
92 311
93 291
94 309
95 301
96 297
97 300
98 309
99 314
100 314
101 327
102 321
103 332
104 337
105 318
106 337
107 339
108 338
109 340
110 345
111 351
112 347
113 354
114 355
115 363
116 364
117 355
118 372
119 361
120 374
121 356
122 375
123 367
124 376
125 363
126 380
127 391
128 403
129 383
130 400
131 392
132 392
133 397
134 404
135 414
136 403
137 409
138 398
139 403
140 407
141 425
142 416
143 435
144 430
145 416
146 421
147 417
148 421
149 424
150 434
151 441
152 440
153 442
154 452
155 458
156 460
157 479
158 455
159 457
160 473
161 471
162 471
163 479
164 488
165 495
166 492
167 479
168 495
169 505
170 484
171 488
172 485
173 501
174 496
175 487
176 489
177 503
178 494
179 503
180 498
181 501
182 509
183 505
184 517
185 517
186 524
187 521
188 522
189 532
190 540
191 522
192 538
193 536
194 554
195 546
196 540
197 549
198 551
199 555
200 547
201 559
202 558
203 572
204 583
205 575
206 576
207 576
208 593
209 579
210 580
211 592
212 596
213 590
214 598
215 602
216 597
217 610
218 605
219 613
220 607
221 608
222 620
223 610
224 625
225 641
226 613
227 621
228 629
229 622
230 639
231 635
232 627
233 626
234 641
235 632
236 638
237 641
238 630
239 633
240 632
241 641
242 642
243 639
244 641
245 643
246 654
247 666
248 647
249 654
250 658
251 649
252 664
253 652
254 665
255 657
256 669
257 668
258 671
259 683
260 677
261 687
262 682
263 685
264 696
265 693
266 706
267 687
268 692
269 693
270 700
271 708
272 699
273 714
274 718
275 708
276 704
277 707
278 711
279 708
280 720
281 722
282 725
283 712
284 725
285 723
286 735
287 727
288 731
289 739
290 738
291 752
292 744
293 750
294 745
295 746
296 750
297 752
298 747
299 761
300 749
301 762
302 764
303 758
304 761
305 765
306 768
307 771
308 776
309 792
310 767
311 781
312 780
313 782
314 788
315 792
316 790
317 810
318 794
319 797
320 815
321 796
322 811
323 805
324 813
325 824
326 824
327 808
328 809
329 820
330 816
331 816
332 829
333 822
334 832
335 826
336 838
337 836
338 851
339 836
340 832
341 838
342 845
343 853
344 842
345 855
346 848
347 850
348 870
349 876
350 867
351 881
352 882
353 868
354 869
355 870
356 871
357 884
358 871
359 887
360 885
361 899
362 872
363 881
364 885
365 875
366 885
367 889
368 884
369 886
370 894
371 891
372 909
373 889
374 908
375 925
376 899
377 903
378 916
379 918
380 917
381 908
382 919
383 922
384 912
385 929
386 919
387 926
388 931
389 924
390 925
391 924
392 934
393 934
394 950
395 944
396 955
397 945
398 961
399 961
400 951
401 961
402 948
403 959
404 951
405 965
406 955
407 959
408 970
409 978
410 985
411 995
412 1002
413 994
414 1000
415 1002
416 1017
417 1004
418 1011
419 1021
420 1013
421 1020
422 1027
423 1029
424 1022
425 1028
426 1032
427 1027
428 1039
429 1042
430 1042
431 1043
432 1042
433 1054
434 1065
435 1074
436 1090
437 1060
438 1079
439 1086
440 1087
441 1096
442 1067
443 1081
444 1086
445 1082
446 1097
447 1090
448 1100
449 1090
450 1092
451 1104
452 1106
453 1107
454 1108
455 1115
456 1108
457 1115
458 1119
459 1127
460 1122
461 1142
462 1123
463 1142
464 1162
465 1126
466 1139
467 1139
468 1139
469 1155
470 1139
471 1153
472 1157
473 1142
474 1147
475 1152
476 1171
477 1143
478 1161
479 1146
480 1160
481 1147
482 1157
483 1151
484 1152
485 1172
486 1161
487 1168
488 1172
489 1182
490 1166
491 1172
492 1171
493 1184
494 1198
495 1187
496 1194
497 1206
498 1203
499 1220
500 1209
501 1222
