0 0
1 4
2 4
3 7
4 22
5 8
6 5
7 23
8 28
9 11
10 19
11 15
12 16
13 26
14 35
15 36
16 33
17 37
18 48
19 52
20 42
21 60
22 69
23 54
24 63
25 76
26 82
27 90
28 63
29 78
30 83
31 96
32 65
33 75
34 83
35 83
36 87
37 96
38 97
39 100
40 99
41 101
42 117
43 110
44 127
45 119
46 119
47 112
48 128
49 114
50 120
51 123
52 124
53 135
54 126
55 134
56 129
57 142
58 158
59 176
60 151
61 138
62 142
63 150
64 149
65 150
66 159
67 157
68 162
69 171
70 173
71 163
72 172
73 178
74 181
75 182
76 202
77 198
78 183
79 201
80 194
81 184
82 201
83 185
84 194
85 190
86 191
87 192
88 208
89 223
90 196
91 211
92 223
93 200
94 217
95 203
96 207
97 213
98 225
99 214
100 227
101 230
102 234
103 232
104 219
105 235
106 227
107 220
108 232
109 227
110 246
111 249
112 236
113 244
114 237
115 255
116 239
117 253
118 264
119 247
120 265
121 258
122 265
123 262
124 281
125 266
126 273
127 270
128 273
129 285
130 290
131 276
132 281
133 288
134 294
135 292
136 288
137 294
138 309
139 289
140 302
141 309
142 303
143 316
144 322
145 315
146 314
147 320
148 328
149 321
150 331
151 329
152 326
153 333
154 338
155 340
156 349
157 361
158 356
159 360
160 368
161 358
162 357
163 366
164 377
165 379
166 362
167 372
168 374
169 379
170 369
171 375
172 386
173 388
174 396
175 398
176 410
177 390
178 400
179 391
180 400
181 393
182 406
183 409
184 426
185 410
186 422
187 424
188 432
189 449
190 444
191 433
192 438
193 450
194 461
195 453
196 468
197 456
198 467
199 466
200 462
201 474
202 464
203 469
204 482
205 478
206 485
207 469
208 478
209 488
210 485
211 480
212 473
213 479
214 480
215 486
216 484
217 490
218 501
219 508
220 485
221 499
222 506
223 513
224 523
225 486
226 496
227 493
228 504
229 512
230 502
231 518
232 504
233 516
234 507
235 510
236 515
237 521
238 529
239 536
240 523
241 529
242 540
243 537
244 525
245 542
246 556
247 549
248 536
249 552
250 540
251 553
252 560
253 552
254 568
255 553
256 557
257 561
258 564
259 559
260 565
261 575
262 563
263 564
264 566
265 571
266 573
267 581
268 583
269 580
270 594
271 592
272 587
273 595
274 604
275 620
276 607
277 613
278 614
279 608
280 609
281 616
282 617
283 611
284 617
285 620
286 623
287 615
288 625
289 621
290 621
291 619
292 637
293 637
294 621
295 638
296 632
297 635
298 653
299 648
300 658
301 656
302 657
303 668
304 675
305 687
306 667
307 680
308 669
309 674
310 680
311 672
312 683
313 701
314 682
315 681
316 688
317 699
318 683
319 695
320 695
321 691
322 697
323 713
324 721
325 699
326 712
327 715
328 710
329 730
330 714
331 713
332 716
333 720
334 719
335 732
336 729
337 726
338 740
339 752
340 733
341 736
342 747
343 742
344 759
345 735
346 744
347 747
348 748
349 754
350 768
351 783
352 792
353 766
354 778
355 797
356 779
357 798
358 784
359 792
360 786
361 786
362 801
363 798
364 809
365 821
366 829
367 812
368 813
369 821
370 831
371 832
372 825
373 830
374 828
375 845
376 835
377 842
378 831
379 851
380 871
381 882
382 850
383 836
384 850
385 841
386 840
387 848
388 850
389 867
390 884
391 852
392 853
393 858
394 863
395 873
396 873
397 885
398 889
399 878
400 877
401 886
402 903
403 914
404 927
405 923
406 901
407 902
408 921
409 913
410 914
411 917
412 917
413 918
414 929
415 935
416 932
417 933
418 934
419 944
420 934
421 942
422 951
423 936
424 940
425 949
426 956
427 947
428 957
429 949
430 953
431 966
432 954
433 961
434 955
435 961
436 960
437 969
438 963
439 969
440 971
441 977
442 965
443 979
444 972
445 983
446 975
447 980
448 987
449 985
450 997
451 987
452 1001
453 993
454 1002
455 1004
456 1012
457 994
458 1004
459 1014
460 1002
461 1022
462 1011
463 1019
464 1016
465 1029
466 1019
467 1032
468 1033
469 1035
470 1045
471 1047
472 1048
473 1034
474 1038
475 1045
476 1052
477 1042
478 1048
479 1041
480 1048
481 1055
482 1042
483 1049
484 1051
485 1052
486 1055
487 1053
488 1061
489 1069
490 1088
491 1081
492 1056
493 1059
494 1062
495 1073
496 1074
497 1082
498 1084
499 1084
500 1104
501 1095
