0 0
1 7
2 13
3 13
4 20
5 22
6 33
7 21
8 33
9 23
10 28
11 32
12 39
13 51
14 28
15 36
16 44
17 46
18 43
19 49
20 56
21 59
22 54
23 66
24 55
25 72
26 74
27 82
28 90
29 87
30 85
31 104
32 88
33 104
34 100
35 98
36 104
37 123
38 107
39 112
40 107
41 108
42 127
43 114
44 123
45 126
46 133
47 152
48 138
49 129
50 135
51 145
52 139
53 148
54 161
55 143
56 147
57 161
58 167
59 164
60 152
61 165
62 185
63 176
64 185
65 177
66 181
67 184
68 187
69 197
70 194
71 207
72 191
73 194
74 200
75 193
76 207
77 201
78 204
79 212
80 223
81 211
82 220
83 214
84 232
85 228
86 241
87 233
88 240
89 234
90 246
91 238
92 237
93 240
94 249
95 248
96 267
97 250
98 257
99 262
100 264
101 265
102 278
103 269
104 286
105 289
106 271
107 277
108 280
109 291
110 302
111 321
112 329
113 341
114 340
115 313
116 317
117 333
118 345
119 359
120 346
121 348
122 356
123 358
124 365
125 382
126 366
127 373
128 385
129 370
130 379
131 372
132 379
133 371
134 389
135 409
136 424
137 396
138 389
139 407
140 397
141 400
142 412
143 428
144 425
145 426
146 428
147 447
148 443
149 457
150 435
151 452
152 455
153 446
154 449
155 461
156 462
157 453
158 473
159 454
160 472
161 469
162 467
163 467
164 474
165 480
166 494
167 474
168 478
169 479
170 480
171 481
172 496
173 487
174 494
175 491
176 486
177 503
178 506
179 490
180 498
181 496
182 513
183 499
184 491
185 497
186 495
187 511
188 507
189 511
190 527
191 522
192 533
193 515
194 528
195 523
196 534
197 524
198 527
199 541
200 554
201 529
202 543
203 555
204 570
205 571
206 553
207 557
208 559
209 578
210 566
211 575
212 568
213 563
214 578
215 574
216 575
217 579
218 564
219 579
220 592
221 598
222 607
223 615
224 584
225 604
226 624
227 592
228 608
229 607
230 598
231 612
232 610
233 626
234 615
235 624
236 634
237 626
238 631
239 633
240 642
241 642
242 644
243 662
244 636
245 654
246 637
247 647
248 645
249 650
250 652
251 649
252 649
253 662
254 662
255 657
256 658
257 663
258 660
259 670
260 664
261 668
262 672
263 690
264 669
265 666
266 686
267 670
268 678
269 698
270 698
271 676
272 693
273 708
274 691
275 709
276 718
277 715
278 730
279 737
280 726
281 737
282 748
283 735
284 730
285 736
286 756
287 746
288 748
289 748
290 764
291 754
292 766
293 761
294 778
295 768
296 769
297 779
298 797
299 780
300 798
301 800
302 798
303 790
304 809
305 803
306 806
307 817
308 833
309 822
310 818
311 827
312 836
313 819
314 829
315 847
316 820
317 824
318 821
319 829
320 837
321 826
322 842
323 853
324 840
325 853
326 842
327 856
328 858
329 857
330 850
331 858
332 877
333 861
334 862
335 864
336 879
337 879
338 872
339 886
340 885
341 902
342 906
343 899
344 887
345 898
346 898
347 918
348 915
349 908
350 911
351 925
352 912
353 931
354 926
355 936
356 926
357 927
358 933
359 945
360 936
361 929
362 939
363 941
364 935
365 945
366 940
367 956
368 955
369 943
370 962
371 958
372 963
373 960
374 952
375 957
376 964
377 968
378 975
379 987
380 1005
381 975
382 984
383 990
384 991
385 1011
386 997
387 1002
388 1002
389 1001
390 1012
391 998
392 1015
393 1022
394 1013
395 1007
396 1017
397 1015
398 1033
399 1017
400 1017
401 1025
402 1031
403 1029
404 1021
405 1040
406 1030
407 1046
408 1047
409 1064
410 1065
411 1049
412 1050
413 1064
414 1059
415 1062
416 1069
417 1077
418 1077
419 1081
420 1087
421 1087
422 1090
423 1094
424 1100
425 1091
426 1095
427 1106
428 1110
429 1105
430 1110
431 1118
432 1112
433 1108
434 1121
435 1122
436 1110
437 1126
438 1130
439 1146
440 1132
441 1142
442 1152
443 1141
444 1137
445 1157
446 1175
447 1195
448 1187
449 1180
450 1189
451 1209
452 1196
453 1191
454 1209
455 1192
456 1205
457 1199
458 1208
459 1216
460 1205
461 1216
462 1220
463 1213
464 1226
465 1223
466 1238
467 1225
468 1230
469 1243
470 1228
471 1237
472 1227
473 1235
474 1254
475 1257
476 1272
477 1274
478 1264
479 1280
480 1271
481 1284
482 1273
483 1269
484 1282
485 1287
486 1286
487 1304
488 1303
489 1297
490 1298
491 1309
492 1300
493 1319
494 1305
495 1309
496 1317
497 1303
498 1312
499 1323
500 1313
501 1317
