0 0
1 13
2 16
3 33
4 38
5 47
6 42
7 58
8 66
9 82
10 51
11 53
12 55
13 65
14 69
15 73
16 89
17 66
18 71
19 73
20 67
21 68
22 77
23 92
24 77
25 90
26 78
27 89
28 98
29 95
30 97
31 109
32 100
33 102
34 110
35 112
36 101
37 112
38 118
39 121
40 124
41 115
42 116
43 121
44 135
45 151
46 154
47 136
48 137
49 139
50 156
51 161
52 145
53 148
54 157
55 151
56 167
57 153
58 154
59 165
60 165
61 165
62 161
63 165
64 179
65 177
66 178
67 177
68 189
69 192
70 198
71 203
72 214
73 204
74 207
75 211
76 210
77 205
78 223
79 211
80 220
81 217
82 224
83 220
84 229
85 248
86 256
87 262
88 281
89 250
90 251
91 265
92 266
93 279
94 281
95 269
96 273
97 274
98 285
99 284
100 293
101 312
102 291
103 303
104 287
105 293
106 313
107 300
108 303
109 313
110 313
111 333
112 332
113 350
114 352
115 316
116 336
117 318
118 329
119 326
120 327
121 346
122 344
123 345
124 355
125 360
126 350
127 356
128 365
129 357
130 377
131 359
132 370
133 361
134 378
135 383
136 377
137 378
138 395
139 389
140 398
141 390
142 407
143 401
144 409
145 404
146 405
147 422
148 419
149 420
150 438
151 407
152 420
153 415
154 413
155 433
156 418
157 429
158 416
159 430
160 450
161 459
162 466
163 469
164 470
165 478
166 471
167 478
168 479
169 489
170 476
171 485
172 487
173 480
174 493
175 499
176 489
177 487
178 488
179 501
180 488
181 501
182 495
183 513
184 529
185 541
186 513
187 533
188 529
189 531
190 546
191 553
192 534
193 538
194 540
195 548
196 541
197 551
198 554
199 561
200 567
201 578
202 576
203 574
204 578
205 584
206 604
207 587
208 600
209 614
210 596
211 610
212 609
213 624
214 627
215 623
216 627
217 641
218 626
219 643
220 644
221 664
222 671
223 657
224 660
225 651
226 669
227 664
228 684
229 669
230 682
231 669
232 674
233 670
234 679
235 689
236 680
237 681
238 696
239 699
240 711
241 715
242 700
243 711
244 704
245 715
246 710
247 730
248 723
249 726
250 721
251 736
252 734
253 754
254 730
255 729
256 738
257 732
258 743
259 748
260 736
261 752
262 756
263 775
264 743
265 763
266 758
267 747
268 758
269 766
270 770
271 781
272 777
273 787
274 788
275 796
276 816
277 788
278 794
279 791
280 799
281 804
282 811
283 817
284 836
285 819
286 834
287 827
288 818
289 824
290 827
291 837
292 850
293 853
294 855
295 858
296 857
297 860
298 864
299 874
300 870
301 880
302 868
303 876
304 874
305 875
306 889
307 896
308 888
309 899
310 909
311 891
312 891
313 909
314 892
315 899
316 894
317 901
318 901
319 895
320 896
321 898
322 903
323 901
324 917
325 904
326 920
327 916
328 932
329 917
330 921
331 929
332 928
333 929
334 945
335 930
336 934
337 947
338 945
339 938
340 945
341 939
342 941
343 959
344 971
345 954
346 968
347 966
348 971
349 959
350 970
351 963
352 965
353 976
354 978
355 964
356 982
357 977
358 970
359 979
360 984
361 994
362 994
363 993
364 1002
365 999
366 1000
367 997
368 1006
369 1009
370 1016
371 1023
372 1015
373 1022
374 1033
375 1040
376 1034
377 1025
378 1032
379 1032
380 1026
381 1040
382 1034
383 1033
384 1036
385 1034
386 1051
387 1035
388 1044
389 1051
390 1047
391 1060
392 1038
393 1044
394 1053
395 1048
396 1063
397 1053
398 1066
399 1049
400 1067
401 1050
402 1053
403 1063
404 1071
405 1083
406 1064
407 1078
408 1084
409 1065
410 1085
411 1076
412 1088
413 1098
414 1106
415 1108
416 1119
417 1120
418 1122
419 1138
420 1134
421 1136
422 1137
423 1138
424 1140
425 1147
426 1142
427 1146
428 1161
429 1148
430 1162
431 1150
432 1154
433 1166
434 1158
435 1164
436 1167
437 1169
438 1166
439 1176
440 1170
441 1187
442 1197
443 1189
444 1209
445 1190
446 1201
447 1199
448 1190
449 1209
450 1200
451 1216
452 1220
453 1208
454 1222
455 1217
456 1227
457 1227
458 1245
459 1235
460 1251
461 1244
462 1250
463 1260
464 1252
465 1262
466 1278
467 1278
468 1258
469 1260
470 1259
471 1271
472 1288
473 1268
474 1266
475 1267
476 1274
477 1281
478 1294
479 1267
480 1280
481 1279
482 1282
483 1290
484 1289
485 1297
486 1287
487 1289
488 1297
489 1307
490 1302
491 1291
492 1307
493 1310
494 1298
495 1295
496 1300
497 1296
498 1308
499 1311
500 1310
501 1305
502 1319
503 1320
504 1337
505 1353
506 1342
507 1336
508 1351
509 1353
510 1344
511 1349
512 1352
513 1349
514 1363
515 1366
516 1355
517 1358
518 1371
519 1365
520 1359
521 1367
522 1371
523 1377
524 1385
525 1367
526 1379
527 1371
528 1389
529 1409
530 1419
531 1374
532 1393
533 1398
534 1377
535 1389
536 1392
537 1379
538 1386
539 1378
540 1388
541 1396
542 1403
543 1396
544 1386
545 1399
546 1402
547 1406
548 1398
549 1413
550 1409
551 1413
552 1427
553 1433
554 1428
555 1441
556 1433
557 1440
558 1445
559 1439
560 1448
561 1448
562 1450
563 1459
564 1450
565 1454
566 1470
567 1470
568 1469
569 1480
570 1493
571 1471
572 1486
573 1478
574 1484
575 1479
576 1473
577 1481
578 1498
579 1493
580 1506
581 1494
582 1495
583 1502
584 1511
585 1530
586 1547
587 1564
588 1517
589 1527
590 1532
591 1544
592 1532
593 1532
594 1548
595 1546
596 1536
597 1554
598 1549
599 1551
600 1553
601 1566
602 1568
603 1573
604 1571
605 1584
606 1572
607 1576
608 1583
609 1581
610 1590
611 1585
612 1583
613 1594
614 1595
615 1594
616 1593
617 1610
618 1596
619 1611
620 1613
621 1606
622 1600
623 1601
624 1603
625 1605
626 1614
627 1618
628 1614
629 1624
630 1620
631 1637
632 1633
633 1648
634 1634
635 1637
636 1636
637 1648
638 1635
639 1655
640 1645
641 1660
642 1650
643 1652
644 1668
645 1668
646 1663
647 1682
648 1683
649 1677
650 1678
651 1689
652 1695
653 1707
654 1694
655 1696
656 1698
657 1710
658 1700
659 1708
660 1709
661 1718
662 1704
663 1717
664 1707
665 1721
666 1719
667 1720
668 1722
669 1724
670 1725
671 1734
672 1739
673 1749
674 1752
675 1770
676 1750
677 1765
678 1773
679 1770
680 1753
681 1771
682 1786
683 1794
684 1767
685 1758
686 1773
687 1778
688 1785
689 1760
690 1763
691 1764
692 1761
693 1763
694 1765
695 1766
696 1771
697 1772
698 1775
699 1778
700 1778
701 1798
702 1784
703 1792
704 1780
705 1795
706 1794
707 1798
708 1798
709 1805
710 1818
711 1824
712 1823
713 1836
714 1850
715 1838
716 1849
717 1850
718 1843
719 1859
720 1857
721 1846
722 1847
723 1857
724 1853
725 1856
726 1875
727 1867
728 1873
729 1864
730 1884
731 1866
732 1876
733 1875
734 1891
735 1867
736 1886
737 1872
738 1879
739 1882
740 1878
741 1883
742 1880
743 1891
744 1882
745 1883
746 1890
747 1908
748 1913
749 1928
750 1928
751 1924
752 1923
753 1924
754 1941
755 1942
756 1926
757 1932
758 1943
759 1943
760 1947
761 1951
762 1958
763 1965
764 1983
765 1969
766 1989
767 1971
768 1973
769 1978
770 1980
771 1972
772 1984
773 1990
774 1994
775 2008
776 2004
777 1999
778 2009
779 2025
780 2015
781 2013
782 2026
783 2019
784 2028
785 2031
786 2031
787 2035
788 2037
789 2046
790 2044
791 2047
792 2055
793 2050
794 2067
795 2087
796 2072
797 2061
798 2069
799 2077
800 2072
801 2073
802 2080
803 2086
804 2094
805 2083
806 2093
807 2083
808 2092
809 2088
810 2097
811 2099
812 2105
813 2110
814 2116
815 2128
816 2119
817 2122
818 2134
819 2126
820 2129
821 2132
822 2145
823 2136
824 2143
825 2149
826 2140
827 2142
828 2159
829 2152
830 2154
831 2173
832 2145
833 2157
834 2150
835 2156
836 2150
837 2168
838 2158
839 2168
840 2167
841 2172
842 2175
843 2180
844 2192
845 2199
846 2185
847 2189
848 2201
849 2203
850 2193
851 2198
852 2210
853 2202
854 2214
855 2196
856 2214
857 2198
858 2199
859 2214
860 2211
861 2227
862 2219
863 2231
864 2227
865 2230
866 2234
867 2231
868 2232
869 2247
870 2251
871 2236
872 2251
873 2244
874 2240
875 2243
876 2248
877 2258
878 2258
879 2253
880 2265
881 2259
882 2271
883 2258
884 2275
885 2264
886 2282
887 2284
888 2301
889 2285
890 2266
891 2280
892 2284
893 2269
894 2282
895 2267
896 2287
897 2280
898 2280
899 2281
900 2295
901 2296
902 2308
903 2313
904 2289
905 2307
906 2300
907 2318
908 2317
909 2290
910 2304
911 2297
912 2309
913 2308
914 2320
915 2323
916 2335
917 2319
918 2320
919 2336
920 2337
921 2322
922 2334
923 2324
924 2336
925 2323
926 2335
927 2327
928 2333
929 2347
930 2346
931 2349
932 2351
933 2353
934 2358
935 2373
936 2359
937 2370
938 2388
939 2370
940 2365
941 2380
942 2369
943 2372
944 2369
945 2382
946 2393
947 2378
948 2383
949 2390
950 2401
951 2391
952 2403
953 2392
954 2399
955 2399
956 2396
957 2399
958 2398
959 2402
960 2412
961 2415
962 2408
963 2428
964 2428
965 2440
966 2410
967 2413
968 2432
969 2429
970 2419
971 2414
972 2415
973 2430
974 2430
975 2433
976 2449
977 2464
978 2435
979 2436
980 2455
981 2447
982 2454
983 2457
984 2451
985 2466
986 2455
987 2470
988 2464
989 2466
990 2462
991 2479
992 2470
993 2468
994 2472
995 2482
996 2477
997 2487
998 2488
999 2496
1000 2486
1001 2484
1002 2485
1003 2488
1004 2495
1005 2492
1006 2502
1007 2500
1008 2512
1009 2500
1010 2520
1011 2514
1012 2523
1013 2528
1014 2515
1015 2534
1016 2528
1017 2522
1018 2542
1019 2534
1020 2530
1021 2545
1022 2534
1023 2545
1024 2554
1025 2539
1026 2537
1027 2551
1028 2548
1029 2538
1030 2554
1031 2551
1032 2557
1033 2564
1034 2568
1035 2567
1036 2554
1037 2561
1038 2567
1039 2565
1040 2562
1041 2570
1042 2576
1043 2566
1044 2567
1045 2586
1046 2583
1047 2585
1048 2592
1049 2586
1050 2598
1051 2616
1052 2595
1053 2596
1054 2600
1055 2597
1056 2605
1057 2612
1058 2611
1059 2603
1060 2606
1061 2614
1062 2619
1063 2606
1064 2611
1065 2621
1066 2624
1067 2625
1068 2616
1069 2621
1070 2624
1071 2631
1072 2638
1073 2633
1074 2626
1075 2643
1076 2632
1077 2627
1078 2637
1079 2632
1080 2647
1081 2635
1082 2648
1083 2641
1084 2661
1085 2652
1086 2666
1087 2670
1088 2644
1089 2648
1090 2661
1091 2648
1092 2658
1093 2655
1094 2669
1095 2666
1096 2665
1097 2674
1098 2679
1099 2692
1100 2675
1101 2677
1102 2690
1103 2691
1104 2679
1105 2693
1106 2709
1107 2682
1108 2688
1109 2695
1110 2702
1111 2696
1112 2691
1113 2689
1114 2693
1115 2703
1116 2704
1117 2697
1118 2692
1119 2711
1120 2713
1121 2727
1122 2719
1123 2722
1124 2729
1125 2734
1126 2730
1127 2727
1128 2740
1129 2742
1130 2740
1131 2745
1132 2730
1133 2733
1134 2740
1135 2743
1136 2736
1137 2756
1138 2743
1139 2760
1140 2775
1141 2784
1142 2748
1143 2766
1144 2765
1145 2771
1146 2787
1147 2803
1148 2775
1149 2783
1150 2788
1151 2802
1152 2789
1153 2802
1154 2808
1155 2807
1156 2808
1157 2813
1158 2816
1159 2817
1160 2826
1161 2828
1162 2827
1163 2821
1164 2824
1165 2832
1166 2823
1167 2838
1168 2837
1169 2828
1170 2834
1171 2838
1172 2849
1173 2831
1174 2832
1175 2841
1176 2832
1177 2843
1178 2848
1179 2835
1180 2844
1181 2851
1182 2869
1183 2862
1184 2860
1185 2873
1186 2875
1187 2880
1188 2874
1189 2886
1190 2896
1191 2898
1192 2892
1193 2894
1194 2907
1195 2894
1196 2912
1197 2917
1198 2903
1199 2899
1200 2915
1201 2915
1202 2917
1203 2902
1204 2907
1205 2922
1206 2914
1207 2918
1208 2926
1209 2924
1210 2923
1211 2929
1212 2940
1213 2949
1214 2941
1215 2959
1216 2959
1217 2962
1218 2951
1219 2943
1220 2948
1221 2956
1222 2963
1223 2952
1224 2959
1225 2976
1226 2958
1227 2967
1228 2968
1229 2979
1230 2996
1231 2989
1232 2980
1233 2986
1234 2981
1235 2985
1236 2989
1237 2990
1238 2993
1239 2995
1240 3013
1241 2996
1242 3001
1243 3000
1244 3014
1245 3007
1246 3017
1247 3023
1248 3032
1249 3014
1250 3019
1251 3031
1252 3037
1253 3032
1254 3020
1255 3021
1256 3023
1257 3033
1258 3047
1259 3051
1260 3064
1261 3076
1262 3069
1263 3074
1264 3088
1265 3106
1266 3074
1267 3084
1268 3091
1269 3108
1270 3104
1271 3094
1272 3101
1273 3097
1274 3108
1275 3118
1276 3110
1277 3121
1278 3121
1279 3119
1280 3128
1281 3134
1282 3124
1283 3137
1284 3154
1285 3166
1286 3140
1287 3144
1288 3157
1289 3157
1290 3159
1291 3168
1292 3162
1293 3170
1294 3170
1295 3178
1296 3176
1297 3177
1298 3193
1299 3186
1300 3189
1301 3190
1302 3185
1303 3194
1304 3205
1305 3197
1306 3200
1307 3186
1308 3198
1309 3205
1310 3210
1311 3214
1312 3204
1313 3206
1314 3217
1315 3215
1316 3219
1317 3219
1318 3220
1319 3239
1320 3229
1321 3223
1322 3243
1323 3242
1324 3231
1325 3247
1326 3244
1327 3253
1328 3261
1329 3246
1330 3247
1331 3255
1332 3265
1333 3256
1334 3259
1335 3264
1336 3262
1337 3276
1338 3291
1339 3264
1340 3276
1341 3276
1342 3272
1343 3281
1344 3267
1345 3287
1346 3280
1347 3273
1348 3281
1349 3289
1350 3305
1351 3301
1352 3288
1353 3294
1354 3299
1355 3294
1356 3289
1357 3294
1358 3295
1359 3296
1360 3311
1361 3311
1362 3305
1363 3306
1364 3325
1365 3336
1366 3309
1367 3320
1368 3325
1369 3341
1370 3341
1371 3323
1372 3325
1373 3331
1374 3333
1375 3340
1376 3340
1377 3338
1378 3346
1379 3356
1380 3354
1381 3355
1382 3360
1383 3360
1384 3379
1385 3389
1386 3369
1387 3370
1388 3378
1389 3380
1390 3396
1391 3371
1392 3383
1393 3384
1394 3388
1395 3387
1396 3385
1397 3394
1398 3398
1399 3402
1400 3388
1401 3402
1402 3390
1403 3400
1404 3392
1405 3403
1406 3419
1407 3410
1408 3420
1409 3415
1410 3423
1411 3421
1412 3429
1413 3424
1414 3432
1415 3444
1416 3445
1417 3442
1418 3449
1419 3453
1420 3467
1421 3465
1422 3483
1423 3479
1424 3474
1425 3480
1426 3475
1427 3491
1428 3477
1429 3490
1430 3494
1431 3481
1432 3489
1433 3496
1434 3484
1435 3498
1436 3514
1437 3527
1438 3517
1439 3521
1440 3514
1441 3518
1442 3519
1443 3536
1444 3519
1445 3534
1446 3545
1447 3557
1448 3566
1449 3535
1450 3546
1451 3551
1452 3552
1453 3562
1454 3581
1455 3561
1456 3573
1457 3569
1458 3562
1459 3566
1460 3563
1461 3580
1462 3594
1463 3599
1464 3611
1465 3567
1466 3579
1467 3573
1468 3584
1469 3593
1470 3585
1471 3602
1472 3575
1473 3586
1474 3589
1475 3591
1476 3590
1477 3585
1478 3603
1479 3608
1480 3589
1481 3605
1482 3591
1483 3592
1484 3610
1485 3610
1486 3602
1487 3605
1488 3603
1489 3614
1490 3620
1491 3634
1492 3613
1493 3622
1494 3637
1495 3640
1496 3646
1497 3633
1498 3628
1499 3648
1500 3631
1501 3634
1502 3654
1503 3651
1504 3665
1505 3663
1506 3681
1507 3671
1508 3666
1509 3681
1510 3690
1511 3670
1512 3674
1513 3675
1514 3689
1515 3671
1516 3685
1517 3688
1518 3691
1519 3676
1520 3692
1521 3695
1522 3694
1523 3711
1524 3711
1525 3726
1526 3727
1527 3724
1528 3712
1529 3719
1530 3734
1531 3728
1532 3732
1533 3716
1534 3719
1535 3724
1536 3721
1537 3722
1538 3724
1539 3730
1540 3746
1541 3749
1542 3744
1543 3747
1544 3747
1545 3764
1546 3753
1547 3762
1548 3763
1549 3749
1550 3766
1551 3763
1552 3758
1553 3771
1554 3769
1555 3763
1556 3760
1557 3775
1558 3761
1559 3766
1560 3769
1561 3762
1562 3763
1563 3774
1564 3781
1565 3794
1566 3784
1567 3799
1568 3793
1569 3794
1570 3804
1571 3813
1572 3804
1573 3815
1574 3826
1575 3815
1576 3827
1577 3820
1578 3822
1579 3826
1580 3824
1581 3836
1582 3826
1583 3832
1584 3825
1585 3844
1586 3864
1587 3843
1588 3857
1589 3861
1590 3867
1591 3879
1592 3872
1593 3886
1594 3887
1595 3881
1596 3885
1597 3886
1598 3898
1599 3906
1600 3897
1601 3908
1602 3924
1603 3913
1604 3903
1605 3902
1606 3904
1607 3903
1608 3910
1609 3915
1610 3920
1611 3928
1612 3912
1613 3913
1614 3919
1615 3914
1616 3918
1617 3921
1618 3931
1619 3938
1620 3925
1621 3930
1622 3940
1623 3938
1624 3926
1625 3943
1626 3927
1627 3934
1628 3949
1629 3942
1630 3928
1631 3946
1632 3936
1633 3934
1634 3938
1635 3951
1636 3947
1637 3954
1638 3939
1639 3958
1640 3962
1641 3945
1642 3952
1643 3964
1644 3955
1645 3961
1646 3968
1647 3973
1648 3969
1649 3962
1650 3964
1651 3972
1652 3965
1653 3968
1654 3977
1655 3973
1656 3986
1657 3975
1658 3982
1659 3976
1660 3987
1661 3978
1662 3988
1663 3992
1664 3991
1665 3985
1666 3988
1667 3995
1668 3990
1669 3989
1670 4006
1671 4026
1672 4041
1673 4008
1674 4011
1675 4020
1676 4013
1677 4021
1678 4039
1679 4018
1680 4034
1681 4022
1682 4033
1683 4030
1684 4043
1685 4036
1686 4042
1687 4048
1688 4055
1689 4067
1690 4043
1691 4059
1692 4050
1693 4062
1694 4066
1695 4067
1696 4083
1697 4073
1698 4086
1699 4068
1700 4073
1701 4072
1702 4092
1703 4073
1704 4090
1705 4083
1706 4087
1707 4100
1708 4092
1709 4101
1710 4100
1711 4114
1712 4107
1713 4126
1714 4120
1715 4130
1716 4112
1717 4126
1718 4131
1719 4136
1720 4120
1721 4126
1722 4132
1723 4150
1724 4167
1725 4135
1726 4147
1727 4144
1728 4150
1729 4137
1730 4144
1731 4147
1732 4155
1733 4166
1734 4159
1735 4159
1736 4171
1737 4169
1738 4165
1739 4166
1740 4176
1741 4179
1742 4197
1743 4183
1744 4181
1745 4199
1746 4191
1747 4192
1748 4198
1749 4208
1750 4192
1751 4200
1752 4206
1753 4211
1754 4210
1755 4219
1756 4223
1757 4238
1758 4249
1759 4269
1760 4265
1761 4278
1762 4280
1763 4260
1764 4261
1765 4265
1766 4280
1767 4298
1768 4298
1769 4288
1770 4301
1771 4291
1772 4308
1773 4293
1774 4303
1775 4305
1776 4299
1777 4305
1778 4315
1779 4308
1780 4315
1781 4310
1782 4311
1783 4324
1784 4315
1785 4325
1786 4328
1787 4324
1788 4321
1789 4322
1790 4328
1791 4322
1792 4336
1793 4339
1794 4345
1795 4327
1796 4324
1797 4343
1798 4328
1799 4342
1800 4334
1801 4346
1802 4339
1803 4337
1804 4344
1805 4356
1806 4346
1807 4352
1808 4354
1809 4358
1810 4371
1811 4348
1812 4349
1813 4351
1814 4368
1815 4350
1816 4368
1817 4378
1818 4358
1819 4361
1820 4376
1821 4361
1822 4372
1823 4387
1824 4365
1825 4369
1826 4375
1827 4366
1828 4383
1829 4385
1830 4378
1831 4382
1832 4394
1833 4388
1834 4392
1835 4387
1836 4403
1837 4395
1838 4390
1839 4396
1840 4394
1841 4400
1842 4397
1843 4417
1844 4400
1845 4404
1846 4411
1847 4415
1848 4414
1849 4426
1850 4421
1851 4430
1852 4418
1853 4433
1854 4429
1855 4440
1856 4437
1857 4432
1858 4445
1859 4439
1860 4458
1861 4458
1862 4474
1863 4453
1864 4469
1865 4475
1866 4482
1867 4459
1868 4472
1869 4472
1870 4478
1871 4465
1872 4484
1873 4469
1874 4470
1875 4473
1876 4485
1877 4495
1878 4502
1879 4497
1880 4515
1881 4490
1882 4492
1883 4491
1884 4506
1885 4497
1886 4500
1887 4516
1888 4513
1889 4519
1890 4502
1891 4518
1892 4516
1893 4525
1894 4510
1895 4516
1896 4516
1897 4517
1898 4522
1899 4538
1900 4528
1901 4544
1902 4532
1903 4539
1904 4547
1905 4567
1906 4570
1907 4582
1908 4591
1909 4586
1910 4575
1911 4593
1912 4586
1913 4580
1914 4584
1915 4585
1916 4594
1917 4594
1918 4602
1919 4598
1920 4603
1921 4603
1922 4620
1923 4612
1924 4619
1925 4627
1926 4629
1927 4623
1928 4641
1929 4638
1930 4657
1931 4672
1932 4626
1933 4637
1934 4644
1935 4631
1936 4644
1937 4643
1938 4657
1939 4666
1940 4647
1941 4649
1942 4653
1943 4655
1944 4655
1945 4670
1946 4667
1947 4674
1948 4662
1949 4667
1950 4682
1951 4681
1952 4674
1953 4692
1954 4681
1955 4693
1956 4689
1957 4709
1958 4694
1959 4690
1960 4710
1961 4709
1962 4724
1963 4721
1964 4718
1965 4717
1966 4730
1967 4721
1968 4728
1969 4728
1970 4744
1971 4728
1972 4729
1973 4731
1974 4741
1975 4751
1976 4751
1977 4759
1978 4748
1979 4758
1980 4749
1981 4750
1982 4750
1983 4761
1984 4769
1985 4787
1986 4767
1987 4762
1988 4780
1989 4766
1990 4768
1991 4770
1992 4767
1993 4770
1994 4777
1995 4776
1996 4792
1997 4781
1998 4780
1999 4784
2000 4798
2001 4799
2002 4786
2003 4805
2004 4802
2005 4800
2006 4804
2007 4802
2008 4807
2009 4803
2010 4810
2011 4812
2012 4822
2013 4809
2014 4805
2015 4825
2016 4818
2017 4823
2018 4826
2019 4832
2020 4820
2021 4835
2022 4835
2023 4828
2024 4844
2025 4839
2026 4834
2027 4846
2028 4848
2029 4843
2030 4846
2031 4845
2032 4856
2033 4847
2034 4850
2035 4854
2036 4846
2037 4851
2038 4849
2039 4851
2040 4859
2041 4851
2042 4868
2043 4870
2044 4874
2045 4884
2046 4881
2047 4888
2048 4882
2049 4882
2050 4883
2051 4895
2052 4890
2053 4908
2054 4906
2055 4895
2056 4915
2057 4892
2058 4897
2059 4912
2060 4902
2061 4922
2062 4907
2063 4915
2064 4905
2065 4908
2066 4925
2067 4907
2068 4919
2069 4923
2070 4925
2071 4929
2072 4942
2073 4929
2074 4929
2075 4942
2076 4951
2077 4952
2078 4963
2079 4964
2080 4962
2081 4964
2082 4975
2083 4976
2084 4963
2085 4982
2086 4972
2087 4992
2088 4995
2089 5010
2090 5015
2091 5007
2092 5022
2093 5018
2094 5008
2095 5011
2096 5028
2097 5018
2098 5021
2099 5017
2100 5035
2101 5024
2102 5026
2103 5028
2104 5035
2105 5037
2106 5038
2107 5039
2108 5053
2109 5043
2110 5047
2111 5049
2112 5043
2113 5050
2114 5062
2115 5082
2116 5097
2117 5066
2118 5084
2119 5095
2120 5074
2121 5086
2122 5083
2123 5092
2124 5090
2125 5110
2126 5087
2127 5104
2128 5091
2129 5095
2130 5089
2131 5090
2132 5090
2133 5101
2134 5109
2135 5109
2136 5128
2137 5121
2138 5135
2139 5118
2140 5122
2141 5129
2142 5124
2143 5137
2144 5144
2145 5147
2146 5139
2147 5150
2148 5154
2149 5161
2150 5146
2151 5154
2152 5161
2153 5166
2154 5171
2155 5164
2156 5172
2157 5168
2158 5175
2159 5167
2160 5181
2161 5191
2162 5176
2163 5179
2164 5186
2165 5187
2166 5187
2167 5199
2168 5192
2169 5192
2170 5201
2171 5198
2172 5202
2173 5201
2174 5204
2175 5218
2176 5208
2177 5211
2178 5221
2179 5206
2180 5213
2181 5208
2182 5222
2183 5224
2184 5209
2185 5220
2186 5221
2187 5223
2188 5219
2189 5223
2190 5222
2191 5237
2192 5223
2193 5237
2194 5235
2195 5244
2196 5254
2197 5249
2198 5246
2199 5257
2200 5245
2201 5255
2202 5260
2203 5247
2204 5251
2205 5257
2206 5258
2207 5259
2208 5276
2209 5260
2210 5264
2211 5264
2212 5271
2213 5272
2214 5270
2215 5275
2216 5283
2217 5271
2218 5289
2219 5273
2220 5283
2221 5286
2222 5285
2223 5285
2224 5304
2225 5297
2226 5304
2227 5314
2228 5298
2229 5301
2230 5308
2231 5305
2232 5306
2233 5323
2234 5312
2235 5311
2236 5324
2237 5316
2238 5318
2239 5330
2240 5331
2241 5330
2242 5335
2243 5348
2244 5340
2245 5339
2246 5351
2247 5348
2248 5344
2249 5349
2250 5349
2251 5362
2252 5350
2253 5366
2254 5376
2255 5388
2256 5353
2257 5362
2258 5372
2259 5363
2260 5366
2261 5366
2262 5384
2263 5382
2264 5386
2265 5374
2266 5385
2267 5381
2268 5400
2269 5406
2270 5426
2271 5397
2272 5411
2273 5400
2274 5406
2275 5419
2276 5408
2277 5415
2278 5410
2279 5426
2280 5423
2281 5442
2282 5429
2283 5427
2284 5430
2285 5433
2286 5437
2287 5441
2288 5450
2289 5453
2290 5455
2291 5458
2292 5465
2293 5469
2294 5473
2295 5486
2296 5476
2297 5479
2298 5496
2299 5492
2300 5507
2301 5503
2302 5498
2303 5503
2304 5511
2305 5506
2306 5507
2307 5519
2308 5534
2309 5507
2310 5510
2311 5515
2312 5518
2313 5517
2314 5518
2315 5531
2316 5526
2317 5536
2318 5527
2319 5524
2320 5537
2321 5537
2322 5543
2323 5552
2324 5558
2325 5539
2326 5551
2327 5555
2328 5575
2329 5578
2330 5560
2331 5555
2332 5567
2333 5573
2334 5563
2335 5558
2336 5577
2337 5559
2338 5566
2339 5561
2340 5569
2341 5566
2342 5571
2343 5574
2344 5582
2345 5584
2346 5586
2347 5575
2348 5585
2349 5584
2350 5589
2351 5582
2352 5586
2353 5599
2354 5600
2355 5614
2356 5613
2357 5629
2358 5623
2359 5639
2360 5634
2361 5632
2362 5641
2363 5633
2364 5637
2365 5646
2366 5651
2367 5645
2368 5649
2369 5668
2370 5661
2371 5667
2372 5657
2373 5670
2374 5665
2375 5685
2376 5666
2377 5671
2378 5678
2379 5681
2380 5701
2381 5692
2382 5691
2383 5694
2384 5699
2385 5703
2386 5696
2387 5700
2388 5706
2389 5705
2390 5706
2391 5714
2392 5718
2393 5736
2394 5755
2395 5720
2396 5726
2397 5727
2398 5721
2399 5728
2400 5729
2401 5740
2402 5749
2403 5742
2404 5746
2405 5738
2406 5748
2407 5740
2408 5741
2409 5753
2410 5759
2411 5778
2412 5747
2413 5764
2414 5782
2415 5762
2416 5773
2417 5781
2418 5776
2419 5791
2420 5763
2421 5768
2422 5766
2423 5785
2424 5804
2425 5768
2426 5774
2427 5775
2428 5775
2429 5780
2430 5794
2431 5776
2432 5782
2433 5792
2434 5794
2435 5778
2436 5779
2437 5783
2438 5790
2439 5796
2440 5781
2441 5800
2442 5793
2443 5801
2444 5786
2445 5787
2446 5794
2447 5790
2448 5802
2449 5807
2450 5796
2451 5810
2452 5796
2453 5797
2454 5815
2455 5807
2456 5805
2457 5815
2458 5802
2459 5815
2460 5815
2461 5823
2462 5833
2463 5821
2464 5831
2465 5841
2466 5850
2467 5826
2468 5829
2469 5846
2470 5829
2471 5834
2472 5840
2473 5839
2474 5838
2475 5844
2476 5848
2477 5847
2478 5856
2479 5861
2480 5868
2481 5863
2482 5859
2483 5877
2484 5894
2485 5874
2486 5890
2487 5870
2488 5878
2489 5889
2490 5881
2491 5882
2492 5871
2493 5891
2494 5879
2495 5876
2496 5891
2497 5882
2498 5889
2499 5896
2500 5893
2501 5891
2502 5905
2503 5897
2504 5905
2505 5911
2506 5923
2507 5915
2508 5916
2509 5909
2510 5913
2511 5920
2512 5929
2513 5923
2514 5938
2515 5931
2516 5937
2517 5936
2518 5949
2519 5940
2520 5938
2521 5957
2522 5973
2523 5953
2524 5950
2525 5952
2526 5957
2527 5958
2528 5968
2529 5965
2530 5974
2531 5981
2532 5982
2533 5992
2534 5987
2535 6003
2536 5988
2537 5988
2538 5992
2539 5998
2540 5999
2541 5998
2542 6011
2543 6005
2544 6001
2545 6010
2546 6002
2547 6004
2548 6014
2549 6003
2550 6020
2551 6024
2552 6004
2553 6022
2554 6018
2555 6023
2556 6021
2557 6028
2558 6039
2559 6025
2560 6031
2561 6030
2562 6027
2563 6028
2564 6032
2565 6035
2566 6034
2567 6038
2568 6047
2569 6049
2570 6056
2571 6055
2572 6066
2573 6064
2574 6063
2575 6078
2576 6063
2577 6082
2578 6072
2579 6074
2580 6077
2581 6083
2582 6097
2583 6095
2584 6106
2585 6087
2586 6098
2587 6105
2588 6091
2589 6095
2590 6100
2591 6096
2592 6113
2593 6095
2594 6114
2595 6107
2596 6107
2597 6110
2598 6122
2599 6123
2600 6132
2601 6146
2602 6129
2603 6136
2604 6138
2605 6132
2606 6148
2607 6145
2608 6152
2609 6144
2610 6145
2611 6148
2612 6146
2613 6149
2614 6150
2615 6150
2616 6160
2617 6155
2618 6168
2619 6176
2620 6159
2621 6171
2622 6171
2623 6190
2624 6172
2625 6178
2626 6180
2627 6184
2628 6188
2629 6196
2630 6194
2631 6208
2632 6209
2633 6217
2634 6225
2635 6232
2636 6209
2637 6224
2638 6221
2639 6229
2640 6238
2641 6234
2642 6231
2643 6245
2644 6244
2645 6251
2646 6253
2647 6255
2648 6249
2649 6254
2650 6264
2651 6271
2652 6280
2653 6269
2654 6270
2655 6284
2656 6274
2657 6287
2658 6279
2659 6296
2660 6289
2661 6294
2662 6306
2663 6326
2664 6336
2665 6342
2666 6313
2667 6318
2668 6323
2669 6331
2670 6315
2671 6329
2672 6328
2673 6333
2674 6340
2675 6321
2676 6324
2677 6336
2678 6335
2679 6337
2680 6325
2681 6337
2682 6343
2683 6328
2684 6334
2685 6329
2686 6331
2687 6347
2688 6348
2689 6342
2690 6352
2691 6356
2692 6361
2693 6369
2694 6368
2695 6373
2696 6363
2697 6374
2698 6373
2699 6383
2700 6394
2701 6380
2702 6388
2703 6397
2704 6383
2705 6391
2706 6396
2707 6397
2708 6414
2709 6413
2710 6411
2711 6429
2712 6433
2713 6422
2714 6442
2715 6449
2716 6430
2717 6448
2718 6432
2719 6443
2720 6435
2721 6454
2722 6473
2723 6464
2724 6445
2725 6453
2726 6457
2727 6462
2728 6481
2729 6469
2730 6477
2731 6464
2732 6482
2733 6493
2734 6477
2735 6496
2736 6483
2737 6478
2738 6495
2739 6498
2740 6483
2741 6499
2742 6492
2743 6495
2744 6503
2745 6497
2746 6503
2747 6502
2748 6513
2749 6507
2750 6503
2751 6506
2752 6523
2753 6513
2754 6520
2755 6519
2756 6516
2757 6531
2758 6532
2759 6535
2760 6534
2761 6537
2762 6548
2763 6548
2764 6550
2765 6553
2766 6555
2767 6558
2768 6562
2769 6580
2770 6565
2771 6576
2772 6573
2773 6583
2774 6586
2775 6568
2776 6587
2777 6573
2778 6581
2779 6597
2780 6602
2781 6583
2782 6583
2783 6603
2784 6596
2785 6596
2786 6602
2787 6599
2788 6617
2789 6604
2790 6611
2791 6613
2792 6619
2793 6605
2794 6606
2795 6613
2796 6620
2797 6622
2798 6610
2799 6621
2800 6615
2801 6625
2802 6624
2803 6630
2804 6622
2805 6630
2806 6627
2807 6632
2808 6642
2809 6645
2810 6653
2811 6648
2812 6659
2813 6662
2814 6658
2815 6657
2816 6661
2817 6659
2818 6673
2819 6682
2820 6663
2821 6666
2822 6682
2823 6670
2824 6683
2825 6672
2826 6684
2827 6686
2828 6686
2829 6690
2830 6692
2831 6693
2832 6705
2833 6703
2834 6705
2835 6719
2836 6728
2837 6720
2838 6739
2839 6712
2840 6722
2841 6716
2842 6730
2843 6730
2844 6719
2845 6725
2846 6721
2847 6726
2848 6738
2849 6729
2850 6732
2851 6722
2852 6737
2853 6744
2854 6756
2855 6738
2856 6752
2857 6745
2858 6747
2859 6751
2860 6747
2861 6752
2862 6765
2863 6780
2864 6767
2865 6775
2866 6770
2867 6771
2868 6772
2869 6772
2870 6789
2871 6806
2872 6800
2873 6802
2874 6809
2875 6816
2876 6813
2877 6832
2878 6815
2879 6811
2880 6816
2881 6818
2882 6834
2883 6829
2884 6833
2885 6835
2886 6849
2887 6860
2888 6847
2889 6850
2890 6860
2891 6850
2892 6859
2893 6853
2894 6872
2895 6857
2896 6859
2897 6858
2898 6868
2899 6863
2900 6878
2901 6866
2902 6877
2903 6874
2904 6884
2905 6886
2906 6896
2907 6888
2908 6905
2909 6907
2910 6894
2911 6905
2912 6916
2913 6915
2914 6900
2915 6906
2916 6908
2917 6914
2918 6904
2919 6906
2920 6920
2921 6912
2922 6907
2923 6919
2924 6914
2925 6924
2926 6937
2927 6918
2928 6929
2929 6924
2930 6931
2931 6929
2932 6933
2933 6943
2934 6947
2935 6942
2936 6957
2937 6954
2938 6961
2939 6958
2940 6953
2941 6955
2942 6964
2943 6957
2944 6963
2945 6979
2946 6983
2947 6967
2948 6985
2949 6978
2950 6990
2951 6986
2952 6975
2953 6982
2954 6983
2955 6988
2956 6996
2957 7002
2958 6985
2959 6985
2960 6986
2961 6995
2962 6996
2963 6996
2964 7004
2965 7007
2966 7000
2967 7002
2968 7019
2969 7014
2970 7024
2971 7020
2972 7021
2973 7026
2974 7031
2975 7037
2976 7034
2977 7035
2978 7045
2979 7042
2980 7048
2981 7056
2982 7052
2983 7057
2984 7051
2985 7068
2986 7070
2987 7052
2988 7058
2989 7061
2990 7075
2991 7089
2992 7081
2993 7074
2994 7083
2995 7091
2996 7091
2997 7099
2998 7106
2999 7123
3000 7103
3001 7101
3002 7111
3003 7128
3004 7111
3005 7116
3006 7127
3007 7142
3008 7131
3009 7141
3010 7142
3011 7135
3012 7139
3013 7147
3014 7141
3015 7143
3016 7154
3017 7148
3018 7150
3019 7159
3020 7150
3021 7166
3022 7163
3023 7168
3024 7167
3025 7153
3026 7157
3027 7166
3028 7156
3029 7168
3030 7166
3031 7186
3032 7160
3033 7180
3034 7197
3035 7197
3036 7174
3037 7188
3038 7191
3039 7186
3040 7180
3041 7194
3042 7195
3043 7213
3044 7200
3045 7206
3046 7196
3047 7216
3048 7214
3049 7230
3050 7224
3051 7213
3052 7221
3053 7215
3054 7217
3055 7218
3056 7234
3057 7233
3058 7232
3059 7242
3060 7245
3061 7239
3062 7255
3063 7244
3064 7245
3065 7244
3066 7256
3067 7254
3068 7267
3069 7261
3070 7262
3071 7275
3072 7256
3073 7264
3074 7270
3075 7277
3076 7266
3077 7274
3078 7277
3079 7276
3080 7282
3081 7287
3082 7294
3083 7283
3084 7303
3085 7284
3086 7294
3087 7297
3088 7312
3089 7320
3090 7299
3091 7319
3092 7307
3093 7300
3094 7314
3095 7319
3096 7317
3097 7313
3098 7326
3099 7329
3100 7332
3101 7341
3102 7344
3103 7327
3104 7344
3105 7341
3106 7354
3107 7351
3108 7359
3109 7366
3110 7357
3111 7371
3112 7370
3113 7365
3114 7379
3115 7378
3116 7388
3117 7394
3118 7390
3119 7396
3120 7381
3121 7392
3122 7385
3123 7400
3124 7409
3125 7427
3126 7420
3127 7422
3128 7412
3129 7424
3130 7421
3131 7424
3132 7422
3133 7427
3134 7442
3135 7430
3136 7428
3137 7430
3138 7440
3139 7448
3140 7441
3141 7452
3142 7443
3143 7459
3144 7449
3145 7466
3146 7472
3147 7452
3148 7458
3149 7461
3150 7457
3151 7467
3152 7476
3153 7467
3154 7486
3155 7505
3156 7468
3157 7469
3158 7482
3159 7478
3160 7479
3161 7481
3162 7495
3163 7489
3164 7485
3165 7491
3166 7482
3167 7493
3168 7502
3169 7501
3170 7485
3171 7500
3172 7494
3173 7506
3174 7513
3175 7498
3176 7515
3177 7503
3178 7516
3179 7513
3180 7502
3181 7516
3182 7506
3183 7511
3184 7514
3185 7509
3186 7519
3187 7522
3188 7512
3189 7522
3190 7518
3191 7537
3192 7531
3193 7547
3194 7531
3195 7533
3196 7536
3197 7542
3198 7533
3199 7534
3200 7538
3201 7547
3202 7540
3203 7547
3204 7567
3205 7569
3206 7575
3207 7593
3208 7590
3209 7581
3210 7571
3211 7586
3212 7580
3213 7589
3214 7592
3215 7609
3216 7600
3217 7604
3218 7617
3219 7607
3220 7609
3221 7624
3222 7616
3223 7622
3224 7636
3225 7621
3226 7630
3227 7647
3228 7639
3229 7636
3230 7644
3231 7657
3232 7659
3233 7676
3234 7676
3235 7660
3236 7672
3237 7672
3238 7690
3239 7661
3240 7670
3241 7675
3242 7672
3243 7684
3244 7668
3245 7688
3246 7707
3247 7684
3248 7690
3249 7696
3250 7693
3251 7703
3252 7713
3253 7698
3254 7705
3255 7711
3256 7702
3257 7710
3258 7711
3259 7703
3260 7717
3261 7737
3262 7721
3263 7727
3264 7731
3265 7741
3266 7737
3267 7729
3268 7733
3269 7742
3270 7733
3271 7742
3272 7753
3273 7744
3274 7747
3275 7740
3276 7755
3277 7746
3278 7751
3279 7755
3280 7761
3281 7780
3282 7767
3283 7787
3284 7783
3285 7797
3286 7771
3287 7785
3288 7776
3289 7782
3290 7788
3291 7788
3292 7793
3293 7789
3294 7799
3295 7795
3296 7791
3297 7800
3298 7811
3299 7804
3300 7817
3301 7822
3302 7821
3303 7828
3304 7823
3305 7828
3306 7836
3307 7827
3308 7829
3309 7836
3310 7848
3311 7848
3312 7833
3313 7850
3314 7841
3315 7843
3316 7852
3317 7834
3318 7842
3319 7846
3320 7853
3321 7870
3322 7856
3323 7850
3324 7865
3325 7883
3326 7892
3327 7860
3328 7869
3329 7862
3330 7872
3331 7873
3332 7892
3333 7875
3334 7877
3335 7878
3336 7880
3337 7885
3338 7882
3339 7891
3340 7885
3341 7892
3342 7885
3343 7904
3344 7898
3345 7912
3346 7928
3347 7903
3348 7918
3349 7907
3350 7919
3351 7918
3352 7915
3353 7933
3354 7952
3355 7934
3356 7943
3357 7935
3358 7937
3359 7946
3360 7966
3361 7952
3362 7967
3363 7955
3364 7969
3365 7966
3366 7960
3367 7980
3368 7965
3369 7970
3370 7970
3371 7975
3372 7979
3373 7988
3374 7998
3375 7983
3376 7986
3377 7986
3378 8002
3379 7987
3380 7999
3381 7992
3382 8000
3383 8002
3384 8009
3385 8012
3386 8020
3387 8036
3388 8037
3389 8041
3390 8045
3391 8036
3392 8046
3393 8043
3394 8046
3395 8061
3396 8056
3397 8069
3398 8077
3399 8086
3400 8088
3401 8093
3402 8087
3403 8103
3404 8114
3405 8107
3406 8094
3407 8089
3408 8105
3409 8091
3410 8106
3411 8093
3412 8095
3413 8100
3414 8104
3415 8108
3416 8116
3417 8100
3418 8117
3419 8117
3420 8124
3421 8127
3422 8143
3423 8131
3424 8141
3425 8139
3426 8150
3427 8160
3428 8175
3429 8157
3430 8163
3431 8161
3432 8160
3433 8172
3434 8175
3435 8176
3436 8178
3437 8190
3438 8178
3439 8191
3440 8184
3441 8187
3442 8198
3443 8198
3444 8199
3445 8200
3446 8200
3447 8202
3448 8205
3449 8202
3450 8206
3451 8218
3452 8225
3453 8217
3454 8220
3455 8224
3456 8243
3457 8255
3458 8225
3459 8231
3460 8232
3461 8248
3462 8233
3463 8238
3464 8250
3465 8254
3466 8270
3467 8246
3468 8245
3469 8256
3470 8249
3471 8266
3472 8256
3473 8275
3474 8283
3475 8291
3476 8300
3477 8302
3478 8304
3479 8313
3480 8296
3481 8301
3482 8312
3483 8324
3484 8310
3485 8313
3486 8318
3487 8317
3488 8328
3489 8314
3490 8322
3491 8319
3492 8331
3493 8327
3494 8329
3495 8336
3496 8335
3497 8348
3498 8336
3499 8347
3500 8355
3501 8365
3502 8344
3503 8350
3504 8362
3505 8355
3506 8366
3507 8374
3508 8366
3509 8384
3510 8380
3511 8380
3512 8384
3513 8382
3514 8397
3515 8388
3516 8402
3517 8391
3518 8385
3519 8401
3520 8386
3521 8403
3522 8402
3523 8390
3524 8394
3525 8408
3526 8400
3527 8405
3528 8416
3529 8433
3530 8407
3531 8410
3532 8413
3533 8408
3534 8413
3535 8426
3536 8419
3537 8426
3538 8435
3539 8429
3540 8432
3541 8444
3542 8435
3543 8450
3544 8452
3545 8436
3546 8438
3547 8444
3548 8443
3549 8441
3550 8452
3551 8459
3552 8446
3553 8466
3554 8471
3555 8470
3556 8453
3557 8469
3558 8481
3559 8470
3560 8478
3561 8480
3562 8474
3563 8489
3564 8486
3565 8493
3566 8504
3567 8498
3568 8488
3569 8503
3570 8493
3571 8497
3572 8492
3573 8500
3574 8495
3575 8510
3576 8501
3577 8521
3578 8509
3579 8519
3580 8528
3581 8522
3582 8535
3583 8541
3584 8529
3585 8545
3586 8535
3587 8548
3588 8559
3589 8560
3590 8578
3591 8568
3592 8579
3593 8575
3594 8581
3595 8581
3596 8588
3597 8579
3598 8590
3599 8580
3600 8587
3601 8597
3602 8597
3603 8610
3604 8612
3605 8605
3606 8609
3607 8611
3608 8612
3609 8615
3610 8629
3611 8622
3612 8624
3613 8643
3614 8642
3615 8641
3616 8644
3617 8661
3618 8671
3619 8653
3620 8658
3621 8669
3622 8655
3623 8666
3624 8675
3625 8658
3626 8675
3627 8670
3628 8679
3629 8678
3630 8690
3631 8689
3632 8681
3633 8684
3634 8695
3635 8699
3636 8694
3637 8713
3638 8730
3639 8728
3640 8735
3641 8732
3642 8729
3643 8747
3644 8746
3645 8761
3646 8749
3647 8764
3648 8752
3649 8759
3650 8756
3651 8776
3652 8786
3653 8790
3654 8796
3655 8762
3656 8777
3657 8771
3658 8776
3659 8779
3660 8782
3661 8794
3662 8784
3663 8783
3664 8790
3665 8789
3666 8795
3667 8784
3668 8799
3669 8785
3670 8791
3671 8790
3672 8798
3673 8797
3674 8807
3675 8807
3676 8823
3677 8811
3678 8817
3679 8813
3680 8813
3681 8824
3682 8829
3683 8826
3684 8830
3685 8833
3686 8825
3687 8838
3688 8847
3689 8828
3690 8832
3691 8845
3692 8853
3693 8838
3694 8849
3695 8839
3696 8855
3697 8848
3698 8848
3699 8843
3700 8853
3701 8853
3702 8869
3703 8862
3704 8844
3705 8855
3706 8848
3707 8850
3708 8857
3709 8864
3710 8866
3711 8869
3712 8875
3713 8870
3714 8877
3715 8884
3716 8887
3717 8883
3718 8886
3719 8892
3720 8896
3721 8896
3722 8889
3723 8900
3724 8906
3725 8920
3726 8916
3727 8903
3728 8909
3729 8904
3730 8914
3731 8916
3732 8918
3733 8919
3734 8922
3735 8928
3736 8936
3737 8921
3738 8923
3739 8923
3740 8930
3741 8922
3742 8923
3743 8931
3744 8933
3745 8946
3746 8942
3747 8929
3748 8949
3749 8945
3750 8933
3751 8931
3752 8940
3753 8935
3754 8947
3755 8950
3756 8941
3757 8942
3758 8960
3759 8942
3760 8959
3761 8970
3762 8957
3763 8952
3764 8956
3765 8966
3766 8955
3767 8961
3768 8971
3769 8970
3770 8968
3771 8972
3772 8979
3773 8986
3774 8989
3775 8993
3776 9006
3777 8993
3778 9009
3779 9003
3780 8998
3781 9005
3782 9018
3783 9021
3784 8999
3785 9001
3786 9004
3787 9015
3788 9018
3789 9026
3790 9023
3791 9034
3792 9031
3793 9030
3794 9047
3795 9048
3796 9057
3797 9039
3798 9047
3799 9048
3800 9054
3801 9055
3802 9042
3803 9057
3804 9044
3805 9061
3806 9045
3807 9063
3808 9055
3809 9068
3810 9051
3811 9060
3812 9055
3813 9069
3814 9058
3815 9073
3816 9072
3817 9082
3818 9089
3819 9098
3820 9111
3821 9126
3822 9090
3823 9103
3824 9111
3825 9111
3826 9105
3827 9122
3828 9107
3829 9120
3830 9120
3831 9116
3832 9126
3833 9120
3834 9126
3835 9135
3836 9140
3837 9140
3838 9153
3839 9143
3840 9145
3841 9157
3842 9150
3843 9163
3844 9159
3845 9152
3846 9157
3847 9172
3848 9170
3849 9164
3850 9161
3851 9172
3852 9173
3853 9171
3854 9176
3855 9171
3856 9189
3857 9190
3858 9179
3859 9185
3860 9180
3861 9190
3862 9181
3863 9199
3864 9195
3865 9214
3866 9185
3867 9202
3868 9192
3869 9201
3870 9202
3871 9194
3872 9205
3873 9209
3874 9195
3875 9204
3876 9212
3877 9215
3878 9219
3879 9221
3880 9219
3881 9220
3882 9222
3883 9234
3884 9224
3885 9239
3886 9231
3887 9248
3888 9267
3889 9254
3890 9268
3891 9262
3892 9255
3893 9262
3894 9262
3895 9266
3896 9269
3897 9270
3898 9285
3899 9285
3900 9274
3901 9280
3902 9281
3903 9288
3904 9283
3905 9296
3906 9286
3907 9285
3908 9299
3909 9292
3910 9296
3911 9315
3912 9316
3913 9315
3914 9298
3915 9314
3916 9306
3917 9301
3918 9308
3919 9318
3920 9306
3921 9308
3922 9328
3923 9313
3924 9314
3925 9315
3926 9318
3927 9337
3928 9315
3929 9317
3930 9317
3931 9334
3932 9335
3933 9340
3934 9343
3935 9361
3936 9347
3937 9350
3938 9367
3939 9347
3940 9365
3941 9367
3942 9367
3943 9358
3944 9368
3945 9386
3946 9371
3947 9376
3948 9381
3949 9392
3950 9386
3951 9390
3952 9400
3953 9406
3954 9400
3955 9407
3956 9394
3957 9395
3958 9410
3959 9410
3960 9413
3961 9416
3962 9419
3963 9426
3964 9428
3965 9420
3966 9422
3967 9436
3968 9439
3969 9440
3970 9429
3971 9447
3972 9458
3973 9441
3974 9437
3975 9449
3976 9439
3977 9453
3978 9451
3979 9457
3980 9477
3981 9452
3982 9456
3983 9455
3984 9457
3985 9463
3986 9459
3987 9458
3988 9461
3989 9464
3990 9466
3991 9478
3992 9475
3993 9474
3994 9491
3995 9491
3996 9490
3997 9489
3998 9491
3999 9495
4000 9498
4001 9508
4002 9518
4003 9529
4004 9501
4005 9506
4006 9514
4007 9503
4008 9506
4009 9520
4010 9510
4011 9528
4012 9512
4013 9517
4014 9523
4015 9519
4016 9530
4017 9536
4018 9533
4019 9531
4020 9535
4021 9550
4022 9540
4023 9546
4024 9543
4025 9552
4026 9544
4027 9548
4028 9550
4029 9548
4030 9551
4031 9558
4032 9563
4033 9560
4034 9563
4035 9571
4036 9580
4037 9564
4038 9570
4039 9572
4040 9573
4041 9586
4042 9567
4043 9570
4044 9584
4045 9583
4046 9585
4047 9574
4048 9587
4049 9578
4050 9595
4051 9577
4052 9581
4053 9579
4054 9594
4055 9584
4056 9588
4057 9586
4058 9606
4059 9626
4060 9599
4061 9599
4062 9594
4063 9609
4064 9613
4065 9610
4066 9613
4067 9619
4068 9615
4069 9619
4070 9637
4071 9624
4072 9627
4073 9624
4074 9626
4075 9626
4076 9637
4077 9653
4078 9630
4079 9627
4080 9629
4081 9632
4082 9631
4083 9635
4084 9643
4085 9652
4086 9661
4087 9681
4088 9661
4089 9668
4090 9659
4091 9664
4092 9666
4093 9679
4094 9668
4095 9669
4096 9684
4097 9684
4098 9678
4099 9674
4100 9690
4101 9680
4102 9695
4103 9697
4104 9687
4105 9691
4106 9701
4107 9711
4108 9716
4109 9690
4110 9693
4111 9697
4112 9707
4113 9711
4114 9712
4115 9714
4116 9701
4117 9720
4118 9702
4119 9703
4120 9707
4121 9710
4122 9714
4123 9717
4124 9717
4125 9732
4126 9730
4127 9721
4128 9735
4129 9727
4130 9733
4131 9723
4132 9729
4133 9743
4134 9759
4135 9728
4136 9739
4137 9745
4138 9745
4139 9746
4140 9762
4141 9750
4142 9769
4143 9752
4144 9760
4145 9753
4146 9761
4147 9765
4148 9761
4149 9777
4150 9781
4151 9785
4152 9776
4153 9783
4154 9783
4155 9786
4156 9781
4157 9782
4158 9784
4159 9790
4160 9795
4161 9784
4162 9803
4163 9796
4164 9787
4165 9799
4166 9809
4167 9791
4168 9807
4169 9797
4170 9793
4171 9795
4172 9800
4173 9802
4174 9807
4175 9811
4176 9809
4177 9810
4178 9810
4179 9812
4180 9822
4181 9820
4182 9836
4183 9845
4184 9839
4185 9845
4186 9858
4187 9861
4188 9858
4189 9859
4190 9874
4191 9892
4192 9864
4193 9877
4194 9870
4195 9881
4196 9867
4197 9875
4198 9878
4199 9872
4200 9879
4201 9889
4202 9907
4203 9909
4204 9924
4205 9922
4206 9902
4207 9908
4208 9910
4209 9919
4210 9920
4211 9921
4212 9910
4213 9913
4214 9913
4215 9923
4216 9922
4217 9937
4218 9925
4219 9931
4220 9933
4221 9943
4222 9934
4223 9951
4224 9965
4225 9971
4226 9939
4227 9945
4228 9963
4229 9970
4230 9955
4231 9962
4232 9958
4233 9978
4234 9984
4235 9959
4236 9973
4237 9961
4238 9972
4239 9966
4240 9968
4241 9967
4242 9981
4243 9972
4244 9984
4245 9973
4246 9983
4247 9980
4248 9978
4249 9981
4250 9989
4251 9993
4252 9981
4253 9994
4254 9996
4255 9997
4256 10009
4257 10010
4258 10021
4259 10001
4260 10016
4261 10033
4262 10039
4263 10034
4264 10042
4265 10023
4266 10038
4267 10028
4268 10029
4269 10037
4270 10036
4271 10049
4272 10062
4273 10031
4274 10045
4275 10032
4276 10035
4277 10043
4278 10050
4279 10062
4280 10058
4281 10058
4282 10066
4283 10062
4284 10073
4285 10073
4286 10074
4287 10082
4288 10080
4289 10092
4290 10092
4291 10086
4292 10092
4293 10096
4294 10102
4295 10094
4296 10100
4297 10112
4298 10101
4299 10113
4300 10107
4301 10116
4302 10109
4303 10120
4304 10124
4305 10141
4306 10142
4307 10134
4308 10132
4309 10148
4310 10134
4311 10140
4312 10149
4313 10138
4314 10154
4315 10155
4316 10150
4317 10155
4318 10173
4319 10153
4320 10158
4321 10163
4322 10169
4323 10167
4324 10182
4325 10168
4326 10180
4327 10187
4328 10185
4329 10188
4330 10208
4331 10199
4332 10208
4333 10189
4334 10204
4335 10206
4336 10221
4337 10207
4338 10224
4339 10215
4340 10217
4341 10215
4342 10221
4343 10225
4344 10236
4345 10240
4346 10249
4347 10228
4348 10241
4349 10229
4350 10232
4351 10239
4352 10234
4353 10240
4354 10248
4355 10239
4356 10245
4357 10252
4358 10254
4359 10271
4360 10260
4361 10264
4362 10268
4363 10274
4364 10275
4365 10284
4366 10272
4367 10289
4368 10280
4369 10276
4370 10277
4371 10295
4372 10282
4373 10301
4374 10288
4375 10286
4376 10290
4377 10290
4378 10300
4379 10302
4380 10302
4381 10309
4382 10319
4383 10323
4384 10307
4385 10316
4386 10335
4387 10319
4388 10323
4389 10343
4390 10324
4391 10329
4392 10338
4393 10352
4394 10329
4395 10347
4396 10349
4397 10368
4398 10333
4399 10339
4400 10349
4401 10361
4402 10352
4403 10358
4404 10363
4405 10368
4406 10382
4407 10369
4408 10361
4409 10378
4410 10380
4411 10380
4412 10375
4413 10381
4414 10395
4415 10382
4416 10396
4417 10378
4418 10389
4419 10380
4420 10389
4421 10383
4422 10402
4423 10397
4424 10388
4425 10400
4426 10398
4427 10397
4428 10402
4429 10394
4430 10402
4431 10402
4432 10405
4433 10398
4434 10403
4435 10418
4436 10412
4437 10421
4438 10414
4439 10405
4440 10409
4441 10413
4442 10421
4443 10417
4444 10409
4445 10423
4446 10428
4447 10433
4448 10419
4449 10439
4450 10430
4451 10432
4452 10439
4453 10442
4454 10448
4455 10442
4456 10447
4457 10455
4458 10474
4459 10459
4460 10448
4461 10459
4462 10460
4463 10474
4464 10453
4465 10464
4466 10466
4467 10470
4468 10484
4469 10470
4470 10473
4471 10489
4472 10492
4473 10480
4474 10471
4475 10490
4476 10487
4477 10494
4478 10495
4479 10508
4480 10507
4481 10502
4482 10501
4483 10515
4484 10517
4485 10523
4486 10531
4487 10503
4488 10514
4489 10520
4490 10523
4491 10521
4492 10527
4493 10528
4494 10537
4495 10528
4496 10529
4497 10532
4498 10545
4499 10550
4500 10559
4501 10533
4502 10539
4503 10541
4504 10538
4505 10558
4506 10540
4507 10545
4508 10559
4509 10552
4510 10572
4511 10554
4512 10560
4513 10555
4514 10557
4515 10570
4516 10556
4517 10573
4518 10574
4519 10562
4520 10568
4521 10566
4522 10580
4523 10574
4524 10571
4525 10575
4526 10584
4527 10575
4528 10592
4529 10597
4530 10593
4531 10604
4532 10596
4533 10600
4534 10608
4535 10604
4536 10604
4537 10604
4538 10619
4539 10607
4540 10619
4541 10625
4542 10643
4543 10641
4544 10617
4545 10627
4546 10621
4547 10637
4548 10627
4549 10646
4550 10628
4551 10634
4552 10637
4553 10644
4554 10648
4555 10642
4556 10653
4557 10644
4558 10658
4559 10662
4560 10680
4561 10667
4562 10660
4563 10676
4564 10661
4565 10662
4566 10664
4567 10674
4568 10679
4569 10668
4570 10667
4571 10677
4572 10672
4573 10688
4574 10676
4575 10679
4576 10678
4577 10691
4578 10696
4579 10694
4580 10699
4581 10703
4582 10707
4583 10720
4584 10714
4585 10718
4586 10731
4587 10719
4588 10724
4589 10723
4590 10730
4591 10744
4592 10736
4593 10739
4594 10747
4595 10758
4596 10763
4597 10765
4598 10756
4599 10769
4600 10765
4601 10775
4602 10771
4603 10788
4604 10781
4605 10795
4606 10779
4607 10774
4608 10790
4609 10778
4610 10787
4611 10788
4612 10798
4613 10799
4614 10791
4615 10796
4616 10809
4617 10799
4618 10805
4619 10814
4620 10834
4621 10808
4622 10824
4623 10823
4624 10830
4625 10826
4626 10833
4627 10826
4628 10843
4629 10861
4630 10845
4631 10854
4632 10829
4633 10830
4634 10837
4635 10834
4636 10835
4637 10833
4638 10840
4639 10853
4640 10857
4641 10849
4642 10854
4643 10866
4644 10885
4645 10857
4646 10859
4647 10868
4648 10872
4649 10868
4650 10884
4651 10881
4652 10876
4653 10878
4654 10895
4655 10896
4656 10890
4657 10910
4658 10902
4659 10918
4660 10931
4661 10903
4662 10906
4663 10920
4664 10922
4665 10917
4666 10919
4667 10919
4668 10923
4669 10935
4670 10921
4671 10935
4672 10932
4673 10935
4674 10938
4675 10948
4676 10957
4677 10952
4678 10961
4679 10955
4680 10962
4681 10976
4682 10982
4683 10967
4684 10973
4685 10984
4686 10987
4687 10978
4688 10981
4689 10994
4690 11011
4691 11014
4692 10999
4693 10996
4694 11011
4695 11000
4696 11013
4697 11020
4698 11008
4699 11009
4700 11021
4701 11030
4702 11031
4703 11026
4704 11025
4705 11038
4706 11042
4707 11042
4708 11048
4709 11052
4710 11053
4711 11049
4712 11056
4713 11065
4714 11069
4715 11066
4716 11063
4717 11079
4718 11099
4719 11110
4720 11078
4721 11082
4722 11100
4723 11088
4724 11084
4725 11101
4726 11107
4727 11126
4728 11140
4729 11132
4730 11109
4731 11122
4732 11115
4733 11112
4734 11113
4735 11114
4736 11114
4737 11124
4738 11133
4739 11125
4740 11135
4741 11141
4742 11144
4743 11140
4744 11145
4745 11149
4746 11155
4747 11153
4748 11165
4749 11146
4750 11155
4751 11154
4752 11151
4753 11161
4754 11162
4755 11172
4756 11176
4757 11164
4758 11171
4759 11175
4760 11187
4761 11176
4762 11177
4763 11172
4764 11185
4765 11189
4766 11197
4767 11205
4768 11200
4769 11191
4770 11193
4771 11201
4772 11197
4773 11196
4774 11212
4775 11203
4776 11214
4777 11205
4778 11210
4779 11230
4780 11204
4781 11210
4782 11211
4783 11222
4784 11217
4785 11218
4786 11219
4787 11227
4788 11221
4789 11235
4790 11226
4791 11220
4792 11236
4793 11230
4794 11239
4795 11235
4796 11235
4797 11231
4798 11239
4799 11246
4800 11237
4801 11239
4802 11247
4803 11255
4804 11250
4805 11262
4806 11254
4807 11266
4808 11257
4809 11262
4810 11269
4811 11289
4812 11300
4813 11271
4814 11277
4815 11281
4816 11286
4817 11283
4818 11301
4819 11294
4820 11312
4821 11290
4822 11301
4823 11294
4824 11309
4825 11297
4826 11303
4827 11312
4828 11317
4829 11316
4830 11301
4831 11308
4832 11316
4833 11321
4834 11313
4835 11332
4836 11331
4837 11341
4838 11338
4839 11324
4840 11340
4841 11354
4842 11326
4843 11338
4844 11358
4845 11327
4846 11337
4847 11347
4848 11338
4849 11351
4850 11363
4851 11349
4852 11359
4853 11358
4854 11350
4855 11365
4856 11366
4857 11377
4858 11354
4859 11360
4860 11362
4861 11363
4862 11362
4863 11364
4864 11380
4865 11372
4866 11391
4867 11409
4868 11410
4869 11416
4870 11429
4871 11413
4872 11421
4873 11441
4874 11417
4875 11425
4876 11436
4877 11443
4878 11437
4879 11429
4880 11434
4881 11442
4882 11443
4883 11445
4884 11433
4885 11435
4886 11440
4887 11456
4888 11443
4889 11453
4890 11446
4891 11462
4892 11450
4893 11455
4894 11454
4895 11456
4896 11470
4897 11469
4898 11463
4899 11476
4900 11465
4901 11473
4902 11480
4903 11472
4904 11486
4905 11480
4906 11487
4907 11484
4908 11500
4909 11520
4910 11530
4911 11548
4912 11534
4913 11545
4914 11546
4915 11544
4916 11539
4917 11553
4918 11540
4919 11557
4920 11564
4921 11568
4922 11542
4923 11556
4924 11556
4925 11573
4926 11589
4927 11569
4928 11559
4929 11566
4930 11565
4931 11583
4932 11563
4933 11574
4934 11578
4935 11571
4936 11569
4937 11589
4938 11583
4939 11584
4940 11586
4941 11599
4942 11615
4943 11590
4944 11602
4945 11607
4946 11591
4947 11595
4948 11594
4949 11611
4950 11606
4951 11604
4952 11596
4953 11597
4954 11605
4955 11619
4956 11615
4957 11606
4958 11613
4959 11608
4960 11623
4961 11629
4962 11617
4963 11625
4964 11620
4965 11619
4966 11639
4967 11638
4968 11639
4969 11654
4970 11643
4971 11654
4972 11647
4973 11663
4974 11670
4975 11658
4976 11671
4977 11667
4978 11687
4979 11680
4980 11662
4981 11669
4982 11674
4983 11664
4984 11674
4985 11680
4986 11694
4987 11686
4988 11696
4989 11696
4990 11706
4991 11715
4992 11697
4993 11713
4994 11732
4995 11716
4996 11706
4997 11714
4998 11718
4999 11726
5000 11722
5001 11727
5002 11723
5003 11729
5004 11732
5005 11734
5006 11736
5007 11737
5008 11740
5009 11747
5010 11743
5011 11755
5012 11754
5013 11747
5014 11755
5015 11754
5016 11769
5017 11763
5018 11761
5019 11758
5020 11767
5021 11760
5022 11775
5023 11772
5024 11782
5025 11769
5026 11786
5027 11780
5028 11778
5029 11782
5030 11779
5031 11780
5032 11790
5033 11797
5034 11798
5035 11809
5036 11785
5037 11793
5038 11801
5039 11802
5040 11794
5041 11810
5042 11809
5043 11823
5044 11839
5045 11826
5046 11845
5047 11847
5048 11846
5049 11857
5050 11857
5051 11853
5052 11868
5053 11854
5054 11860
5055 11863
5056 11868
5057 11870
5058 11870
5059 11886
5060 11874
5061 11883
5062 11891
5063 11900
5064 11893
5065 11905
5066 11890
5067 11898
5068 11902
5069 11911
5070 11900
5071 11905
5072 11916
5073 11902
5074 11909
5075 11911
5076 11905
5077 11903
5078 11912
5079 11904
5080 11923
5081 11922
5082 11905
5083 11908
5084 11916
5085 11921
5086 11911
5087 11930
5088 11915
5089 11912
5090 11914
5091 11924
5092 11939
5093 11947
5094 11941
5095 11945
5096 11951
5097 11959
5098 11956
5099 11952
5100 11965
5101 11965
5102 11966
5103 11971
5104 11961
5105 11980
5106 11962
5107 11968
5108 11978
5109 11968
5110 11974
5111 11970
5112 11978
5113 11986
5114 11992
5115 11990
5116 11992
5117 11994
5118 12009
5119 12007
5120 12003
5121 12011
5122 12011
5123 12005
5124 12022
5125 12015
5126 12016
5127 12027
5128 12018
5129 12022
5130 12031
5131 12046
5132 12031
5133 12047
5134 12059
5135 12068
5136 12055
5137 12062
5138 12067
5139 12063
5140 12066
5141 12083
5142 12070
5143 12078
5144 12067
5145 12074
5146 12080
5147 12082
5148 12089
5149 12069
5150 12077
5151 12089
5152 12084
5153 12075
5154 12076
5155 12090
5156 12081
5157 12097
5158 12089
5159 12085
5160 12091
5161 12083
5162 12101
5163 12087
5164 12098
5165 12101
5166 12098
5167 12100
5168 12108
5169 12113
5170 12117
5171 12101
5172 12109
5173 12119
5174 12111
5175 12130
5176 12104
5177 12106
5178 12113
5179 12110
5180 12110
5181 12126
5182 12123
5183 12143
5184 12135
5185 12126
5186 12128
5187 12148
5188 12130
5189 12138
5190 12139
5191 12156
5192 12142
5193 12148
5194 12140
5195 12141
5196 12159
5197 12156
5198 12147
5199 12147
5200 12154
5201 12171
5202 12161
5203 12151
5204 12163
5205 12161
5206 12169
5207 12158
5208 12154
5209 12174
5210 12171
5211 12156
5212 12159
5213 12157
5214 12175
5215 12163
5216 12167
5217 12160
5218 12161
5219 12168
5220 12177
5221 12168
5222 12175
5223 12178
5224 12196
5225 12210
5226 12212
5227 12184
5228 12202
5229 12200
5230 12198
5231 12202
5232 12217
5233 12213
5234 12207
5235 12207
5236 12225
5237 12217
5238 12226
5239 12227
5240 12240
5241 12218
5242 12219
5243 12226
5244 12224
5245 12241
5246 12234
5247 12246
5248 12243
5249 12238
5250 12251
5251 12241
5252 12242
5253 12253
5254 12245
5255 12256
5256 12259
5257 12261
5258 12264
5259 12261
5260 12262
5261 12265
5262 12266
5263 12272
5264 12283
5265 12273
5266 12288
5267 12303
5268 12275
5269 12291
5270 12303
5271 12290
5272 12277
5273 12291
5274 12297
5275 12292
5276 12312
5277 12285
5278 12303
5279 12289
5280 12291
5281 12301
5282 12301
5283 12297
5284 12301
5285 12310
5286 12307
5287 12313
5288 12315
5289 12330
5290 12341
5291 12309
5292 12325
5293 12323
5294 12318
5295 12325
5296 12334
5297 12338
5298 12326
5299 12336
5300 12352
5301 12344
5302 12356
5303 12332
5304 12348
5305 12333
5306 12338
5307 12345
5308 12344
5309 12348
5310 12359
5311 12349
5312 12367
5313 12346
5314 12361
5315 12356
5316 12359
5317 12369
5318 12367
5319 12385
5320 12387
5321 12375
5322 12378
5323 12380
5324 12395
5325 12379
5326 12384
5327 12388
5328 12404
5329 12407
5330 12418
5331 12388
5332 12392
5333 12394
5334 12408
5335 12427
5336 12444
5337 12464
5338 12430
5339 12446
5340 12435
5341 12438
5342 12439
5343 12441
5344 12449
5345 12451
5346 12470
5347 12446
5348 12457
5349 12452
5350 12465
5351 12450
5352 12457
5353 12451
5354 12454
5355 12467
5356 12466
5357 12460
5358 12469
5359 12479
5360 12494
5361 12495
5362 12467
5363 12481
5364 12499
5365 12477
5366 12483
5367 12482
5368 12493
5369 12483
5370 12502
5371 12504
5372 12502
5373 12503
5374 12517
5375 12516
5376 12521
5377 12518
5378 12517
5379 12522
5380 12529
5381 12522
5382 12537
5383 12555
5384 12535
5385 12526
5386 12539
5387 12544
5388 12559
5389 12535
5390 12552
5391 12553
5392 12546
5393 12564
5394 12560
5395 12561
5396 12556
5397 12569
5398 12581
5399 12576
5400 12572
5401 12587
5402 12584
5403 12577
5404 12590
5405 12585
5406 12586
5407 12591
5408 12600
5409 12602
5410 12588
5411 12591
5412 12605
5413 12595
5414 12593
5415 12601
5416 12602
5417 12605
5418 12602
5419 12613
5420 12616
5421 12607
5422 12615
5423 12626
5424 12631
5425 12640
5426 12625
5427 12638
5428 12638
5429 12645
5430 12653
5431 12665
5432 12653
5433 12672
5434 12689
5435 12659
5436 12669
5437 12688
5438 12662
5439 12681
5440 12674
5441 12685
5442 12692
5443 12687
5444 12688
5445 12702
5446 12688
5447 12706
5448 12690
5449 12705
5450 12704
5451 12698
5452 12702
5453 12701
5454 12710
5455 12710
5456 12707
5457 12707
5458 12709
5459 12711
5460 12712
5461 12721
5462 12728
5463 12722
5464 12725
5465 12731
5466 12743
5467 12741
5468 12749
5469 12746
5470 12754
5471 12751
5472 12752
5473 12759
5474 12765
5475 12757
5476 12767
5477 12775
5478 12767
5479 12787
5480 12764
5481 12777
5482 12767
5483 12773
5484 12786
5485 12785
5486 12794
5487 12771
5488 12791
5489 12787
5490 12789
5491 12803
5492 12807
5493 12803
5494 12807
5495 12814
5496 12811
5497 12816
5498 12814
5499 12816
5500 12825
5501 12826
5502 12845
5503 12815
5504 12828
5505 12831
5506 12821
5507 12834
5508 12821
5509 12839
5510 12841
5511 12846
5512 12839
5513 12856
5514 12844
5515 12858
5516 12859
5517 12868
5518 12873
5519 12867
5520 12880
5521 12877
5522 12878
5523 12885
5524 12902
5525 12901
5526 12906
5527 12919
5528 12914
5529 12917
5530 12918
5531 12908
5532 12923
5533 12933
5534 12922
5535 12924
5536 12931
5537 12925
5538 12933
5539 12927
5540 12947
5541 12928
5542 12931
5543 12942
5544 12929
5545 12933
5546 12943
5547 12942
5548 12950
5549 12930
5550 12948
5551 12949
5552 12934
5553 12937
5554 12933
5555 12942
5556 12950
5557 12947
5558 12949
5559 12950
5560 12959
5561 12969
5562 12967
5563 12977
5564 12961
5565 12960
5566 12969
5567 12984
5568 13003
5569 12971
5570 12990
5571 12973
5572 12975
5573 12982
5574 12974
5575 12982
5576 12978
5577 12989
5578 12989
5579 13006
5580 12991
5581 13005
5582 13000
5583 13011
5584 13008
5585 13023
5586 13015
5587 13025
5588 13016
5589 13035
5590 13029
5591 13029
5592 13022
5593 13029
5594 13044
5595 13023
5596 13024
5597 13031
5598 13031
5599 13041
5600 13042
5601 13034
5602 13046
5603 13062
5604 13068
5605 13038
5606 13058
5607 13056
5608 13065
5609 13068
5610 13081
5611 13061
5612 13066
5613 13084
5614 13081
5615 13073
5616 13085
5617 13079
5618 13093
5619 13106
5620 13113
5621 13118
5622 13132
5623 13121
5624 13127
5625 13145
5626 13126
5627 13138
5628 13145
5629 13139
5630 13157
5631 13144
5632 13148
5633 13147
5634 13147
5635 13149
5636 13165
5637 13154
5638 13173
5639 13163
5640 13158
5641 13162
5642 13165
5643 13165
5644 13172
5645 13183
5646 13177
5647 13173
5648 13191
5649 13180
5650 13185
5651 13178
5652 13187
5653 13194
5654 13190
5655 13197
5656 13194
5657 13206
5658 13193
5659 13209
5660 13202
5661 13203
5662 13199
5663 13211
5664 13217
5665 13215
5666 13200
5667 13212
5668 13208
5669 13204
5670 13210
5671 13210
5672 13205
5673 13209
5674 13222
5675 13207
5676 13222
5677 13210
5678 13212
5679 13221
5680 13211
5681 13212
5682 13229
5683 13239
5684 13219
5685 13230
5686 13217
5687 13221
5688 13228
5689 13233
5690 13246
5691 13230
5692 13236
5693 13248
5694 13231
5695 13249
5696 13247
5697 13238
5698 13237
5699 13245
5700 13258
5701 13252
5702 13258
5703 13265
5704 13270
5705 13277
5706 13280
5707 13260
5708 13273
5709 13287
5710 13263
5711 13283
5712 13286
5713 13277
5714 13296
5715 13294
5716 13279
5717 13281
5718 13292
5719 13289
5720 13288
5721 13301
5722 13307
5723 13327
5724 13320
5725 13321
5726 13309
5727 13312
5728 13310
5729 13310
5730 13317
5731 13314
5732 13318
5733 13322
5734 13319
5735 13321
5736 13323
5737 13323
5738 13336
5739 13324
5740 13332
5741 13333
5742 13327
5743 13331
5744 13333
5745 13343
5746 13363
5747 13383
5748 13345
5749 13350
5750 13347
5751 13355
5752 13353
5753 13354
5754 13354
5755 13365
5756 13364
5757 13369
5758 13370
5759 13364
5760 13367
5761 13382
5762 13383
5763 13402
5764 13372
5765 13381
5766 13401
5767 13386
5768 13397
5769 13400
5770 13404
5771 13403
5772 13410
5773 13415
5774 13405
5775 13407
5776 13417
5777 13420
5778 13429
5779 13423
5780 13443
5781 13424
5782 13424
5783 13426
5784 13436
5785 13431
5786 13434
5787 13443
5788 13441
5789 13439
5790 13458
5791 13438
5792 13450
5793 13444
5794 13456
5795 13454
5796 13457
5797 13445
5798 13449
5799 13460
5800 13462
5801 13478
5802 13473
5803 13454
5804 13461
5805 13461
5806 13473
5807 13458
5808 13470
5809 13464
5810 13482
5811 13488
5812 13497
5813 13497
5814 13512
5815 13496
5816 13504
5817 13505
5818 13506
5819 13498
5820 13517
5821 13506
5822 13501
5823 13503
5824 13508
5825 13522
5826 13518
5827 13528
5828 13511
5829 13527
5830 13522
5831 13524
5832 13523
5833 13523
5834 13527
5835 13532
5836 13541
5837 13534
5838 13532
5839 13534
5840 13534
5841 13551
5842 13540
5843 13533
5844 13550
5845 13559
5846 13572
5847 13586
5848 13578
5849 13596
5850 13575
5851 13592
5852 13603
5853 13615
5854 13578
5855 13592
5856 13598
5857 13594
5858 13612
5859 13589
5860 13592
5861 13595
5862 13592
5863 13605
5864 13599
5865 13607
5866 13605
5867 13620
5868 13618
5869 13619
5870 13620
5871 13613
5872 13619
5873 13631
5874 13624
5875 13625
5876 13627
5877 13638
5878 13631
5879 13639
5880 13639
5881 13641
5882 13643
5883 13640
5884 13649
5885 13653
5886 13642
5887 13651
5888 13662
5889 13652
5890 13666
5891 13654
5892 13659
5893 13672
5894 13671
5895 13679
5896 13685
5897 13680
5898 13680
5899 13697
5900 13685
5901 13705
5902 13689
5903 13694
5904 13693
5905 13696
5906 13708
5907 13714
5908 13705
5909 13713
5910 13713
5911 13708
5912 13726
5913 13725
5914 13717
5915 13724
5916 13725
5917 13740
5918 13743
5919 13749
5920 13730
5921 13744
5922 13742
5923 13759
5924 13746
5925 13758
5926 13761
5927 13748
5928 13754
5929 13755
5930 13768
5931 13755
5932 13765
5933 13778
5934 13766
5935 13770
5936 13779
5937 13767
5938 13784
5939 13779
5940 13771
5941 13783
5942 13770
5943 13775
5944 13790
5945 13781
5946 13779
5947 13796
5948 13786
5949 13792
5950 13794
5951 13793
5952 13797
5953 13793
5954 13807
5955 13807
5956 13802
5957 13805
5958 13821
5959 13818
5960 13822
5961 13819
5962 13830
5963 13836
5964 13831
5965 13845
5966 13844
5967 13864
5968 13851
5969 13862
5970 13855
5971 13862
5972 13858
5973 13869
5974 13868
5975 13888
5976 13868
5977 13884
5978 13883
5979 13888
5980 13883
5981 13872
5982 13883
5983 13873
5984 13882
5985 13878
5986 13881
5987 13877
5988 13882
5989 13883
5990 13890
5991 13889
5992 13891
5993 13897
5994 13885
5995 13893
5996 13891
5997 13890
5998 13906
5999 13907
6000 13914
6001 13910
6002 13911
6003 13921
6004 13927
6005 13915
6006 13918
6007 13919
6008 13935
6009 13935
6010 13925
6011 13938
6012 13926
6013 13945
6014 13941
6015 13944
6016 13951
6017 13960
6018 13978
6019 13952
6020 13955
6021 13975
6022 13956
6023 13957
6024 13968
6025 13978
6026 13974
6027 13960
6028 13971
6029 13972
6030 13974
6031 13971
6032 13982
6033 13974
6034 13982
6035 13991
6036 13992
6037 13977
6038 13983
6039 13985
6040 13998
6041 14003
6042 13991
6043 13998
6044 14015
6045 14009
6046 13995
6047 13992
6048 14004
6049 14005
6050 14008
6051 14011
6052 14008
6053 14018
6054 14010
6055 14019
6056 14023
6057 14015
6058 14031
6059 14014
6060 14025
6061 14026
6062 14042
6063 14024
6064 14032
6065 14026
6066 14028
6067 14034
6068 14027
6069 14038
6070 14039
6071 14055
6072 14055
6073 14074
6074 14055
6075 14057
6076 14061
6077 14064
6078 14060
6079 14074
6080 14082
6081 14079
6082 14093
6083 14082
6084 14080
6085 14088
6086 14105
6087 14094
6088 14089
6089 14092
6090 14100
6091 14117
6092 14104
6093 14094
6094 14101
6095 14108
6096 14113
6097 14109
6098 14113
6099 14112
6100 14111
6101 14114
6102 14122
6103 14123
6104 14127
6105 14147
6106 14122
6107 14128
6108 14138
6109 14145
6110 14139
6111 14153
6112 14152
6113 14147
6114 14144
6115 14162
6116 14149
6117 14157
6118 14154
6119 14168
6120 14158
6121 14159
6122 14161
6123 14162
6124 14165
6125 14171
6126 14176
6127 14166
6128 14186
6129 14167
6130 14174
6131 14174
6132 14190
6133 14192
6134 14188
6135 14191
6136 14180
6137 14197
6138 14201
6139 14195
6140 14187
6141 14206
6142 14205
6143 14199
6144 14201
6145 14211
6146 14205
6147 14201
6148 14220
6149 14208
6150 14219
6151 14208
6152 14213
6153 14221
6154 14215
6155 14216
6156 14231
6157 14244
6158 14240
6159 14219
6160 14219
6161 14232
6162 14232
6163 14229
6164 14222
6165 14234
6166 14247
6167 14244
6168 14240
6169 14249
6170 14253
6171 14241
6172 14261
6173 14243
6174 14260
6175 14248
6176 14264
6177 14261
6178 14267
6179 14269
6180 14272
6181 14275
6182 14279
6183 14287
6184 14285
6185 14293
6186 14296
6187 14294
6188 14308
6189 14298
6190 14309
6191 14304
6192 14317
6193 14305
6194 14308
6195 14322
6196 14313
6197 14314
6198 14324
6199 14330
6200 14343
6201 14321
6202 14330
6203 14334
6204 14349
6205 14340
6206 14346
6207 14338
6208 14343
6209 14348
6210 14340
6211 14348
6212 14348
6213 14345
6214 14346
6215 14350
6216 14354
6217 14361
6218 14353
6219 14360
6220 14363
6221 14368
6222 14372
6223 14375
6224 14367
6225 14378
6226 14381
6227 14377
6228 14379
6229 14378
6230 14381
6231 14383
6232 14393
6233 14400
6234 14408
6235 14384
6236 14396
6237 14416
6238 14386
6239 14387
6240 14403
6241 14421
6242 14399
6243 14402
6244 14401
6245 14403
6246 14406
6247 14421
6248 14405
6249 14404
6250 14419
6251 14406
6252 14420
6253 14415
6254 14422
6255 14415
6256 14421
6257 14420
6258 14421
6259 14434
6260 14439
6261 14440
6262 14453
6263 14437
6264 14439
6265 14449
6266 14457
6267 14468
6268 14460
6269 14451
6270 14462
6271 14471
6272 14455
6273 14465
6274 14471
6275 14474
6276 14476
6277 14481
6278 14485
6279 14492
6280 14482
6281 14494
6282 14501
6283 14500
6284 14512
6285 14521
6286 14535
6287 14508
6288 14518
6289 14513
6290 14526
6291 14509
6292 14518
6293 14524
6294 14542
6295 14519
6296 14525
6297 14534
6298 14535
6299 14529
6300 14545
6301 14532
6302 14530
6303 14541
6304 14532
6305 14542
6306 14561
6307 14544
6308 14548
6309 14551
6310 14561
6311 14551
6312 14560
6313 14556
6314 14558
6315 14554
6316 14569
6317 14566
6318 14576
6319 14563
6320 14567
6321 14568
6322 14572
6323 14589
6324 14600
6325 14580
6326 14598
6327 14581
6328 14584
6329 14589
6330 14593
6331 14602
6332 14609
6333 14608
6334 14611
6335 14620
6336 14615
6337 14609
6338 14624
6339 14619
6340 14636
6341 14629
6342 14626
6343 14633
6344 14640
6345 14639
6346 14659
6347 14649
6348 14660
6349 14645
6350 14645
6351 14659
6352 14649
6353 14665
6354 14649
6355 14655
6356 14668
6357 14669
6358 14682
6359 14672
6360 14674
6361 14672
6362 14673
6363 14683
6364 14692
6365 14707
6366 14687
6367 14705
6368 14724
6369 14715
6370 14711
6371 14724
6372 14725
6373 14717
6374 14722
6375 14733
6376 14735
6377 14739
6378 14721
6379 14726
6380 14723
6381 14732
6382 14745
6383 14725
6384 14729
6385 14739
6386 14729
6387 14745
6388 14734
6389 14741
6390 14755
6391 14749
6392 14742
6393 14735
6394 14745
6395 14744
6396 14752
6397 14751
6398 14769
6399 14756
6400 14756
6401 14753
6402 14767
6403 14767
6404 14762
6405 14771
6406 14790
6407 14789
6408 14774
6409 14783
6410 14787
6411 14776
6412 14783
6413 14787
6414 14796
6415 14788
6416 14785
6417 14793
6418 14813
6419 14796
6420 14814
6421 14815
6422 14825
6423 14817
6424 14832
6425 14823
6426 14833
6427 14827
6428 14830
6429 14838
6430 14839
6431 14843
6432 14853
6433 14842
6434 14848
6435 14857
6436 14860
6437 14876
6438 14859
6439 14859
6440 14874
6441 14863
6442 14869
6443 14875
6444 14883
6445 14873
6446 14883
6447 14870
6448 14878
6449 14890
6450 14890
6451 14885
6452 14889
6453 14902
6454 14891
6455 14897
6456 14911
6457 14899
6458 14902
6459 14898
6460 14901
6461 14912
6462 14916
6463 14927
6464 14936
6465 14938
6466 14933
6467 14943
6468 14961
6469 14979
6470 14944
6471 14962
6472 14957
6473 14953
6474 14960
6475 14971
6476 14960
6477 14980
6478 14962
6479 14979
6480 14967
6481 14974
6482 14982
6483 14978
6484 14991
6485 14988
6486 14988
6487 15003
6488 14983
6489 14992
6490 15003
6491 15013
6492 15001
6493 15013
6494 15021
6495 15018
6496 15010
6497 15017
6498 15016
6499 15026
6500 15042
6501 15060
6502 15062
6503 15046
6504 15055
6505 15057
6506 15061
6507 15072
6508 15056
6509 15062
6510 15058
6511 15058
6512 15072
6513 15076
6514 15078
6515 15068
6516 15083
6517 15097
6518 15082
6519 15099
6520 15090
6521 15090
6522 15087
6523 15092
6524 15100
6525 15096
6526 15098
6527 15118
6528 15102
6529 15102
6530 15116
6531 15117
6532 15106
6533 15112
6534 15132
6535 15121
6536 15137
6537 15127
6538 15125
6539 15129
6540 15144
6541 15127
6542 15138
6543 15139
6544 15147
6545 15151
6546 15171
6547 15149
6548 15151
6549 15163
6550 15164
6551 15150
6552 15155
6553 15155
6554 15158
6555 15172
6556 15188
6557 15205
6558 15218
6559 15218
6560 15232
6561 15199
6562 15209
6563 15218
6564 15219
6565 15216
6566 15216
6567 15219
6568 15227
6569 15225
6570 15239
6571 15239
6572 15245
6573 15227
6574 15246
6575 15238
6576 15242
6577 15239
6578 15242
6579 15253
6580 15272
6581 15255
6582 15249
6583 15266
6584 15266
6585 15263
6586 15279
6587 15281
6588 15289
6589 15288
6590 15292
6591 15292
6592 15285
6593 15302
6594 15295
6595 15297
6596 15298
6597 15310
6598 15304
6599 15309
6600 15323
6601 15305
6602 15324
6603 15310
6604 15313
6605 15314
6606 15318
6607 15318
6608 15334
6609 15327
6610 15332
6611 15344
6612 15347
6613 15341
6614 15357
6615 15344
6616 15355
6617 15358
6618 15357
6619 15360
6620 15364
6621 15368
6622 15371
6623 15382
6624 15368
6625 15379
6626 15387
6627 15372
6628 15388
6629 15380
6630 15384
6631 15386
6632 15395
6633 15400
6634 15404
6635 15386
6636 15394
6637 15401
6638 15387
6639 15400
6640 15399
6641 15403
6642 15396
6643 15399
6644 15407
6645 15414
6646 15415
6647 15429
6648 15425
6649 15434
6650 15436
6651 15441
6652 15432
6653 15449
6654 15451
6655 15450
6656 15446
6657 15466
6658 15454
6659 15464
6660 15458
6661 15467
6662 15469
6663 15468
6664 15485
6665 15469
6666 15479
6667 15488
6668 15497
6669 15501
6670 15497
6671 15506
6672 15514
6673 15512
6674 15524
6675 15523
6676 15529
6677 15542
6678 15556
6679 15558
6680 15562
6681 15559
6682 15569
6683 15571
6684 15583
6685 15564
6686 15564
6687 15575
6688 15567
6689 15582
6690 15575
6691 15579
6692 15593
6693 15605
6694 15585
6695 15603
6696 15606
6697 15598
6698 15607
6699 15618
6700 15599
6701 15607
6702 15614
6703 15617
6704 15615
6705 15610
6706 15621
6707 15618
6708 15622
6709 15612
6710 15623
6711 15619
6712 15616
6713 15628
6714 15619
6715 15624
6716 15622
6717 15632
6718 15639
6719 15635
6720 15636
6721 15637
6722 15642
6723 15643
6724 15656
6725 15657
6726 15661
6727 15665
6728 15667
6729 15671
6730 15676
6731 15687
6732 15670
6733 15678
6734 15690
6735 15688
6736 15684
6737 15686
6738 15696
6739 15715
6740 15700
6741 15698
6742 15702
6743 15719
6744 15712
6745 15714
6746 15711
6747 15705
6748 15707
6749 15717
6750 15712
6751 15725
6752 15726
6753 15728
6754 15731
6755 15737
6756 15744
6757 15745
6758 15745
6759 15747
6760 15752
6761 15750
6762 15750
6763 15758
6764 15773
6765 15752
6766 15751
6767 15761
6768 15774
6769 15777
6770 15791
6771 15792
6772 15766
6773 15775
6774 15776
6775 15778
6776 15796
6777 15782
6778 15785
6779 15789
6780 15785
6781 15796
6782 15793
6783 15810
6784 15790
6785 15796
6786 15806
6787 15809
6788 15804
6789 15809
6790 15800
6791 15806
6792 15824
6793 15820
6794 15825
6795 15812
6796 15818
6797 15820
6798 15831
6799 15835
6800 15835
6801 15853
6802 15871
6803 15881
6804 15888
6805 15844
6806 15859
6807 15857
6808 15861
6809 15867
6810 15845
6811 15860
6812 15875
6813 15871
6814 15877
6815 15871
6816 15876
6817 15877
6818 15880
6819 15890
6820 15872
6821 15881
6822 15892
6823 15887
6824 15892
6825 15889
6826 15903
6827 15907
6828 15909
6829 15909
6830 15929
6831 15942
6832 15944
6833 15956
6834 15925
6835 15945
6836 15932
6837 15945
6838 15954
6839 15938
6840 15939
6841 15943
6842 15955
6843 15939
6844 15951
6845 15954
6846 15968
6847 15941
6848 15961
6849 15942
6850 15952
6851 15944
6852 15959
6853 15956
6854 15955
6855 15945
6856 15964
6857 15966
6858 15984
6859 16002
6860 15975
6861 15979
6862 15977
6863 15982
6864 15982
6865 15995
6866 15999
6867 16002
6868 16007
6869 16018
6870 16017
6871 16003
6872 16013
6873 16029
6874 16005
6875 16025
6876 16013
6877 16020
6878 16022
6879 16024
6880 16031
6881 16032
6882 16047
6883 16034
6884 16037
6885 16050
6886 16045
6887 16057
6888 16058
6889 16057
6890 16064
6891 16073
6892 16062
6893 16073
6894 16089
6895 16082
6896 16091
6897 16091
6898 16101
6899 16106
6900 16119
6901 16100
6902 16109
6903 16120
6904 16116
6905 16128
6906 16117
6907 16129
6908 16134
6909 16139
6910 16138
6911 16136
6912 16141
6913 16150
6914 16150
6915 16164
6916 16151
6917 16158
6918 16169
6919 16170
6920 16173
6921 16174
6922 16178
6923 16180
6924 16186
6925 16187
6926 16188
6927 16195
6928 16200
6929 16217
6930 16203
6931 16215
6932 16227
6933 16221
6934 16223
6935 16230
6936 16249
6937 16241
6938 16234
6939 16240
6940 16253
6941 16237
6942 16239
6943 16246
6944 16239
6945 16241
6946 16248
6947 16256
6948 16249
6949 16245
6950 16256
6951 16255
6952 16261
6953 16257
6954 16275
6955 16259
6956 16272
6957 16268
6958 16288
6959 16277
6960 16285
6961 16292
6962 16282
6963 16291
6964 16286
6965 16300
6966 16291
6967 16297
6968 16306
6969 16287
6970 16294
6971 16314
6972 16321
6973 16337
6974 16339
6975 16333
6976 16351
6977 16357
6978 16368
6979 16347
6980 16358
6981 16351
6982 16362
6983 16364
6984 16361
6985 16369
6986 16364
6987 16379
6988 16369
6989 16376
6990 16374
6991 16386
6992 16393
6993 16394
6994 16390
6995 16391
6996 16397
6997 16392
6998 16407
6999 16408
7000 16411
7001 16411
7002 16402
7003 16422
7004 16425
7005 16445
7006 16431
7007 16419
7008 16434
7009 16428
7010 16434
7011 16427
7012 16422
7013 16441
7014 16434
7015 16442
7016 16438
7017 16443
7018 16448
7019 16439
7020 16452
7021 16444
7022 16448
7023 16462
7024 16469
7025 16461
7026 16471
7027 16449
7028 16460
7029 16465
7030 16462
7031 16463
7032 16474
7033 16477
7034 16468
7035 16488
7036 16477
7037 16475
7038 16474
7039 16476
7040 16481
7041 16489
7042 16491
7043 16489
7044 16501
7045 16509
7046 16509
7047 16506
7048 16515
7049 16522
7050 16507
7051 16515
7052 16527
7053 16532
7054 16547
7055 16544
7056 16533
7057 16528
7058 16529
7059 16531
7060 16546
7061 16559
7062 16563
7063 16558
7064 16534
7065 16553
7066 16565
7067 16571
7068 16552
7069 16569
7070 16571
7071 16565
7072 16553
7073 16554
7074 16561
7075 16556
7076 16576
7077 16571
7078 16580
7079 16582
7080 16583
7081 16586
7082 16588
7083 16599
7084 16604
7085 16595
7086 16588
7087 16596
7088 16599
7089 16619
7090 16603
7091 16617
7092 16606
7093 16612
7094 16630
7095 16615
7096 16607
7097 16612
7098 16626
7099 16639
7100 16616
7101 16622
7102 16631
7103 16633
7104 16625
7105 16627
7106 16640
7107 16645
7108 16627
7109 16632
7110 16641
7111 16637
7112 16640
7113 16649
7114 16636
7115 16650
7116 16641
7117 16652
7118 16644
7119 16664
7120 16650
7121 16646
7122 16663
7123 16659
7124 16669
7125 16651
7126 16655
7127 16665
7128 16671
7129 16676
7130 16670
7131 16675
7132 16679
7133 16685
7134 16687
7135 16703
7136 16690
7137 16684
7138 16693
7139 16690
7140 16702
7141 16685
7142 16694
7143 16696
7144 16704
7145 16692
7146 16705
7147 16693
7148 16696
7149 16708
7150 16708
7151 16714
7152 16723
7153 16742
7154 16739
7155 16741
7156 16746
7157 16745
7158 16765
7159 16748
7160 16743
7161 16759
7162 16749
7163 16761
7164 16769
7165 16775
7166 16762
7167 16782
7168 16777
7169 16784
7170 16784
7171 16776
7172 16785
7173 16791
7174 16795
7175 16796
7176 16806
7177 16797
7178 16812
7179 16798
7180 16816
7181 16804
7182 16814
7183 16810
7184 16812
7185 16815
7186 16815
7187 16814
7188 16829
7189 16814
7190 16825
7191 16826
7192 16844
7193 16818
7194 16816
7195 16824
7196 16828
7197 16821
7198 16834
7199 16840
7200 16826
7201 16835
7202 16844
7203 16846
7204 16853
7205 16852
7206 16847
7207 16849
7208 16853
7209 16868
7210 16883
7211 16849
7212 16866
7213 16858
7214 16854
7215 16858
7216 16865
7217 16875
7218 16883
7219 16880
7220 16892
7221 16883
7222 16889
7223 16895
7224 16895
7225 16898
7226 16889
7227 16893
7228 16896
7229 16904
7230 16900
7231 16899
7232 16901
7233 16909
7234 16918
7235 16915
7236 16918
7237 16920
7238 16922
7239 16933
7240 16934
7241 16938
7242 16941
7243 16949
7244 16955
7245 16957
7246 16942
7247 16959
7248 16949
7249 16947
7250 16960
7251 16951
7252 16962
7253 16958
7254 16963
7255 16970
7256 16970
7257 16980
7258 16964
7259 16980
7260 16968
7261 16976
7262 16969
7263 16973
7264 16988
7265 16979
7266 16983
7267 16990
7268 16987
7269 17000
7270 17019
7271 16986
7272 16988
7273 16994
7274 17005
7275 17005
7276 16997
7277 17012
7278 17028
7279 17031
7280 17029
7281 17031
7282 17032
7283 17045
7284 17054
7285 17056
7286 17044
7287 17053
7288 17055
7289 17060
7290 17058
7291 17067
7292 17061
7293 17081
7294 17060
7295 17079
7296 17077
7297 17069
7298 17067
7299 17086
7300 17086
7301 17101
7302 17098
7303 17098
7304 17101
7305 17097
7306 17104
7307 17104
7308 17119
7309 17106
7310 17117
7311 17120
7312 17111
7313 17113
7314 17118
7315 17114
7316 17128
7317 17119
7318 17127
7319 17126
7320 17121
7321 17136
7322 17143
7323 17126
7324 17139
7325 17133
7326 17137
7327 17152
7328 17145
7329 17145
7330 17152
7331 17161
7332 17157
7333 17154
7334 17156
7335 17173
7336 17184
7337 17186
7338 17168
7339 17172
7340 17169
7341 17169
7342 17188
7343 17175
7344 17180
7345 17190
7346 17179
7347 17194
7348 17201
7349 17185
7350 17193
7351 17188
7352 17190
7353 17195
7354 17196
7355 17193
7356 17208
7357 17195
7358 17194
7359 17206
7360 17202
7361 17207
7362 17212
7363 17204
7364 17211
7365 17220
7366 17211
7367 17214
7368 17218
7369 17221
7370 17234
7371 17230
7372 17228
7373 17225
7374 17240
7375 17244
7376 17240
7377 17231
7378 17249
7379 17243
7380 17250
7381 17246
7382 17251
7383 17263
7384 17248
7385 17258
7386 17265
7387 17258
7388 17276
7389 17276
7390 17265
7391 17271
7392 17285
7393 17279
7394 17273
7395 17282
7396 17279
7397 17280
7398 17290
7399 17288
7400 17308
7401 17298
7402 17311
7403 17290
7404 17299
7405 17306
7406 17320
7407 17316
7408 17323
7409 17318
7410 17333
7411 17326
7412 17319
7413 17320
7414 17322
7415 17328
7416 17334
7417 17336
7418 17336
7419 17346
7420 17342
7421 17339
7422 17352
7423 17356
7424 17344
7425 17352
7426 17357
7427 17359
7428 17355
7429 17369
7430 17366
7431 17362
7432 17361
7433 17363
7434 17370
7435 17368
7436 17366
7437 17374
7438 17373
7439 17390
7440 17386
7441 17391
7442 17404
7443 17409
7444 17400
7445 17399
7446 17406
7447 17400
7448 17400
7449 17409
7450 17413
7451 17411
7452 17423
7453 17430
7454 17430
7455 17447
7456 17420
7457 17428
7458 17433
7459 17439
7460 17440
7461 17448
7462 17449
7463 17449
7464 17452
7465 17460
7466 17467
7467 17484
7468 17453
7469 17455
7470 17467
7471 17467
7472 17457
7473 17467
7474 17474
7475 17472
7476 17483
7477 17478
7478 17488
7479 17481
7480 17493
7481 17483
7482 17495
7483 17499
7484 17507
7485 17500
7486 17500
7487 17518
7488 17536
7489 17502
7490 17503
7491 17520
7492 17507
7493 17513
7494 17524
7495 17518
7496 17521
7497 17520
7498 17539
7499 17528
7500 17527
7501 17537
7502 17552
7503 17557
7504 17547
7505 17554
7506 17571
7507 17557
7508 17569
7509 17569
7510 17561
7511 17571
7512 17570
7513 17581
7514 17596
7515 17609
7516 17595
7517 17585
7518 17588
7519 17608
7520 17626
7521 17645
7522 17646
7523 17590
7524 17599
7525 17605
7526 17603
7527 17620
7528 17603
7529 17622
7530 17615
7531 17623
7532 17619
7533 17618
7534 17633
7535 17625
7536 17625
7537 17634
7538 17626
7539 17637
7540 17644
7541 17631
7542 17630
7543 17642
7544 17642
7545 17645
7546 17650
7547 17654
7548 17660
7549 17665
7550 17664
7551 17664
7552 17683
7553 17686
7554 17696
7555 17693
7556 17706
7557 17696
7558 17712
7559 17720
7560 17698
7561 17705
7562 17703
7563 17720
7564 17704
7565 17708
7566 17715
7567 17715
7568 17723
7569 17718
7570 17713
7571 17733
7572 17721
7573 17717
7574 17726
7575 17724
7576 17730
7577 17729
7578 17730
7579 17733
7580 17736
7581 17734
7582 17754
7583 17750
7584 17744
7585 17753
7586 17761
7587 17749
7588 17764
7589 17769
7590 17774
7591 17761
7592 17767
7593 17763
7594 17782
7595 17789
7596 17806
7597 17774
7598 17782
7599 17794
7600 17800
7601 17777
7602 17776
7603 17781
7604 17787
7605 17787
7606 17800
7607 17812
7608 17800
7609 17800
7610 17807
7611 17809
7612 17801
7613 17817
7614 17820
7615 17807
7616 17802
7617 17819
7618 17820
7619 17822
7620 17839
7621 17843
7622 17844
7623 17825
7624 17834
7625 17842
7626 17862
7627 17837
7628 17848
7629 17843
7630 17850
7631 17856
7632 17854
7633 17869
7634 17887
7635 17887
7636 17895
7637 17899
7638 17897
7639 17897
7640 17901
7641 17909
7642 17917
7643 17912
7644 17900
7645 17910
7646 17924
7647 17933
7648 17913
7649 17924
7650 17927
7651 17943
7652 17926
7653 17943
7654 17932
7655 17937
7656 17939
7657 17939
7658 17938
7659 17941
7660 17952
7661 17950
7662 17948
7663 17944
7664 17960
7665 17962
7666 17971
7667 17953
7668 17955
7669 17962
7670 17981
7671 17961
7672 17971
7673 17976
7674 17975
7675 17981
7676 17983
7677 17983
7678 17998
7679 17988
7680 18008
7681 18027
7682 17990
7683 17998
7684 17991
7685 18004
7686 17993
7687 18005
7688 18009
7689 18005
7690 17997
7691 18006
7692 18001
7693 18006
7694 18020
7695 18031
7696 18018
7697 18021
7698 18029
7699 18034
7700 18030
7701 18035
7702 18043
7703 18055
7704 18043
7705 18056
7706 18059
7707 18053
7708 18050
7709 18062
7710 18058
7711 18053
7712 18058
7713 18053
7714 18069
7715 18069
7716 18065
7717 18066
7718 18083
7719 18076
7720 18067
7721 18077
7722 18084
7723 18079
7724 18087
7725 18080
7726 18083
7727 18100
7728 18107
7729 18108
7730 18127
7731 18145
7732 18108
7733 18128
7734 18109
7735 18126
7736 18142
7737 18129
7738 18114
7739 18112
7740 18124
7741 18116
7742 18127
7743 18121
7744 18127
7745 18131
7746 18130
7747 18141
7748 18150
7749 18133
7750 18147
7751 18141
7752 18137
7753 18157
7754 18148
7755 18145
7756 18163
7757 18158
7758 18167
7759 18186
7760 18199
7761 18209
7762 18204
7763 18200
7764 18208
7765 18214
7766 18226
7767 18245
7768 18244
7769 18229
7770 18229
7771 18243
7772 18250
7773 18265
7774 18275
7775 18269
7776 18276
7777 18273
7778 18279
7779 18282
7780 18288
7781 18286
7782 18283
7783 18302
7784 18292
7785 18298
7786 18305
7787 18293
7788 18302
7789 18304
7790 18295
7791 18308
7792 18304
7793 18321
7794 18305
7795 18317
7796 18306
7797 18317
7798 18313
7799 18312
7800 18330
7801 18312
7802 18325
7803 18322
7804 18328
7805 18327
7806 18323
7807 18324
7808 18329
7809 18329
7810 18340
7811 18359
7812 18337
7813 18355
7814 18357
7815 18372
7816 18349
7817 18360
7818 18368
7819 18356
7820 18353
7821 18358
7822 18357
7823 18362
7824 18367
7825 18373
7826 18385
7827 18389
7828 18381
7829 18385
7830 18398
7831 18384
7832 18392
7833 18397
7834 18388
7835 18398
7836 18417
7837 18427
7838 18436
7839 18430
7840 18449
7841 18432
7842 18440
7843 18450
7844 18438
7845 18450
7846 18443
7847 18454
7848 18445
7849 18460
7850 18457
7851 18454
7852 18458
7853 18472
7854 18471
7855 18465
7856 18483
7857 18460
7858 18477
7859 18478
7860 18493
7861 18508
7862 18479
7863 18492
7864 18496
7865 18506
7866 18485
7867 18489
7868 18490
7869 18492
7870 18491
7871 18508
7872 18526
7873 18525
7874 18505
7875 18493
7876 18504
7877 18502
7878 18517
7879 18516
7880 18511
7881 18520
7882 18519
7883 18514
7884 18533
7885 18524
7886 18531
7887 18534
7888 18540
7889 18555
7890 18546
7891 18545
7892 18554
7893 18556
7894 18557
7895 18556
7896 18557
7897 18563
7898 18565
7899 18559
7900 18569
7901 18563
7902 18583
7903 18576
7904 18578
7905 18590
7906 18583
7907 18583
7908 18602
7909 18590
7910 18601
7911 18595
7912 18605
7913 18595
7914 18610
7915 18600
7916 18607
7917 18608
7918 18617
7919 18615
7920 18620
7921 18622
7922 18638
7923 18623
7924 18632
7925 18644
7926 18633
7927 18640
7928 18636
7929 18651
7930 18651
7931 18640
7932 18646
7933 18645
7934 18649
7935 18658
7936 18642
7937 18659
7938 18643
7939 18657
7940 18661
7941 18663
7942 18658
7943 18670
7944 18673
7945 18668
7946 18682
7947 18671
7948 18682
7949 18690
7950 18709
7951 18717
7952 18720
7953 18723
7954 18723
7955 18741
7956 18738
7957 18740
7958 18727
7959 18731
7960 18750
7961 18752
7962 18770
7963 18787
7964 18805
7965 18768
7966 18780
7967 18792
7968 18783
7969 18789
7970 18800
7971 18781
7972 18792
7973 18790
7974 18792
7975 18797
7976 18813
7977 18824
7978 18808
7979 18819
7980 18820
7981 18828
7982 18828
7983 18819
7984 18838
7985 18851
7986 18831
7987 18835
7988 18835
7989 18847
7990 18834
7991 18852
7992 18838
7993 18854
7994 18847
7995 18845
7996 18865
7997 18872
7998 18881
7999 18892
8000 18884
8001 18875
8002 18876
8003 18893
8004 18880
8005 18891
8006 18882
8007 18899
8008 18915
8009 18926
8010 18897
8011 18909
8012 18912
8013 18917
8014 18915
8015 18923
8016 18919
8017 18917
8018 18931
8019 18946
8020 18923
8021 18933
8022 18928
8023 18936
