0 0
1 6
2 10
3 4
4 15
5 14
6 33
7 23
8 30
9 43
10 41
11 30
12 32
13 31
14 46
15 63
16 77
17 32
18 51
19 39
20 39
21 48
22 38
23 48
24 52
25 69
26 57
27 54
28 65
29 56
30 62
31 56
32 62
33 72
34 76
35 83
36 59
37 68
38 78
39 92
40 77
41 62
42 68
43 74
44 72
45 80
46 88
47 83
48 77
49 84
50 86
51 81
52 87
53 83
54 99
55 85
56 89
57 89
58 101
59 91
60 106
61 100
62 102
63 94
64 98
65 105
66 95
67 114
68 112
69 115
70 122
71 124
72 130
73 137
74 156
75 171
76 177
77 167
78 173
79 182
80 193
81 173
82 189
83 183
84 181
85 192
86 185
87 190
88 201
89 213
90 203
91 208
92 214
93 215
94 224
95 206
96 217
97 211
98 214
99 226
100 217
101 232
102 226
103 226
104 240
105 229
106 227
107 235
108 247
109 231
110 236
111 240
112 249
113 232
114 237
115 238
116 244
117 245
118 250
119 253
120 250
121 266
122 284
123 262
124 278
125 269
126 287
127 295
128 294
129 277
130 283
131 294
132 303
133 312
134 332
135 312
136 326
137 314
138 315
139 330
140 328
141 327
142 332
143 333
144 330
145 331
146 342
147 348
148 366
149 351
150 349
151 349
152 351
153 357
154 369
155 381
156 365
157 375
158 376
159 378
160 377
161 378
162 393
163 390
164 398
165 387
166 407
167 401
168 407
169 402
170 418
171 410
172 413
173 424
174 420
175 411
176 430
177 430
178 421
179 420
180 422
181 438
182 423
183 443
184 430
185 442
186 431
187 445
188 432
189 447
190 460
191 456
192 439
193 453
194 455
195 473
196 451
197 463
198 476
199 455
200 456
201 462
202 458
203 473
204 473
205 464
206 469
207 459
208 473
209 461
210 476
211 467
212 466
213 478
214 473
215 479
216 467
217 483
218 479
219 485
220 481
221 496
222 483
223 500
224 516
225 510
226 520
227 502
228 520
229 510
230 526
231 534
232 528
233 535
234 536
235 538
236 545
237 541
238 547
239 561
240 559
241 554
242 569
243 571
244 573
245 559
246 566
247 560
248 575
249 564
250 568
251 561
252 569
253 573
254 585
255 568
256 583
257 600
258 578
259 590
260 571
261 590
262 601
263 612
264 580
265 588
266 582
267 586
268 594
269 593
270 610
271 594
272 599
273 598
274 607
275 606
276 610
277 621
278 605
279 607
280 609
281 614
282 619
283 612
284 626
285 624
286 621
287 624
288 639
289 651
290 636
291 640
292 656
293 639
294 655
295 662
296 666
297 670
298 666
299 679
300 668
301 679
302 679
303 670
304 678
305 690
306 678
307 687
308 682
309 687
310 695
311 696
312 692
313 687
314 690
315 703
316 705
317 694
318 702
319 699
320 695
321 714
322 696
323 701
324 703
325 712
326 711
327 721
328 735
329 720
330 725
331 726
332 726
333 731
334 734
335 736
336 728
337 736
338 740
339 752
340 731
341 738
342 742
343 751
344 747
345 765
346 755
347 756
348 774
349 767
350 774
351 791
352 785
353 786
354 787
355 804
356 800
357 796
358 794
359 790
360 805
361 803
362 806
363 797
364 799
365 807
366 808
367 820
368 816
369 803
370 817
371 805
372 813
373 810
374 816
375 809
376 828
377 843
378 846
379 820
380 839
381 836
382 840
383 828
384 842
385 836
386 848
387 849
388 829
389 840
390 837
391 843
392 836
393 838
394 841
395 847
396 837
397 844
398 849
399 839
400 852
401 872
402 848
403 849
404 846
405 865
406 880
407 871
408 884
409 879
410 892
411 908
412 880
413 887
414 894
415 892
416 882
417 886
418 895
419 896
420 914
421 899
422 904
423 902
424 903
425 913
426 920
427 903
428 918
429 920
430 928
431 934
432 938
433 934
434 947
435 966
436 938
437 955
438 955
439 965
440 951
441 968
442 964
443 976
444 957
445 966
446 958
447 972
448 977
449 984
450 979
451 970
452 984
453 1000
454 974
455 992
456 979
457 987
458 992
459 993
460 987
461 1006
462 989
463 1007
464 997
465 1001
466 998
467 1016
468 1006
469 1026
470 1001
471 1013
472 1014
473 1011
474 1007
475 1012
476 1010
477 1015
478 1016
479 1022
480 1018
481 1034
482 1034
483 1035
484 1044
485 1052
486 1059
487 1059
488 1065
489 1069
490 1072
491 1078
492 1088
493 1106
494 1087
495 1098
496 1106
497 1114
498 1118
499 1110
500 1117
501 1135
