0 0
1 13
2 17
3 8
4 10
5 15
6 14
7 23
8 26
9 25
10 30
11 20
12 23
13 37
14 30
15 21
16 34
17 24
18 23
19 25
20 28
21 43
22 35
23 40
24 47
25 42
26 44
27 58
28 58
29 49
30 60
31 68
32 61
33 69
34 71
35 73
36 73
37 77
38 86
39 84
40 98
41 90
42 104
43 91
44 102
45 113
46 107
47 120
48 100
49 108
50 124
51 144
52 104
53 112
54 113
55 119
56 130
57 124
58 131
59 121
60 139
61 128
62 137
63 129
64 140
65 159
66 140
67 140
68 153
69 157
70 150
71 153
72 170
73 154
74 172
75 156
76 154
77 155
78 163
79 162
80 164
81 168
82 165
83 177
84 170
85 183
86 184
87 174
88 190
89 187
90 179
91 199
92 178
93 195
94 184
95 192
96 195
97 211
98 199
99 218
100 198
101 212
102 209
103 204
104 217
105 219
106 221
107 240
108 243
109 238
110 235
111 250
112 246
113 242
114 245
115 258
116 278
117 260
118 262
119 278
120 287
121 278
122 264
123 284
124 283
125 294
126 282
127 269
128 286
129 279
130 285
131 275
132 287
133 278
134 279
135 293
136 291
137 310
138 311
139 306
140 318
141 323
142 314
143 316
144 323
145 343
146 359
147 346
148 353
149 353
150 356
151 352
152 358
153 364
154 376
155 372
156 382
157 383
158 367
159 376
160 394
161 386
162 385
163 388
164 386
165 405
166 409
167 392
168 390
169 400
170 391
171 406
172 418
173 426
174 402
175 404
176 410
177 424
178 420
179 422
180 419
181 420
182 424
183 425
184 425
185 438
186 443
187 441
188 444
189 449
190 454
191 459
192 456
193 445
194 454
195 456
196 460
197 450
198 457
199 461
200 476
201 456
202 467
203 475
204 475
205 481
206 475
207 480
208 480
209 479
210 485
211 492
212 498
213 495
214 510
215 511
216 515
217 498
218 515
219 503
220 515
221 504
222 524
223 522
224 506
225 521
226 534
227 521
228 524
229 524
230 539
231 553
232 526
233 526
234 542
235 531
236 528
237 545
238 537
239 541
240 553
241 555
242 561
243 550
244 564
245 562
246 565
247 578
248 576
249 571
250 579
251 585
252 591
253 608
254 599
255 602
256 604
257 613
258 631
259 627
260 631
261 605
262 625
263 612
264 611
265 623
266 630
267 628
268 639
269 631
270 651
271 659
272 634
273 641
274 647
275 660
276 635
277 636
278 656
279 658
280 646
281 647
282 660
283 677
284 684
285 692
286 697
287 707
288 694
289 693
290 705
291 708
292 710
293 719
294 716
295 715
296 726
297 733
298 723
299 742
300 739
301 741
302 749
303 736
304 740
305 746
306 754
307 773
308 754
309 743
310 757
311 754
312 757
313 762
314 769
315 787
316 774
317 765
318 770
319 770
320 781
321 794
322 809
323 781
324 782
325 789
326 797
327 797
328 796
329 798
330 805
331 815
332 815
333 811
334 816
335 831
336 823
337 831
338 833
339 837
340 838
341 851
342 840
343 838
344 839
345 849
346 841
347 839
348 850
349 868
350 842
351 840
352 858
353 857
354 865
355 861
356 860
357 859
358 865
359 867
360 860
361 866
362 872
363 889
364 868
365 880
366 875
367 880
368 884
369 882
370 893
371 901
372 895
373 893
374 911
375 911
376 905
377 907
378 924
379 907
380 918
381 912
382 916
383 918
384 924
385 928
386 929
387 936
388 947
389 938
390 949
391 941
392 953
393 968
394 987
395 954
396 970
397 965
398 967
399 969
400 967
401 978
402 976
403 985
404 994
405 999
406 1009
407 985
408 990
409 1001
410 997
411 1008
412 1018
413 1024
414 1042
415 1040
416 1044
417 1050
418 1044
419 1046
420 1052
421 1055
422 1063
423 1057
424 1065
425 1071
426 1064
427 1079
428 1069
429 1071
430 1082
431 1070
432 1082
433 1089
434 1090
435 1076
436 1084
437 1092
438 1098
439 1094
440 1106
441 1109
442 1113
443 1128
444 1111
445 1130
446 1127
447 1137
448 1132
449 1122
450 1130
451 1124
452 1138
453 1131
454 1142
455 1143
456 1151
457 1163
458 1150
459 1154
460 1172
461 1178
462 1162
463 1163
464 1176
465 1178
466 1172
467 1189
468 1190
469 1187
470 1205
471 1181
472 1190
473 1191
474 1209
475 1224
476 1197
477 1200
478 1200
479 1208
480 1207
481 1208
482 1217
483 1227
484 1215
485 1231
486 1232
487 1238
488 1235
489 1241
490 1244
491 1246
492 1236
493 1250
494 1252
495 1255
496 1253
497 1269
498 1275
499 1255
500 1270
501 1270
