0 0
1 11
2 1
3 8
4 18
5 5
6 20
7 18
8 7
9 14
10 24
11 24
12 18
13 23
14 28
15 37
16 31
17 32
18 49
19 32
20 47
21 49
22 44
23 44
24 58
25 60
26 74
27 61
28 74
29 71
30 84
31 72
32 73
33 85
34 87
35 89
36 91
37 91
38 101
39 88
40 106
41 102
42 114
43 114
44 105
45 110
46 116
47 123
48 123
49 126
50 135
51 130
52 146
53 131
54 134
55 134
56 146
57 145
58 153
59 148
60 157
61 171
62 150
63 149
64 165
65 173
66 169
67 151
68 167
69 162
70 165
71 171
72 173
73 167
74 183
75 169
76 176
77 186
78 184
79 192
80 204
81 189
82 194
83 206
84 208
85 225
86 206
87 207
88 222
89 217
90 222
91 230
92 221
93 232
94 229
95 227
96 228
97 242
98 246
99 233
100 249
101 241
102 257
103 266
104 237
105 243
106 251
107 249
108 244
109 245
110 254
111 247
112 256
113 267
114 249
115 252
116 266
117 280
118 291
119 308
120 278
121 293
122 301
123 279
124 286
125 283
126 295
127 303
128 308
129 300
130 304
131 317
132 317
133 318
134 314
135 317
136 332
137 319
138 336
139 327
140 324
141 325
142 334
143 340
144 360
145 339
146 345
147 345
148 341
149 346
150 347
151 352
152 350
153 364
154 357
155 377
156 367
157 362
158 366
159 370
160 388
161 370
162 380
163 381
164 391
165 398
166 386
167 401
168 407
169 403
170 412
171 398
172 400
173 404
174 411
175 416
176 408
177 426
178 420
179 430
180 432
181 444
182 450
183 457
184 436
185 450
186 444
187 446
188 445
189 447
190 445
191 460
192 455
193 456
194 450
195 466
196 468
197 453
198 456
199 457
200 463
201 468
202 469
203 466
204 481
205 493
206 471
207 484
208 483
209 476
210 476
211 479
212 485
213 488
214 495
215 498
216 500
217 495
218 512
219 517
220 505
221 507
222 503
223 515
224 520
225 514
226 508
227 510
228 524
229 509
230 525
231 521
232 522
233 531
234 533
235 531
236 533
237 540
238 535
239 544
240 550
241 556
242 570
243 581
244 575
245 585
246 590
247 604
248 601
249 582
250 586
251 584
252 601
253 602
254 585
255 587
256 602
257 587
258 601
259 591
260 601
261 601
262 602
263 605
264 616
265 619
266 628
267 645
268 610
269 617
270 626
271 625
272 629
273 629
274 632
275 626
276 627
277 637
278 631
279 643
280 650
281 646
282 658
283 668
284 653
285 660
286 673
287 668
288 681
289 698
290 664
291 667
292 682
293 698
294 705
295 707
296 718
297 708
298 716
299 717
300 723
301 741
302 735
303 742
304 757
305 749
306 765
307 766
308 780
309 786
310 792
311 789
312 776
313 780
314 781
315 787
316 799
317 796
318 798
319 784
320 801
321 797
322 791
323 792
324 803
325 793
326 809
327 818
328 794
329 808
330 805
331 813
332 821
333 839
334 826
335 826
336 831
337 832
338 836
339 850
340 837
341 843
342 848
343 855
344 875
345 859
346 862
347 870
348 867
349 870
350 880
351 871
352 872
353 879
354 887
355 886
356 905
357 884
358 887
359 895
360 907
361 927
362 923
363 891
364 903
365 901
366 911
367 893
368 904
369 899
370 900
371 918
372 930
373 948
374 913
375 904
376 921
377 917
378 910
379 919
380 923
381 936
382 928
383 929
384 945
385 940
386 953
387 960
388 930
389 940
390 948
391 941
392 937
393 943
394 953
395 944
396 951
397 947
398 964
399 951
400 955
401 965
402 964
403 953
404 963
405 971
406 955
407 962
408 960
409 970
410 962
411 964
412 963
413 982
414 974
415 964
416 982
417 994
418 1010
419 1014
420 1025
421 994
422 1001
423 1002
424 1018
425 1011
426 1014
427 1017
428 1007
429 1017
430 1014
431 1020
432 1010
433 1024
434 1034
435 1024
436 1043
437 1031
438 1031
439 1028
440 1037
441 1052
442 1040
443 1055
444 1037
445 1054
446 1042
447 1046
448 1052
449 1050
450 1046
451 1052
452 1062
453 1064
454 1076
455 1069
456 1057
457 1064
458 1065
459 1077
460 1068
461 1079
462 1085
463 1096
464 1101
465 1070
466 1075
467 1071
468 1086
469 1089
470 1091
471 1105
472 1112
473 1093
474 1096
475 1112
476 1107
477 1112
478 1124
479 1109
480 1122
481 1121
482 1122
483 1134
484 1128
485 1127
486 1146
487 1149
488 1136
489 1135
490 1137
491 1152
492 1151
493 1140
494 1150
495 1154
496 1169
497 1180
498 1144
499 1154
500 1163
501 1170
