0 0
1 20
2 38
3 35
4 4
5 23
6 21
7 24
8 37
9 50
10 44
11 34
12 43
13 47
14 60
15 57
16 58
17 69
18 77
19 77
20 89
21 96
22 78
23 91
24 89
25 84
26 90
27 81
28 90
29 97
30 84
31 85
32 100
33 95
34 101
35 103
36 106
37 105
38 101
39 105
40 115
41 120
42 102
43 105
44 121
45 118
46 130
47 117
48 132
49 136
50 121
51 122
52 138
53 129
54 137
55 149
56 133
57 133
58 144
59 150
60 138
61 155
62 158
63 148
64 156
65 166
66 158
67 166
68 160
69 167
70 171
71 173
72 166
73 178
74 169
75 171
76 187
77 185
78 189
79 188
80 195
81 201
82 201
83 196
84 214
85 208
86 208
87 227
88 215
89 224
90 220
91 232
92 234
93 246
94 226
95 240
96 242
97 246
98 261
99 233
100 245
101 237
102 243
103 240
104 260
105 262
106 253
107 246
108 257
109 256
110 266
111 262
112 248
113 260
114 257
115 268
116 268
117 266
118 270
119 271
120 283
121 285
122 304
123 277
124 289
125 295
126 294
127 306
128 316
129 334
130 310
131 314
132 312
133 330
134 318
135 322
136 335
137 331
138 329
139 335
140 334
141 341
142 338
143 353
144 354
145 356
146 357
147 366
148 361
149 371
150 363
151 377
152 394
153 409
154 373
155 372
156 379
157 378
158 380
159 381
160 388
161 382
162 384
163 397
164 387
165 386
166 402
167 404
168 398
169 405
170 405
171 410
172 411
173 429
174 430
175 444
176 415
177 427
178 425
179 434
180 429
181 438
182 440
183 438
184 458
185 445
186 452
187 447
188 462
189 465
190 465
191 452
192 449
193 466
194 466
195 473
196 485
197 476
198 482
199 479
200 490
201 492
202 509
203 498
204 499
205 513
206 515
207 511
208 530
209 520
210 520
211 513
212 524
213 530
214 515
215 534
216 547
217 563
218 577
219 538
220 540
221 553
222 554
223 541
224 542
225 559
226 550
227 542
228 546
229 557
230 551
231 553
232 557
233 561
234 572
235 570
236 564
237 584
238 568
239 565
240 573
241 579
242 582
243 577
244 571
245 587
246 588
247 582
248 576
249 587
250 591
251 584
252 585
253 600
254 590
255 588
256 589
257 599
258 597
259 605
260 599
261 615
262 599
263 612
264 619
265 638
266 654
267 633
268 626
269 627
270 633
271 632
272 634
273 644
274 640
275 660
276 680
277 636
278 649
279 641
280 649
281 639
282 647
283 657
284 662
285 677
286 651
287 655
288 660
289 658
290 656
291 673
292 673
293 660
294 680
295 678
296 677
297 683
298 687
299 703
300 688
301 701
302 695
303 701
304 699
305 690
306 704
307 692
308 691
309 696
310 700
311 712
312 714
313 720
314 718
315 735
316 750
317 723
318 741
319 741
320 738
321 745
322 757
323 754
324 757
325 742
326 753
327 757
328 767
329 784
330 770
331 783
332 803
333 779
334 783
335 772
336 788
337 782
338 775
339 774
340 779
341 784
342 780
343 781
344 787
345 784
346 789
347 803
348 790
349 792
350 793
351 801
352 806
353 809
354 809
355 813
356 818
357 821
358 827
359 817
360 822
361 836
362 838
363 848
364 818
365 823
366 828
367 822
368 834
369 843
370 836
371 841
372 844
373 861
374 863
375 861
376 873
377 863
378 870
379 878
380 871
381 883
382 896
383 872
384 891
385 893
386 898
387 878
388 882
389 889
390 888
391 889
392 885
393 898
394 900
395 905
396 906
397 901
398 910
399 904
400 911
401 913
402 915
403 930
404 924
405 941
406 958
407 944
408 961
409 960
410 965
411 978
412 960
413 969
414 973
415 968
416 977
417 984
418 986
419 993
420 992
421 1000
422 998
423 1008
424 1016
425 1009
426 1013
427 1016
428 1026
429 1028
430 1019
431 1026
432 1035
433 1034
434 1046
435 1040
436 1045
437 1040
438 1038
439 1055
440 1072
441 1082
442 1081
443 1065
444 1072
445 1082
446 1079
447 1092
448 1070
449 1077
450 1076
451 1081
452 1076
453 1092
454 1091
455 1080
456 1091
457 1111
458 1089
459 1106
460 1091
461 1098
462 1105
463 1117
464 1107
465 1120
466 1119
467 1111
468 1124
469 1113
470 1131
471 1122
472 1126
473 1137
474 1136
475 1138
476 1131
477 1128
478 1132
479 1134
480 1145
481 1151
482 1153
483 1160
484 1161
485 1162
486 1170
487 1181
488 1171
489 1187
490 1189
491 1180
492 1180
493 1195
494 1213
495 1188
496 1207
497 1206
498 1197
499 1195
500 1204
501 1209
