0 0
1 10
2 13
3 16
4 20
5 10
6 27
7 39
8 29
9 23
10 21
11 37
12 46
13 35
14 51
15 27
16 30
17 32
18 30
19 41
20 43
21 45
22 57
23 49
24 58
25 63
26 56
27 65
28 63
29 66
30 72
31 82
32 78
33 84
34 92
35 87
36 94
37 114
38 102
39 118
40 110
41 110
42 105
43 108
44 115
45 125
46 106
47 109
48 120
49 129
50 122
51 125
52 113
53 130
54 128
55 133
56 144
57 118
58 119
59 123
60 135
61 135
62 123
63 140
64 131
65 133
66 140
67 152
68 132
69 135
70 134
71 148
72 157
73 164
74 170
75 177
76 157
77 166
78 169
79 174
80 183
81 171
82 172
83 177
84 180
85 191
86 172
87 180
88 183
89 182
90 188
91 187
92 201
93 206
94 191
95 200
96 201
97 195
98 196
99 207
100 213
101 213
102 196
103 199
104 217
105 208
106 221
107 226
108 227
109 229
110 234
111 241
112 241
113 231
114 235
115 248
116 250
117 246
118 248
119 254
120 254
121 253
122 270
123 274
124 275
125 281
126 282
127 282
128 288
129 300
130 310
131 305
132 307
133 296
134 307
135 309
136 312
137 311
138 322
139 323
140 327
141 328
142 338
143 340
144 330
145 347
146 338
147 341
148 349
149 365
150 345
151 342
152 352
153 344
154 358
155 343
156 346
157 366
158 362
159 362
160 361
161 368
162 371
163 362
164 369
165 373
166 376
167 388
168 375
169 381
170 382
171 387
172 378
173 395
174 391
175 390
176 389
177 397
178 416
179 406
180 409
181 411
182 407
183 416
184 425
185 422
186 426
187 428
188 441
189 433
190 428
191 430
192 429
193 444
194 448
195 459
196 461
197 465
198 469
199 466
200 467
201 472
202 484
203 474
204 471
205 481
206 480
207 473
208 479
209 483
210 489
211 486
212 504
213 487
214 495
215 496
216 496
217 502
218 494
219 496
220 509
221 508
222 500
223 505
224 498
225 512
226 506
227 519
228 512
229 507
230 519
231 517
232 519
233 515
234 509
235 519
236 512
237 513
238 526
239 527
240 536
241 528
242 539
243 555
244 538
245 539
246 545
247 558
248 542
249 551
250 552
251 548
252 548
253 562
254 557
255 565
256 573
257 565
258 563
259 565
260 579
261 579
262 583
263 588
264 598
265 604
266 596
267 606
268 598
269 603
270 617
271 607
272 621
273 620
274 628
275 639
276 633
277 643
278 628
279 642
280 658
281 648
282 664
283 680
284 668
285 668
286 685
287 680
288 694
289 696
290 686
291 700
292 693
293 706
294 703
295 704
296 697
297 703
298 698
299 704
300 699
301 709
302 718
303 734
304 724
305 730
306 739
307 740
308 736
309 747
310 745
311 743
312 752
313 756
314 768
315 773
316 767
317 778
318 764
319 766
320 784
321 772
322 784
323 782
324 783
325 783
326 803
327 791
328 796
329 802
330 791
331 792
332 806
333 804
334 794
335 798
336 812
337 810
338 810
339 811
340 818
341 826
342 838
343 826
344 838
345 820
346 826
347 832
348 822
349 829
350 842
351 833
352 847
353 824
354 836
355 840
356 837
357 843
358 842
359 857
360 873
361 850
362 843
363 859
364 861
365 849
366 860
367 863
368 851
369 870
370 855
371 868
372 886
373 864
374 878
375 881
376 880
377 885
378 891
379 895
380 908
381 896
382 911
383 907
384 915
385 921
386 928
387 930
388 940
389 939
390 950
391 942
392 944
393 955
394 948
395 959
396 972
397 958
398 971
399 964
400 972
401 979
402 974
403 976
404 976
405 993
406 980
407 994
408 989
409 984
410 988
411 997
412 1008
413 986
414 999
415 1006
416 993
417 996
418 994
419 996
420 994
421 1013
422 1029
423 995
424 1007
425 996
426 996
427 1001
428 1009
429 1007
430 1015
431 1010
432 1019
433 1016
434 1016
435 1019
436 1029
437 1026
438 1035
439 1039
440 1039
441 1040
442 1055
443 1066
444 1074
445 1053
446 1057
447 1070
448 1066
449 1070
450 1075
451 1075
452 1077
453 1086
454 1081
455 1090
456 1101
457 1111
458 1095
459 1096
460 1102
461 1100
462 1108
463 1119
464 1115
465 1131
466 1138
467 1143
468 1131
469 1121
470 1132
471 1122
472 1128
473 1147
474 1136
475 1138
476 1150
477 1141
478 1155
479 1144
480 1158
481 1164
482 1163
483 1164
484 1154
485 1157
486 1170
487 1173
488 1187
489 1177
490 1176
491 1195
492 1195
493 1198
494 1182
495 1183
496 1198
497 1185
498 1201
499 1202
500 1204
501 1188
