0 0
1 15
2 32
3 12
4 13
5 15
6 31
7 17
8 16
9 17
10 24
11 29
12 35
13 43
14 52
15 33
16 39
17 46
18 47
19 46
20 43
21 42
22 45
23 61
24 44
25 45
26 48
27 54
28 49
29 61
30 60
31 54
32 57
33 58
34 66
35 57
36 61
37 70
38 78
39 84
40 93
41 80
42 97
43 88
44 95
45 107
46 122
47 89
48 109
49 104
50 118
51 110
52 127
53 124
54 123
55 127
56 137
57 131
58 137
59 132
60 149
61 135
62 139
63 141
64 142
65 148
66 149
67 166
68 164
69 154
70 159
71 164
72 179
73 166
74 186
75 190
76 196
77 186
78 194
79 195
80 211
81 199
82 206
83 219
84 216
85 211
86 222
87 224
88 233
89 231
90 214
91 231
92 225
93 233
94 234
95 235
96 235
97 242
98 251
99 254
100 244
101 240
102 241
103 253
104 253
105 256
106 275
107 263
108 266
109 268
110 279
111 286
112 285
113 302
114 276
115 278
116 282
117 295
118 285
119 289
120 300
121 297
122 301
123 299
124 311
125 316
126 307
127 322
128 327
129 324
130 337
131 318
132 328
133 329
134 333
135 345
136 358
137 354
138 360
139 350
140 363
141 369
142 376
143 358
144 366
145 373
146 370
147 375
148 374
149 370
150 372
151 373
152 388
153 375
154 388
155 386
156 389
157 398
158 391
159 404
160 402
161 411
162 411
163 428
164 448
165 427
166 426
167 429
168 443
169 427
170 431
171 432
172 428
173 448
174 433
175 440
176 429
177 446
178 441
179 446
180 461
181 445
182 458
183 447
184 449
185 454
186 454
187 462
188 460
189 463
190 466
191 458
192 460
193 461
194 464
195 461
196 469
197 468
198 467
199 478
200 468
201 475
202 493
203 469
204 479
205 477
206 485
207 483
208 491
209 492
210 481
211 495
212 499
213 483
214 502
215 489
216 495
217 496
218 511
219 523
220 503
221 519
222 528
223 506
224 516
225 521
226 538
227 533
228 517
229 526
230 529
231 530
232 535
233 537
234 550
235 541
236 548
237 547
238 555
239 564
240 563
241 554
242 563
243 573
244 569
245 572
246 586
247 572
248 587
249 577
250 576
251 587
252 596
253 589
254 597
255 604
256 599
257 593
258 603
259 620
260 611
261 610
262 616
263 619
264 618
265 637
266 619
267 629
268 631
269 638
270 631
271 649
272 658
273 639
274 646
275 654
276 642
277 654
278 645
279 661
280 666
281 663
282 660
283 678
284 679
285 689
286 704
287 668
288 673
289 683
290 694
291 686
292 681
293 697
294 689
295 691
296 697
297 706
298 690
299 703
300 706
301 705
302 691
303 697
304 704
305 711
306 696
307 702
308 704
309 697
310 709
311 711
312 702
313 702
314 707
315 709
316 722
317 714
318 724
319 731
320 729
321 741
322 752
323 737
324 748
325 762
326 750
327 738
328 751
329 753
330 767
331 754
332 758
333 759
334 762
335 774
336 791
337 764
338 763
339 768
340 781
341 765
342 770
343 778
344 777
345 796
346 768
347 788
348 779
349 787
350 790
351 802
352 816
353 828
354 835
355 812
356 822
357 826
358 818
359 834
360 820
361 819
362 832
363 834
364 844
365 858
366 847
367 834
368 846
369 841
370 855
371 851
372 867
373 855
374 865
375 864
376 863
377 859
378 860
379 861
380 871
381 886
382 880
383 866
384 884
385 880
386 891
387 900
388 883
389 881
390 883
391 900
392 894
393 897
394 882
395 889
396 883
397 901
398 888
399 897
400 896
401 899
402 895
403 900
404 898
405 899
406 916
407 936
408 937
409 919
410 938
411 954
412 932
413 942
414 952
415 965
416 968
417 976
418 962
419 965
420 963
421 969
422 973
423 981
424 982
425 986
426 998
427 998
428 1015
429 998
430 1001
431 1002
432 1004
433 1013
434 1029
435 1035
436 1042
437 1042
438 1044
439 1030
440 1050
441 1031
442 1038
443 1050
444 1036
445 1034
446 1036
447 1042
448 1035
449 1037
450 1040
451 1045
452 1054
453 1052
454 1058
455 1054
456 1071
457 1061
458 1074
459 1074
460 1078
461 1091
462 1111
463 1082
464 1095
465 1101
466 1091
467 1098
468 1094
469 1095
470 1097
471 1105
472 1114
473 1132
474 1109
475 1127
476 1119
477 1113
478 1120
479 1126
480 1126
481 1121
482 1125
483 1129
484 1128
485 1137
486 1134
487 1142
488 1143
489 1144
490 1148
491 1163
492 1156
493 1160
494 1160
495 1173
496 1166
497 1180
498 1170
499 1171
500 1174
501 1192
