0 0
1 11
2 6
3 7
4 22
5 36
6 13
7 17
8 28
9 46
10 31
11 33
12 38
13 53
14 37
15 43
16 47
17 47
18 41
19 55
20 69
21 49
22 65
23 54
24 56
25 73
26 58
27 60
28 72
29 62
30 81
31 63
32 71
33 75
34 81
35 77
36 65
37 84
38 70
39 84
40 80
41 83
42 79
43 94
44 93
45 86
46 85
47 87
48 102
49 97
50 91
51 98
52 110
53 118
54 124
55 141
56 132
57 130
58 148
59 136
60 143
61 154
62 160
63 159
64 169
65 185
66 167
67 174
68 176
69 173
70 170
71 180
72 186
73 188
74 177
75 196
76 188
77 192
78 181
79 187
80 200
81 201
82 191
83 198
84 188
85 197
86 191
87 211
88 192
89 202
90 197
91 212
92 200
93 214
94 225
95 219
96 228
97 201
98 207
99 204
100 217
101 203
102 206
103 204
104 220
105 223
106 228
107 223
108 224
109 239
110 243
111 229
112 242
113 247
114 254
115 264
116 261
117 259
118 265
119 273
120 266
121 272
122 278
123 278
124 267
125 273
126 288
127 297
128 289
129 296
130 287
131 298
132 300
133 318
134 317
135 333
136 333
137 320
138 340
139 331
140 335
141 346
142 338
143 344
144 344
145 361
146 355
147 374
148 356
149 368
150 375
151 380
152 389
153 373
154 390
155 404
156 414
157 384
158 397
159 388
160 391
161 403
162 400
163 409
164 410
165 429
166 431
167 445
168 450
169 450
170 456
171 447
172 458
173 452
174 461
175 459
176 465
177 473
178 457
179 473
180 458
181 476
182 461
183 464
184 468
185 464
186 468
187 468
188 483
189 483
190 493
191 502
192 514
193 492
194 497
195 501
196 500
197 512
198 518
199 512
200 530
201 504
202 511
203 505
204 510
205 521
206 534
207 508
208 514
209 512
210 516
211 509
212 522
213 528
214 533
215 521
216 541
217 532
218 542
219 550
220 530
221 535
222 541
223 543
224 550
225 551
226 536
227 556
228 550
229 553
230 566
231 541
232 549
233 554
234 543
235 557
236 546
237 553
238 563
239 544
240 559
241 560
242 569
243 578
244 569
245 573
246 577
247 582
248 580
249 586
250 588
251 584
252 592
253 581
254 585
255 584
256 602
257 586
258 600
259 590
260 607
261 593
262 602
263 600
264 603
265 611
266 615
267 606
268 620
269 614
270 616
271 621
272 617
273 616
274 620
275 622
276 636
277 624
278 627
279 641
280 629
281 632
282 634
283 648
284 635
285 654
286 655
287 659
288 674
289 670
290 658
291 670
292 663
293 659
294 664
295 674
296 661
297 676
298 678
299 694
300 693
301 670
302 680
303 679
304 685
305 675
306 677
307 676
308 684
309 692
310 696
311 707
312 705
313 710
314 717
315 733
316 708
317 715
318 732
319 722
320 719
321 734
322 727
323 729
324 736
325 749
326 734
327 749
328 763
329 746
330 750
331 759
332 762
333 749
334 750
335 763
336 778
337 751
338 762
339 760
340 766
341 766
342 775
343 763
344 766
345 777
346 764
347 775
348 780
349 771
350 778
351 778
352 796
353 772
354 782
355 787
356 781
357 774
358 794
359 785
360 793
361 794
362 803
363 787
364 802
365 793
366 789
367 792
368 810
369 802
370 792
371 800
372 810
373 799
374 817
375 805
376 818
377 808
378 811
379 819
380 810
381 817
382 830
383 830
384 844
385 835
386 854
387 851
388 837
389 846
390 849
391 863
392 845
393 857
394 860
395 860
396 859
397 871
398 882
399 885
400 870
401 871
402 879
403 880
404 883
405 883
406 900
407 897
408 887
409 891
410 893
411 908
412 902
413 898
414 917
415 910
416 925
417 916
418 917
419 924
420 921
421 917
422 929
423 934
424 935
425 924
426 926
427 939
428 942
429 961
430 966
431 964
432 951
433 958
434 969
435 968
436 961
437 974
438 975
439 975
440 979
441 995
442 976
443 994
444 980
445 983
446 996
447 980
448 996
449 1000
450 997
451 1000
452 1004
453 999
454 1001
455 1015
456 1003
457 1018
458 1009
459 1004
460 1010
461 1021
462 1013
463 1028
464 1023
465 1041
466 1055
467 1057
468 1051
469 1068
470 1053
471 1068
472 1052
473 1061
474 1066
475 1072
476 1069
477 1058
478 1064
479 1083
480 1068
481 1076
482 1071
483 1084
484 1074
485 1083
486 1080
487 1073
488 1080
489 1093
490 1113
491 1088
492 1081
493 1089
494 1088
495 1083
496 1092
497 1084
498 1099
499 1092
500 1112
501 1099
