0 0
1 5
2 2
3 5
4 21
5 22
6 31
7 39
8 40
9 39
10 52
11 42
12 59
13 48
14 49
15 45
16 58
17 62
18 65
19 76
20 71
21 69
22 75
23 73
24 77
25 78
26 74
27 90
28 90
29 83
30 81
31 87
32 99
33 92
34 96
35 103
36 121
37 96
38 113
39 105
40 114
41 114
42 101
43 115
44 121
45 117
46 121
47 121
48 135
49 128
50 137
51 141
52 143
53 150
54 138
55 146
56 147
57 148
58 156
59 154
60 148
61 160
62 150
63 156
64 163
65 170
66 158
67 162
68 170
69 167
70 172
71 187
72 172
73 184
74 178
75 175
76 182
77 187
78 191
79 186
80 197
81 200
82 192
83 207
84 191
85 211
86 231
87 194
88 212
89 209
90 202
91 212
92 203
93 218
94 218
95 215
96 231
97 218
98 225
99 244
100 245
101 219
102 235
103 238
104 255
105 223
106 232
107 242
108 228
109 227
110 233
111 234
112 253
113 266
114 267
115 280
116 294
117 271
118 282
119 288
120 300
121 279
122 297
123 315
124 294
125 302
126 304
127 298
128 300
129 302
130 299
131 312
132 308
133 310
134 316
135 326
136 310
137 322
138 336
139 312
140 312
141 311
142 325
143 325
144 314
145 312
146 330
147 349
148 314
149 317
150 330
151 318
152 319
153 338
154 326
155 325
156 341
157 320
158 338
159 338
160 324
161 335
162 325
163 325
164 334
165 326
166 343
167 341
168 332
169 334
170 340
171 343
172 344
173 357
174 362
175 367
176 370
177 380
178 368
179 378
180 383
181 378
182 381
183 390
184 408
185 383
186 401
187 403
188 384
189 403
190 400
191 398
192 411
193 390
194 392
195 410
196 405
197 417
198 419
199 421
200 406
201 406
202 414
203 413
204 426
205 417
206 435
207 436
208 453
209 428
210 430
211 445
212 435
213 448
214 438
215 431
216 444
217 444
218 444
219 459
220 461
221 457
222 461
223 463
224 471
225 470
226 487
227 467
228 481
229 482
230 482
231 478
232 492
233 489
234 495
235 491
236 500
237 491
238 505
239 502
240 507
241 508
242 513
243 516
244 527
245 517
246 533
247 514
248 533
249 519
250 536
251 515
252 522
253 523
254 528
255 526
256 518
257 524
258 542
259 520
260 534
261 524
262 530
263 540
264 530
265 534
266 546
267 552
268 536
269 538
270 552
271 540
272 548
273 567
274 581
275 550
276 563
277 551
278 567
279 570
280 565
281 553
282 568
283 566
284 560
285 569
286 580
287 568
288 579
289 581
290 588
291 593
292 577
293 585
294 579
295 589
296 585
297 588
298 598
299 591
300 591
301 609
302 625
303 629
304 627
305 638
306 629
307 645
308 637
309 643
310 647
311 652
312 656
313 644
314 649
315 652
316 650
317 664
318 661
319 665
320 680
321 673
322 677
323 692
324 668
325 686
326 694
327 683
328 670
329 682
330 689
331 682
332 699
333 688
334 699
335 690
336 707
337 721
338 690
339 695
340 692
341 693
342 708
343 693
344 701
345 701
346 717
347 702
348 715
349 727
350 708
351 716
352 727
353 722
354 732
355 747
356 732
357 743
358 741
359 744
360 751
361 746
362 747
363 761
364 750
365 757
366 758
367 776
368 763
369 760
370 760
371 773
372 761
373 774
374 769
375 780
376 783
377 791
378 805
379 790
380 807
381 817
382 827
383 791
384 805
385 804
386 808
387 810
388 817
389 828
390 826
391 816
392 833
393 833
394 833
395 837
396 840
397 841
398 850
399 841
400 843
401 857
402 852
403 848
404 862
405 867
406 877
407 878
408 882
409 881
410 885
411 893
412 900
413 905
414 925
415 905
416 914
417 909
418 911
419 916
420 918
421 910
422 913
423 925
424 921
425 928
426 932
427 931
428 938
429 939
430 942
431 951
432 952
433 970
434 950
435 958
436 958
437 966
438 968
439 951
440 967
441 953
442 956
443 955
444 955
445 958
446 969
447 968
448 969
449 988
450 1000
451 972
452 990
453 999
454 980
455 1000
456 1018
457 1009
458 989
459 996
460 997
461 995
462 1004
463 1008
464 1014
465 1011
466 1022
467 1030
468 1042
469 1050
470 1053
471 1041
472 1045
473 1048
474 1046
475 1059
476 1065
477 1067
478 1061
479 1072
480 1066
481 1074
482 1065
483 1079
484 1080
485 1082
486 1084
487 1096
488 1112
489 1092
490 1112
491 1094
492 1109
493 1098
494 1102
495 1111
496 1097
497 1104
498 1102
499 1114
500 1115
501 1111
