0 0
1 7
2 20
3 20
4 7
5 19
6 19
7 25
8 38
9 45
10 47
11 28
12 36
13 41
14 47
15 59
16 57
17 67
18 58
19 62
20 59
21 72
22 64
23 84
24 67
25 66
26 68
27 69
28 71
29 75
30 84
31 80
32 86
33 81
34 93
35 112
36 90
37 100
38 108
39 110
40 95
41 105
42 118
43 121
44 121
45 96
46 100
47 120
48 115
49 110
50 112
51 123
52 113
53 118
54 122
55 130
56 128
57 136
58 130
59 148
60 135
61 150
62 151
63 143
64 152
65 146
66 158
67 163
68 175
69 178
70 164
71 167
72 174
73 190
74 165
75 182
76 168
77 183
78 184
79 187
80 196
81 194
82 198
83 203
84 214
85 202
86 211
87 216
88 212
89 226
90 230
91 214
92 234
93 222
94 216
95 222
96 224
97 227
98 226
99 237
100 235
101 234
102 252
103 254
104 248
105 265
106 285
107 259
108 259
109 264
110 284
111 265
112 279
113 266
114 282
115 288
116 279
117 291
118 292
119 293
120 295
121 309
122 324
123 312
124 318
125 297
126 313
127 301
128 309
129 315
130 309
131 316
132 324
133 312
134 328
135 341
136 331
137 335
138 350
139 344
140 344
141 350
142 369
143 362
144 346
145 358
146 361
147 363
148 362
149 361
150 365
151 373
152 369
153 369
154 375
155 376
156 383
157 395
158 382
159 378
160 387
161 381
162 396
163 393
164 397
165 389
166 398
167 407
168 403
169 400
170 410
171 416
172 412
173 419
174 422
175 413
176 426
177 418
178 435
179 415
180 418
181 420
182 430
183 423
184 429
185 429
186 427
187 441
188 428
189 430
190 434
191 429
192 431
193 436
194 444
195 439
196 448
197 458
198 437
199 440
200 450
201 448
202 457
203 445
204 458
205 460
206 457
207 477
208 470
209 478
210 476
211 491
212 488
213 485
214 486
215 503
216 490
217 499
218 500
219 502
220 509
221 513
222 508
223 524
224 514
225 517
226 526
227 509
228 513
229 529
230 543
231 521
232 524
233 535
234 538
235 555
236 536
237 544
238 554
239 563
240 551
241 538
242 557
243 555
244 567
245 575
246 574
247 577
248 564
249 572
250 572
251 571
252 581
253 587
254 589
255 579
256 582
257 597
258 592
259 607
260 596
261 600
262 601
263 603
264 606
265 608
266 613
267 621
268 629
269 623
270 624
271 644
272 651
273 650
274 661
275 639
276 645
277 641
278 646
279 660
280 646
281 655
282 673
283 666
284 657
285 677
286 686
287 699
288 658
289 664
290 663
291 676
292 667
293 670
294 675
295 684
296 679
297 695
298 696
299 694
300 697
301 709
302 708
303 719
304 728
305 714
306 725
307 728
308 741
309 724
310 738
311 739
312 739
313 740
314 755
315 756
316 757
317 761
318 765
319 763
320 765
321 764
322 764
323 767
324 784
325 785
326 776
327 777
328 791
329 796
330 786
331 800
332 796
333 800
334 805
335 807
336 815
337 818
338 807
339 814
340 828
341 841
342 860
343 877
344 894
345 863
346 866
347 864
348 875
349 866
350 872
351 878
352 882
353 874
354 879
355 890
356 904
357 887
358 898
359 896
360 911
361 901
362 920
363 912
364 919
365 927
366 904
367 919
368 917
369 912
370 931
371 948
372 913
373 923
374 929
375 927
376 931
377 935
378 943
379 959
380 964
381 940
382 954
383 972
384 969
385 986
386 960
387 958
388 964
389 978
390 975
391 968
392 973
393 969
394 976
395 988
396 970
397 977
398 982
399 988
400 980
401 995
402 998
403 998
404 1007
405 998
406 1018
407 1017
408 1003
409 1007
410 1019
411 1007
412 1015
413 1010
414 1014
415 1020
416 1015
417 1022
418 1026
419 1035
420 1037
421 1048
422 1038
423 1057
424 1053
425 1042
426 1060
427 1062
428 1057
429 1072
430 1050
431 1067
432 1053
433 1066
434 1054
435 1069
436 1061
437 1067
438 1058
439 1060
440 1069
441 1064
442 1075
443 1076
444 1093
445 1079
446 1085
447 1098
448 1094
449 1098
450 1090
451 1093
452 1095
453 1103
454 1104
455 1100
456 1094
457 1096
458 1100
459 1107
460 1112
461 1109
462 1112
463 1110
464 1114
465 1130
466 1132
467 1115
468 1117
469 1128
470 1126
471 1141
472 1120
473 1127
474 1141
475 1126
476 1125
477 1127
478 1132
479 1135
480 1128
481 1135
482 1138
483 1137
484 1155
485 1148
486 1151
487 1154
488 1159
489 1165
490 1159
491 1173
492 1167
493 1180
494 1169
495 1185
496 1177
497 1172
498 1189
499 1180
500 1176
501 1194
