0 0
1 4
2 17
3 6
4 20
5 22
6 25
7 32
8 43
9 44
10 53
11 73
12 45
13 48
14 63
15 50
16 47
17 50
18 68
19 59
20 59
21 60
22 67
23 72
24 85
25 68
26 77
27 73
28 71
29 83
30 83
31 81
32 74
33 85
34 83
35 79
36 90
37 83
38 92
39 85
40 96
41 97
42 100
43 114
44 98
45 110
46 129
47 103
48 119
49 116
50 128
51 136
52 132
53 134
54 133
55 131
56 132
57 133
58 136
59 146
60 143
61 155
62 148
63 144
64 152
65 147
66 150
67 170
68 162
69 177
70 188
71 173
72 193
73 178
74 181
75 190
76 204
77 196
78 192
79 191
80 209
81 204
82 212
83 215
84 209
85 210
86 223
87 215
88 221
89 210
90 221
91 216
92 230
93 237
94 233
95 245
96 217
97 237
98 226
99 221
100 223
101 240
102 228
103 248
104 233
105 236
106 240
107 231
108 251
109 245
110 263
111 270
112 270
113 261
114 268
115 268
116 269
117 279
118 271
119 281
120 271
121 277
122 291
123 283
124 297
125 284
126 294
127 286
128 288
129 296
130 294
131 298
132 305
133 316
134 317
135 303
136 318
137 315
138 309
139 322
140 329
141 325
142 321
143 329
144 334
145 334
146 331
147 331
148 351
149 346
150 348
151 358
152 356
153 353
154 350
155 361
156 358
157 366
158 359
159 356
160 364
161 373
162 374
163 359
164 369
165 378
166 376
167 382
168 387
169 390
170 396
171 398
172 406
173 410
174 398
175 409
176 417
177 414
178 409
179 408
180 413
181 417
182 420
183 436
184 423
185 430
186 438
187 456
188 435
189 440
190 453
191 458
192 446
193 453
194 454
195 449
196 447
197 457
198 460
199 450
200 466
201 457
202 470
203 476
204 463
205 476
206 467
207 473
208 482
209 486
210 479
211 483
212 494
213 503
214 484
215 486
216 493
217 502
218 511
219 485
220 493
221 498
222 499
223 505
224 496
225 508
226 515
227 515
228 506
229 525
230 526
231 534
232 522
233 539
234 527
235 541
236 546
237 557
238 533
239 536
240 536
241 544
242 545
243 555
244 562
245 562
246 561
247 578
248 577
249 593
250 596
251 585
252 578
253 596
254 592
255 585
256 590
257 591
258 590
259 601
260 605
261 611
262 598
263 612
264 619
265 608
266 614
267 603
268 616
269 609
270 608
271 612
272 608
273 621
274 632
275 610
276 616
277 629
278 611
279 620
280 627
281 627
282 631
283 646
284 654
285 633
286 641
287 648
288 654
289 635
290 644
291 651
292 657
293 638
294 657
295 641
296 643
297 655
298 648
299 654
300 647
301 654
302 658
303 649
304 653
305 661
306 658
307 665
308 673
309 679
310 661
311 681
312 681
313 671
314 681
315 689
316 688
317 687
318 687
319 697
320 715
321 713
322 718
323 707
324 709
325 722
326 725
327 734
328 736
329 740
330 754
331 740
332 748
333 750
334 752
335 766
336 764
337 754
338 768
339 755
340 764
341 760
342 761
343 769
344 778
345 778
346 788
347 779
348 799
349 786
350 796
351 810
352 782
353 783
354 790
355 796
356 789
357 801
358 816
359 799
360 808
361 804
362 816
363 832
364 843
365 807
366 819
367 825
368 808
369 822
370 822
371 816
372 821
373 829
374 818
375 832
376 822
377 826
378 839
379 835
380 832
381 840
382 850
383 864
384 852
385 862
386 866
387 859
388 865
389 872
390 874
391 869
392 881
393 875
394 881
395 882
396 886
397 900
398 882
399 894
400 894
401 893
402 896
403 906
404 902
405 899
406 905
407 915
408 916
409 907
410 921
411 906
412 923
413 938
414 928
415 938
416 931
417 932
418 931
419 945
420 949
421 959
422 942
423 960
424 950
425 951
426 966
427 958
428 971
429 966
430 972
431 984
432 965
433 972
434 977
435 970
436 985
437 979
438 984
439 990
440 995
441 989
442 996
443 1006
444 1023
445 1028
446 1035
447 1030
448 1017
449 1032
450 1028
451 1032
452 1022
453 1036
454 1050
455 1023
456 1041
457 1026
458 1024
459 1039
460 1036
461 1031
462 1043
463 1051
464 1063
465 1076
466 1049
467 1055
468 1060
469 1055
470 1057
471 1065
472 1063
473 1058
474 1061
475 1067
476 1068
477 1079
478 1074
479 1088
480 1088
481 1105
482 1076
483 1092
484 1078
485 1088
486 1090
487 1105
488 1090
489 1081
490 1095
491 1100
492 1115
493 1096
494 1108
495 1114
496 1109
497 1114
498 1120
499 1123
500 1120
501 1119
