0 0
1 2
2 15
3 25
4 28
5 22
6 26
7 31
8 38
9 47
10 54
11 47
12 40
13 55
14 73
15 64
16 55
17 67
18 69
19 84
20 72
21 84
22 83
23 80
24 95
25 81
26 91
27 100
28 82
29 95
30 83
31 87
32 93
33 102
34 104
35 95
36 114
37 100
38 108
39 114
40 105
41 108
42 106
43 123
44 124
45 109
46 107
47 107
48 120
49 115
50 128
51 125
52 130
53 123
54 142
55 133
56 150
57 155
58 171
59 164
60 139
61 142
62 151
63 169
64 154
65 160
66 155
67 172
68 157
69 167
70 187
71 167
72 180
73 180
74 176
75 187
76 205
77 180
78 200
79 191
80 210
81 184
82 187
83 201
84 201
85 221
86 207
87 207
88 225
89 234
90 251
91 217
92 225
93 233
94 237
95 253
96 259
97 229
98 236
99 231
100 242
101 249
102 251
103 268
104 255
105 251
106 263
107 259
108 267
109 253
110 266
111 255
112 264
113 272
114 262
115 263
116 263
117 274
118 275
119 279
120 265
121 282
122 267
123 280
124 266
125 267
126 271
127 287
128 274
129 279
130 283
131 285
132 294
133 297
134 298
135 284
136 297
137 292
138 288
139 298
140 299
141 313
142 312
143 314
144 312
145 313
146 332
147 331
148 344
149 351
150 342
151 357
152 346
153 362
154 347
155 365
156 370
157 375
158 357
159 374
160 360
161 359
162 374
163 393
164 361
165 361
166 360
167 364
168 368
169 372
170 373
171 361
172 365
173 380
174 380
175 370
176 364
177 365
178 380
179 375
180 377
181 376
182 390
183 397
184 380
185 398
186 414
187 384
188 396
189 406
190 388
191 400
192 406
193 391
194 409
195 392
196 402
197 419
198 414
199 414
200 409
201 410
202 415
203 423
204 425
205 442
206 432
207 424
208 435
209 438
210 429
211 438
212 432
213 436
214 445
215 448
216 446
217 455
218 458
219 462
220 464
221 480
222 468
223 471
224 483
225 475
226 477
227 473
228 482
229 489
230 497
231 503
232 497
233 498
234 505
235 514
236 516
237 505
238 518
239 524
240 514
241 527
242 533
243 534
244 516
245 517
246 533
247 520
248 535
249 534
250 535
251 535
252 548
253 549
254 552
255 543
256 550
257 558
258 568
259 583
260 544
261 547
262 556
263 558
264 555
265 568
266 565
267 556
268 560
269 562
270 575
271 592
272 573
273 588
274 575
275 589
276 585
277 597
278 580
279 591
280 584
281 600
282 608
283 600
284 607
285 601
286 605
287 620
288 605
289 619
290 608
291 608
292 614
293 613
294 630
295 638
296 613
297 617
298 626
299 624
300 643
301 641
302 639
303 642
304 641
305 643
306 642
307 645
308 645
309 659
310 651
311 657
312 664
313 646
314 656
315 661
316 660
317 680
318 677
319 694
320 678
321 686
322 686
323 693
324 688
325 702
326 702
327 703
328 720
329 691
330 704
331 705
332 708
333 724
334 732
335 706
336 706
337 711
338 715
339 712
340 722
341 723
342 715
343 729
344 721
345 731
346 735
347 738
348 739
349 744
350 753
351 759
352 767
353 787
354 768
355 769
356 771
357 781
358 772
359 772
360 773
361 781
362 786
363 788
364 778
365 780
366 783
367 791
368 805
369 797
370 793
371 811
372 810
373 813
374 823
375 821
376 816
377 834
378 834
379 819
380 821
381 832
382 839
383 833
384 837
385 843
386 851
387 858
388 842
389 847
390 861
391 852
392 863
393 879
394 859
395 873
396 856
397 860
398 859
399 862
400 858
401 872
402 861
403 877
404 894
405 899
406 882
407 900
408 910
409 902
410 918
411 914
412 905
413 907
414 923
415 921
416 909
417 925
418 926
419 922
420 939
421 923
422 925
423 930
424 931
425 925
426 937
427 943
428 937
429 943
430 954
431 951
432 971
433 964
434 968
435 963
436 983
437 969
438 964
439 975
440 979
441 974
442 980
443 996
444 983
445 998
446 993
447 995
448 988
449 994
450 993
451 1001
452 1004
453 990
454 992
455 1001
456 1009
457 1005
458 1004
459 1013
460 1015
461 1007
462 1024
463 1022
464 1031
465 1039
466 1010
467 1016
468 1012
469 1016
470 1015
471 1021
472 1020
473 1033
474 1022
475 1019
476 1020
477 1031
478 1036
479 1030
480 1039
481 1037
482 1040
483 1043
484 1057
485 1047
486 1052
487 1053
488 1048
489 1055
490 1064
491 1052
492 1061
493 1068
494 1072
495 1077
496 1078
497 1089
498 1096
499 1095
500 1097
501 1112
