0 0
1 3
2 7
3 17
4 20
5 4
6 10
7 19
8 17
9 36
10 38
11 19
12 35
13 22
14 21
15 28
16 40
17 52
18 47
19 63
20 30
21 50
22 48
23 49
24 60
25 36
26 42
27 53
28 54
29 69
30 55
31 74
32 67
33 67
34 85
35 81
36 83
37 92
38 83
39 99
40 101
41 97
42 99
43 86
44 90
45 101
46 104
47 118
48 121
49 106
50 123
51 108
52 109
53 117
54 120
55 126
56 130
57 150
58 133
59 129
60 133
61 134
62 143
63 147
64 141
65 152
66 144
67 151
68 157
69 164
70 167
71 181
72 160
73 172
74 179
75 178
76 189
77 196
78 193
79 184
80 186
81 204
82 192
83 191
84 201
85 204
86 220
87 235
88 240
89 234
90 241
91 253
92 239
93 245
94 251
95 257
96 267
97 262
98 265
99 260
100 272
101 266
102 268
103 268
104 280
105 284
106 281
107 271
108 286
109 289
110 290
111 272
112 277
113 281
114 288
115 285
116 291
117 295
118 292
119 302
120 300
121 309
122 304
123 310
124 320
125 336
126 330
127 324
128 331
129 329
130 343
131 341
132 348
133 349
134 352
135 358
136 366
137 353
138 360
139 371
140 354
141 371
142 361
143 372
144 377
145 385
146 403
147 404
148 416
149 387
150 391
151 399
152 398
153 394
154 403
155 401
156 413
157 407
158 427
159 409
160 412
161 411
162 420
163 423
164 427
165 421
166 435
167 427
168 426
169 445
170 465
171 427
172 442
173 436
174 444
175 445
176 457
177 464
178 484
179 465
180 466
181 479
182 466
183 478
184 470
185 472
186 486
187 489
188 494
189 480
190 494
191 490
192 504
193 512
194 524
195 506
196 505
197 509
198 512
199 521
200 533
201 519
202 524
203 528
204 537
205 528
206 546
207 561
208 538
209 537
210 553
211 545
212 562
213 564
214 559
215 563
216 564
217 576
218 596
219 565
220 570
221 583
222 581
223 585
224 571
225 585
226 577
227 587
228 576
229 594
230 595
231 585
232 587
233 585
234 597
235 588
236 591
237 591
238 594
239 605
240 590
241 593
242 610
243 599
244 612
245 630
246 594
247 612
248 598
249 614
250 607
251 611
252 630
253 638
254 623
255 616
256 630
257 632
258 629
259 631
260 646
261 637
262 633
263 649
264 652
265 645
266 652
267 671
268 662
269 659
270 665
271 660
272 668
273 673
274 670
275 661
276 681
277 676
278 673
279 689
280 668
281 687
282 698
283 682
284 689
285 685
286 687
287 705
288 696
289 698
290 706
291 716
292 717
293 731
294 733
295 743
296 751
297 746
298 753
299 763
300 752
301 764
302 775
303 784
304 795
305 814
306 808
307 806
308 802
309 809
310 815
311 815
312 818
313 816
314 826
315 818
316 825
317 825
318 837
319 823
320 837
321 857
322 838
323 856
324 876
325 861
326 840
327 841
328 855
329 857
330 875
331 841
332 852
333 848
334 858
335 863
336 871
337 865
338 857
339 860
340 872
341 876
342 868
343 879
344 870
345 877
346 880
347 895
348 888
349 900
350 895
351 909
352 908
353 902
354 897
355 912
356 898
357 905
358 918
359 907
360 912
361 919
362 915
363 932
364 935
365 927
366 945
367 940
368 953
369 952
370 958
371 957
372 955
373 959
374 958
375 970
376 961
377 970
378 973
379 977
380 977
381 967
382 970
383 968
384 987
385 992
386 978
387 988
388 994
389 980
390 996
391 984
392 988
393 989
394 1000
395 1004
396 990
397 998
398 997
399 1017
400 1025
401 999
402 998
403 1007
404 1004
405 1003
406 1016
407 1034
408 1013
409 1033
410 1031
411 1021
412 1033
413 1038
414 1041
415 1035
416 1051
417 1051
418 1046
419 1058
420 1042
421 1051
422 1047
423 1055
424 1043
425 1044
426 1054
427 1058
428 1066
429 1079
430 1079
431 1087
432 1094
433 1079
434 1087
435 1102
436 1099
437 1081
438 1085
439 1088
440 1093
441 1097
442 1091
443 1108
444 1098
445 1103
446 1101
447 1106
448 1118
449 1107
450 1118
451 1122
452 1116
453 1111
454 1122
455 1126
456 1139
457 1127
458 1143
459 1134
460 1130
461 1145
462 1146
463 1156
464 1143
465 1147
466 1152
467 1150
468 1165
469 1157
470 1168
471 1182
472 1163
473 1177
474 1182
475 1169
476 1180
477 1172
478 1179
479 1198
480 1185
481 1188
482 1200
483 1197
484 1194
485 1199
486 1217
487 1203
488 1202
489 1195
490 1198
491 1202
492 1207
493 1205
494 1206
495 1217
496 1207
497 1218
498 1221
499 1213
500 1219
501 1229
