0 0
1 16
2 25
3 22
4 25
5 35
6 33
7 40
8 35
9 45
10 39
11 58
12 55
13 54
14 56
15 44
16 53
17 55
18 63
19 52
20 71
21 53
22 67
23 58
24 71
25 71
26 68
27 79
28 73
29 80
30 90
31 104
32 83
33 102
34 95
35 103
36 108
37 97
38 97
39 109
40 115
41 98
42 102
43 117
44 115
45 129
46 117
47 132
48 146
49 140
50 152
51 165
52 155
53 149
54 161
55 162
56 178
57 166
58 181
59 169
60 179
61 180
62 197
63 170
64 176
65 172
66 176
67 190
68 183
69 174
70 193
71 185
72 204
73 180
74 194
75 198
76 199
77 200
78 208
79 212
80 213
81 222
82 222
83 238
84 225
85 230
86 241
87 228
88 226
89 246
90 228
91 238
92 245
93 228
94 235
95 254
96 237
97 247
98 238
99 256
100 242
101 244
102 255
103 244
104 247
105 259
106 248
107 258
108 252
109 256
110 270
111 271
112 260
113 275
114 271
115 288
116 289
117 272
118 279
119 288
120 283
121 275
122 285
123 295
124 295
125 294
126 295
127 301
128 309
129 299
130 303
131 301
132 304
133 309
134 320
135 312
136 315
137 321
138 332
139 338
140 325
141 332
142 332
143 335
144 349
145 343
146 341
147 358
148 347
149 358
150 363
151 351
152 366
153 354
154 364
155 365
156 366
157 371
158 369
159 378
160 379
161 379
162 390
163 382
164 398
165 381
166 400
167 403
168 404
169 407
170 405
171 423
172 411
173 419
174 420
175 425
176 414
177 424
178 432
179 438
180 423
181 420
182 427
183 439
184 429
185 441
186 422
187 432
188 436
189 440
190 439
191 452
192 453
193 453
194 447
195 452
196 466
197 450
198 462
199 463
200 460
201 477
202 457
203 474
204 469
205 459
206 460
207 462
208 475
209 463
210 470
211 481
212 472
213 476
214 479
215 489
216 490
217 495
218 512
219 501
220 510
221 506
222 504
223 515
224 513
225 529
226 539
227 529
228 518
229 522
230 537
231 545
232 564
233 548
234 528
235 534
236 536
237 542
238 541
239 535
240 546
241 545
242 552
243 549
244 554
245 548
246 568
247 550
248 554
249 556
250 561
251 573
252 570
253 564
254 578
255 585
256 605
257 601
258 598
259 611
260 603
261 610
262 612
263 621
264 609
265 620
266 619
267 629
268 616
269 622
270 627
271 626
272 627
273 638
274 631
275 630
276 646
277 647
278 660
279 660
280 669
281 678
282 677
283 675
284 662
285 669
286 664
287 678
288 678
289 675
290 688
291 672
292 686
293 703
294 690
295 708
296 713
297 728
298 697
299 704
300 713
301 730
302 739
303 724
304 739
305 753
306 741
307 738
308 743
309 739
310 759
311 741
312 752
313 742
314 742
315 753
316 743
317 754
318 751
319 745
320 750
321 744
322 758
323 757
324 761
325 763
326 764
327 777
328 783
329 784
330 769
331 788
332 794
333 789
334 789
335 770
336 774
337 786
338 785
339 803
340 780
341 780
342 784
343 781
344 793
345 783
346 790
347 791
348 789
349 799
350 801
351 808
352 801
353 818
354 813
355 813
356 825
357 836
358 831
359 814
360 818
361 830
362 831
363 847
364 840
365 858
366 860
367 877
368 880
369 899
370 878
371 889
372 892
373 881
374 887
375 888
376 898
377 888
378 889
379 908
380 906
381 900
382 902
383 908
384 927
385 933
386 952
387 938
388 921
389 930
390 935
391 940
392 943
393 950
394 941
395 960
396 954
397 968
398 976
399 957
400 964
401 963
402 977
403 961
404 962
405 973
406 970
407 979
408 971
409 986
410 977
411 991
412 994
413 1011
414 1004
415 1013
416 1026
417 1040
418 1020
419 1025
420 1030
421 1032
422 1031
423 1027
424 1047
425 1044
426 1064
427 1033
428 1052
429 1070
430 1085
431 1063
432 1053
433 1064
434 1068
435 1064
436 1073
437 1079
438 1090
439 1090
440 1076
441 1093
442 1086
443 1089
444 1083
445 1096
446 1087
447 1105
448 1120
449 1086
450 1104
451 1092
452 1104
453 1107
454 1112
455 1110
456 1114
457 1108
458 1114
459 1127
460 1131
461 1142
462 1150
463 1119
464 1125
465 1138
466 1132
467 1131
468 1132
469 1146
470 1166
471 1149
472 1163
473 1165
474 1151
475 1167
476 1165
477 1166
478 1158
479 1163
480 1170
481 1175
482 1178
483 1168
484 1177
485 1169
486 1184
487 1191
488 1189
489 1191
490 1204
491 1201
492 1219
493 1197
494 1208
495 1202
496 1215
497 1211
498 1206
499 1216
500 1215
501 1215
