0 0
1 13
2 8
3 17
4 25
5 23
6 27
7 15
8 35
9 22
10 28
11 28
12 26
13 33
14 37
15 44
16 39
17 53
18 41
19 54
20 70
21 86
22 93
23 42
24 56
25 47
26 64
27 54
28 60
29 55
30 58
31 58
32 63
33 56
34 66
35 57
36 65
37 85
38 87
39 65
40 78
41 67
42 76
43 78
44 79
45 88
46 80
47 96
48 83
49 92
50 87
51 83
52 101
53 93
54 102
55 110
56 119
57 135
58 141
59 142
60 147
61 150
62 145
63 154
64 160
65 165
66 149
67 154
68 157
69 157
70 165
71 171
72 173
73 187
74 193
75 170
76 185
77 184
78 186
79 192
80 189
81 192
82 190
83 197
84 210
85 205
86 209
87 217
88 211
89 228
90 208
91 223
92 221
93 223
94 223
95 230
96 239
97 257
98 232
99 248
100 264
101 249
102 238
103 244
104 253
105 245
106 253
107 272
108 257
109 261
110 279
111 268
112 268
113 283
114 271
115 285
116 300
117 318
118 333
119 286
120 302
121 287
122 289
123 295
124 314
125 328
126 316
127 295
128 310
129 301
130 302
131 303
132 316
133 308
134 308
135 323
136 327
137 320
138 309
139 315
140 325
141 329
142 328
143 332
144 322
145 341
146 326
147 341
148 339
149 338
150 344
151 356
152 349
153 360
154 349
155 354
156 353
157 364
158 373
159 377
160 367
161 385
162 386
163 387
164 380
165 368
166 372
167 379
168 371
169 373
170 388
171 384
172 378
173 397
174 390
175 400
176 386
177 400
178 395
179 400
180 396
181 403
182 420
183 436
184 418
185 416
186 418
187 420
188 423
189 431
190 440
191 453
192 454
193 469
194 477
195 458
196 465
197 468
198 463
199 465
200 479
201 483
202 473
203 486
204 490
205 493
206 510
207 522
208 497
209 504
210 514
211 510
212 513
213 504
214 507
215 515
216 525
217 520
218 506
219 519
220 507
221 508
222 523
223 513
224 524
225 517
226 525
227 541
228 523
229 530
230 540
231 539
232 545
233 539
234 558
235 553
236 547
237 555
238 572
239 554
240 566
241 580
242 559
243 579
244 591
245 564
246 577
247 578
248 576
249 578
250 594
251 612
252 618
253 613
254 579
255 598
256 582
257 592
258 594
259 597
260 600
261 596
262 597
263 599
264 602
265 598
266 616
267 605
268 608
269 608
270 625
271 620
272 626
273 616
274 632
275 629
276 633
277 646
278 652
279 654
280 660
281 657
282 653
283 664
284 666
285 668
286 655
287 660
288 660
289 676
290 683
291 688
292 664
293 684
294 684
295 679
296 676
297 695
298 696
299 689
300 707
301 701
302 721
303 720
304 730
305 706
306 722
307 728
308 722
309 726
310 727
311 737
312 730
313 744
314 735
315 745
316 752
317 753
318 757
319 773
320 776
321 788
322 802
323 795
324 811
325 831
326 815
327 797
328 812
329 803
330 803
331 819
332 810
333 818
334 818
335 814
336 822
337 819
338 821
339 835
340 837
341 843
342 845
343 856
344 862
345 878
346 872
347 874
348 867
349 886
350 871
351 870
352 883
353 873
354 879
355 884
356 886
357 890
358 892
359 908
360 904
361 893
362 912
363 904
364 911
365 908
366 926
367 913
368 928
369 927
370 930
371 948
372 945
373 963
374 947
375 960
376 972
377 954
378 962
379 962
380 973
381 965
382 982
383 984
384 988
385 1004
386 991
387 994
388 999
389 1000
390 1008
391 1018
392 1008
393 1011
394 1016
395 1030
396 1034
397 1046
398 1029
399 1032
400 1041
401 1041
402 1048
403 1053
404 1055
405 1050
406 1051
407 1070
408 1052
409 1059
410 1068
411 1056
412 1056
413 1062
414 1079
415 1071
416 1080
417 1064
418 1063
419 1082
420 1068
421 1079
422 1082
423 1070
424 1074
425 1092
426 1079
427 1089
428 1090
429 1095
430 1091
431 1092
432 1098
433 1109
434 1107
435 1101
436 1105
437 1107
438 1111
439 1103
440 1102
441 1113
442 1115
443 1111
444 1109
445 1117
446 1130
447 1138
448 1116
449 1135
450 1122
451 1119
452 1131
453 1122
454 1136
455 1133
456 1127
457 1130
458 1128
459 1139
460 1140
461 1146
462 1150
463 1130
464 1149
465 1166
466 1136
467 1131
468 1146
469 1145
470 1141
471 1155
472 1146
473 1148
474 1150
475 1150
476 1169
477 1156
478 1160
479 1156
480 1164
481 1164
482 1171
483 1175
484 1179
485 1180
486 1178
487 1192
488 1199
489 1185
490 1190
491 1208
492 1198
493 1209
494 1199
495 1201
496 1211
497 1217
498 1222
499 1219
500 1237
501 1232
