0 0
1 16
2 19
3 29
4 34
5 26
6 45
7 40
8 60
9 44
10 47
11 60
12 64
13 48
14 49
15 68
16 52
17 54
18 71
19 85
20 74
21 65
22 74
23 85
24 77
25 80
26 93
27 99
28 119
29 110
30 118
31 131
32 119
33 114
34 121
35 119
36 133
37 121
38 122
39 130
40 150
41 151
42 157
43 161
44 166
45 160
46 157
47 172
48 162
49 171
50 158
51 163
52 178
53 170
54 179
55 184
56 179
57 185
58 185
59 194
60 197
61 200
62 190
63 208
64 202
65 198
66 193
67 202
68 210
69 213
70 205
71 222
72 208
73 212
74 208
75 211
76 212
77 210
78 223
79 215
80 216
81 227
82 218
83 230
84 231
85 228
86 237
87 238
88 248
89 239
90 245
91 248
92 251
93 244
94 241
95 246
96 251
97 255
98 274
99 266
100 251
101 258
102 277
103 266
104 269
105 285
106 296
107 285
108 298
109 286
110 301
111 302
112 316
113 326
114 344
115 332
116 331
117 346
118 332
119 335
120 346
121 347
122 351
123 368
124 353
125 367
126 354
127 369
128 365
129 373
130 373
131 383
132 391
133 397
134 394
135 396
136 389
137 393
138 392
139 398
140 400
141 403
142 405
143 408
144 416
145 419
146 425
147 409
148 419
149 420
150 432
151 414
152 427
153 443
154 423
155 443
156 431
157 437
158 427
159 430
160 432
161 447
162 431
163 433
164 444
165 437
166 442
167 438
168 439
169 453
170 442
171 441
172 452
173 457
174 459
175 466
176 455
177 462
178 465
179 464
180 474
181 475
182 481
183 489
184 493
185 504
186 497
187 513
188 513
189 502
190 503
191 507
192 508
193 518
194 512
195 524
196 524
197 520
198 539
199 521
200 529
201 522
202 530
203 540
204 553
205 542
206 557
207 558
208 548
209 566
210 549
211 568
212 553
213 558
214 567
215 576
216 571
217 580
218 573
219 580
220 582
221 589
222 601
223 602
224 586
225 601
226 599
227 601
228 600
229 620
230 632
231 619
232 633
233 627
234 628
235 631
236 637
237 644
238 637
239 639
240 646
241 659
242 657
243 668
244 666
245 681
246 671
247 660
248 674
249 666
250 679
251 679
252 681
253 683
254 680
255 696
256 694
257 697
258 700
259 695
260 707
261 714
262 700
263 714
264 728
265 720
266 722
267 724
268 720
269 728
270 722
271 723
272 740
273 740
274 729
275 748
276 732
277 739
278 747
279 744
280 750
281 749
282 747
283 757
284 757
285 748
286 757
287 762
288 756
289 758
290 767
291 768
292 769
293 762
294 771
295 789
296 765
297 769
298 777
299 783
300 791
301 787
302 797
303 789
304 801
305 796
306 810
307 797
308 812
309 816
310 812
311 800
312 820
313 802
314 807
315 815
316 805
317 822
318 809
319 823
320 830
321 827
322 843
323 863
324 831
325 842
326 845
327 838
328 852
329 849
330 865
331 849
332 861
333 864
334 859
335 878
336 862
337 865
338 875
339 871
340 880
341 873
342 876
343 886
344 887
345 885
346 891
347 895
348 891
349 906
350 893
351 909
352 893
353 906
354 910
355 912
356 920
357 918
358 933
359 938
360 937
361 942
362 943
363 956
364 953
365 945
366 953
367 947
368 965
369 949
370 953
371 958
372 963
373 962
374 951
375 954
376 973
377 961
378 956
379 967
380 971
381 984
382 1004
383 963
384 965
385 973
386 971
387 984
388 979
389 978
390 994
391 979
392 990
393 985
394 982
395 991
396 992
397 995
398 1009
399 1022
400 1005
401 1007
402 1017
403 1031
404 1012
405 1010
406 1013
407 1019
408 1018
409 1028
410 1023
411 1034
412 1048
413 1050
414 1025
415 1026
416 1029
417 1034
418 1033
419 1041
420 1029
421 1031
422 1044
423 1034
424 1038
425 1049
426 1042
427 1043
428 1046
429 1048
430 1055
431 1044
432 1057
433 1066
434 1047
435 1051
436 1065
437 1061
438 1071
439 1059
440 1070
441 1078
442 1064
443 1080
444 1075
445 1066
446 1083
447 1082
448 1070
449 1072
450 1084
451 1076
452 1089
453 1092
454 1079
455 1086
456 1095
457 1082
458 1096
459 1089
460 1102
461 1089
462 1104
463 1112
464 1099
465 1104
466 1123
467 1126
468 1132
469 1133
470 1136
471 1148
472 1152
473 1134
474 1142
475 1148
476 1145
477 1154
478 1165
479 1162
480 1169
481 1164
482 1177
483 1181
484 1181
485 1165
486 1185
487 1166
488 1169
489 1174
490 1181
491 1170
492 1177
493 1182
494 1187
495 1206
496 1212
497 1200
498 1206
499 1202
500 1204
501 1212
