0 0
1 11
2 9
3 22
4 10
5 26
6 14
7 30
8 44
9 23
10 24
11 38
12 29
13 30
14 45
15 38
16 52
17 39
18 41
19 45
20 51
21 57
22 48
23 61
24 51
25 59
26 63
27 58
28 75
29 58
30 68
31 65
32 78
33 71
34 88
35 91
36 96
37 80
38 80
39 91
40 84
41 90
42 97
43 99
44 89
45 107
46 124
47 100
48 119
49 115
50 122
51 130
52 125
53 143
54 133
55 136
56 133
57 145
58 137
59 134
60 140
61 143
62 136
63 139
64 143
65 155
66 139
67 141
68 148
69 145
70 153
71 161
72 146
73 152
74 159
75 177
76 154
77 160
78 174
79 157
80 157
81 156
82 161
83 171
84 185
85 173
86 164
87 179
88 173
89 183
90 166
91 171
92 183
93 175
94 174
95 181
96 172
97 178
98 190
99 182
100 193
101 175
102 178
103 190
104 208
105 176
106 181
107 195
108 183
109 194
110 199
111 188
112 207
113 192
114 193
115 209
116 226
117 212
118 212
119 226
120 214
121 222
122 213
123 221
124 230
125 234
126 252
127 264
128 277
129 286
130 279
131 294
132 314
133 315
134 328
135 308
136 301
137 308
138 307
139 309
140 315
141 320
142 309
143 316
144 312
145 325
146 315
147 324
148 328
149 319
150 322
151 323
152 340
153 337
154 334
155 340
156 340
157 338
158 341
159 354
160 370
161 380
162 359
163 361
164 371
165 378
166 379
167 390
168 393
169 394
170 397
171 382
172 391
173 398
174 399
175 388
176 390
177 399
178 402
179 396
180 406
181 415
182 407
183 408
184 424
185 418
186 420
187 410
188 416
189 423
190 415
191 421
192 418
193 424
194 417
195 435
196 429
197 443
198 456
199 436
200 432
201 438
202 439
203 437
204 448
205 451
206 455
207 463
208 457
209 463
210 461
211 474
212 465
213 471
214 481
215 484
216 490
217 490
218 502
219 503
220 520
221 530
222 515
223 528
224 530
225 523
226 527
227 536
228 531
229 549
230 568
231 536
232 539
233 543
234 541
235 553
236 550
237 552
238 558
239 567
240 565
241 565
242 568
243 570
244 579
245 572
246 581
247 586
248 603
249 575
250 583
251 586
252 593
253 591
254 610
255 615
256 611
257 624
258 614
259 613
260 629
261 639
262 632
263 650
264 627
265 631
266 643
267 631
268 633
269 640
270 645
271 653
272 658
273 635
274 646
275 647
276 654
277 661
278 662
279 652
280 663
281 665
282 668
283 682
284 669
285 671
286 686
287 684
288 702
289 714
290 672
291 674
292 693
293 675
294 687
295 688
296 700
297 702
298 695
299 704
300 702
301 703
302 718
303 709
304 713
305 718
306 722
307 730
308 734
309 728
310 745
311 740
312 739
313 758
314 748
315 741
316 753
317 746
318 760
319 766
320 758
321 765
322 762
323 766
324 780
325 778
326 782
327 789
328 785
329 786
330 803
331 821
332 801
333 803
334 789
335 809
336 809
337 797
338 798
339 803
340 806
341 803
342 822
343 816
344 816
345 826
346 836
347 828
348 842
349 845
350 858
351 848
352 865
353 863
354 860
355 866
356 874
357 871
358 888
359 887
360 904
361 874
362 884
363 886
364 900
365 896
366 892
367 905
368 905
369 904
370 906
371 899
372 903
373 913
374 927
375 912
376 931
377 913
378 922
379 925
380 920
381 927
382 925
383 937
384 950
385 953
386 935
387 936
388 937
389 936
390 951
391 944
392 959
393 962
394 952
395 950
396 954
397 953
398 953
399 954
400 956
401 962
402 967
403 983
404 995
405 978
406 970
407 990
408 974
409 975
410 993
411 981
412 981
413 990
414 978
415 984
416 980
417 987
418 982
419 1002
420 991
421 983
422 993
423 985
424 991
425 1004
426 988
427 1002
428 1009
429 1028
430 1032
431 1046
432 1034
433 1052
434 1049
435 1061
436 1050
437 1055
438 1056
439 1051
440 1069
441 1055
442 1070
443 1063
444 1074
445 1057
446 1059
447 1059
448 1067
449 1069
450 1074
451 1076
452 1085
453 1086
454 1095
455 1099
456 1116
457 1107
458 1126
459 1112
460 1109
461 1128
462 1125
463 1130
464 1119
465 1127
466 1134
467 1129
468 1130
469 1132
470 1141
471 1150
472 1144
473 1154
474 1174
475 1190
476 1190
477 1157
478 1176
479 1161
480 1162
481 1179
482 1168
483 1181
484 1185
485 1198
486 1169
487 1170
488 1179
489 1183
490 1183
491 1188
492 1196
493 1212
494 1194
495 1201
496 1199
497 1210
498 1202
499 1209
500 1215
501 1229
