0 0
1 7
2 14
3 22
4 34
5 15
6 21
7 29
8 32
9 26
10 33
11 41
12 35
13 45
14 53
15 50
16 43
17 53
18 61
19 63
20 72
21 61
22 69
23 64
24 70
25 76
26 75
27 70
28 86
29 88
30 89
31 98
32 106
33 99
34 102
35 106
36 114
37 103
38 108
39 125
40 122
41 141
42 135
43 115
44 122
45 128
46 129
47 125
48 138
49 133
50 141
51 141
52 153
53 170
54 155
55 156
56 168
57 168
58 181
59 160
60 168
61 162
62 178
63 172
64 168
65 166
66 168
67 177
68 186
69 174
70 180
71 194
72 187
73 200
74 193
75 201
76 195
77 204
78 206
79 205
80 223
81 224
82 209
83 214
84 210
85 225
86 216
87 227
88 232
89 215
90 218
91 226
92 226
93 221
94 227
95 231
96 238
97 240
98 252
99 235
100 245
101 251
102 250
103 260
104 257
105 261
106 261
107 265
108 266
109 275
110 276
111 273
112 268
113 288
114 281
115 274
116 289
117 278
118 287
119 283
120 286
121 293
122 299
123 296
124 307
125 311
126 303
127 310
128 308
129 316
130 320
131 324
132 325
133 321
134 327
135 323
136 331
137 323
138 338
139 339
140 346
141 354
142 361
143 375
144 380
145 359
146 367
147 364
148 371
149 373
150 378
151 378
152 388
153 381
154 400
155 379
156 397
157 400
158 397
159 414
160 388
161 401
162 402
163 409
164 401
165 408
166 403
167 420
168 423
169 425
170 405
171 417
172 414
173 417
174 434
175 432
176 435
177 425
178 428
179 441
180 431
181 429
182 437
183 448
184 441
185 447
186 436
187 448
188 442
189 438
190 449
191 458
192 445
193 451
194 450
195 450
196 446
197 448
198 466
199 449
200 456
201 476
202 456
203 475
204 470
205 460
206 469
207 475
208 476
209 480
210 476
211 477
212 484
213 480
214 489
215 492
216 511
217 522
218 501
219 520
220 503
221 510
222 522
223 527
224 520
225 511
226 514
227 528
228 545
229 546
230 514
231 528
232 515
233 534
234 531
235 544
236 531
237 548
238 551
239 533
240 547
241 546
242 551
243 552
244 553
245 564
246 572
247 571
248 573
249 581
250 573
251 579
252 575
253 581
254 581
255 587
256 599
257 603
258 609
259 622
260 618
261 630
262 631
263 642
264 646
265 656
266 640
267 658
268 665
269 678
270 669
271 653
272 672
273 679
274 659
275 672
276 669
277 676
278 679
279 680
280 678
281 688
282 689
283 683
284 684
285 693
286 690
287 692
288 704
289 699
290 705
291 705
292 712
293 707
294 718
295 726
296 737
297 714
298 716
299 728
300 719
301 730
302 733
303 744
304 736
305 750
306 747
307 754
308 761
309 767
310 786
311 804
312 816
313 830
314 831
315 840
316 848
317 840
318 835
319 840
320 845
321 860
322 863
323 849
324 858
325 859
326 861
327 859
328 851
329 865
330 883
331 879
332 876
333 878
334 868
335 879
336 894
337 879
338 893
339 901
340 896
341 906
342 905
343 915
344 934
345 916
346 918
347 932
348 943
349 939
350 941
351 954
352 942
353 945
354 942
355 945
356 947
357 960
358 965
359 967
360 954
361 960
362 960
363 968
364 986
365 987
366 970
367 987
368 976
369 996
370 980
371 971
372 974
373 983
374 978
375 981
376 983
377 994
378 994
379 992
380 998
381 985
382 1000
383 998
384 992
385 1010
386 1027
387 1000
388 1002
389 1009
390 1006
391 1019
392 1007
393 1019
394 1030
395 1013
396 1033
397 1015
398 1016
399 1026
400 1027
401 1026
402 1031
403 1033
404 1043
405 1049
406 1052
407 1039
408 1040
409 1050
410 1047
411 1052
412 1064
413 1073
414 1087
415 1078
416 1083
417 1085
418 1090
419 1094
420 1093
421 1105
422 1103
423 1110
424 1107
425 1126
426 1126
427 1110
428 1117
429 1121
430 1116
431 1126
432 1129
433 1135
434 1128
435 1144
436 1139
437 1146
438 1145
439 1151
440 1148
441 1159
442 1160
443 1160
444 1149
445 1163
446 1172
447 1173
448 1169
449 1154
450 1173
451 1169
452 1162
453 1170
454 1171
455 1183
456 1203
457 1200
458 1220
459 1223
460 1193
461 1205
462 1224
463 1210
464 1223
465 1220
466 1220
467 1228
468 1228
469 1247
470 1235
471 1247
472 1229
473 1249
474 1248
475 1256
476 1254
477 1266
478 1265
479 1269
480 1264
481 1281
482 1265
483 1277
484 1266
485 1283
486 1267
487 1281
488 1270
489 1284
490 1275
491 1285
492 1284
493 1290
494 1277
495 1284
496 1285
497 1286
498 1287
499 1304
500 1295
501 1312
