0 0
1 7
2 6
3 16
4 12
5 13
6 22
7 17
8 28
9 40
10 41
11 35
12 44
13 47
14 54
15 42
16 56
17 58
18 74
19 77
20 60
21 70
22 68
23 67
24 85
25 79
26 95
27 86
28 72
29 91
30 75
31 76
32 82
33 79
34 84
35 99
36 84
37 98
38 95
39 101
40 101
41 110
42 107
43 116
44 125
45 122
46 117
47 132
48 147
49 120
50 137
51 124
52 134
53 130
54 134
55 130
56 144
57 133
58 138
59 136
60 155
61 135
62 144
63 142
64 147
65 151
66 158
67 162
68 148
69 167
70 157
71 154
72 165
73 166
74 172
75 158
76 157
77 168
78 171
79 177
80 158
81 160
82 175
83 185
84 168
85 177
86 190
87 194
88 206
89 211
90 223
91 203
92 215
93 216
94 218
95 221
96 234
97 253
98 226
99 233
100 242
101 246
102 242
103 250
104 235
105 243
106 236
107 237
108 256
109 259
110 243
111 245
112 245
113 256
114 246
115 248
116 253
117 255
118 261
119 254
120 270
121 256
122 262
123 263
124 273
125 270
126 259
127 266
128 266
129 271
130 269
131 278
132 280
133 282
134 288
135 297
136 308
137 306
138 326
139 293
140 298
141 303
142 311
143 299
144 312
145 306
146 314
147 316
148 331
149 309
150 316
151 324
152 343
153 354
154 325
155 331
156 344
157 344
158 359
159 345
160 350
161 355
162 361
163 365
164 383
165 393
166 379
167 390
168 394
169 411
170 415
171 424
172 433
173 428
174 430
175 438
176 442
177 440
178 455
179 441
180 453
181 455
182 473
183 463
184 471
185 474
186 472
187 479
188 490
189 479
190 491
191 487
192 484
193 482
194 486
195 483
196 494
197 506
198 495
199 504
200 521
201 516
202 510
203 512
204 511
205 528
206 542
207 515
208 517
209 531
210 525
211 521
212 541
213 536
214 538
215 542
216 557
217 542
218 542
219 555
220 558
221 560
222 558
223 562
224 567
225 560
226 576
227 588
228 568
229 580
230 600
231 583
232 588
233 590
234 591
235 587
236 594
237 606
238 605
239 590
240 597
241 609
242 629
243 602
244 605
245 610
246 630
247 621
248 633
249 629
250 618
251 630
252 638
253 650
254 669
255 664
256 679
257 673
258 676
259 693
260 691
261 685
262 693
263 696
264 700
265 716
266 710
267 730
268 720
269 714
270 732
271 728
272 732
273 737
274 751
275 769
276 732
277 738
278 735
279 741
280 750
281 741
282 755
283 763
284 750
285 763
286 770
287 770
288 783
289 765
290 772
291 783
292 790
293 780
294 787
295 783
296 795
297 812
298 793
299 802
300 799
301 810
302 800
303 802
304 807
305 807
306 822
307 827
308 846
309 810
310 821
311 827
312 829
313 834
314 825
315 830
316 842
317 843
318 850
319 838
320 849
321 854
322 864
323 839
324 859
325 848
326 851
327 861
328 852
329 868
330 870
331 870
332 871
333 863
334 874
335 881
336 871
337 874
338 880
339 890
340 894
341 899
342 909
343 918
344 913
345 903
346 912
347 911
348 905
349 906
350 915
351 919
352 913
353 929
354 924
355 940
356 944
357 943
358 958
359 963
360 963
361 958
362 972
363 975
364 981
365 974
366 986
367 991
368 1003
369 993
370 1002
371 1004
372 1007
373 1015
374 995
375 1010
376 1011
377 1002
378 1002
379 1021
380 1012
381 1024
382 1030
383 1032
384 1038
385 1027
386 1042
387 1044
388 1033
389 1030
390 1032
391 1038
392 1048
393 1047
394 1038
395 1055
396 1051
397 1055
398 1055
399 1064
400 1072
401 1065
402 1081
403 1098
404 1098
405 1072
406 1078
407 1081
408 1086
409 1080
410 1086
411 1088
412 1090
413 1103
414 1107
415 1108
416 1115
417 1122
418 1110
419 1113
420 1127
421 1123
422 1127
423 1129
424 1139
425 1132
426 1150
427 1134
428 1143
429 1141
430 1140
431 1143
432 1156
433 1148
434 1147
435 1162
436 1160
437 1167
438 1166
439 1179
440 1177
441 1179
442 1185
443 1192
444 1197
445 1203
446 1189
447 1195
448 1199
449 1208
450 1204
451 1191
452 1201
453 1200
454 1218
455 1220
456 1206
457 1211
458 1209
459 1218
460 1223
461 1208
462 1215
463 1224
464 1212
465 1213
466 1215
467 1227
468 1229
469 1242
470 1234
471 1247
472 1247
473 1248
474 1252
475 1238
476 1241
477 1252
478 1265
479 1255
480 1261
481 1271
482 1268
483 1274
484 1276
485 1287
486 1293
487 1286
488 1302
489 1288
490 1289
491 1302
492 1292
493 1307
494 1301
495 1314
496 1315
497 1305
498 1322
499 1324
500 1323
501 1330
