0 0
1 11
2 29
3 8
4 2
5 16
6 7
7 15
8 18
9 24
10 35
11 55
12 25
13 38
14 38
15 30
16 35
17 47
18 31
19 43
20 46
21 63
22 32
23 43
24 46
25 50
26 60
27 53
28 58
29 66
30 62
31 82
32 69
33 76
34 81
35 76
36 86
37 92
38 89
39 93
40 93
41 103
42 109
43 102
44 111
45 113
46 121
47 129
48 139
49 140
50 132
51 147
52 159
53 140
54 141
55 159
56 153
57 173
58 156
59 153
60 172
61 158
62 168
63 174
64 160
65 175
66 184
67 169
68 167
69 174
70 188
71 180
72 191
73 184
74 186
75 186
76 203
77 200
78 210
79 219
80 229
81 227
82 233
83 239
84 247
85 242
86 246
87 248
88 257
89 254
90 259
91 270
92 285
93 302
94 291
95 274
96 279
97 293
98 292
99 293
100 286
101 290
102 307
103 296
104 301
105 307
106 303
107 320
108 323
109 325
110 333
111 340
112 344
113 341
114 359
115 357
116 349
117 368
118 356
119 360
120 359
121 361
122 368
123 382
124 373
125 379
126 369
127 389
128 388
129 374
130 388
131 408
132 377
133 396
134 398
135 415
136 382
137 382
138 397
139 392
140 385
141 398
142 393
143 397
144 400
145 413
146 406
147 402
148 409
149 424
150 414
151 406
152 409
153 418
154 433
155 413
156 421
157 429
158 419
159 435
160 431
161 426
162 429
163 428
164 438
165 434
166 442
167 444
168 451
169 445
170 457
171 475
172 450
173 451
174 457
175 470
176 456
177 472
178 468
179 459
180 478
181 476
182 462
183 469
184 467
185 472
186 479
187 469
188 473
189 487
190 484
191 472
192 474
193 489
194 491
195 492
196 498
197 479
198 490
199 505
200 491
201 492
202 499
203 504
204 515
205 499
206 515
207 516
208 505
209 504
210 518
211 521
212 519
213 520
214 531
215 537
216 533
217 526
218 539
219 555
220 547
221 527
222 540
223 535
224 541
225 547
226 549
227 560
228 547
229 550
230 560
231 556
232 556
233 561
234 576
235 591
236 577
237 583
238 588
239 596
240 591
241 606
242 606
243 604
244 616
245 611
246 629
247 624
248 618
249 634
250 627
251 632
252 636
253 639
254 639
255 655
256 635
257 651
258 647
259 665
260 649
261 661
262 665
263 650
264 651
265 654
266 665
267 680
268 668
269 665
270 685
271 674
272 677
273 682
274 677
275 690
276 687
277 684
278 702
279 696
280 702
281 687
282 705
283 713
284 707
285 703
286 720
287 730
288 735
289 708
290 712
291 710
292 712
293 713
294 715
295 719
296 731
297 718
298 728
299 720
300 720
301 728
302 726
303 725
304 736
305 732
306 726
307 739
308 733
309 729
310 733
311 742
312 735
313 742
314 738
315 748
316 750
317 748
318 764
319 767
320 763
321 769
322 753
323 754
324 762
325 754
326 769
327 768
328 773
329 761
330 762
331 764
332 771
333 774
334 776
335 779
336 785
337 792
338 792
339 794
340 797
341 809
342 808
343 821
344 822
345 830
346 831
347 832
348 842
349 833
350 844
351 863
352 834
353 853
354 850
355 852
356 864
357 855
358 857
359 858
360 861
361 873
362 861
363 868
364 863
365 875
366 878
367 883
368 882
369 881
370 884
371 900
372 898
373 892
374 903
375 904
376 913
377 909
378 925
379 914
380 928
381 917
382 933
383 918
384 915
385 921
386 916
387 921
388 922
389 940
390 936
391 939
392 924
393 925
394 933
395 937
396 942
397 938
398 944
399 948
400 958
401 958
402 964
403 979
404 968
405 975
406 984
407 969
408 976
409 982
410 993
411 990
412 992
413 1011
414 997
415 996
416 1008
417 997
418 1003
419 1009
420 1012
421 1019
422 1012
423 1022
424 1041
425 1022
426 1041
427 1029
428 1042
429 1045
430 1035
431 1053
432 1070
433 1075
434 1056
435 1060
436 1066
437 1059
438 1060
439 1076
440 1061
441 1074
442 1062
443 1067
444 1063
445 1073
446 1066
447 1068
448 1081
449 1072
450 1075
451 1090
452 1075
453 1094
454 1087
455 1094
456 1079
457 1081
458 1101
459 1093
460 1099
461 1110
462 1109
463 1108
464 1117
465 1136
466 1123
467 1140
468 1110
469 1116
470 1113
471 1126
472 1122
473 1123
474 1134
475 1126
476 1134
477 1136
478 1129
479 1137
480 1157
481 1141
482 1149
483 1163
484 1168
485 1155
486 1165
487 1172
488 1180
489 1198
490 1169
491 1170
492 1185
493 1188
494 1204
495 1179
496 1178
497 1195
498 1184
499 1192
500 1197
501 1190
