0 0
1 7
2 12
3 5
4 14
5 15
6 20
7 27
8 18
9 23
10 35
11 36
12 55
13 48
14 63
15 61
16 75
17 75
18 68
19 84
20 76
21 86
22 86
23 95
24 87
25 96
26 96
27 98
28 93
29 94
30 96
31 111
32 94
33 112
34 113
35 102
36 102
37 111
38 118
39 117
40 128
41 126
42 131
43 130
44 149
45 140
46 133
47 140
48 152
49 151
50 149
51 152
52 153
53 162
54 156
55 159
56 172
57 170
58 161
59 172
60 178
61 180
62 169
63 181
64 185
65 186
66 185
67 186
68 191
69 197
70 196
71 210
72 188
73 207
74 220
75 231
76 193
77 206
78 195
79 198
80 207
81 203
82 215
83 218
84 209
85 222
86 213
87 223
88 213
89 225
90 241
91 218
92 229
93 219
94 221
95 219
96 229
97 232
98 221
99 226
100 237
101 257
102 264
103 237
104 234
105 243
106 248
107 256
108 275
109 252
110 269
111 266
112 286
113 271
114 268
115 283
116 271
117 281
118 273
119 282
120 287
121 282
122 293
123 310
124 299
125 299
126 301
127 312
128 320
129 318
130 315
131 309
132 324
133 321
134 314
135 321
136 324
137 344
138 337
139 352
140 357
141 364
142 367
143 376
144 373
145 378
146 377
147 378
148 385
149 387
150 405
151 393
152 405
153 395
154 408
155 406
156 413
157 430
158 448
159 426
160 412
161 419
162 432
163 429
164 441
165 424
166 433
167 442
168 431
169 435
170 440
171 448
172 437
173 438
174 456
175 457
176 440
177 447
178 452
179 456
180 456
181 463
182 455
183 472
184 488
185 463
186 459
187 476
188 488
189 502
190 490
191 498
192 503
193 512
194 497
195 506
196 509
197 504
198 522
199 514
200 521
201 521
202 528
203 523
204 524
205 535
206 538
207 537
208 549
209 543
210 550
211 550
212 547
213 556
214 553
215 567
216 566
217 563
218 583
219 554
220 562
221 577
222 574
223 568
224 580
225 591
226 588
227 580
228 583
229 600
230 593
231 607
232 600
233 613
234 610
235 611
236 618
237 620
238 627
239 630
240 633
241 632
242 646
243 646
244 643
245 662
246 672
247 689
248 681
249 690
250 664
251 679
252 692
253 692
254 711
255 704
256 717
257 714
258 729
259 734
260 733
261 741
262 730
263 738
264 732
265 731
266 745
267 750
268 735
269 751
270 768
271 743
272 742
273 746
274 750
275 757
276 752
277 753
278 772
279 760
280 763
281 765
282 774
283 768
284 777
285 776
286 779
287 777
288 778
289 791
290 785
291 790
292 803
293 794
294 810
295 815
296 816
297 823
298 821
299 840
300 834
301 828
302 831
303 846
304 841
305 843
306 856
307 859
308 869
309 878
310 877
311 866
312 879
313 884
314 899
315 919
316 919
317 909
318 915
319 928
320 920
321 920
322 937
323 922
324 926
325 924
326 939
327 941
328 928
329 934
330 945
331 944
332 935
333 953
334 937
335 942
336 949
337 957
338 958
339 978
340 945
341 948
342 963
343 959
344 956
345 951
346 970
347 953
348 970
349 984
350 976
351 965
352 985
353 977
354 977
355 989
356 983
357 978
358 991
359 994
360 983
361 1000
362 1019
363 995
364 985
365 987
366 999
367 1000
368 993
369 1013
370 1003
371 1019
372 1008
373 1012
374 1025
375 1027
376 1028
377 1036
378 1047
379 1056
380 1038
381 1052
382 1053
383 1054
384 1057
385 1062
386 1065
387 1070
388 1073
389 1068
390 1082
391 1080
392 1076
393 1081
394 1091
395 1098
396 1081
397 1099
398 1116
399 1126
400 1139
401 1097
402 1099
403 1112
404 1100
405 1099
406 1102
407 1108
408 1121
409 1107
410 1104
411 1111
412 1121
413 1128
414 1131
415 1144
416 1150
417 1139
418 1159
419 1161
420 1168
421 1176
422 1159
423 1166
424 1174
425 1160
426 1164
427 1164
428 1175
429 1172
430 1177
431 1167
432 1172
433 1175
434 1187
435 1184
436 1179
437 1183
438 1189
439 1193
440 1206
441 1226
442 1195
443 1209
444 1202
445 1219
446 1222
447 1225
448 1210
449 1220
450 1214
451 1213
452 1231
453 1228
454 1239
455 1248
456 1218
457 1236
458 1221
459 1238
460 1223
461 1236
462 1239
463 1254
464 1241
465 1249
466 1251
467 1240
468 1257
469 1276
470 1258
471 1275
472 1271
473 1269
474 1265
475 1271
476 1282
477 1284
478 1288
479 1290
480 1290
481 1296
482 1302
483 1315
484 1305
485 1304
486 1299
487 1301
488 1310
489 1303
490 1306
491 1310
492 1303
493 1311
494 1313
495 1308
496 1325
497 1315
498 1323
499 1327
500 1332
501 1318
