0 0
1 5
2 19
3 22
4 21
5 33
6 47
7 51
8 35
9 37
10 36
11 42
12 53
13 43
14 37
15 45
16 48
17 49
18 48
19 57
20 74
21 83
22 68
23 65
24 81
25 67
26 71
27 66
28 83
29 85
30 90
31 82
32 85
33 87
34 90
35 92
36 93
37 98
38 97
39 113
40 107
41 115
42 133
43 123
44 124
45 142
46 129
47 135
48 131
49 134
50 151
51 148
52 146
53 153
54 165
55 161
56 149
57 166
58 163
59 172
60 160
61 163
62 175
63 181
64 172
65 188
66 181
67 201
68 177
69 175
70 191
71 185
72 193
73 181
74 185
75 197
76 200
77 185
78 198
79 186
80 186
81 206
82 204
83 219
84 223
85 232
86 242
87 223
88 228
89 229
90 236
91 244
92 230
93 250
94 234
95 241
96 242
97 239
98 252
99 241
100 246
101 252
102 240
103 251
104 260
105 245
106 248
107 263
108 251
109 258
110 265
111 255
112 258
113 270
114 277
115 271
116 280
117 291
118 281
119 299
120 295
121 295
122 298
123 291
124 302
125 293
126 304
127 310
128 312
129 318
130 315
131 329
132 348
133 337
134 349
135 339
136 355
137 343
138 361
139 372
140 350
141 361
142 366
143 367
144 374
145 373
146 390
147 382
148 384
149 376
150 393
151 387
152 381
153 384
154 386
155 402
156 411
157 403
158 419
159 415
160 410
161 411
162 424
163 411
164 427
165 431
166 444
167 423
168 435
169 435
170 428
171 442
172 433
173 446
174 450
175 451
176 439
177 450
178 456
179 474
180 474
181 475
182 481
183 493
184 496
185 494
186 514
187 511
188 529
189 523
190 529
191 541
192 522
193 540
194 527
195 538
196 550
197 558
198 545
199 561
200 580
201 565
202 555
203 564
204 565
205 573
206 592
207 583
208 598
209 598
210 579
211 586
212 589
213 589
214 603
215 606
216 593
217 610
218 596
219 596
220 596
221 604
222 604
223 598
224 612
225 609
226 618
227 613
228 617
229 622
230 637
231 645
232 623
233 625
234 643
235 661
236 641
237 659
238 643
239 663
240 649
241 652
242 665
243 658
244 650
245 651
246 669
247 666
248 667
249 652
250 669
251 655
252 666
253 671
254 668
255 667
256 672
257 683
258 685
259 677
260 670
261 680
262 683
263 688
264 704
265 702
266 688
267 697
268 706
269 694
270 707
271 713
272 730
273 722
274 714
275 723
276 727
277 732
278 724
279 739
280 725
281 742
282 727
283 736
284 743
285 742
286 744
287 751
288 763
289 776
290 778
291 762
292 776
293 766
294 774
295 768
296 780
297 790
298 782
299 783
300 788
301 795
302 800
303 800
304 809
305 818
306 798
307 803
308 813
309 814
310 803
311 812
312 804
313 809
314 819
315 823
316 823
317 806
318 824
319 818
320 827
321 816
322 816
323 831
324 851
325 827
326 840
327 849
328 847
329 832
330 833
331 840
332 850
333 849
334 851
335 858
336 869
337 857
338 860
339 865
340 878
341 873
342 867
343 877
344 869
345 884
346 902
347 899
348 913
349 914
350 903
351 917
352 910
353 923
354 923
355 924
356 925
357 913
358 916
359 932
360 915
361 926
362 933
363 918
364 927
365 934
366 939
367 948
368 922
369 938
370 926
371 940
372 937
373 937
374 940
375 950
376 953
377 942
378 950
379 967
380 955
381 970
382 967
383 958
384 966
385 976
386 989
387 1004
388 1001
389 969
390 985
391 984
392 995
393 989
394 978
395 991
396 993
397 989
398 981
399 1000
400 988
401 990
402 1003
403 997
404 997
405 1000
406 1000
407 1015
408 1017
409 1012
410 1027
411 1031
412 1039
413 1034
414 1041
415 1033
416 1043
417 1048
418 1040
419 1048
420 1046
421 1043
422 1045
423 1061
424 1058
425 1051
426 1050
427 1064
428 1052
429 1071
430 1056
431 1058
432 1065
433 1062
434 1078
435 1092
436 1072
437 1085
438 1074
439 1089
440 1102
441 1105
442 1116
443 1084
444 1094
445 1103
446 1092
447 1096
448 1093
449 1104
450 1107
451 1113
452 1108
453 1120
454 1124
455 1112
456 1119
457 1132
458 1127
459 1140
460 1143
461 1122
462 1133
463 1129
464 1144
465 1137
466 1143
467 1163
468 1144
469 1151
470 1146
471 1162
472 1159
473 1165
474 1168
475 1176
476 1171
477 1175
478 1178
479 1180
480 1172
481 1180
482 1183
483 1190
484 1200
485 1186
486 1182
487 1194
488 1189
489 1207
490 1203
491 1206
492 1198
493 1202
494 1206
495 1223
496 1211
497 1221
498 1224
499 1241
500 1249
501 1261
