0 0
1 10
2 16
3 12
4 19
5 32
6 25
7 34
8 48
9 26
10 31
11 43
12 50
13 69
14 42
15 52
16 50
17 69
18 60
19 51
20 56
21 66
22 68
23 64
24 59
25 79
26 60
27 77
28 75
29 95
30 70
31 80
32 76
33 85
34 83
35 85
36 96
37 107
38 94
39 113
40 128
41 133
42 112
43 129
44 131
45 129
46 115
47 130
48 135
49 150
50 131
51 138
52 142
53 162
54 146
55 150
56 159
57 160
58 153
59 162
60 170
61 157
62 159
63 175
64 168
65 173
66 171
67 187
68 185
69 200
70 207
71 181
72 198
73 204
74 190
75 199
76 213
77 218
78 192
79 211
80 193
81 198
82 205
83 200
84 206
85 212
86 216
87 225
88 227
89 211
90 227
91 238
92 257
93 259
94 269
95 287
96 258
97 267
98 271
99 290
100 310
101 272
102 292
103 301
104 287
105 289
106 294
107 304
108 294
109 307
110 326
111 304
112 301
113 303
114 321
115 305
116 307
117 321
118 315
119 323
120 308
121 310
122 327
123 323
124 324
125 340
126 353
127 336
128 333
129 350
130 347
131 340
132 341
133 353
134 351
135 360
136 366
137 368
138 385
139 367
140 383
141 368
142 370
143 380
144 385
145 380
146 394
147 397
148 391
149 387
150 395
151 407
152 396
153 399
154 404
155 414
156 418
157 422
158 422
159 434
160 438
161 457
162 423
163 428
164 427
165 433
166 444
167 442
168 460
169 457
170 467
171 450
172 461
173 468
174 467
175 470
176 477
177 485
178 500
179 488
180 502
181 492
182 493
183 506
184 493
185 513
186 506
187 496
188 503
189 513
190 509
191 503
192 518
193 509
194 506
195 507
196 511
197 516
198 517
199 522
200 521
201 520
202 537
203 544
204 533
205 535
206 540
207 555
208 574
209 536
210 545
211 551
212 559
213 568
214 550
215 561
216 555
217 556
218 570
219 575
220 577
221 578
222 587
223 580
224 595
225 583
226 599
227 599
228 616
229 601
230 618
231 617
232 614
233 621
234 609
235 610
236 617
237 620
238 613
239 626
240 641
241 624
242 632
243 635
244 627
245 632
246 631
247 635
248 646
249 637
250 648
251 635
252 644
253 642
254 645
255 648
256 661
257 660
258 663
259 663
260 675
261 664
262 679
263 677
264 682
265 675
266 682
267 682
268 683
269 689
270 684
271 699
272 703
273 690
274 707
275 701
276 697
277 691
278 691
279 708
280 708
281 698
282 716
283 732
284 747
285 726
286 737
287 731
288 744
289 738
290 748
291 747
292 736
293 748
294 755
295 741
296 755
297 758
298 754
299 755
300 771
301 759
302 774
303 760
304 760
305 763
306 771
307 774
308 790
309 783
310 800
311 805
312 790
313 800
314 805
315 820
316 792
317 803
318 811
319 809
320 815
321 810
322 814
323 822
324 834
325 815
326 825
327 824
328 833
329 836
330 832
331 846
332 838
333 841
334 853
335 840
336 841
337 848
338 846
339 859
340 858
341 861
342 861
343 847
344 849
345 860
346 859
347 849
348 854
349 867
350 868
351 856
352 855
353 858
354 864
355 861
356 866
357 865
358 866
359 882
360 882
361 874
362 870
363 889
364 882
365 884
366 895
367 894
368 908
369 909
370 902
371 919
372 922
373 921
374 922
375 927
376 941
377 960
378 974
379 973
380 958
381 964
382 977
383 980
384 983
385 982
386 974
387 977
388 982
389 983
390 1002
391 991
392 999
393 1003
394 1004
395 1008
396 1017
397 1009
398 1021
399 1010
400 1014
401 1023
402 1015
403 1030
404 1017
405 1017
406 1029
407 1021
408 1039
409 1036
410 1037
411 1040
412 1031
413 1051
414 1068
415 1071
416 1075
417 1075
418 1094
419 1090
420 1088
421 1078
422 1081
423 1081
424 1099
425 1107
426 1098
427 1097
428 1106
429 1103
430 1114
431 1109
432 1110
433 1111
434 1130
435 1122
436 1127
437 1141
438 1121
439 1128
440 1136
441 1141
442 1127
443 1145
444 1146
445 1131
446 1139
447 1142
448 1150
449 1151
450 1149
451 1156
452 1152
453 1164
454 1177
455 1155
456 1155
457 1161
458 1167
459 1177
460 1194
461 1168
462 1183
463 1174
464 1185
465 1178
466 1185
467 1181
468 1183
469 1192
470 1196
471 1197
472 1205
473 1206
474 1198
475 1217
476 1207
477 1207
478 1208
479 1223
480 1227
481 1218
482 1226
483 1224
484 1227
485 1231
486 1235
487 1251
488 1236
489 1236
490 1237
491 1251
492 1252
493 1246
494 1255
495 1255
496 1274
497 1255
498 1265
499 1268
500 1268
501 1279
