0 0
1 16
2 4
3 12
4 13
5 15
6 26
7 26
8 32
9 41
10 45
11 62
12 39
13 50
14 68
15 50
16 60
17 79
18 68
19 79
20 73
21 74
22 84
23 81
24 89
25 88
26 96
27 82
28 92
29 103
30 85
31 94
32 84
33 97
34 94
35 100
36 95
37 99
38 100
39 111
40 108
41 116
42 101
43 114
44 109
45 125
46 126
47 117
48 129
49 122
50 137
51 135
52 141
53 131
54 143
55 146
56 139
57 148
58 158
59 154
60 150
61 155
62 164
63 178
64 156
65 170
66 176
67 173
68 162
69 174
70 163
71 173
72 174
73 170
74 171
75 176
76 174
77 190
78 177
79 176
80 182
81 181
82 186
83 201
84 179
85 194
86 191
87 182
88 183
89 187
90 197
91 196
92 198
93 204
94 204
95 207
96 208
97 209
98 212
99 224
100 226
101 216
102 218
103 235
104 231
105 238
106 217
107 219
108 233
109 230
110 231
111 220
112 238
113 232
114 233
115 250
116 257
117 239
118 258
119 246
120 246
121 253
122 252
123 258
124 252
125 254
126 267
127 271
128 266
129 269
130 278
131 284
132 285
133 271
134 282
135 286
136 290
137 288
138 291
139 303
140 299
141 299
142 300
143 316
144 318
145 322
146 315
147 327
148 328
149 345
150 333
151 344
152 358
153 377
154 397
155 348
156 367
157 352
158 365
159 366
160 372
161 370
162 381
163 388
164 383
165 390
166 396
167 398
168 384
169 391
170 397
171 388
172 396
173 398
174 397
175 407
176 405
177 404
178 400
179 419
180 404
181 401
182 404
183 413
184 420
185 418
186 423
187 436
188 428
189 432
190 434
191 449
192 434
193 436
194 445
195 449
196 450
197 460
198 462
199 476
200 478
201 467
202 469
203 484
204 486
205 504
206 490
207 493
208 497
209 494
210 498
211 508
212 506
213 501
214 517
215 518
216 537
217 531
218 536
219 535
220 532
221 547
222 562
223 545
224 561
225 557
226 571
227 565
228 579
229 561
230 573
231 578
232 565
233 569
234 567
235 567
236 572
237 574
238 585
239 581
240 594
241 574
242 587
243 579
244 591
245 586
246 594
247 597
248 589
249 600
250 602
251 616
252 598
253 606
254 604
255 605
256 607
257 620
258 609
259 618
260 624
261 612
262 619
263 618
264 623
265 621
266 617
267 628
268 625
269 624
270 627
271 635
272 641
273 630
274 637
275 638
276 646
277 636
278 651
279 646
280 646
281 662
282 650
283 657
284 669
285 665
286 667
287 662
288 660
289 662
290 669
291 678
292 671
293 680
294 672
295 684
296 674
297 675
298 694
299 687
300 697
301 692
302 711
303 704
304 709
305 722
306 708
307 724
308 711
309 719
310 716
311 726
312 719
313 719
314 717
315 731
316 722
317 723
318 737
319 728
320 742
321 740
322 736
323 740
324 742
325 756
326 750
327 758
328 765
329 751
330 762
331 751
332 768
333 761
334 770
335 758
336 762
337 770
338 764
339 783
340 771
341 780
342 782
343 791
344 780
345 783
346 798
347 789
348 793
349 809
350 795
351 808
352 795
353 803
354 801
355 812
356 810
357 807
358 816
359 806
360 813
361 820
362 829
363 824
364 820
365 840
366 845
367 825
368 830
369 835
370 828
371 839
372 833
373 846
374 843
375 830
376 834
377 832
378 842
379 849
380 844
381 849
382 864
383 872
384 866
385 848
386 862
387 851
388 864
389 857
390 868
391 854
392 863
393 872
394 876
395 880
396 899
397 911
398 914
399 896
400 899
401 908
402 915
403 910
404 908
405 917
406 914
407 933
408 928
409 911
410 928
411 916
412 932
413 933
414 914
415 928
416 932
417 917
418 923
419 930
420 922
421 926
422 938
423 930
424 937
425 945
426 951
427 955
428 944
429 951
430 959
431 961
432 969
433 975
434 972
435 977
436 965
437 971
438 973
439 982
440 991
441 985
442 1004
443 1005
444 994
445 1012
446 995
447 1000
448 1001
449 1005
450 1008
451 1011
452 1013
453 1031
454 1023
455 1033
456 1034
457 1024
458 1040
459 1052
460 1034
461 1032
462 1044
463 1037
464 1055
465 1034
466 1043
467 1052
468 1047
469 1064
470 1078
471 1097
472 1086
473 1105
474 1095
475 1107
476 1111
477 1109
478 1114
479 1116
480 1119
481 1122
482 1137
483 1153
484 1137
485 1155
486 1174
487 1185
488 1193
489 1192
490 1191
491 1205
492 1197
493 1211
494 1208
495 1199
496 1200
497 1214
498 1229
499 1239
500 1229
501 1225
