0 0
1 20
2 17
3 34
4 37
5 38
6 39
7 44
8 35
9 48
10 45
11 46
12 58
13 64
14 71
15 77
16 69
17 77
18 65
19 82
20 66
21 74
22 71
23 84
24 77
25 95
26 80
27 83
28 85
29 98
30 117
31 88
32 87
33 98
34 102
35 106
36 103
37 113
38 105
39 125
40 109
41 104
42 119
43 119
44 123
45 131
46 129
47 128
48 126
49 136
50 142
51 143
52 161
53 136
54 145
55 155
56 155
57 141
58 149
59 152
60 153
61 169
62 175
63 182
64 189
65 198
66 180
67 196
68 183
69 192
70 183
71 188
72 207
73 213
74 197
75 207
76 203
77 212
78 227
79 199
80 208
81 213
82 217
83 203
84 219
85 220
86 206
87 208
88 210
89 207
90 213
91 209
92 216
93 232
94 236
95 219
96 221
97 235
98 249
99 220
100 221
101 227
102 223
103 225
104 231
105 231
106 238
107 234
108 249
109 246
110 247
111 258
112 252
113 257
114 261
115 273
116 267
117 285
118 271
119 274
120 281
121 274
122 283
123 281
124 299
125 309
126 325
127 318
128 330
129 329
130 333
131 334
132 322
133 326
134 330
135 337
136 337
137 328
138 336
139 338
140 350
141 335
142 354
143 343
144 360
145 342
146 359
147 351
148 360
149 359
150 358
151 354
152 374
153 389
154 400
155 407
156 419
157 418
158 432
159 436
160 445
161 427
162 443
163 457
164 477
165 460
166 461
167 460
168 460
169 461
170 479
171 477
172 491
173 480
174 480
175 484
176 492
177 487
178 488
179 496
180 497
181 512
182 501
183 503
184 505
185 511
186 523
187 524
188 543
189 514
190 526
191 524
192 542
193 537
194 525
195 526
196 537
197 541
198 529
199 540
200 534
201 549
202 537
203 542
204 557
205 546
206 546
207 541
208 548
209 558
210 552
211 552
212 554
213 561
214 555
215 570
216 563
217 558
218 565
219 580
220 563
221 560
222 576
223 567
224 564
225 582
226 569
227 578
228 586
229 575
230 580
231 590
232 590
233 585
234 581
235 591
236 587
237 604
238 600
239 619
240 599
241 613
242 619
243 606
244 625
245 626
246 638
247 639
248 614
249 629
250 616
251 623
252 643
253 620
254 630
255 633
256 640
257 646
258 643
259 651
260 653
261 642
262 655
263 652
264 652
265 659
266 666
267 664
268 672
269 669
270 684
271 683
272 673
273 676
274 677
275 675
276 684
277 688
278 688
279 702
280 701
281 697
282 709
283 700
284 711
285 701
286 716
287 710
288 711
289 718
290 726
291 720
292 719
293 737
294 739
295 723
296 736
297 729
298 740
299 747
300 766
301 770
302 746
303 751
304 748
305 758
306 748
307 750
308 751
309 762
310 753
311 762
312 761
313 778
314 766
315 774
316 775
317 786
318 805
319 792
320 801
321 782
322 787
323 802
324 817
325 823
326 808
327 819
328 813
329 813
330 826
331 832
332 828
333 839
334 823
335 831
336 831
337 842
338 844
339 845
340 851
341 860
342 858
343 862
344 856
345 874
346 872
347 865
348 883
349 874
350 883
351 897
352 907
353 885
354 898
355 912
356 930
357 913
358 915
359 926
360 927
361 914
362 921
363 925
364 945
365 925
366 943
367 934
368 941
369 931
370 949
371 961
372 933
373 953
374 951
375 939
376 947
377 956
378 966
379 961
380 971
381 977
382 967
383 969
384 986
385 971
386 975
387 991
388 977
389 988
390 995
391 1002
392 984
393 990
394 985
395 1005
396 990
397 991
398 995
399 1002
400 1008
401 1005
402 1006
403 1010
404 1007
405 1024
406 1009
407 1012
408 1018
409 1018
410 1033
411 1015
412 1031
413 1027
414 1046
415 1059
416 1063
417 1078
418 1059
419 1060
420 1070
421 1075
422 1093
423 1063
424 1068
425 1077
426 1078
427 1098
428 1078
429 1094
430 1083
431 1087
432 1080
433 1084
434 1096
435 1094
436 1105
437 1091
438 1107
439 1092
440 1099
441 1102
442 1102
443 1116
444 1134
445 1112
446 1103
447 1119
448 1106
449 1111
450 1120
451 1120
452 1121
453 1116
454 1129
455 1121
456 1123
457 1132
458 1128
459 1132
460 1124
461 1130
462 1133
463 1138
464 1145
465 1131
466 1135
467 1138
468 1143
469 1145
470 1151
471 1161
472 1155
473 1162
474 1167
475 1156
476 1168
477 1174
478 1176
479 1191
480 1209
481 1178
482 1182
483 1194
484 1195
485 1187
486 1207
487 1216
488 1201
489 1210
490 1202
491 1204
492 1209
493 1211
494 1214
495 1221
496 1208
497 1228
498 1214
499 1211
500 1221
501 1213
