0 0
1 15
2 15
3 4
4 2
5 12
6 17
7 11
8 11
9 12
10 15
11 16
12 14
13 23
14 30
15 35
16 32
17 36
18 47
19 35
20 36
21 42
22 46
23 52
24 39
25 53
26 67
27 56
28 73
29 65
30 62
31 70
32 74
33 86
34 81
35 78
36 85
37 104
38 89
39 100
40 106
41 92
42 98
43 105
44 97
45 99
46 119
47 101
48 120
49 131
50 108
51 102
52 108
53 105
54 118
55 126
56 109
57 117
58 124
59 127
60 144
61 134
62 143
63 138
64 137
65 141
66 152
67 158
68 160
69 161
70 160
71 158
72 161
73 161
74 161
75 168
76 172
77 172
78 176
79 184
80 196
81 173
82 183
83 186
84 177
85 175
86 189
87 190
88 184
89 186
90 187
91 191
92 195
93 202
94 198
95 203
96 213
97 214
98 202
99 217
100 207
101 217
102 225
103 217
104 215
105 225
106 231
107 228
108 221
109 236
110 234
111 227
112 234
113 228
114 245
115 245
116 256
117 254
118 246
119 265
120 277
121 257
122 275
123 273
124 273
125 278
126 283
127 288
128 281
129 287
130 297
131 315
132 310
133 307
134 318
135 333
136 321
137 326
138 334
139 326
140 338
141 335
142 343
143 359
144 334
145 351
146 344
147 353
148 369
149 384
150 371
151 373
152 389
153 387
154 380
155 394
156 398
157 400
158 398
159 384
160 388
161 396
162 397
163 407
164 399
165 389
166 407
167 406
168 421
169 398
170 409
171 411
172 409
173 410
174 416
175 425
176 429
177 433
178 436
179 418
180 421
181 421
182 437
183 425
184 442
185 434
186 451
187 451
188 453
189 466
190 437
191 438
192 455
193 445
194 450
195 457
196 465
197 470
198 487
199 491
200 497
201 475
202 480
203 495
204 492
205 484
206 495
207 488
208 500
209 499
210 492
211 494
212 504
213 497
214 502
215 506
216 500
217 515
218 504
219 522
220 536
221 528
222 528
223 538
224 548
225 540
226 540
227 535
228 553
229 540
230 539
231 552
232 562
233 571
234 542
235 544
236 547
237 547
238 564
239 557
240 559
241 567
242 584
243 603
244 571
245 565
246 566
247 566
248 576
249 581
250 594
251 579
252 581
253 597
254 580
255 592
256 592
257 595
258 595
259 610
260 616
261 617
262 635
263 613
264 614
265 629
266 630
267 624
268 633
269 622
270 624
271 631
272 633
273 637
274 630
275 639
276 643
277 642
278 653
279 645
280 646
281 647
282 649
283 655
284 665
285 660
286 660
287 667
288 672
289 665
290 673
291 676
292 678
293 683
294 683
295 685
296 702
297 697
298 700
299 696
300 699
301 715
302 706
303 701
304 708
305 724
306 712
307 706
308 711
309 716
310 725
311 718
312 719
313 720
314 727
315 732
316 729
317 748
318 741
319 745
320 737
321 743
322 754
323 755
324 756
325 764
326 769
327 768
328 778
329 759
330 764
331 772
332 765
333 779
334 767
335 785
336 776
337 791
338 779
339 796
340 794
341 782
342 795
343 797
344 794
345 801
346 816
347 804
348 814
349 806
350 810
351 810
352 815
353 820
354 817
355 837
356 825
357 819
358 830
359 837
360 830
361 833
362 837
363 850
364 851
365 843
366 847
367 863
368 850
369 867
370 872
371 887
372 853
373 852
374 871
375 861
376 868
377 888
378 874
379 872
380 876
381 884
382 887
383 892
384 912
385 902
386 906
387 914
388 919
389 923
390 924
391 939
392 938
393 937
394 930
395 931
396 934
397 939
398 946
399 950
400 947
401 953
402 972
403 973
404 948
405 956
406 968
407 979
408 982
409 965
410 973
411 984
412 988
413 1007
414 1003
415 1023
416 1020
417 1019
418 1009
419 1019
420 1018
421 1028
422 1031
423 1021
424 1034
425 1022
426 1029
427 1036
428 1053
429 1069
430 1042
431 1058
432 1051
433 1069
434 1062
435 1071
436 1072
437 1074
438 1064
439 1071
440 1090
441 1065
442 1079
443 1072
444 1081
445 1071
446 1078
447 1080
448 1087
449 1093
450 1086
451 1098
452 1088
453 1096
454 1097
455 1103
456 1096
457 1110
458 1115
459 1115
460 1126
461 1140
462 1118
463 1123
464 1125
465 1140
466 1129
467 1129
468 1136
469 1140
470 1141
471 1153
472 1138
473 1154
474 1143
475 1151
476 1147
477 1146
478 1153
479 1158
480 1172
481 1149
482 1150
483 1165
484 1170
485 1178
486 1163
487 1180
488 1173
489 1166
490 1176
491 1175
492 1179
493 1178
494 1172
495 1184
496 1188
497 1204
498 1212
499 1208
500 1224
501 1215
