0 0
1 12
2 14
3 32
4 5
5 6
6 11
7 8
8 13
9 20
10 16
11 19
12 20
13 31
14 34
15 36
16 54
17 46
18 43
19 51
20 37
21 51
22 55
23 61
24 68
25 53
26 62
27 54
28 67
29 80
30 55
31 74
32 66
33 67
34 56
35 58
36 67
37 78
38 80
39 90
40 73
41 74
42 80
43 93
44 104
45 86
46 91
47 97
48 96
49 109
50 102
51 107
52 122
53 118
54 106
55 116
56 109
57 120
58 107
59 116
60 129
61 116
62 117
63 129
64 122
65 124
66 133
67 135
68 130
69 141
70 143
71 158
72 158
73 171
74 172
75 189
76 208
77 215
78 191
79 182
80 189
81 194
82 208
83 199
84 211
85 213
86 227
87 203
88 214
89 220
90 220
91 229
92 208
93 216
94 218
95 210
96 226
97 223
98 226
99 230
100 224
101 229
102 229
103 227
104 238
105 242
106 233
107 240
108 247
109 255
110 256
111 247
112 253
113 264
114 268
115 251
116 267
117 253
118 255
119 259
120 257
121 271
122 269
123 283
124 303
125 301
126 279
127 291
128 294
129 292
130 284
131 298
132 285
133 300
134 298
135 292
136 298
137 304
138 305
139 298
140 295
141 314
142 309
143 298
144 316
145 303
146 313
147 300
148 309
149 316
150 301
151 316
152 315
153 304
154 311
155 307
156 319
157 306
158 307
159 325
160 316
161 323
162 321
163 325
164 326
165 333
166 342
167 330
168 341
169 333
170 350
171 346
172 358
173 337
174 348
175 353
176 353
177 356
178 357
179 358
180 372
181 366
182 374
183 377
184 385
185 383
186 385
187 400
188 390
189 407
190 427
191 404
192 407
193 417
194 430
195 445
196 424
197 433
198 441
199 451
200 435
201 425
202 427
203 439
204 439
205 441
206 459
207 454
208 462
209 478
210 455
211 466
212 469
213 464
214 473
215 470
216 469
217 475
218 468
219 472
220 488
221 483
222 497
223 507
224 489
225 490
226 504
227 496
228 499
229 491
230 505
231 499
232 506
233 509
234 514
235 511
236 515
237 526
238 530
239 542
240 524
241 539
242 526
243 532
244 527
245 535
246 529
247 545
248 544
249 540
250 550
251 548
252 552
253 551
254 552
255 566
256 562
257 578
258 553
259 557
260 569
261 559
262 565
263 564
264 565
265 570
266 576
267 566
268 576
269 579
270 580
271 583
272 578
273 581
274 589
275 602
276 588
277 598
278 606
279 599
280 594
281 600
282 609
283 601
284 601
285 603
286 611
287 631
288 634
289 614
290 625
291 631
292 617
293 631
294 618
295 624
296 626
297 633
298 639
299 643
300 651
301 652
302 652
303 666
304 664
305 654
306 657
307 659
308 669
309 662
310 661
311 679
312 666
313 681
314 667
315 671
316 685
317 673
318 670
319 681
320 685
321 675
322 685
323 681
324 693
325 711
326 684
327 702
328 696
329 716
330 712
331 698
332 717
333 711
334 700
335 702
336 709
337 707
338 721
339 716
340 733
341 735
342 729
343 738
344 743
345 740
346 730
347 735
348 755
349 746
350 766
351 786
352 762
353 766
354 764
355 765
356 767
357 777
358 772
359 783
360 774
361 774
362 781
363 781
364 790
365 787
366 796
367 807
368 793
369 798
370 799
371 804
372 819
373 805
374 802
375 818
376 822
377 819
378 825
379 833
380 836
381 828
382 833
383 831
384 842
385 832
386 850
387 844
388 864
389 855
390 848
391 848
392 864
393 849
394 861
395 862
396 849
397 850
398 864
399 854
400 865
401 868
402 859
403 865
404 873
405 879
406 872
407 875
408 892
409 898
410 908
411 892
412 908
413 915
414 913
415 919
416 932
417 913
418 930
419 945
420 923
421 929
422 921
423 939
424 940
425 939
426 959
427 959
428 970
429 989
430 972
431 974
432 979
433 988
434 988
435 985
436 986
437 1003
438 992
439 1003
440 993
441 1006
442 1010
443 1026
444 1007
445 1014
446 1008
447 1015
448 1035
449 1023
450 1026
451 1038
452 1036
453 1048
454 1038
455 1054
456 1047
457 1037
458 1057
459 1057
460 1039
461 1045
462 1052
463 1048
464 1050
465 1049
466 1062
467 1063
468 1063
469 1064
470 1072
471 1074
472 1083
473 1075
474 1087
475 1083
476 1093
477 1102
478 1095
479 1115
480 1111
481 1104
482 1105
483 1124
484 1107
485 1109
486 1115
487 1116
488 1126
489 1113
490 1124
491 1117
492 1128
493 1117
494 1129
495 1137
496 1127
497 1136
498 1147
499 1139
500 1139
501 1137
