0 0
1 18
2 31
3 19
4 12
5 25
6 17
7 19
8 20
9 29
10 34
11 33
12 42
13 49
14 34
15 44
16 36
17 38
18 51
19 52
20 52
21 37
22 41
23 54
24 54
25 62
26 63
27 69
28 68
29 72
30 86
31 77
32 82
33 95
34 112
35 113
36 100
37 117
38 111
39 117
40 113
41 131
42 124
43 117
44 114
45 118
46 127
47 130
48 147
49 121
50 141
51 143
52 147
53 138
54 136
55 150
56 152
57 151
58 143
59 161
60 160
61 154
62 169
63 186
64 171
65 163
66 173
67 168
68 186
69 176
70 187
71 172
72 185
73 197
74 183
75 183
76 191
77 190
78 201
79 210
80 201
81 214
82 209
83 211
84 212
85 226
86 227
87 218
88 225
89 221
90 225
91 238
92 246
93 254
94 243
95 237
96 251
97 238
98 239
99 242
100 248
101 252
102 261
103 247
104 254
105 251
106 261
107 255
108 258
109 263
110 253
111 262
112 258
113 257
114 271
115 277
116 278
117 286
118 290
119 274
120 285
121 276
122 294
123 296
124 300
125 279
126 292
127 294
128 293
129 298
130 293
131 294
132 306
133 313
134 314
135 318
136 319
137 332
138 320
139 338
140 356
141 330
142 337
143 357
144 345
145 360
146 346
147 366
148 384
149 359
150 353
151 357
152 367
153 362
154 376
155 365
156 375
157 393
158 382
159 386
160 403
161 393
162 409
163 399
164 410
165 395
166 405
167 401
168 415
169 404
170 410
171 417
172 413
173 411
174 421
175 420
176 415
177 425
178 433
179 441
180 438
181 426
182 431
183 437
184 442
185 448
186 451
187 441
188 452
189 459
190 451
191 457
192 457
193 466
194 469
195 473
196 464
197 477
198 484
199 479
200 492
201 484
202 498
203 510
204 512
205 521
206 520
207 514
208 525
209 533
210 518
211 536
212 526
213 532
214 544
215 519
216 539
217 524
218 529
219 530
220 539
221 530
222 533
223 541
224 549
225 546
226 546
227 542
228 555
229 546
230 555
231 560
232 554
233 565
234 557
235 569
236 572
237 580
238 583
239 581
240 598
241 592
242 609
243 599
244 609
245 606
246 619
247 608
248 618
249 617
250 608
251 618
252 622
253 641
254 610
255 626
256 628
257 613
258 621
259 623
260 633
261 639
262 654
263 658
264 667
265 657
266 660
267 660
268 676
269 677
270 675
271 690
272 685
273 692
274 687
275 704
276 693
277 690
278 702
279 703
280 707
281 722
282 703
283 706
284 706
285 723
286 721
287 721
288 710
289 709
290 721
291 720
292 727
293 710
294 728
295 719
296 728
297 730
298 740
299 736
300 739
301 753
302 752
303 755
304 770
305 754
306 758
307 769
308 764
309 770
310 771
311 769
312 783
313 794
314 798
315 818
316 801
317 816
318 832
319 806
320 814
321 821
322 833
323 849
324 829
325 839
326 832
327 849
328 848
329 844
330 843
331 844
332 844
333 861
334 858
335 876
336 860
337 878
338 869
339 864
340 867
341 865
342 872
343 881
344 884
345 902
346 912
347 887
348 900
349 896
350 890
351 899
352 909
353 898
354 900
355 910
356 910
357 912
358 914
359 924
360 913
361 911
362 926
363 936
364 924
365 940
366 929
367 940
368 929
369 931
370 938
371 945
372 957
373 948
374 966
375 959
376 968
377 960
378 969
379 976
380 976
381 981
382 973
383 988
384 996
385 987
386 995
387 994
388 996
389 1005
390 1020
391 1019
392 1021
393 1038
394 1028
395 1031
396 1032
397 1040
398 1040
399 1051
400 1055
401 1050
402 1042
403 1062
404 1058
405 1048
406 1053
407 1062
408 1058
409 1060
410 1078
411 1063
412 1065
413 1059
414 1070
415 1071
416 1090
417 1068
418 1087
419 1076
420 1069
421 1070
422 1070
423 1070
424 1087
425 1104
426 1082
427 1085
428 1086
429 1090
430 1101
431 1104
432 1096
433 1100
434 1108
435 1113
436 1116
437 1110
438 1128
439 1123
440 1120
441 1130
442 1140
443 1140
444 1125
445 1143
446 1128
447 1140
448 1129
449 1137
450 1133
451 1144
452 1134
453 1151
454 1159
455 1170
456 1170
457 1152
458 1168
459 1161
460 1155
461 1156
462 1153
463 1168
464 1169
465 1173
466 1156
467 1163
468 1175
469 1162
470 1181
471 1182
472 1200
473 1170
474 1190
475 1179
476 1183
477 1202
478 1184
479 1203
480 1204
481 1206
482 1224
483 1219
484 1213
485 1219
486 1212
487 1215
488 1220
489 1236
490 1223
491 1229
492 1242
493 1230
494 1235
495 1238
496 1253
497 1244
498 1264
499 1245
500 1247
501 1255
