0 0
1 7
2 8
3 8
4 13
5 15
6 25
7 35
8 21
9 22
10 32
11 42
12 32
13 30
14 38
15 32
16 45
17 37
18 46
19 54
20 52
21 66
22 70
23 82
24 72
25 77
26 73
27 91
28 108
29 121
30 125
31 90
32 91
33 99
34 108
35 101
36 120
37 123
38 110
39 126
40 121
41 121
42 130
43 134
44 126
45 137
46 134
47 142
48 160
49 148
50 147
51 139
52 157
53 157
54 176
55 163
56 168
57 183
58 187
59 194
60 194
61 203
62 210
63 192
64 198
65 206
66 213
67 202
68 204
69 222
70 223
71 223
72 215
73 227
74 235
75 231
76 223
77 225
78 240
79 256
80 239
81 234
82 252
83 254
84 237
85 252
86 257
87 239
88 254
89 273
90 254
91 257
92 260
93 263
94 260
95 279
96 271
97 286
98 285
99 261
100 279
101 270
102 271
103 275
104 295
105 285
106 280
107 284
108 289
109 291
110 295
111 295
112 309
113 314
114 315
115 329
116 317
117 327
118 328
119 324
120 329
121 335
122 355
123 343
124 354
125 360
126 364
127 350
128 360
129 361
130 368
131 364
132 366
133 375
134 375
135 379
136 379
137 386
138 395
139 400
140 405
141 409
142 411
143 410
144 425
145 436
146 452
147 416
148 428
149 443
150 450
151 456
152 467
153 451
154 469
155 457
156 468
157 472
158 460
159 475
160 489
161 501
162 478
163 488
164 492
165 495
166 498
167 511
168 522
169 530
170 505
171 504
172 512
173 518
174 528
175 518
176 532
177 524
178 527
179 533
180 527
181 545
182 533
183 552
184 556
185 565
186 547
187 554
188 553
189 566
190 555
191 573
192 566
193 583
194 585
195 567
196 572
197 579
198 585
199 574
200 580
201 588
202 589
203 579
204 580
205 591
206 585
207 602
208 599
209 590
210 602
211 597
212 605
213 602
214 598
215 598
216 607
217 617
218 622
219 627
220 609
221 612
222 611
223 618
224 627
225 625
226 623
227 627
228 641
229 627
230 635
231 629
232 632
233 646
234 636
235 648
236 650
237 647
238 650
239 643
240 658
241 661
242 667
243 676
244 670
245 672
246 684
247 686
248 684
249 689
250 707
251 709
252 699
253 702
254 711
255 707
256 713
257 708
258 716
259 720
260 713
261 709
262 728
263 717
264 724
265 712
266 720
267 719
268 726
269 732
270 721
271 738
272 725
273 728
274 736
275 746
276 744
277 746
278 756
279 759
280 748
281 758
282 749
283 762
284 751
285 755
286 753
287 762
288 757
289 758
290 762
291 768
292 766
293 784
294 778
295 768
296 777
297 780
298 775
299 785
300 780
301 794
302 781
303 799
304 801
305 801
306 816
307 820
308 816
309 827
310 836
311 817
312 823
313 833
314 831
315 835
316 837
317 838
318 838
319 856
320 862
321 854
322 853
323 842
324 860
325 871
326 857
327 867
328 849
329 851
330 853
331 860
332 850
333 853
334 870
335 857
336 864
337 863
338 874
339 879
340 898
341 884
342 896
343 903
344 897
345 909
346 926
347 913
348 906
349 926
350 910
351 907
352 922
353 931
354 927
355 923
356 923
357 924
358 934
359 942
360 946
361 941
362 948
363 949
364 952
365 958
366 965
367 960
368 972
369 959
370 971
371 970
372 972
373 982
374 999
375 1006
376 1026
377 1035
378 989
379 1009
380 1009
381 1003
382 1008
383 1003
384 1023
385 1029
386 1005
387 1021
388 1035
389 1021
390 1022
391 1028
392 1027
393 1035
394 1030
395 1040
396 1036
397 1037
398 1035
399 1038
400 1044
401 1047
402 1053
403 1069
404 1059
405 1066
406 1067
407 1071
408 1074
409 1084
410 1073
411 1087
412 1083
413 1099
414 1086
415 1096
416 1088
417 1102
418 1106
419 1091
420 1091
421 1111
422 1104
423 1113
424 1106
425 1118
426 1119
427 1114
428 1130
429 1127
430 1115
431 1120
432 1123
433 1119
434 1126
435 1139
436 1139
437 1129
438 1141
439 1139
440 1146
441 1162
442 1158
443 1161
444 1155
445 1166
446 1177
447 1172
448 1181
449 1199
450 1188
451 1202
452 1204
453 1214
454 1232
455 1218
456 1220
457 1224
458 1235
459 1240
460 1232
461 1245
462 1241
463 1254
464 1268
465 1255
466 1259
467 1262
468 1263
469 1269
470 1273
471 1275
472 1282
473 1278
474 1296
475 1288
476 1294
477 1308
478 1290
479 1297
480 1291
481 1295
482 1301
483 1299
484 1300
485 1317
486 1308
487 1308
488 1317
489 1317
490 1323
491 1342
492 1325
493 1318
494 1329
495 1329
496 1348
497 1328
498 1345
499 1333
500 1345
501 1344
