0 0
1 18
2 4
3 4
4 17
5 18
6 13
7 14
8 25
9 23
10 23
11 35
12 39
13 42
14 57
15 56
16 57
17 63
18 61
19 69
20 75
21 71
22 73
23 74
24 78
25 91
26 85
27 105
28 97
29 80
30 99
31 108
32 114
33 95
34 113
35 97
36 108
37 101
38 113
39 111
40 130
41 145
42 106
43 123
44 114
45 114
46 133
47 116
48 126
49 126
50 142
51 127
52 128
53 141
54 146
55 158
56 164
57 174
58 144
59 163
60 154
61 157
62 157
63 156
64 167
65 172
66 179
67 182
68 195
69 182
70 185
71 187
72 194
73 187
74 190
75 201
76 195
77 200
78 191
79 196
80 204
81 218
82 200
83 210
84 205
85 222
86 207
87 220
88 237
89 244
90 208
91 209
92 219
93 209
94 228
95 214
96 223
97 224
98 219
99 221
100 231
101 238
102 226
103 224
104 231
105 245
106 238
107 236
108 242
109 247
110 249
111 249
112 257
113 256
114 276
115 278
116 274
117 281
118 271
119 272
120 285
121 286
122 284
123 301
124 288
125 305
126 298
127 317
128 304
129 319
130 323
131 340
132 330
133 335
134 323
135 327
136 324
137 342
138 326
139 329
140 332
141 332
142 339
143 339
144 351
145 336
146 344
147 354
148 339
149 354
150 340
151 356
152 343
153 348
154 351
155 363
156 364
157 361
158 371
159 364
160 368
161 378
162 377
163 377
164 378
165 379
166 393
167 400
168 397
169 408
170 398
171 401
172 418
173 415
174 399
175 409
176 400
177 404
178 405
179 415
180 422
181 417
182 406
183 426
184 435
185 427
186 444
187 412
188 429
189 423
190 424
191 414
192 419
193 433
194 427
195 443
196 423
197 430
198 425
199 434
200 449
201 435
202 431
203 449
204 449
205 436
206 433
207 434
208 444
209 450
210 452
211 445
212 441
213 442
214 456
215 447
216 447
217 462
218 457
219 461
220 462
221 463
222 472
223 466
224 468
225 478
226 470
227 480
228 480
229 483
230 484
231 493
232 505
233 508
234 503
235 506
236 507
237 520
238 518
239 528
240 534
241 536
242 545
243 547
244 547
245 561
246 548
247 565
248 579
249 566
250 575
251 561
252 565
253 573
254 573
255 582
256 565
257 566
258 571
259 576
260 577
261 583
262 603
263 599
264 596
265 602
266 603
267 618
268 604
269 610
270 610
271 608
272 621
273 624
274 610
275 621
276 628
277 643
278 640
279 640
280 654
281 652
282 646
283 654
284 653
285 666
286 677
287 682
288 673
289 673
290 675
291 691
292 693
293 676
294 695
295 690
296 706
297 707
298 715
299 712
300 730
301 746
302 713
303 728
304 722
305 720
306 719
307 714
308 719
309 719
310 732
311 722
312 736
313 730
314 734
315 733
316 735
317 738
318 744
319 753
320 761
321 772
322 751
323 763
324 764
325 767
326 778
327 777
328 796
329 782
330 784
331 793
332 796
333 791
334 804
335 796
336 801
337 802
338 817
339 822
340 809
341 821
342 823
343 821
344 829
345 813
346 820
347 821
348 822
349 833
350 846
351 822
352 839
353 840
354 858
355 842
356 845
357 841
358 842
359 847
360 848
361 843
362 846
363 846
364 862
365 849
366 848
367 854
368 862
369 866
370 856
371 874
372 859
373 862
374 881
375 877
376 865
377 871
378 872
379 878
380 874
381 884
382 879
383 879
384 884
385 886
386 899
387 895
388 900
389 914
390 892
391 903
392 912
393 914
394 909
395 923
396 928
397 926
398 921
399 936
400 938
401 955
402 943
403 946
404 962
405 957
406 957
407 972
408 982
409 968
410 960
411 967
412 972
413 964
414 982
415 974
416 982
417 989
418 983
419 979
420 995
421 1015
422 1006
423 1025
424 998
425 1003
426 1010
427 1023
428 1013
429 1031
430 1014
431 1020
432 1027
433 1029
434 1028
435 1020
436 1021
437 1039
438 1041
439 1039
440 1051
441 1044
442 1056
443 1057
444 1061
445 1080
446 1057
447 1063
448 1076
449 1069
450 1075
451 1076
452 1075
453 1088
454 1081
455 1095
456 1090
457 1093
458 1098
459 1108
460 1091
461 1098
462 1104
463 1094
464 1102
465 1104
466 1117
467 1105
468 1119
469 1109
470 1109
471 1126
472 1118
473 1125
474 1120
475 1126
476 1134
477 1136
478 1135
479 1147
480 1165
481 1157
482 1157
483 1177
484 1159
485 1163
486 1166
487 1177
488 1195
489 1180
490 1178
491 1195
492 1203
493 1199
494 1208
495 1187
496 1197
497 1191
498 1198
499 1202
500 1216
501 1230
