0 0
1 8
2 19
3 33
4 14
5 5
6 11
7 15
8 16
9 16
10 23
11 31
12 34
13 38
14 40
15 55
16 54
17 53
18 73
19 76
20 91
21 71
22 86
23 77
24 87
25 90
26 107
27 86
28 97
29 105
30 96
31 97
32 113
33 106
34 104
35 110
36 112
37 121
38 141
39 128
40 119
41 130
42 136
43 130
44 142
45 122
46 123
47 130
48 149
49 139
50 146
51 154
52 167
53 147
54 156
55 152
56 154
57 165
58 155
59 157
60 161
61 163
62 159
63 172
64 164
65 176
66 160
67 163
68 172
69 177
70 163
71 168
72 172
73 190
74 174
75 182
76 183
77 176
78 193
79 179
80 177
81 181
82 183
83 192
84 183
85 184
86 185
87 199
88 189
89 197
90 191
91 192
92 200
93 200
94 202
95 201
96 219
97 202
98 203
99 218
100 211
101 223
102 216
103 224
104 214
105 219
106 229
107 237
108 225
109 234
110 223
111 226
112 240
113 238
114 243
115 230
116 228
117 237
118 239
119 229
120 232
121 242
122 230
123 241
124 237
125 231
126 243
127 239
128 243
129 243
130 258
131 247
132 250
133 248
134 259
135 260
136 280
137 266
138 279
139 269
140 270
141 283
142 285
143 280
144 284
145 290
146 298
147 291
148 298
149 307
150 313
151 303
152 316
153 316
154 324
155 313
156 319
157 321
158 318
159 326
160 325
161 331
162 345
163 340
164 340
165 358
166 334
167 337
168 355
169 349
170 350
171 339
172 354
173 354
174 370
175 356
176 345
177 364
178 348
179 353
180 364
181 360
182 377
183 364
184 376
185 387
186 375
187 383
188 366
189 381
190 371
191 386
192 402
193 389
194 384
195 390
196 402
197 402
198 396
199 414
200 409
201 410
202 423
203 442
204 427
205 428
206 447
207 428
208 429
209 440
210 446
211 442
212 440
213 441
214 460
215 470
216 442
217 456
218 451
219 458
220 450
221 446
222 451
223 465
224 465
225 452
226 454
227 469
228 472
229 490
230 465
231 482
232 479
233 470
234 477
235 483
236 497
237 487
238 507
239 512
240 517
241 490
242 493
243 495
244 502
245 511
246 508
247 516
248 518
249 520
250 510
251 528
252 514
253 511
254 529
255 524
256 520
257 512
258 532
259 552
260 533
261 553
262 538
263 553
264 548
265 545
266 543
267 555
268 554
269 558
270 556
271 562
272 569
273 579
274 574
275 569
276 572
277 574
278 583
279 584
280 594
281 600
282 592
283 598
284 587
285 591
286 601
287 592
288 599
289 619
290 613
291 612
292 618
293 612
294 624
295 633
296 629
297 636
298 632
299 648
300 648
301 646
302 663
303 655
304 650
305 658
306 663
307 661
308 675
309 669
310 667
311 676
312 688
313 677
314 682
315 695
316 710
317 714
318 712
319 713
320 713
321 730
322 720
323 732
324 722
325 730
326 738
327 726
328 733
329 746
330 731
331 727
332 731
333 741
334 733
335 735
336 737
337 734
338 738
339 747
340 754
341 740
342 751
343 747
344 757
345 750
346 748
347 751
348 754
349 752
350 755
351 755
352 765
353 767
354 769
355 765
356 784
357 783
358 802
359 799
360 801
361 795
362 801
363 814
364 801
365 810
366 815
367 814
368 833
369 834
370 819
371 824
372 827
373 823
374 832
375 837
376 850
377 863
378 832
379 843
380 843
381 834
382 854
383 857
384 873
385 847
386 858
387 865
388 864
389 862
390 869
391 868
392 881
393 868
394 885
395 875
396 878
397 887
398 894
399 902
400 901
401 914
402 896
403 914
404 903
405 907
406 920
407 921
408 924
409 927
410 936
411 936
412 934
413 926
414 943
415 942
416 945
417 934
418 948
419 941
420 960
421 951
422 949
423 950
424 952
425 969
426 961
427 980
428 958
429 961
430 981
431 972
432 983
433 990
434 1007
435 994
436 990
437 1005
438 995
439 1009
440 1007
441 1007
442 1024
443 1027
444 1010
445 1020
446 1020
447 1023
448 1024
449 1012
450 1020
451 1014
452 1021
453 1032
454 1028
455 1034
456 1034
457 1041
458 1041
459 1047
460 1067
461 1085
462 1054
463 1043
464 1061
465 1059
466 1048
467 1058
468 1057
469 1063
470 1068
471 1070
472 1074
473 1065
474 1083
475 1089
476 1103
477 1095
478 1072
479 1084
480 1082
481 1091
482 1101
483 1091
484 1108
485 1103
486 1106
487 1123
488 1135
489 1123
490 1126
491 1122
492 1132
493 1140
494 1125
495 1136
496 1141
497 1152
498 1155
499 1174
500 1148
501 1168
