0 0
1 17
2 9
3 26
4 7
5 13
6 27
7 29
8 26
9 29
10 43
11 46
12 28
13 45
14 48
15 35
16 41
17 48
18 49
19 50
20 69
21 62
22 64
23 82
24 67
25 63
26 83
27 82
28 80
29 82
30 87
31 88
32 91
33 95
34 108
35 106
36 110
37 117
38 102
39 112
40 132
41 125
42 113
43 133
44 123
45 130
46 131
47 137
48 153
49 132
50 144
51 149
52 138
53 145
54 134
55 145
56 148
57 154
58 153
59 140
60 157
61 141
62 141
63 157
64 154
65 146
66 161
67 164
68 181
69 179
70 186
71 179
72 182
73 189
74 195
75 181
76 184
77 201
78 201
79 216
80 189
81 193
82 191
83 195
84 214
85 202
86 212
87 214
88 199
89 207
90 212
91 222
92 237
93 201
94 210
95 211
96 225
97 220
98 216
99 236
100 242
101 231
102 242
103 249
104 254
105 245
106 265
107 271
108 259
109 272
110 262
111 272
112 275
113 279
114 267
115 283
116 278
117 278
118 285
119 295
120 297
121 297
122 311
123 286
124 294
125 300
126 317
127 299
128 319
129 309
130 313
131 327
132 314
133 311
134 316
135 330
136 322
137 327
138 330
139 337
140 328
141 333
142 337
143 342
144 338
145 355
146 351
147 356
148 340
149 354
150 356
151 343
152 348
153 358
154 347
155 344
156 362
157 362
158 345
159 363
160 348
161 364
162 349
163 360
164 363
165 350
166 364
167 363
168 363
169 379
170 379
171 381
172 368
173 369
174 374
175 376
176 376
177 384
178 391
179 379
180 383
181 388
182 394
183 398
184 405
185 421
186 415
187 430
188 424
189 407
190 426
191 416
192 430
193 419
194 427
195 428
196 435
197 423
198 440
199 442
200 434
201 454
202 454
203 457
204 453
205 447
206 467
207 458
208 466
209 468
210 476
211 476
212 478
213 479
214 485
215 495
216 493
217 499
218 497
219 515
220 517
221 503
222 502
223 515
224 520
225 509
226 523
227 519
228 538
229 515
230 527
231 526
232 533
233 530
234 533
235 531
236 538
237 543
238 541
239 553
240 555
241 558
242 560
243 556
244 571
245 561
246 569
247 562
248 563
249 577
250 578
251 577
252 590
253 599
254 592
255 592
256 602
257 598
258 600
259 604
260 609
261 608
262 612
263 622
264 606
265 621
266 622
267 639
268 648
269 621
270 626
271 624
272 629
273 641
274 631
275 636
276 635
277 642
278 643
279 637
280 642
281 654
282 644
283 656
284 649
285 660
286 658
287 660
288 665
289 673
290 671
291 665
292 679
293 689
294 677
295 676
296 684
297 690
298 686
299 686
300 692
301 704
302 702
303 695
304 700
305 704
306 715
307 719
308 727
309 744
310 757
311 759
312 732
313 745
314 743
315 742
316 750
317 744
318 748
319 750
320 758
321 768
322 764
323 758
324 763
325 773
326 763
327 777
328 783
329 791
330 791
331 790
332 793
333 794
334 801
335 799
336 796
337 813
338 806
339 798
340 800
341 802
342 805
343 817
344 808
345 811
346 817
347 832
348 827
349 835
350 829
351 823
352 835
353 837
354 836
355 844
356 839
357 847
358 838
359 846
360 841
361 852
362 851
363 846
364 847
365 860
366 852
367 863
368 870
369 876
370 868
371 866
372 881
373 899
374 897
375 870
376 889
377 875
378 876
379 877
380 896
381 913
382 879
383 882
384 881
385 887
386 883
387 897
388 892
389 896
390 896
391 903
392 908
393 916
394 922
395 904
396 910
397 911
398 918
399 922
400 932
401 935
402 948
403 924
404 943
405 962
406 935
407 953
408 941
409 951
410 968
411 955
412 956
413 948
414 965
415 970
416 966
417 975
418 967
419 971
420 968
421 968
422 979
423 983
424 985
425 981
426 983
427 985
428 995
429 1007
430 989
431 991
432 1001
433 993
434 1007
435 995
436 1002
437 1014
438 1012
439 1015
440 999
441 1002
442 1000
443 1014
444 1007
445 1002
446 1013
447 1012
448 1007
449 1012
450 1025
451 1011
452 1027
453 1044
454 1026
455 1031
456 1037
457 1028
458 1029
459 1027
460 1035
461 1040
462 1034
463 1039
464 1048
465 1063
466 1038
467 1050
468 1048
469 1048
470 1050
471 1060
472 1056
473 1066
474 1051
475 1070
476 1061
477 1077
478 1083
479 1079
480 1080
481 1092
482 1089
483 1092
484 1093
485 1097
486 1100
487 1095
488 1112
489 1106
490 1117
491 1121
492 1108
493 1125
494 1127
495 1115
496 1119
497 1128
498 1117
499 1118
500 1135
501 1130
502 1135
503 1150
504 1153
505 1147
506 1147
507 1148
508 1161
509 1167
510 1158
511 1175
512 1173
513 1173
514 1188
515 1192
516 1176
517 1184
518 1180
519 1183
520 1181
521 1191
522 1187
523 1200
524 1182
525 1191
526 1184
527 1193
528 1199
529 1200
530 1201
531 1197
532 1217
533 1217
534 1220
535 1233
536 1221
537 1223
538 1235
539 1231
540 1236
541 1247
542 1237
543 1245
544 1247
545 1252
546 1256
547 1267
548 1269
549 1274
550 1276
551 1282
552 1283
553 1285
554 1285
555 1291
556 1302
557 1291
558 1287
559 1291
560 1305
561 1292
562 1304
563 1295
564 1309
565 1302
566 1311
567 1315
568 1314
569 1314
570 1327
571 1332
572 1346
573 1343
574 1346
575 1357
576 1369
577 1360
578 1367
579 1365
580 1373
581 1376
582 1368
583 1369
584 1369
585 1382
586 1374
587 1380
588 1373
589 1381
590 1392
591 1388
592 1405
593 1396
594 1387
595 1399
596 1400
597 1396
598 1390
599 1402
600 1420
601 1399
602 1414
603 1415
604 1402
605 1420
606 1436
607 1413
608 1429
609 1435
610 1431
611 1443
612 1443
613 1441
614 1450
615 1452
616 1465
617 1453
618 1455
619 1458
620 1470
621 1465
622 1482
623 1469
624 1475
625 1477
626 1468
627 1470
628 1473
629 1474
630 1475
631 1478
632 1477
633 1479
634 1492
635 1488
636 1497
637 1478
638 1492
639 1500
640 1493
641 1512
642 1502
643 1502
644 1519
645 1522
646 1511
647 1503
648 1521
649 1507
650 1520
651 1511
652 1524
653 1528
654 1522
655 1536
656 1537
657 1548
658 1530
659 1531
660 1535
661 1535
662 1536
663 1541
664 1534
665 1549
666 1548
667 1555
668 1545
669 1556
670 1562
671 1565
672 1550
673 1561
674 1563
675 1570
676 1587
677 1571
678 1579
679 1584
680 1596
681 1577
682 1582
683 1595
684 1591
685 1597
686 1601
687 1606
688 1615
689 1605
690 1624
691 1620
692 1612
693 1606
694 1620
695 1609
696 1608
697 1623
698 1634
699 1626
700 1645
701 1639
702 1634
703 1642
704 1651
705 1651
706 1653
707 1662
708 1682
709 1652
710 1669
711 1659
712 1679
713 1691
714 1673
715 1692
716 1690
717 1698
718 1696
719 1699
720 1705
721 1716
722 1707
723 1708
724 1700
725 1705
726 1711
727 1725
728 1707
729 1714
730 1719
731 1711
732 1725
733 1729
734 1733
735 1743
736 1750
737 1761
738 1762
739 1742
740 1744
741 1749
742 1760
743 1745
744 1760
745 1763
746 1776
747 1792
748 1752
749 1758
750 1766
751 1758
752 1771
753 1766
754 1783
755 1776
756 1784
757 1781
758 1801
759 1778
760 1781
761 1796
762 1791
763 1810
764 1792
765 1807
766 1797
767 1810
768 1819
769 1822
770 1806
771 1805
772 1814
773 1810
774 1814
775 1822
776 1826
777 1817
778 1819
779 1834
780 1825
781 1832
782 1824
783 1827
784 1841
785 1839
786 1828
787 1832
788 1833
789 1837
790 1834
791 1842
792 1855
793 1843
794 1859
795 1858
796 1877
797 1855
798 1869
799 1875
800 1864
801 1868
802 1883
803 1865
804 1880
805 1893
806 1890
807 1897
808 1893
809 1909
810 1911
811 1898
812 1904
813 1901
814 1899
815 1912
816 1913
817 1901
818 1909
819 1913
820 1916
821 1925
822 1933
823 1941
824 1947
825 1959
826 1978
827 1952
828 1964
829 1960
830 1964
831 1971
832 1963
833 1976
834 1969
835 1973
836 1982
837 1993
838 1978
839 1988
840 1983
841 1994
842 1989
843 1991
844 1984
845 1991
846 2003
847 2001
848 1995
849 1999
850 2015
851 1996
852 2007
853 2015
854 2022
855 2031
856 2049
857 2033
858 2037
859 2035
860 2044
861 2049
862 2062
863 2054
864 2050
865 2058
866 2068
867 2066
868 2071
869 2074
870 2086
871 2068
872 2082
873 2081
874 2098
875 2101
876 2082
877 2088
878 2091
879 2088
880 2083
881 2085
882 2101
883 2095
884 2088
885 2090
886 2101
887 2092
888 2104
889 2112
890 2095
891 2111
892 2109
893 2121
894 2112
895 2119
896 2114
897 2113
898 2130
899 2127
900 2125
901 2119
902 2126
903 2128
904 2142
905 2140
906 2139
907 2156
908 2148
909 2141
910 2150
911 2147
912 2144
913 2160
914 2164
915 2145
916 2161
917 2146
918 2154
919 2162
920 2154
921 2155
922 2165
923 2161
924 2164
925 2174
926 2174
927 2163
928 2174
929 2183
930 2182
931 2195
932 2191
933 2207
934 2208
935 2194
936 2214
937 2218
938 2205
939 2208
940 2215
941 2218
942 2218
943 2232
944 2228
945 2224
946 2236
947 2231
948 2240
949 2231
950 2233
951 2250
952 2251
953 2270
954 2246
955 2264
956 2248
957 2250
958 2255
959 2265
960 2263
961 2264
962 2268
963 2273
964 2284
965 2276
966 2279
967 2286
968 2292
969 2286
970 2288
971 2289
972 2297
973 2308
974 2325
975 2317
976 2302
977 2320
978 2317
979 2324
980 2344
981 2333
982 2336
983 2336
984 2343
985 2340
986 2344
987 2345
988 2347
989 2352
990 2358
991 2354
992 2364
993 2366
994 2367
995 2367
996 2385
997 2374
998 2384
999 2384
1000 2400
1001 2387
1002 2398
1003 2391
1004 2389
1005 2395
1006 2401
1007 2414
1008 2407
1009 2421
1010 2419
1011 2410
1012 2419
1013 2416
1014 2411
1015 2431
1016 2418
1017 2427
1018 2429
1019 2428
1020 2432
1021 2424
1022 2439
1023 2440
1024 2446
1025 2437
1026 2443
1027 2443
1028 2445
1029 2449
1030 2453
1031 2462
1032 2463
1033 2473
1034 2466
1035 2468
1036 2473
1037 2476
1038 2482
1039 2488
1040 2478
1041 2492
1042 2509
1043 2512
1044 2526
1045 2488
1046 2504
1047 2520
1048 2494
1049 2510
1050 2507
1051 2512
1052 2512
1053 2523
1054 2516
1055 2518
1056 2531
1057 2527
1058 2535
1059 2519
1060 2526
1061 2527
1062 2541
1063 2528
1064 2546
1065 2543
1066 2540
1067 2550
1068 2552
1069 2554
1070 2573
1071 2542
1072 2554
1073 2548
1074 2561
1075 2559
1076 2547
1077 2550
1078 2554
1079 2559
1080 2570
1081 2562
1082 2555
1083 2571
1084 2571
1085 2560
1086 2568
1087 2566
1088 2567
1089 2572
1090 2568
1091 2581
1092 2585
1093 2572
1094 2579
1095 2574
1096 2590
1097 2581
1098 2590
1099 2601
1100 2584
1101 2584
1102 2602
1103 2599
1104 2604
1105 2601
1106 2616
1107 2620
1108 2603
1109 2610
1110 2630
1111 2622
1112 2623
1113 2634
1114 2647
1115 2636
1116 2650
1117 2650
1118 2648
1119 2656
1120 2653
1121 2653
1122 2650
1123 2658
1124 2668
1125 2655
1126 2670
1127 2683
1128 2699
1129 2675
1130 2684
1131 2674
1132 2690
1133 2686
1134 2692
1135 2697
1136 2686
1137 2706
1138 2698
1139 2689
1140 2695
1141 2707
1142 2700
1143 2696
1144 2704
1145 2704
1146 2711
1147 2709
1148 2716
1149 2723
1150 2724
1151 2712
1152 2730
1153 2748
1154 2716
1155 2735
1156 2722
1157 2736
1158 2731
1159 2740
1160 2736
1161 2740
1162 2750
1163 2759
1164 2748
1165 2764
1166 2774
1167 2770
1168 2759
1169 2762
1170 2779
1171 2764
1172 2776
1173 2764
1174 2766
1175 2776
1176 2768
1177 2770
1178 2784
1179 2775
1180 2778
1181 2781
1182 2787
1183 2787
1184 2805
1185 2787
1186 2793
1187 2799
1188 2799
1189 2790
1190 2808
1191 2795
1192 2802
1193 2803
1194 2805
1195 2815
1196 2814
1197 2815
1198 2821
1199 2818
1200 2833
1201 2831
1202 2843
1203 2839
1204 2824
1205 2833
1206 2828
1207 2835
1208 2847
1209 2830
1210 2841
1211 2855
1212 2872
1213 2860
1214 2873
1215 2860
1216 2872
1217 2874
1218 2880
1219 2886
1220 2875
1221 2886
1222 2891
1223 2884
1224 2893
1225 2893
1226 2912
1227 2897
1228 2917
1229 2937
1230 2917
1231 2924
1232 2932
1233 2932
1234 2933
1235 2918
1236 2920
1237 2929
1238 2940
1239 2922
1240 2936
1241 2942
1242 2936
1243 2940
1244 2941
1245 2950
1246 2962
1247 2957
1248 2945
1249 2959
1250 2949
1251 2966
1252 2986
1253 2953
1254 2957
1255 2955
1256 2963
1257 2965
1258 2975
1259 2967
1260 2987
1261 2978
1262 2997
1263 2987
1264 2995
1265 2982
1266 2993
1267 2985
1268 2983
1269 2983
1270 2994
1271 2990
1272 3001
1273 2996
1274 3010
1275 3007
1276 3001
1277 3019
1278 3011
1279 3018
1280 3034
1281 3028
1282 3031
1283 3039
1284 3036
1285 3034
1286 3046
1287 3056
1288 3047
1289 3037
1290 3043
1291 3047
1292 3048
1293 3055
1294 3055
1295 3050
1296 3061
1297 3057
1298 3059
1299 3064
1300 3066
1301 3068
1302 3077
1303 3066
1304 3084
1305 3084
1306 3068
1307 3085
1308 3075
1309 3095
1310 3073
1311 3086
1312 3079
1313 3077
1314 3089
1315 3083
1316 3093
1317 3091
1318 3111
1319 3101
1320 3102
1321 3116
1322 3118
1323 3108
1324 3118
1325 3112
1326 3125
1327 3131
1328 3142
1329 3114
1330 3130
1331 3127
1332 3145
1333 3115
1334 3126
1335 3120
1336 3118
1337 3122
1338 3125
1339 3123
1340 3121
1341 3140
1342 3157
1343 3167
1344 3164
1345 3136
1346 3145
1347 3155
1348 3163
1349 3172
1350 3162
1351 3156
1352 3159
1353 3173
1354 3160
1355 3170
1356 3182
1357 3179
1358 3180
1359 3173
1360 3188
1361 3188
1362 3188
1363 3174
1364 3183
1365 3180
1366 3192
1367 3192
1368 3184
1369 3199
1370 3185
1371 3187
1372 3205
1373 3192
1374 3190
1375 3194
1376 3205
1377 3218
1378 3197
1379 3213
1380 3220
1381 3215
1382 3211
1383 3212
1384 3226
1385 3218
1386 3230
1387 3241
1388 3232
1389 3242
1390 3244
1391 3250
1392 3239
1393 3250
1394 3250
1395 3252
1396 3241
1397 3243
1398 3259
1399 3246
1400 3247
1401 3261
1402 3250
1403 3268
1404 3266
1405 3256
1406 3260
1407 3267
1408 3272
1409 3263
1410 3261
1411 3273
1412 3277
1413 3276
1414 3277
1415 3279
1416 3280
1417 3288
1418 3277
1419 3282
1420 3293
1421 3291
1422 3306
1423 3295
1424 3310
1425 3313
1426 3299
1427 3303
1428 3305
1429 3318
1430 3319
1431 3308
1432 3315
1433 3319
1434 3321
1435 3331
1436 3321
1437 3336
1438 3325
1439 3340
1440 3360
1441 3345
1442 3357
1443 3331
1444 3338
1445 3346
1446 3346
1447 3360
1448 3351
1449 3352
1450 3353
1451 3354
1452 3355
1453 3358
1454 3353
1455 3361
1456 3365
1457 3366
1458 3358
1459 3363
1460 3362
1461 3381
1462 3393
1463 3382
1464 3394
1465 3376
1466 3393
1467 3386
1468 3390
1469 3406
1470 3392
1471 3392
1472 3403
1473 3407
1474 3415
1475 3420
1476 3393
1477 3399
1478 3412
1479 3408
1480 3427
1481 3446
1482 3420
1483 3423
1484 3438
1485 3453
1486 3436
1487 3453
1488 3432
1489 3440
1490 3447
1491 3446
1492 3441
1493 3455
1494 3457
1495 3473
1496 3466
1497 3478
1498 3487
1499 3489
1500 3487
1501 3495
1502 3483
1503 3491
1504 3488
1505 3485
1506 3495
1507 3498
1508 3490
1509 3504
1510 3504
1511 3500
1512 3498
1513 3513
1514 3519
1515 3531
1516 3530
1517 3502
1518 3521
1519 3509
1520 3522
1521 3516
1522 3515
1523 3517
1524 3532
1525 3528
1526 3523
1527 3536
1528 3529
1529 3544
1530 3558
1531 3527
1532 3533
1533 3544
1534 3528
1535 3530
1536 3536
1537 3530
1538 3529
1539 3541
1540 3549
1541 3534
1542 3546
1543 3548
1544 3560
1545 3549
1546 3566
1547 3568
1548 3558
1549 3570
1550 3569
1551 3584
1552 3587
1553 3559
1554 3568
1555 3579
1556 3578
1557 3586
1558 3587
1559 3578
1560 3595
1561 3583
1562 3589
1563 3587
1564 3592
1565 3587
1566 3604
1567 3606
1568 3600
1569 3597
1570 3603
1571 3611
1572 3629
1573 3616
1574 3614
1575 3619
1576 3630
1577 3633
1578 3615
1579 3624
1580 3628
1581 3643
1582 3630
1583 3638
1584 3644
1585 3649
1586 3643
1587 3661
1588 3669
1589 3654
1590 3673
1591 3659
1592 3668
1593 3670
1594 3676
1595 3683
1596 3669
1597 3673
1598 3675
1599 3676
1600 3691
1601 3685
1602 3681
1603 3698
1604 3687
1605 3699
1606 3698
1607 3685
1608 3705
1609 3700
1610 3686
1611 3698
1612 3691
1613 3692
1614 3690
1615 3709
1616 3718
1617 3706
1618 3723
1619 3716
1620 3721
1621 3707
1622 3724
1623 3716
1624 3715
1625 3711
1626 3715
1627 3727
1628 3721
1629 3718
1630 3737
1631 3720
1632 3732
1633 3737
1634 3735
1635 3733
1636 3737
1637 3740
1638 3745
1639 3746
1640 3765
1641 3764
1642 3774
1643 3782
1644 3775
1645 3765
1646 3775
1647 3782
1648 3772
1649 3770
1650 3784
1651 3774
1652 3776
1653 3786
1654 3790
1655 3789
1656 3791
1657 3792
1658 3792
1659 3809
1660 3806
1661 3807
1662 3801
1663 3810
1664 3806
1665 3822
1666 3836
1667 3845
1668 3812
1669 3821
1670 3834
1671 3824
1672 3830
1673 3832
1674 3849
1675 3850
1676 3833
1677 3845
1678 3849
1679 3839
1680 3840
1681 3848
1682 3855
1683 3856
1684 3846
1685 3858
1686 3865
1687 3861
1688 3878
1689 3879
1690 3880
1691 3893
1692 3893
1693 3884
1694 3899
1695 3885
1696 3903
1697 3913
1698 3899
1699 3907
1700 3887
1701 3901
1702 3903
1703 3903
1704 3921
1705 3908
1706 3908
1707 3915
1708 3927
1709 3910
1710 3925
1711 3938
1712 3939
1713 3948
1714 3912
1715 3925
1716 3922
1717 3932
1718 3937
1719 3934
1720 3925
1721 3934
1722 3940
1723 3946
1724 3932
1725 3933
1726 3943
1727 3934
1728 3951
1729 3967
1730 3949
1731 3954
1732 3939
1733 3946
1734 3956
1735 3953
1736 3954
1737 3966
1738 3962
1739 3959
1740 3965
1741 3970
1742 3980
1743 3966
1744 3972
1745 3986
1746 3973
1747 3986
1748 4006
1749 3991
1750 4011
1751 3993
1752 3995
1753 4004
1754 4003
1755 4012
1756 4021
1757 4031
1758 4023
1759 4025
1760 4035
1761 4029
1762 4041
1763 4043
1764 4049
1765 4060
1766 4053
1767 4059
1768 4059
1769 4069
1770 4073
1771 4070
1772 4076
1773 4082
1774 4089
1775 4091
1776 4092
1777 4105
1778 4122
1779 4090
1780 4102
1781 4107
1782 4108
1783 4101
1784 4098
1785 4114
1786 4112
1787 4104
1788 4113
1789 4114
1790 4120
1791 4116
1792 4116
1793 4135
1794 4134
1795 4151
1796 4140
1797 4143
1798 4150
1799 4151
1800 4151
1801 4171
1802 4155
1803 4170
1804 4153
1805 4162
1806 4173
1807 4164
1808 4166
1809 4172
1810 4171
1811 4186
1812 4187
1813 4199
1814 4187
1815 4200
1816 4192
1817 4207
1818 4212
1819 4211
1820 4195
1821 4212
1822 4196
1823 4214
1824 4215
1825 4216
1826 4215
1827 4206
1828 4219
1829 4217
1830 4220
1831 4223
1832 4219
1833 4231
1834 4229
1835 4247
1836 4246
1837 4239
1838 4238
1839 4255
1840 4241
1841 4252
1842 4258
1843 4255
1844 4247
1845 4251
1846 4265
1847 4248
1848 4263
1849 4249
1850 4251
1851 4249
1852 4254
1853 4250
1854 4259
1855 4266
1856 4252
1857 4257
1858 4273
1859 4260
1860 4274
1861 4259
1862 4266
1863 4270
1864 4260
1865 4264
1866 4264
1867 4271
1868 4263
1869 4281
1870 4271
1871 4276
1872 4279
1873 4276
1874 4291
1875 4292
1876 4297
1877 4280
1878 4285
1879 4290
1880 4295
1881 4288
1882 4295
1883 4286
1884 4288
1885 4291
1886 4295
1887 4305
1888 4295
1889 4312
1890 4319
1891 4300
1892 4313
1893 4314
1894 4325
1895 4323
1896 4323
1897 4314
1898 4325
1899 4328
1900 4328
1901 4334
1902 4330
1903 4348
1904 4354
1905 4337
1906 4331
1907 4333
1908 4344
1909 4345
1910 4336
1911 4346
1912 4342
1913 4338
1914 4347
1915 4344
1916 4350
1917 4351
1918 4346
1919 4352
1920 4357
1921 4359
1922 4354
1923 4369
1924 4366
1925 4357
1926 4369
1927 4365
1928 4358
1929 4362
1930 4360
1931 4374
1932 4372
1933 4373
1934 4382
1935 4388
1936 4393
1937 4385
1938 4393
1939 4397
1940 4400
1941 4417
1942 4406
1943 4403
1944 4405
1945 4415
1946 4415
1947 4418
1948 4423
1949 4427
1950 4431
1951 4439
1952 4428
1953 4440
1954 4433
1955 4435
1956 4450
1957 4451
1958 4434
1959 4452
1960 4441
1961 4449
1962 4443
1963 4457
1964 4455
1965 4463
1966 4461
1967 4445
1968 4460
1969 4455
1970 4458
1971 4465
1972 4468
1973 4476
1974 4479
1975 4499
1976 4474
1977 4475
1978 4475
1979 4493
1980 4489
1981 4504
1982 4501
1983 4499
1984 4495
1985 4510
1986 4501
1987 4502
1988 4503
1989 4506
1990 4510
1991 4510
1992 4526
1993 4522
1994 4531
1995 4541
1996 4558
1997 4556
1998 4543
1999 4560
2000 4546
2001 4558
2002 4554
2003 4556
2004 4548
2005 4568
2006 4585
2007 4556
2008 4556
2009 4566
2010 4559
2011 4567
2012 4573
2013 4584
2014 4572
2015 4573
2016 4577
2017 4586
2018 4586
2019 4590
2020 4605
2021 4603
2022 4599
2023 4617
2024 4619
2025 4626
2026 4643
2027 4630
2028 4642
2029 4636
2030 4633
2031 4647
2032 4647
2033 4658
2034 4677
2035 4652
2036 4672
2037 4656
2038 4671
2039 4654
2040 4670
2041 4656
2042 4674
2043 4658
2044 4662
2045 4675
2046 4668
2047 4672
2048 4685
2049 4692
2050 4675
2051 4685
2052 4687
2053 4685
2054 4692
2055 4687
2056 4705
2057 4701
2058 4697
2059 4706
2060 4711
2061 4700
2062 4698
2063 4705
2064 4708
2065 4701
2066 4715
2067 4700
2068 4712
2069 4714
2070 4710
2071 4711
2072 4726
2073 4728
2074 4729
2075 4729
2076 4730
2077 4735
2078 4749
2079 4749
2080 4767
2081 4745
2082 4760
2083 4749
2084 4757
2085 4767
2086 4760
2087 4761
2088 4755
2089 4764
2090 4768
2091 4772
2092 4789
2093 4765
2094 4768
2095 4779
2096 4781
2097 4776
2098 4778
2099 4791
2100 4791
2101 4801
2102 4793
2103 4802
2104 4809
2105 4823
2106 4794
2107 4795
2108 4799
2109 4800
2110 4805
2111 4803
2112 4816
2113 4822
2114 4822
2115 4819
2116 4837
2117 4856
2118 4871
2119 4873
2120 4837
2121 4840
2122 4843
2123 4851
2124 4845
2125 4854
2126 4856
2127 4848
2128 4853
2129 4859
2130 4849
2131 4866
2132 4854
2133 4872
2134 4860
2135 4870
2136 4862
2137 4879
2138 4876
2139 4868
2140 4880
2141 4887
2142 4899
2143 4905
2144 4872
2145 4873
2146 4884
2147 4878
2148 4884
2149 4896
2150 4903
2151 4890
2152 4905
2153 4904
2154 4899
2155 4907
2156 4909
2157 4902
2158 4913
2159 4913
2160 4919
2161 4915
2162 4919
2163 4919
2164 4928
2165 4938
2166 4931
2167 4939
2168 4944
2169 4947
2170 4946
2171 4950
2172 4957
2173 4948
2174 4953
2175 4961
2176 4968
2177 4977
2178 4961
2179 4981
2180 4979
2181 4989
2182 4983
2183 4992
2184 4999
2185 4984
2186 4996
2187 4990
2188 5004
2189 5003
2190 4993
2191 5008
2192 4996
2193 4997
2194 5009
2195 5020
2196 5021
2197 5021
2198 5037
2199 5034
2200 5023
2201 5039
2202 5024
2203 5044
2204 5026
2205 5046
2206 5029
2207 5036
2208 5033
2209 5039
2210 5042
2211 5037
2212 5038
2213 5038
2214 5052
2215 5072
2216 5048
2217 5061
2218 5066
2219 5057
2220 5065
2221 5067
2222 5073
2223 5073
2224 5089
2225 5087
2226 5083
2227 5093
2228 5074
2229 5086
2230 5088
2231 5104
2232 5086
2233 5106
2234 5109
2235 5092
2236 5100
2237 5112
2238 5097
2239 5101
2240 5103
2241 5107
2242 5109
2243 5103
2244 5108
2245 5123
2246 5136
2247 5107
2248 5124
2249 5108
2250 5108
2251 5109
2252 5121
2253 5123
2254 5130
2255 5112
2256 5131
2257 5124
2258 5125
2259 5127
2260 5117
2261 5128
2262 5130
2263 5126
2264 5124
2265 5134
2266 5126
2267 5125
2268 5134
2269 5128
2270 5130
2271 5142
2272 5136
2273 5129
2274 5134
2275 5143
2276 5130
2277 5139
2278 5134
2279 5147
2280 5152
2281 5142
2282 5161
2283 5146
2284 5148
2285 5156
2286 5154
2287 5170
2288 5159
2289 5165
2290 5177
2291 5161
2292 5181
2293 5198
2294 5166
2295 5182
2296 5178
2297 5182
2298 5172
2299 5174
2300 5188
2301 5186
2302 5203
2303 5189
2304 5207
2305 5194
2306 5203
2307 5222
2308 5225
2309 5198
2310 5209
2311 5203
2312 5211
2313 5210
2314 5212
2315 5219
2316 5232
2317 5236
2318 5250
2319 5257
2320 5246
2321 5255
2322 5263
2323 5248
2324 5261
2325 5259
2326 5276
2327 5271
2328 5264
2329 5260
2330 5263
2331 5269
2332 5283
2333 5272
2334 5276
2335 5287
2336 5288
2337 5300
2338 5296
2339 5286
2340 5293
2341 5292
2342 5300
2343 5306
2344 5300
2345 5306
2346 5319
2347 5309
2348 5327
2349 5324
2350 5326
2351 5341
2352 5341
2353 5340
2354 5343
2355 5347
2356 5356
2357 5351
2358 5364
2359 5361
2360 5367
2361 5368
2362 5368
2363 5385
2364 5388
2365 5399
2366 5384
2367 5400
2368 5397
2369 5415
2370 5399
2371 5395
2372 5401
2373 5406
2374 5408
2375 5413
2376 5410
2377 5414
2378 5415
2379 5428
2380 5425
2381 5415
2382 5425
2383 5420
2384 5435
2385 5432
2386 5451
2387 5470
2388 5485
2389 5487
2390 5472
2391 5485
2392 5471
2393 5485
2394 5486
2395 5478
2396 5481
2397 5472
2398 5480
2399 5483
2400 5492
2401 5496
2402 5492
2403 5500
2404 5504
2405 5512
2406 5530
2407 5512
2408 5501
2409 5516
2410 5508
2411 5510
2412 5516
2413 5513
2414 5519
2415 5515
2416 5517
2417 5531
2418 5516
2419 5528
2420 5545
2421 5542
2422 5548
2423 5534
2424 5544
2425 5557
2426 5541
2427 5543
2428 5546
2429 5560
2430 5558
2431 5577
2432 5564
2433 5578
2434 5569
2435 5586
2436 5599
2437 5594
2438 5602
2439 5604
2440 5613
2441 5614
2442 5605
2443 5624
2444 5614
2445 5631
2446 5626
2447 5628
2448 5633
2449 5617
2450 5632
2451 5632
2452 5629
2453 5635
2454 5654
2455 5638
2456 5646
2457 5647
2458 5648
2459 5653
2460 5658
2461 5651
2462 5666
2463 5653
2464 5661
2465 5665
2466 5666
2467 5671
2468 5691
2469 5681
2470 5677
2471 5671
2472 5682
2473 5673
2474 5691
2475 5684
2476 5688
2477 5686
2478 5702
2479 5699
2480 5691
2481 5689
2482 5706
2483 5700
2484 5708
2485 5718
2486 5702
2487 5713
2488 5720
2489 5722
2490 5727
2491 5704
2492 5715
2493 5709
2494 5722
2495 5726
2496 5740
2497 5718
2498 5731
2499 5731
2500 5723
2501 5743
2502 5737
2503 5751
2504 5757
2505 5770
2506 5767
2507 5777
2508 5758
2509 5760
2510 5763
2511 5763
2512 5775
2513 5789
2514 5786
2515 5776
2516 5783
2517 5782
2518 5786
2519 5795
2520 5788
2521 5795
2522 5792
2523 5794
2524 5803
2525 5804
2526 5810
2527 5812
2528 5823
2529 5808
2530 5825
2531 5818
2532 5826
2533 5812
2534 5815
2535 5825
2536 5815
2537 5832
2538 5828
2539 5826
2540 5838
2541 5845
2542 5865
2543 5833
2544 5849
2545 5853
2546 5850
2547 5851
2548 5853
2549 5858
2550 5857
2551 5875
2552 5880
2553 5862
2554 5868
2555 5873
2556 5881
2557 5883
2558 5881
2559 5885
2560 5901
2561 5899
2562 5909
2563 5907
2564 5890
2565 5897
2566 5905
2567 5899
2568 5910
2569 5903
2570 5918
2571 5907
2572 5911
2573 5921
2574 5927
2575 5918
2576 5925
2577 5928
2578 5934
2579 5946
2580 5946
2581 5966
2582 5957
2583 5953
2584 5971
2585 5978
2586 5961
2587 5969
2588 5981
2589 5966
2590 5977
2591 5994
2592 5977
2593 5979
2594 5997
2595 5981
2596 5981
2597 5994
2598 6003
2599 5992
2600 5987
2601 5997
2602 6000
2603 6010
2604 6028
2605 6012
2606 6024
2607 6026
2608 6018
2609 6032
2610 6052
2611 6034
2612 6045
2613 6036
2614 6033
2615 6047
2616 6047
2617 6060
2618 6061
2619 6060
2620 6065
2621 6056
2622 6061
2623 6072
2624 6064
2625 6070
2626 6066
2627 6072
2628 6071
2629 6090
2630 6090
2631 6085
2632 6074
2633 6093
2634 6077
2635 6092
2636 6089
2637 6094
2638 6078
2639 6084
2640 6087
2641 6083
2642 6092
2643 6093
2644 6085
2645 6101
2646 6108
2647 6107
2648 6124
2649 6115
2650 6127
2651 6131
2652 6117
2653 6135
2654 6135
2655 6128
2656 6122
2657 6125
2658 6123
2659 6135
2660 6123
2661 6139
2662 6136
2663 6144
2664 6134
2665 6140
2666 6142
2667 6146
2668 6137
2669 6138
2670 6144
2671 6156
2672 6148
2673 6144
2674 6152
2675 6159
2676 6179
2677 6158
2678 6172
2679 6166
2680 6168
2681 6169
2682 6172
2683 6188
2684 6170
2685 6184
2686 6185
2687 6190
2688 6185
2689 6200
2690 6201
2691 6187
2692 6206
2693 6200
2694 6212
2695 6203
2696 6205
2697 6205
2698 6218
2699 6214
2700 6223
2701 6223
2702 6228
2703 6232
2704 6251
2705 6234
2706 6239
2707 6246
2708 6243
2709 6249
2710 6254
2711 6262
2712 6257
2713 6246
2714 6265
2715 6252
2716 6266
2717 6272
2718 6257
2719 6268
2720 6274
2721 6274
2722 6272
2723 6292
2724 6287
2725 6292
2726 6307
2727 6294
2728 6290
2729 6298
2730 6306
2731 6298
2732 6311
2733 6314
2734 6334
2735 6325
2736 6335
2737 6325
2738 6332
2739 6333
2740 6341
2741 6361
2742 6341
2743 6358
2744 6341
2745 6361
2746 6357
2747 6371
2748 6347
2749 6351
2750 6357
2751 6367
2752 6362
2753 6358
2754 6362
2755 6374
2756 6360
2757 6361
2758 6363
2759 6365
2760 6379
2761 6388
2762 6370
2763 6382
2764 6387
2765 6380
2766 6374
2767 6377
2768 6384
2769 6393
2770 6397
2771 6377
2772 6379
2773 6382
2774 6396
2775 6383
2776 6390
2777 6382
2778 6395
2779 6393
2780 6383
2781 6394
2782 6401
2783 6385
2784 6405
2785 6398
2786 6391
2787 6391
2788 6398
2789 6404
2790 6401
2791 6408
2792 6392
2793 6399
2794 6406
2795 6406
2796 6409
2797 6414
2798 6407
2799 6421
2800 6432
2801 6413
2802 6423
2803 6428
2804 6442
2805 6433
2806 6439
2807 6441
2808 6440
2809 6455
2810 6445
2811 6463
2812 6451
2813 6452
2814 6457
2815 6469
2816 6470
2817 6461
2818 6461
2819 6463
2820 6472
2821 6485
2822 6476
2823 6494
2824 6486
2825 6492
2826 6486
2827 6502
2828 6489
2829 6498
2830 6490
2831 6500
2832 6491
2833 6490
2834 6502
2835 6503
2836 6500
2837 6517
2838 6518
2839 6502
2840 6514
2841 6528
2842 6515
2843 6504
2844 6518
2845 6518
2846 6520
2847 6512
2848 6513
2849 6531
2850 6530
2851 6526
2852 6531
2853 6539
2854 6540
2855 6544
2856 6541
2857 6542
2858 6548
2859 6558
2860 6556
2861 6559
2862 6570
2863 6553
2864 6560
2865 6569
2866 6570
2867 6587
2868 6574
2869 6586
2870 6590
2871 6596
2872 6598
2873 6582
2874 6594
2875 6583
2876 6592
2877 6592
2878 6599
2879 6586
2880 6590
2881 6598
2882 6599
2883 6595
2884 6614
2885 6607
2886 6596
2887 6609
2888 6604
2889 6613
2890 6600
2891 6617
2892 6613
2893 6605
2894 6605
2895 6606
2896 6620
2897 6635
2898 6623
2899 6611
2900 6612
2901 6630
2902 6622
2903 6614
2904 6618
2905 6633
2906 6617
2907 6633
2908 6620
2909 6638
2910 6636
2911 6644
2912 6625
2913 6633
2914 6634
2915 6630
2916 6641
2917 6637
2918 6642
2919 6645
2920 6650
2921 6662
2922 6647
2923 6652
2924 6660
2925 6660
2926 6650
2927 6654
2928 6660
2929 6651
2930 6659
2931 6664
2932 6672
2933 6674
2934 6667
2935 6677
2936 6669
2937 6686
2938 6682
2939 6684
2940 6687
2941 6704
2942 6711
2943 6706
2944 6704
2945 6708
2946 6717
2947 6736
2948 6721
2949 6734
2950 6725
2951 6725
2952 6741
2953 6730
2954 6737
2955 6746
2956 6757
2957 6750
2958 6752
2959 6764
2960 6767
2961 6768
2962 6786
2963 6769
2964 6774
2965 6784
2966 6784
2967 6777
2968 6776
2969 6784
2970 6784
2971 6793
2972 6792
2973 6789
2974 6796
2975 6795
2976 6801
2977 6810
2978 6797
2979 6812
2980 6811
2981 6812
2982 6817
2983 6818
2984 6818
2985 6819
2986 6826
2987 6840
2988 6832
2989 6826
2990 6833
2991 6848
2992 6833
2993 6845
2994 6843
2995 6851
2996 6861
2997 6845
2998 6854
2999 6854
3000 6865
3001 6860
3002 6870
3003 6874
3004 6867
3005 6867
3006 6870
3007 6879
3008 6871
3009 6881
3010 6890
3011 6902
3012 6873
3013 6880
3014 6887
3015 6884
3016 6887
3017 6891
3018 6906
3019 6885
3020 6891
3021 6895
3022 6892
3023 6897
3024 6898
3025 6917
3026 6908
3027 6912
3028 6913
3029 6924
3030 6927
3031 6918
3032 6923
3033 6930
3034 6930
3035 6938
3036 6932
3037 6938
3038 6934
3039 6939
3040 6948
3041 6943
3042 6953
3043 6967
3044 6963
3045 6981
3046 6966
3047 6975
3048 6978
3049 6965
3050 6973
3051 6983
3052 6974
3053 6990
3054 7002
3055 6975
3056 6993
3057 7006
3058 6996
3059 6995
3060 6986
3061 7003
3062 6995
3063 6989
3064 7002
3065 6994
3066 7008
3067 7002
3068 7009
3069 7006
3070 7007
3071 7027
3072 7009
3073 7020
3074 7021
3075 7039
3076 7021
3077 7020
3078 7027
3079 7035
3080 7033
3081 7041
3082 7038
3083 7042
3084 7036
3085 7042
3086 7050
3087 7049
3088 7042
3089 7055
3090 7058
3091 7043
3092 7053
3093 7049
3094 7065
3095 7055
3096 7064
3097 7080
3098 7070
3099 7071
3100 7068
3101 7082
3102 7093
3103 7086
3104 7094
3105 7095
3106 7098
3107 7099
3108 7103
3109 7110
3110 7110
3111 7125
3112 7127
3113 7109
3114 7127
3115 7110
3116 7116
3117 7113
3118 7118
3119 7115
3120 7117
3121 7128
3122 7135
3123 7137
3124 7127
3125 7141
3126 7135
3127 7141
3128 7150
3129 7157
3130 7167
3131 7166
3132 7170
3133 7173
3134 7171
3135 7189
3136 7177
3137 7184
3138 7184
3139 7189
3140 7203
3141 7192
3142 7195
3143 7197
3144 7190
3145 7193
3146 7191
3147 7210
3148 7208
3149 7196
3150 7200
3151 7199
3152 7209
3153 7211
3154 7213
3155 7207
3156 7210
3157 7216
3158 7223
3159 7240
3160 7213
3161 7216
3162 7230
3163 7229
3164 7239
3165 7228
3166 7234
3167 7244
3168 7238
3169 7246
3170 7239
3171 7255
3172 7263
3173 7267
3174 7258
3175 7243
3176 7250
3177 7251
3178 7257
3179 7269
3180 7257
3181 7266
3182 7276
3183 7271
3184 7274
3185 7285
3186 7290
3187 7294
3188 7275
3189 7281
3190 7280
3191 7285
3192 7286
3193 7293
3194 7292
3195 7304
3196 7295
3197 7295
3198 7309
3199 7307
3200 7298
3201 7304
3202 7319
3203 7318
3204 7329
3205 7326
3206 7330
3207 7334
3208 7345
3209 7343
3210 7337
3211 7338
3212 7345
3213 7339
3214 7357
3215 7363
3216 7353
3217 7370
3218 7356
3219 7374
3220 7367
3221 7384
3222 7390
3223 7390
3224 7375
3225 7388
3226 7388
3227 7396
3228 7406
3229 7401
3230 7411
3231 7427
3232 7402
3233 7406
3234 7407
3235 7411
3236 7424
3237 7422
3238 7440
3239 7418
3240 7436
3241 7435
3242 7433
3243 7436
3244 7450
3245 7443
3246 7438
3247 7446
3248 7450
3249 7458
3250 7441
3251 7447
3252 7445
3253 7449
3254 7457
3255 7451
3256 7460
3257 7464
3258 7471
3259 7456
3260 7460
3261 7465
3262 7481
3263 7459
3264 7475
3265 7472
3266 7466
3267 7477
3268 7480
3269 7480
3270 7490
3271 7487
3272 7491
3273 7481
3274 7500
3275 7500
3276 7508
3277 7517
3278 7527
3279 7528
3280 7532
3281 7530
3282 7547
3283 7529
3284 7537
3285 7548
3286 7536
3287 7538
3288 7537
3289 7538
3290 7552
3291 7553
3292 7554
3293 7558
3294 7565
3295 7557
3296 7566
3297 7558
3298 7563
3299 7567
3300 7559
3301 7566
3302 7567
3303 7567
3304 7560
3305 7560
3306 7569
3307 7570
3308 7585
3309 7577
3310 7586
3311 7589
3312 7586
3313 7605
3314 7588
3315 7604
3316 7600
3317 7589
3318 7604
3319 7609
3320 7606
3321 7620
3322 7635
3323 7608
3324 7614
3325 7623
3326 7618
3327 7623
3328 7631
3329 7630
3330 7625
3331 7630
3332 7644
3333 7632
3334 7647
3335 7646
3336 7644
3337 7656
3338 7667
3339 7653
3340 7658
3341 7661
3342 7664
3343 7667
3344 7660
3345 7680
3346 7672
3347 7677
3348 7688
3349 7675
3350 7686
3351 7691
3352 7681
3353 7692
3354 7688
3355 7701
3356 7711
3357 7694
3358 7697
3359 7714
3360 7696
3361 7703
3362 7697
3363 7704
3364 7700
3365 7712
3366 7732
3367 7709
3368 7713
3369 7719
3370 7733
3371 7724
3372 7736
3373 7719
3374 7722
3375 7730
3376 7736
3377 7731
3378 7729
3379 7740
3380 7745
3381 7737
3382 7740
3383 7736
3384 7737
3385 7745
3386 7748
3387 7756
3388 7756
3389 7757
3390 7759
3391 7754
3392 7757
3393 7760
3394 7769
3395 7780
3396 7779
3397 7770
3398 7787
3399 7773
3400 7783
3401 7786
3402 7800
3403 7785
3404 7792
3405 7797
3406 7796
3407 7798
3408 7817
3409 7830
3410 7816
3411 7826
3412 7822
3413 7827
3414 7834
3415 7826
3416 7841
3417 7838
3418 7843
3419 7844
3420 7832
3421 7838
3422 7857
3423 7845
3424 7851
3425 7859
3426 7853
3427 7865
3428 7864
3429 7882
3430 7870
3431 7867
3432 7884
3433 7870
3434 7868
3435 7885
3436 7881
3437 7878
3438 7872
3439 7873
3440 7876
3441 7890
3442 7890
3443 7901
3444 7879
3445 7889
3446 7897
3447 7898
3448 7904
3449 7918
3450 7913
3451 7914
3452 7933
3453 7920
3454 7917
3455 7930
3456 7934
3457 7932
3458 7938
3459 7945
3460 7954
3461 7955
3462 7950
3463 7951
3464 7959
3465 7967
3466 7969
3467 7981
3468 7954
3469 7969
3470 7955
3471 7960
3472 7962
3473 7960
3474 7958
3475 7967
3476 7965
3477 7972
3478 7974
3479 7968
3480 7979
3481 7971
3482 7975
3483 7987
3484 7988
3485 7972
3486 7977
3487 7992
3488 7986
3489 7980
3490 7983
3491 7994
3492 7992
3493 7985
3494 8000
3495 7998
3496 8003
3497 7991
3498 8010
3499 7999
3500 7994
3501 7998
3502 8001
3503 8003
3504 8011
3505 8014
3506 8007
3507 8009
3508 8008
3509 8014
3510 8016
3511 8022
3512 8041
3513 8016
3514 8016
3515 8025
3516 8027
3517 8035
3518 8033
3519 8048
3520 8043
3521 8049
3522 8036
3523 8051
3524 8054
3525 8038
3526 8053
3527 8040
3528 8053
3529 8045
3530 8058
3531 8051
3532 8062
3533 8068
3534 8047
3535 8052
3536 8060
3537 8079
3538 8062
3539 8059
3540 8077
3541 8069
3542 8081
3543 8093
3544 8066
3545 8067
3546 8076
3547 8078
3548 8067
3549 8069
3550 8082
3551 8089
3552 8073
3553 8082
3554 8076
3555 8084
3556 8083
3557 8086
3558 8089
3559 8097
3560 8089
3561 8095
3562 8108
3563 8096
3564 8095
3565 8106
3566 8096
3567 8115
3568 8104
3569 8104
3570 8121
3571 8111
3572 8122
3573 8135
3574 8115
3575 8122
3576 8117
3577 8119
3578 8120
3579 8136
3580 8118
3581 8120
3582 8133
3583 8125
3584 8124
3585 8137
3586 8153
3587 8125
3588 8125
3589 8133
3590 8136
3591 8137
3592 8147
3593 8155
3594 8146
3595 8160
3596 8152
3597 8159
3598 8151
3599 8154
3600 8153
3601 8166
3602 8155
3603 8169
3604 8175
3605 8187
3606 8170
3607 8182
3608 8201
3609 8180
3610 8184
3611 8195
3612 8188
3613 8194
3614 8199
3615 8191
3616 8200
3617 8204
3618 8204
3619 8217
3620 8211
3621 8211
3622 8221
3623 8223
3624 8236
3625 8231
3626 8232
3627 8239
3628 8248
3629 8261
3630 8270
3631 8265
3632 8275
3633 8262
3634 8266
3635 8265
3636 8266
3637 8284
3638 8269
3639 8269
3640 8281
3641 8281
3642 8283
3643 8289
3644 8295
3645 8296
3646 8303
3647 8304
3648 8296
3649 8300
3650 8315
3651 8333
3652 8311
3653 8305
3654 8308
3655 8319
3656 8311
3657 8318
3658 8328
3659 8334
3660 8333
3661 8338
3662 8324
3663 8339
3664 8337
3665 8356
3666 8349
3667 8340
3668 8345
3669 8353
3670 8370
3671 8347
3672 8346
3673 8358
3674 8347
3675 8354
3676 8357
3677 8370
3678 8352
3679 8364
3680 8367
3681 8379
3682 8370
3683 8382
3684 8369
3685 8372
3686 8381
3687 8388
3688 8375
3689 8385
3690 8391
3691 8393
3692 8407
3693 8404
3694 8413
3695 8417
3696 8400
3697 8404
3698 8417
3699 8413
3700 8416
3701 8431
3702 8408
3703 8421
3704 8415
3705 8417
3706 8427
3707 8437
3708 8418
3709 8420
3710 8427
3711 8425
3712 8438
3713 8435
3714 8434
3715 8449
3716 8453
3717 8443
3718 8459
3719 8453
3720 8470
3721 8444
3722 8452
3723 8453
3724 8455
3725 8461
3726 8463
3727 8467
3728 8458
3729 8474
3730 8493
3731 8467
3732 8471
3733 8470
3734 8474
3735 8476
3736 8473
3737 8483
3738 8482
3739 8491
3740 8479
3741 8484
3742 8498
3743 8490
3744 8486
3745 8493
3746 8491
3747 8487
3748 8503
3749 8517
3750 8511
3751 8505
3752 8519
3753 8508
3754 8523
3755 8518
3756 8537
3757 8540
3758 8554
3759 8568
3760 8578
3761 8594
3762 8607
3763 8596
3764 8607
3765 8598
3766 8601
3767 8600
3768 8604
3769 8616
3770 8620
3771 8617
3772 8618
3773 8624
3774 8635
3775 8653
3776 8654
3777 8669
3778 8656
3779 8671
3780 8663
3781 8673
3782 8673
3783 8675
3784 8669
3785 8670
3786 8682
3787 8681
3788 8672
3789 8686
3790 8677
3791 8696
3792 8696
3793 8712
3794 8685
3795 8702
3796 8711
3797 8711
3798 8722
3799 8686
3800 8701
3801 8692
3802 8687
3803 8702
3804 8692
3805 8700
3806 8692
3807 8708
3808 8710
3809 8700
3810 8699
3811 8702
3812 8711
3813 8706
3814 8708
3815 8706
3816 8722
3817 8717
3818 8721
3819 8733
3820 8722
3821 8723
3822 8723
3823 8732
3824 8738
3825 8738
3826 8758
3827 8752
3828 8756
3829 8747
3830 8748
3831 8752
3832 8761
3833 8761
3834 8764
3835 8762
3836 8779
3837 8772
3838 8767
3839 8787
3840 8773
3841 8775
3842 8782
3843 8779
3844 8783
3845 8786
3846 8782
3847 8791
3848 8791
3849 8799
3850 8807
3851 8788
3852 8797
3853 8795
3854 8794
3855 8795
3856 8812
3857 8831
3858 8847
3859 8806
3860 8811
3861 8820
3862 8825
3863 8828
3864 8816
3865 8824
3866 8841
3867 8838
3868 8822
3869 8828
3870 8841
3871 8836
3872 8847
3873 8855
3874 8850
3875 8851
3876 8865
3877 8861
3878 8864
3879 8866
3880 8879
3881 8862
3882 8878
3883 8867
3884 8875
3885 8866
3886 8865
3887 8866
3888 8872
3889 8867
3890 8875
3891 8878
3892 8870
3893 8890
3894 8876
3895 8877
3896 8872
3897 8879
3898 8876
3899 8888
3900 8892
3901 8899
3902 8900
3903 8909
3904 8919
3905 8912
3906 8931
3907 8922
3908 8915
3909 8926
3910 8924
3911 8929
3912 8934
3913 8924
3914 8942
3915 8960
3916 8938
3917 8954
3918 8939
3919 8955
3920 8953
3921 8965
3922 8945
3923 8954
3924 8960
3925 8948
3926 8957
3927 8957
3928 8965
3929 8949
3930 8965
3931 8977
3932 8967
3933 8974
3934 8970
3935 8981
3936 8986
3937 8993
3938 8980
3939 8994
3940 8983
3941 8997
3942 8996
3943 9003
3944 9003
3945 9002
3946 9012
3947 9007
3948 9021
3949 9028
3950 9033
3951 9022
3952 9024
3953 9028
3954 9038
3955 9040
3956 9031
3957 9045
3958 9044
3959 9060
3960 9039
3961 9046
3962 9051
3963 9055
3964 9056
3965 9058
3966 9073
3967 9077
3968 9066
3969 9081
3970 9096
3971 9078
3972 9080
3973 9085
3974 9098
3975 9096
3976 9084
3977 9089
3978 9091
3979 9093
3980 9095
3981 9108
3982 9105
3983 9119
3984 9098
3985 9110
3986 9113
3987 9114
3988 9130
3989 9130
3990 9120
3991 9118
3992 9122
3993 9122
3994 9123
3995 9122
3996 9134
3997 9123
3998 9124
3999 9132
4000 9130
4001 9127
4002 9136
4003 9131
4004 9142
4005 9148
4006 9144
4007 9147
4008 9148
4009 9157
4010 9162
4011 9176
4012 9177
4013 9182
4014 9196
4015 9203
4016 9197
4017 9214
4018 9211
4019 9208
4020 9198
4021 9211
4022 9213
4023 9208
4024 9224
4025 9222
4026 9210
4027 9213
4028 9225
4029 9217
4030 9227
4031 9235
4032 9216
4033 9230
4034 9231
4035 9236
4036 9226
4037 9233
4038 9236
4039 9251
4040 9252
4041 9266
4042 9254
4043 9243
4044 9255
4045 9264
4046 9259
4047 9260
4048 9248
4049 9250
4050 9262
4051 9263
4052 9270
4053 9260
4054 9277
4055 9266
4056 9268
4057 9278
4058 9290
4059 9285
4060 9298
4061 9301
4062 9292
4063 9290
4064 9305
4065 9294
4066 9298
4067 9313
4068 9307
4069 9306
4070 9307
4071 9314
4072 9316
4073 9324
4074 9334
4075 9336
4076 9339
4077 9347
4078 9333
4079 9342
4080 9352
4081 9339
4082 9345
4083 9351
4084 9356
4085 9368
4086 9342
4087 9362
4088 9353
4089 9364
4090 9379
4091 9382
4092 9379
4093 9377
4094 9381
4095 9387
4096 9386
4097 9400
4098 9396
4099 9407
4100 9402
4101 9419
4102 9415
4103 9408
4104 9428
4105 9410
4106 9419
4107 9420
4108 9425
4109 9423
4110 9413
4111 9428
4112 9419
4113 9419
4114 9429
4115 9425
4116 9425
4117 9425
4118 9425
4119 9436
4120 9443
4121 9440
4122 9438
4123 9447
4124 9454
4125 9449
4126 9452
4127 9463
4128 9458
4129 9454
4130 9463
4131 9465
4132 9471
4133 9467
4134 9470
4135 9467
4136 9476
4137 9486
4138 9491
4139 9486
4140 9503
4141 9492
4142 9506
4143 9494
4144 9495
4145 9500
4146 9499
4147 9507
4148 9507
4149 9501
4150 9515
4151 9506
4152 9513
4153 9515
4154 9520
4155 9510
4156 9517
4157 9521
4158 9522
4159 9525
4160 9536
4161 9524
4162 9534
4163 9541
4164 9557
4165 9536
4166 9543
4167 9555
4168 9567
4169 9551
4170 9547
4171 9560
4172 9551
4173 9550
4174 9552
4175 9561
4176 9563
4177 9555
4178 9567
4179 9562
4180 9565
4181 9580
4182 9575
4183 9589
4184 9588
4185 9585
4186 9590
4187 9591
4188 9599
4189 9599
4190 9607
4191 9592
4192 9604
4193 9611
4194 9611
4195 9594
4196 9598
4197 9608
4198 9609
4199 9605
4200 9616
4201 9614
4202 9615
4203 9621
4204 9628
4205 9626
4206 9630
4207 9629
4208 9635
4209 9634
4210 9637
4211 9649
4212 9651
4213 9655
4214 9656
4215 9661
4216 9669
4217 9663
4218 9675
4219 9672
4220 9682
4221 9680
4222 9689
4223 9694
4224 9697
4225 9688
4226 9704
4227 9705
4228 9713
4229 9715
4230 9696
4231 9703
4232 9713
4233 9722
4234 9705
4235 9711
4236 9720
4237 9722
4238 9727
4239 9738
4240 9729
4241 9744
4242 9746
4243 9739
4244 9748
4245 9730
4246 9746
4247 9733
4248 9736
4249 9737
4250 9744
4251 9747
4252 9751
4253 9761
4254 9752
4255 9766
4256 9786
4257 9756
4258 9774
4259 9773
4260 9758
4261 9767
4262 9776
4263 9776
4264 9769
4265 9787
4266 9793
4267 9774
4268 9773
4269 9790
4270 9791
4271 9789
4272 9809
4273 9822
4274 9816
4275 9836
4276 9803
4277 9819
4278 9805
4279 9820
4280 9813
4281 9822
4282 9821
4283 9810
4284 9830
4285 9823
4286 9820
4287 9825
4288 9831
4289 9832
4290 9837
4291 9840
4292 9859
4293 9859
4294 9850
4295 9854
4296 9865
4297 9852
4298 9860
4299 9869
4300 9865
4301 9873
4302 9859
4303 9878
4304 9870
4305 9862
4306 9878
4307 9874
4308 9868
4309 9877
4310 9869
4311 9887
4312 9870
4313 9872
4314 9889
4315 9873
4316 9883
4317 9882
4318 9893
4319 9887
4320 9893
4321 9901
4322 9909
4323 9916
4324 9905
4325 9903
4326 9919
4327 9907
4328 9907
4329 9924
4330 9919
4331 9938
4332 9916
4333 9923
4334 9918
4335 9926
4336 9920
4337 9934
4338 9931
4339 9923
4340 9940
4341 9932
4342 9943
4343 9945
4344 9939
4345 9943
4346 9954
4347 9940
4348 9960
4349 9947
4350 9962
4351 9966
4352 9977
4353 9966
4354 9978
4355 9982
4356 10002
4357 9986
4358 9981
4359 10000
4360 9988
4361 10000
4362 9990
4363 9995
4364 9996
4365 9997
4366 9998
4367 10012
4368 9999
4369 10013
4370 10017
4371 10002
4372 10012
4373 10021
4374 10018
4375 10016
4376 10031
4377 10048
4378 10063
4379 10020
4380 10034
4381 10037
4382 10026
4383 10035
4384 10029
4385 10040
4386 10033
4387 10052
4388 10069
4389 10038
4390 10053
4391 10049
4392 10057
4393 10064
4394 10084
4395 10069
4396 10078
4397 10082
4398 10089
4399 10085
4400 10096
4401 10084
4402 10102
4403 10089
4404 10095
4405 10107
4406 10116
4407 10115
4408 10125
4409 10133
4410 10123
4411 10119
4412 10133
4413 10150
4414 10139
4415 10159
4416 10140
4417 10148
4418 10149
4419 10152
4420 10152
4421 10168
4422 10161
4423 10151
4424 10164
4425 10169
4426 10177
4427 10167
4428 10152
4429 10159
4430 10175
4431 10153
4432 10156
4433 10156
4434 10174
4435 10160
4436 10158
4437 10163
4438 10172
4439 10177
4440 10174
4441 10173
4442 10178
4443 10180
4444 10175
4445 10178
4446 10196
4447 10178
4448 10190
4449 10186
4450 10193
4451 10184
4452 10180
4453 10183
4454 10189
4455 10182
4456 10188
4457 10196
4458 10189
4459 10194
4460 10198
4461 10201
4462 10202
4463 10207
4464 10223
4465 10226
4466 10217
4467 10215
4468 10225
4469 10217
4470 10235
4471 10247
4472 10259
4473 10219
4474 10235
4475 10220
4476 10226
4477 10232
4478 10231
4479 10242
4480 10244
4481 10257
4482 10255
4483 10246
4484 10244
4485 10256
4486 10264
4487 10252
4488 10265
4489 10249
4490 10265
4491 10263
4492 10276
4493 10267
4494 10285
4495 10269
4496 10284
4497 10269
4498 10283
4499 10299
4500 10297
4501 10299
4502 10316
4503 10310
4504 10312
4505 10305
4506 10316
4507 10307
4508 10313
4509 10323
4510 10322
4511 10327
4512 10316
4513 10318
4514 10332
4515 10319
4516 10333
4517 10328
4518 10337
4519 10332
4520 10333
4521 10340
4522 10337
4523 10339
4524 10341
4525 10358
4526 10366
4527 10363
4528 10372
4529 10346
4530 10362
4531 10362
4532 10354
4533 10372
4534 10364
4535 10379
4536 10384
4537 10369
4538 10382
4539 10370
4540 10389
4541 10373
4542 10384
4543 10390
4544 10390
4545 10393
4546 10389
4547 10403
4548 10404
4549 10401
4550 10408
4551 10418
4552 10438
4553 10424
4554 10431
4555 10439
4556 10439
4557 10459
4558 10458
4559 10452
4560 10449
4561 10453
4562 10459
4563 10459
4564 10476
4565 10471
4566 10485
4567 10476
4568 10493
4569 10490
4570 10478
4571 10485
4572 10486
4573 10489
4574 10496
4575 10499
4576 10505
4577 10507
4578 10516
4579 10510
4580 10518
4581 10525
4582 10521
4583 10517
4584 10535
4585 10533
4586 10526
4587 10536
4588 10556
4589 10564
4590 10570
4591 10567
4592 10572
4593 10559
4594 10575
4595 10577
4596 10560
4597 10573
4598 10562
4599 10570
4600 10573
4601 10576
4602 10581
4603 10569
4604 10586
4605 10588
4606 10579
4607 10596
4608 10583
4609 10591
4610 10588
4611 10589
4612 10589
4613 10599
4614 10596
4615 10597
4616 10615
4617 10597
4618 10613
4619 10632
4620 10600
4621 10609
4622 10614
4623 10629
4624 10620
4625 10601
4626 10604
4627 10604
4628 10608
4629 10612
4630 10623
4631 10625
4632 10625
4633 10612
4634 10617
4635 10627
4636 10628
4637 10627
4638 10627
4639 10632
4640 10630
4641 10634
4642 10645
4643 10635
4644 10651
4645 10664
4646 10669
4647 10652
4648 10660
4649 10656
4650 10660
4651 10666
4652 10670
4653 10664
4654 10678
4655 10668
4656 10679
4657 10671
4658 10678
4659 10685
4660 10691
4661 10697
4662 10698
4663 10698
4664 10708
4665 10703
4666 10700
4667 10704
4668 10715
4669 10733
4670 10748
4671 10707
4672 10716
4673 10719
4674 10712
4675 10723
4676 10727
4677 10738
4678 10719
4679 10732
4680 10738
4681 10736
4682 10756
4683 10742
4684 10743
4685 10749
4686 10746
4687 10761
4688 10753
4689 10758
4690 10761
4691 10768
4692 10781
4693 10780
4694 10799
4695 10796
4696 10807
4697 10783
4698 10800
4699 10790
4700 10799
4701 10812
4702 10832
4703 10847
4704 10849
4705 10866
4706 10850
4707 10851
4708 10865
4709 10866
4710 10868
4711 10878
4712 10882
4713 10868
4714 10881
4715 10887
4716 10886
4717 10895
4718 10904
4719 10911
4720 10893
4721 10910
4722 10906
4723 10910
4724 10912
4725 10920
4726 10924
4727 10926
4728 10938
4729 10944
4730 10940
4731 10957
4732 10948
4733 10960
4734 10950
4735 10967
4736 10970
4737 10960
4738 10971
4739 10965
4740 10973
4741 10987
4742 10972
4743 10970
4744 10986
4745 10987
4746 10977
4747 10991
4748 10982
4749 10993
4750 11004
4751 11010
4752 10997
4753 11006
4754 11015
4755 11005
4756 11019
4757 11024
4758 11014
4759 11028
4760 11032
4761 11026
4762 11030
4763 11015
4764 11033
4765 11029
4766 11016
4767 11023
4768 11017
4769 11033
4770 11023
4771 11029
4772 11031
4773 11035
4774 11051
4775 11064
4776 11064
4777 11039
4778 11048
4779 11046
4780 11044
4781 11054
4782 11062
4783 11050
4784 11054
4785 11054
4786 11070
4787 11055
4788 11069
4789 11059
4790 11072
4791 11074
4792 11079
4793 11087
4794 11060
4795 11061
4796 11070
4797 11074
4798 11076
4799 11068
4800 11070
4801 11074
4802 11081
4803 11087
4804 11089
4805 11093
4806 11106
4807 11100
4808 11100
4809 11102
4810 11115
4811 11110
4812 11108
4813 11116
4814 11114
4815 11115
4816 11118
4817 11124
4818 11129
4819 11130
4820 11123
4821 11132
4822 11146
4823 11141
4824 11131
4825 11127
4826 11145
4827 11141
4828 11143
4829 11152
4830 11155
4831 11143
4832 11155
4833 11147
4834 11156
4835 11146
4836 11151
4837 11155
4838 11169
4839 11166
4840 11166
4841 11185
4842 11169
4843 11175
4844 11185
4845 11178
4846 11185
4847 11187
4848 11191
4849 11202
4850 11193
4851 11201
4852 11207
4853 11198
4854 11201
4855 11211
4856 11210
4857 11212
4858 11229
4859 11210
4860 11212
4861 11220
4862 11228
4863 11238
4864 11222
4865 11231
4866 11241
4867 11237
4868 11230
4869 11223
4870 11234
4871 11231
4872 11251
4873 11255
4874 11262
4875 11274
4876 11289
4877 11265
4878 11268
4879 11281
4880 11271
4881 11275
4882 11290
4883 11277
4884 11287
4885 11282
4886 11278
4887 11294
4888 11296
4889 11296
4890 11308
4891 11304
4892 11312
4893 11331
4894 11337
4895 11328
4896 11338
4897 11334
4898 11345
4899 11340
4900 11337
4901 11350
4902 11355
4903 11353
4904 11341
4905 11358
4906 11353
4907 11368
4908 11374
4909 11355
4910 11359
4911 11356
4912 11371
4913 11366
4914 11368
4915 11372
4916 11380
4917 11378
4918 11388
4919 11384
4920 11403
4921 11408
4922 11393
4923 11413
4924 11417
4925 11405
4926 11408
4927 11412
4928 11425
4929 11431
4930 11433
4931 11451
4932 11439
4933 11451
4934 11438
4935 11442
4936 11456
4937 11440
4938 11445
4939 11444
4940 11460
4941 11467
4942 11481
4943 11477
4944 11468
4945 11469
4946 11477
4947 11488
4948 11491
4949 11484
4950 11487
4951 11486
4952 11493
4953 11497
4954 11501
4955 11505
4956 11514
4957 11504
4958 11522
4959 11512
4960 11522
4961 11523
4962 11528
4963 11533
4964 11540
4965 11550
4966 11541
4967 11542
4968 11552
4969 11551
4970 11570
4971 11558
4972 11570
4973 11576
4974 11571
4975 11582
4976 11600
4977 11611
4978 11590
4979 11605
4980 11595
4981 11597
4982 11602
4983 11607
4984 11616
4985 11615
4986 11623
4987 11624
4988 11629
4989 11644
4990 11630
4991 11638
4992 11625
4993 11628
4994 11636
4995 11632
4996 11634
4997 11642
4998 11644
4999 11644
5000 11647
5001 11646
5002 11663
5003 11682
5004 11675
5005 11660
5006 11661
5007 11671
5008 11664
5009 11665
5010 11675
5011 11671
5012 11678
5013 11690
5014 11685
5015 11698
5016 11673
5017 11688
5018 11686
5019 11702
5020 11693
5021 11699
5022 11705
5023 11703
5024 11713
5025 11727
5026 11708
5027 11707
5028 11726
5029 11726
5030 11724
5031 11726
5032 11724
5033 11737
5034 11732
5035 11741
5036 11741
5037 11749
5038 11745
5039 11743
5040 11762
5041 11764
5042 11744
5043 11761
5044 11756
5045 11758
5046 11769
5047 11761
5048 11757
5049 11760
5050 11760
5051 11766
5052 11779
5053 11769
5054 11769
5055 11782
5056 11783
5057 11770
5058 11781
5059 11787
5060 11773
5061 11782
5062 11776
5063 11791
5064 11778
5065 11796
5066 11812
5067 11782
5068 11800
5069 11793
5070 11806
5071 11810
5072 11808
5073 11825
5074 11815
5075 11809
5076 11828
5077 11827
5078 11830
5079 11837
5080 11812
5081 11821
5082 11829
5083 11840
5084 11849
5085 11857
5086 11859
5087 11864
5088 11881
5089 11867
5090 11870
5091 11886
5092 11888
5093 11881
5094 11875
5095 11894
5096 11895
5097 11900
5098 11912
5099 11917
5100 11922
5101 11940
5102 11940
5103 11929
5104 11936
5105 11936
5106 11947
5107 11955
5108 11941
5109 11946
5110 11946
5111 11954
5112 11974
5113 11955
5114 11949
5115 11968
5116 11964
5117 11967
5118 11964
5119 11972
5120 11975
5121 11966
5122 11976
5123 11968
5124 11972
5125 11987
5126 11971
5127 11976
5128 11986
5129 11984
5130 11994
5131 11991
5132 12005
5133 11988
5134 12004
5135 12019
5136 12006
5137 12021
5138 12028
5139 12012
5140 12016
5141 12007
5142 12019
5143 12011
5144 12014
5145 12015
5146 12018
5147 12024
5148 12019
5149 12033
5150 12031
5151 12033
5152 12023
5153 12039
5154 12042
5155 12049
5156 12025
5157 12041
5158 12044
5159 12042
5160 12029
5161 12031
5162 12040
5163 12033
5164 12037
5165 12036
5166 12040
5167 12042
5168 12034
5169 12041
5170 12046
5171 12045
5172 12060
5173 12059
5174 12075
5175 12076
5176 12062
5177 12060
5178 12063
5179 12064
5180 12075
5181 12069
5182 12081
5183 12076
5184 12068
5185 12085
5186 12079
5187 12077
5188 12097
5189 12097
5190 12100
5191 12111
5192 12092
5193 12104
5194 12097
5195 12106
5196 12109
5197 12112
5198 12103
5199 12108
5200 12105
5201 12120
5202 12139
5203 12114
5204 12123
5205 12116
5206 12122
5207 12123
5208 12130
5209 12120
5210 12135
5211 12139
5212 12140
5213 12138
5214 12139
5215 12142
5216 12152
5217 12158
5218 12168
5219 12146
5220 12159
5221 12150
5222 12153
5223 12163
5224 12162
5225 12175
5226 12162
5227 12164
5228 12177
5229 12192
5230 12175
5231 12193
5232 12176
5233 12189
5234 12193
5235 12193
5236 12193
5237 12178
5238 12183
5239 12189
5240 12183
5241 12202
5242 12187
5243 12190
5244 12196
5245 12200
5246 12202
5247 12203
5248 12209
5249 12215
5250 12216
5251 12225
5252 12232
5253 12231
5254 12232
5255 12243
5256 12233
5257 12233
5258 12245
5259 12264
5260 12248
5261 12259
5262 12265
5263 12279
5264 12263
5265 12283
5266 12273
5267 12280
5268 12284
5269 12286
5270 12279
5271 12283
5272 12294
5273 12292
5274 12306
5275 12290
5276 12308
5277 12300
5278 12310
5279 12317
5280 12306
5281 12310
5282 12325
5283 12324
5284 12321
5285 12323
5286 12337
5287 12334
5288 12334
5289 12325
5290 12345
5291 12331
5292 12333
5293 12332
5294 12332
5295 12348
5296 12360
5297 12350
5298 12358
5299 12346
5300 12355
5301 12358
5302 12374
5303 12366
5304 12381
5305 12392
5306 12397
5307 12367
5308 12371
5309 12373
5310 12378
5311 12397
5312 12384
5313 12404
5314 12384
5315 12396
5316 12399
5317 12397
5318 12385
5319 12397
5320 12404
5321 12399
5322 12414
5323 12412
5324 12406
5325 12418
5326 12422
5327 12425
5328 12438
5329 12426
5330 12437
5331 12444
5332 12442
5333 12436
5334 12451
5335 12437
5336 12455
5337 12456
5338 12475
5339 12468
5340 12445
5341 12451
5342 12466
5343 12465
5344 12474
5345 12485
5346 12486
5347 12502
5348 12517
5349 12494
5350 12506
5351 12497
5352 12516
5353 12514
5354 12520
5355 12525
5356 12512
5357 12530
5358 12519
5359 12520
5360 12529
5361 12522
5362 12535
5363 12521
5364 12537
5365 12534
5366 12536
5367 12536
5368 12542
5369 12557
5370 12540
5371 12549
5372 12560
5373 12573
5374 12591
5375 12592
5376 12597
5377 12602
5378 12619
5379 12603
5380 12619
5381 12607
5382 12618
5383 12613
5384 12621
5385 12626
5386 12619
5387 12635
5388 12625
5389 12624
5390 12625
5391 12639
5392 12638
5393 12649
5394 12653
5395 12656
5396 12662
5397 12648
5398 12662
5399 12665
5400 12674
5401 12664
5402 12676
5403 12683
5404 12692
5405 12680
5406 12677
5407 12686
5408 12693
5409 12699
5410 12691
5411 12707
5412 12692
5413 12699
5414 12699
5415 12703
5416 12715
5417 12711
5418 12714
5419 12705
5420 12712
5421 12717
5422 12718
5423 12727
5424 12714
5425 12729
5426 12728
5427 12722
5428 12723
5429 12734
5430 12726
5431 12735
5432 12743
5433 12730
5434 12747
5435 12751
5436 12765
5437 12767
5438 12772
5439 12779
5440 12766
5441 12770
5442 12777
5443 12793
5444 12801
5445 12790
5446 12794
5447 12807
5448 12798
5449 12800
5450 12804
5451 12811
5452 12822
5453 12800
5454 12813
5455 12818
5456 12816
5457 12832
5458 12817
5459 12828
5460 12825
5461 12842
5462 12833
5463 12845
5464 12838
5465 12850
5466 12844
5467 12851
5468 12860
5469 12850
5470 12861
5471 12863
5472 12857
5473 12856
5474 12865
5475 12875
5476 12867
5477 12880
5478 12877
5479 12880
5480 12891
5481 12893
5482 12897
5483 12897
5484 12902
5485 12922
5486 12924
5487 12933
5488 12913
5489 12922
5490 12927
5491 12925
5492 12930
5493 12940
5494 12924
5495 12925
5496 12938
5497 12950
5498 12967
5499 12942
5500 12957
5501 12955
5502 12944
5503 12947
5504 12951
5505 12952
5506 12962
5507 12963
5508 12977
5509 12976
5510 12975
5511 12994
5512 12991
5513 12993
5514 12995
5515 13007
5516 13021
5517 13026
5518 13040
5519 13039
5520 13046
5521 13057
5522 13071
5523 13072
5524 13059
5525 13061
5526 13062
5527 13079
5528 13074
5529 13063
5530 13077
5531 13073
5532 13074
5533 13066
5534 13082
5535 13073
5536 13086
5537 13080
5538 13075
5539 13085
5540 13077
5541 13095
5542 13092
5543 13103
5544 13078
5545 13096
5546 13086
5547 13089
5548 13080
5549 13094
5550 13085
5551 13093
5552 13106
5553 13092
5554 13111
5555 13118
5556 13099
5557 13094
5558 13110
5559 13114
5560 13112
5561 13101
5562 13104
5563 13106
5564 13115
5565 13131
5566 13110
5567 13117
5568 13126
5569 13145
5570 13118
5571 13137
5572 13134
5573 13128
5574 13133
5575 13122
5576 13129
5577 13142
5578 13147
5579 13131
5580 13130
5581 13133
5582 13142
5583 13143
5584 13161
5585 13156
5586 13144
5587 13157
5588 13148
5589 13165
5590 13156
5591 13166
5592 13180
5593 13186
5594 13171
5595 13176
5596 13187
5597 13175
5598 13188
5599 13187
5600 13193
5601 13194
5602 13197
5603 13198
5604 13210
5605 13227
5606 13197
5607 13203
5608 13206
5609 13202
5610 13222
5611 13217
5612 13234
5613 13209
5614 13220
5615 13220
5616 13229
5617 13213
5618 13217
5619 13233
5620 13245
5621 13246
5622 13237
5623 13226
5624 13230
5625 13230
5626 13246
5627 13245
5628 13257
5629 13242
5630 13239
5631 13246
5632 13256
5633 13259
5634 13250
5635 13260
5636 13257
5637 13262
5638 13277
5639 13268
5640 13258
5641 13275
5642 13269
5643 13278
5644 13274
5645 13272
5646 13275
5647 13287
5648 13285
5649 13295
5650 13282
5651 13283
5652 13284
5653 13303
5654 13287
5655 13289
5656 13298
5657 13305
5658 13304
5659 13314
5660 13301
5661 13313
5662 13310
5663 13329
5664 13306
5665 13310
5666 13326
5667 13308
5668 13322
5669 13311
5670 13321
5671 13312
5672 13326
5673 13316
5674 13326
5675 13323
5676 13331
5677 13350
5678 13338
5679 13335
5680 13338
5681 13355
5682 13345
5683 13357
5684 13376
5685 13340
5686 13355
5687 13356
5688 13354
5689 13348
5690 13359
5691 13362
5692 13349
5693 13356
5694 13367
5695 13363
5696 13360
5697 13371
5698 13370
5699 13390
5700 13365
5701 13382
5702 13385
5703 13386
5704 13402
5705 13373
5706 13380
5707 13376
5708 13392
5709 13391
5710 13407
5711 13387
5712 13390
5713 13396
5714 13397
5715 13388
5716 13394
5717 13396
5718 13389
5719 13393
5720 13405
5721 13394
5722 13407
5723 13407
5724 13402
5725 13404
5726 13413
5727 13421
5728 13428
5729 13420
5730 13414
5731 13424
5732 13427
5733 13425
5734 13419
5735 13420
5736 13428
5737 13427
5738 13439
5739 13428
5740 13448
5741 13440
5742 13442
5743 13444
5744 13455
5745 13465
5746 13469
5747 13484
5748 13459
5749 13469
5750 13467
5751 13486
5752 13465
5753 13475
5754 13466
5755 13481
5756 13485
5757 13482
5758 13486
5759 13501
5760 13500
5761 13495
5762 13511
5763 13511
5764 13508
5765 13516
5766 13520
5767 13516
5768 13527
5769 13533
5770 13534
5771 13520
5772 13526
5773 13529
5774 13532
5775 13535
5776 13536
5777 13539
5778 13550
5779 13549
5780 13553
5781 13552
5782 13568
5783 13556
5784 13566
5785 13566
5786 13583
5787 13600
5788 13588
5789 13599
5790 13587
5791 13589
5792 13595
5793 13590
5794 13605
5795 13604
5796 13595
5797 13603
5798 13607
5799 13607
5800 13603
5801 13607
5802 13614
5803 13612
5804 13631
5805 13624
5806 13619
5807 13618
5808 13632
5809 13637
5810 13634
5811 13633
5812 13638
5813 13637
5814 13652
5815 13649
5816 13649
5817 13648
5818 13657
5819 13664
5820 13657
5821 13657
5822 13660
5823 13671
5824 13683
5825 13672
5826 13689
5827 13689
5828 13709
5829 13707
5830 13673
5831 13687
5832 13677
5833 13675
5834 13681
5835 13682
5836 13677
5837 13692
5838 13696
5839 13707
5840 13697
5841 13699
5842 13700
5843 13699
5844 13704
5845 13716
5846 13724
5847 13707
5848 13713
5849 13713
5850 13725
5851 13731
5852 13721
5853 13727
5854 13746
5855 13730
5856 13723
5857 13730
5858 13740
5859 13750
5860 13740
5861 13743
5862 13746
5863 13750
5864 13755
5865 13760
5866 13751
5867 13766
5868 13767
5869 13782
5870 13754
5871 13768
5872 13762
5873 13760
5874 13756
5875 13767
5876 13775
5877 13761
5878 13774
5879 13773
5880 13766
5881 13771
5882 13786
5883 13784
5884 13797
5885 13795
5886 13802
5887 13803
5888 13815
5889 13815
5890 13806
5891 13813
5892 13819
5893 13820
5894 13825
5895 13838
5896 13840
5897 13834
5898 13847
5899 13847
5900 13852
5901 13835
5902 13843
5903 13846
5904 13853
5905 13863
5906 13878
5907 13872
5908 13864
5909 13873
5910 13883
5911 13889
5912 13871
5913 13876
5914 13889
5915 13880
5916 13881
5917 13887
5918 13880
5919 13894
5920 13896
5921 13903
5922 13882
5923 13894
5924 13894
5925 13904
5926 13900
5927 13902
5928 13913
5929 13920
5930 13931
5931 13901
5932 13905
5933 13902
5934 13906
5935 13918
5936 13922
5937 13910
5938 13913
5939 13915
5940 13930
5941 13917
5942 13931
5943 13918
5944 13925
5945 13928
5946 13918
5947 13925
5948 13938
5949 13929
5950 13947
5951 13964
5952 13954
5953 13964
5954 13970
5955 13969
5956 13986
5957 13981
5958 13969
5959 13984
5960 13971
5961 13987
5962 13972
5963 13974
5964 13978
5965 13973
5966 13987
5967 13986
5968 13985
5969 13988
5970 13978
5971 13984
5972 13991
5973 13989
5974 13995
5975 13992
5976 13993
5977 13999
5978 14012
5979 13995
5980 14004
5981 14011
5982 13996
5983 14006
5984 14004
5985 13998
5986 13999
5987 14006
5988 14011
5989 14019
5990 14031
5991 14040
5992 14041
5993 14033
5994 14042
5995 14051
5996 14035
5997 14052
5998 14045
5999 14056
6000 14059
6001 14068
6002 14071
6003 14068
6004 14080
6005 14086
6006 14081
6007 14082
6008 14074
6009 14078
6010 14079
6011 14075
6012 14087
6013 14079
6014 14091
6015 14091
6016 14111
6017 14093
6018 14085
6019 14086
6020 14088
6021 14092
6022 14097
6023 14103
6024 14105
6025 14109
6026 14117
6027 14107
6028 14120
6029 14116
6030 14121
6031 14126
6032 14125
6033 14123
6034 14127
6035 14139
6036 14125
6037 14137
6038 14147
6039 14143
6040 14144
6041 14156
6042 14161
6043 14172
6044 14159
6045 14162
6046 14170
6047 14163
6048 14165
6049 14167
6050 14170
6051 14187
6052 14182
6053 14174
6054 14179
6055 14180
6056 14182
6057 14191
6058 14186
6059 14196
6060 14199
6061 14194
6062 14195
6063 14209
6064 14216
6065 14219
6066 14220
6067 14227
6068 14233
6069 14233
6070 14226
6071 14239
6072 14257
6073 14240
6074 14255
6075 14244
6076 14259
6077 14246
6078 14254
6079 14262
6080 14261
6081 14277
6082 14269
6083 14271
6084 14277
6085 14280
6086 14299
6087 14272
6088 14272
6089 14292
6090 14291
6091 14293
6092 14298
6093 14316
6094 14318
6095 14304
6096 14322
6097 14316
6098 14333
6099 14320
6100 14333
6101 14323
6102 14321
6103 14325
6104 14329
6105 14336
6106 14326
6107 14333
6108 14338
6109 14338
6110 14335
6111 14336
6112 14348
6113 14338
6114 14341
6115 14358
6116 14352
6117 14360
6118 14355
6119 14366
6120 14372
6121 14362
6122 14381
6123 14381
6124 14383
6125 14366
6126 14381
6127 14379
6128 14373
6129 14383
6130 14382
6131 14383
6132 14380
6133 14390
6134 14401
6135 14382
6136 14393
6137 14400
6138 14394
6139 14409
6140 14403
6141 14400
6142 14396
6143 14402
6144 14397
6145 14405
6146 14405
6147 14413
6148 14420
6149 14430
6150 14439
6151 14417
6152 14427
6153 14422
6154 14429
6155 14436
6156 14437
6157 14451
6158 14442
6159 14453
6160 14453
6161 14466
6162 14455
6163 14464
6164 14472
6165 14481
6166 14469
6167 14478
6168 14481
6169 14493
6170 14500
6171 14509
6172 14507
6173 14485
6174 14493
6175 14505
6176 14495
6177 14508
6178 14513
6179 14501
6180 14508
6181 14518
6182 14512
6183 14528
6184 14519
6185 14527
6186 14533
6187 14533
6188 14527
6189 14531
6190 14543
6191 14537
6192 14528
6193 14544
6194 14564
6195 14569
6196 14554
6197 14572
6198 14560
6199 14560
6200 14566
6201 14573
6202 14581
6203 14596
6204 14596
6205 14598
6206 14603
6207 14609
6208 14598
6209 14605
6210 14611
6211 14629
6212 14615
6213 14611
6214 14614
6215 14629
6216 14624
6217 14618
6218 14618
6219 14638
6220 14625
6221 14619
6222 14633
6223 14637
6224 14633
6225 14635
6226 14644
6227 14656
6228 14637
6229 14645
6230 14655
6231 14641
6232 14652
6233 14655
6234 14657
6235 14657
6236 14653
6237 14660
6238 14667
6239 14666
6240 14686
6241 14680
6242 14686
6243 14699
6244 14704
6245 14698
6246 14713
6247 14714
6248 14718
6249 14715
6250 14725
6251 14717
6252 14731
6253 14727
6254 14727
6255 14741
6256 14718
6257 14733
6258 14747
6259 14763
6260 14741
6261 14742
6262 14757
6263 14749
6264 14748
6265 14765
6266 14761
6267 14775
6268 14750
6269 14761
6270 14775
6271 14793
6272 14774
6273 14757
6274 14760
6275 14774
6276 14758
6277 14775
6278 14761
6279 14760
6280 14767
6281 14770
6282 14770
6283 14771
6284 14761
6285 14763
6286 14782
6287 14771
6288 14767
6289 14768
6290 14772
6291 14785
6292 14781
6293 14780
6294 14792
6295 14790
6296 14794
6297 14802
6298 14809
6299 14817
6300 14811
6301 14805
6302 14812
6303 14824
6304 14810
6305 14813
6306 14819
6307 14812
6308 14825
6309 14832
6310 14822
6311 14816
6312 14832
6313 14830
6314 14818
6315 14838
6316 14825
6317 14832
6318 14822
6319 14842
6320 14826
6321 14830
6322 14840
6323 14835
6324 14842
6325 14847
6326 14845
6327 14852
6328 14858
6329 14868
6330 14861
6331 14869
6332 14873
6333 14873
6334 14865
6335 14866
6336 14885
6337 14884
6338 14878
6339 14870
6340 14874
6341 14873
6342 14875
6343 14895
6344 14909
6345 14919
6346 14922
6347 14915
6348 14926
6349 14929
6350 14943
6351 14945
6352 14949
6353 14944
6354 14950
6355 14946
6356 14960
6357 14964
6358 14963
6359 14962
6360 14966
6361 14978
6362 14970
6363 14982
6364 14970
6365 14985
6366 14988
6367 14988
6368 14986
6369 14989
6370 15004
6371 14994
6372 15001
6373 14995
6374 15001
6375 15013
6376 15012
6377 14997
6378 15010
6379 14999
6380 15004
6381 15006
6382 15014
6383 15026
6384 15001
6385 15008
6386 15013
6387 15017
6388 15012
6389 15032
6390 15024
6391 15028
6392 15029
6393 15029
6394 15032
6395 15044
6396 15032
6397 15050
6398 15046
6399 15039
6400 15039
6401 15045
6402 15056
6403 15041
6404 15050
6405 15053
6406 15048
6407 15042
6408 15043
6409 15055
6410 15057
6411 15057
6412 15058
6413 15066
6414 15069
6415 15073
6416 15076
6417 15085
6418 15094
6419 15081
6420 15085
6421 15087
6422 15095
6423 15107
6424 15125
6425 15103
6426 15099
6427 15110
6428 15119
6429 15103
6430 15115
6431 15130
6432 15108
6433 15125
6434 15115
6435 15116
6436 15122
6437 15113
6438 15121
6439 15115
6440 15122
6441 15138
6442 15151
6443 15118
6444 15128
6445 15133
6446 15128
6447 15139
6448 15134
6449 15147
6450 15160
6451 15130
6452 15142
