0 0
1 4
2 10
3 1
4 21
5 14
6 18
7 30
8 24
9 31
10 40
11 24
12 37
13 50
14 35
15 54
16 39
17 54
18 39
19 44
20 40
21 46
22 63
23 52
24 70
25 72
26 54
27 72
28 57
29 74
30 71
31 76
32 76
33 88
34 78
35 89
36 78
37 97
38 85
39 92
40 92
41 105
42 107
43 107
44 126
45 112
46 111
47 111
48 108
49 125
50 119
51 121
52 118
53 120
54 136
55 132
56 140
57 134
58 139
59 135
60 144
61 153
62 155
63 140
64 154
65 160
66 152
67 154
68 158
69 156
70 166
71 179
72 166
73 179
74 177
75 196
76 197
77 214
78 196
79 180
80 182
81 191
82 196
83 194
84 194
85 203
86 201
87 213
88 211
89 227
90 220
91 229
92 225
93 225
94 243
95 229
96 234
97 241
98 239
99 232
100 233
101 248
102 234
103 242
104 254
105 259
106 253
107 255
108 269
109 283
110 254
111 261
112 260
113 262
114 264
115 279
116 299
117 276
118 283
119 270
120 282
121 280
122 281
123 285
124 274
125 280
126 275
127 283
128 285
129 286
130 279
131 296
132 297
133 283
134 281
135 293
136 306
137 305
138 316
139 324
140 342
141 316
142 314
143 322
144 322
145 327
146 325
147 326
148 338
149 329
150 336
151 338
152 346
153 332
154 339
155 351
156 344
157 346
158 357
159 352
160 369
161 362
162 371
163 353
164 356
165 365
166 363
167 372
168 376
169 370
170 367
171 385
172 370
173 371
174 376
175 386
176 383
177 373
178 385
179 376
180 385
181 381
182 381
183 391
184 398
185 395
186 401
187 393
188 393
189 412
190 394
191 410
192 421
193 438
194 421
195 428
196 422
197 425
198 441
199 432
200 436
201 433
202 450
203 450
204 439
205 453
206 440
207 457
208 457
209 443
210 454
211 459
212 453
213 462
214 461
215 457
216 467
217 465
218 463
219 478
220 467
221 470
222 477
223 465
224 469
225 468
226 484
227 486
228 493
229 486
230 497
231 495
232 504
233 505
234 508
235 524
236 528
237 540
238 508
239 527
240 546
241 523
242 525
243 533
244 540
245 541
246 557
247 565
248 545
249 544
250 560
251 571
252 554
253 569
254 589
255 571
256 583
257 592
258 591
259 602
260 574
261 583
262 575
263 581
264 594
265 575
266 587
267 594
268 603
269 609
270 607
271 591
272 594
273 600
274 603
275 596
276 601
277 604
278 604
279 598
280 606
281 609
282 614
283 603
284 605
285 617
286 635
287 611
288 625
289 630
290 624
291 637
292 637
293 631
294 625
295 645
296 636
297 639
298 640
299 645
300 665
301 654
302 657
303 642
304 649
305 648
306 662
307 651
308 663
309 665
310 675
311 652
312 663
313 667
314 665
315 657
316 669
317 670
318 662
319 658
320 675
321 670
322 674
323 663
324 682
325 668
326 668
327 671
328 675
329 687
330 680
331 694
332 698
333 681
334 691
335 694
336 692
337 693
338 685
339 703
340 694
341 701
342 710
343 703
344 716
345 733
346 720
347 721
348 717
349 724
350 721
351 734
352 719
353 727
354 725
355 744
356 759
357 746
358 730
359 748
360 741
361 761
362 746
363 755
364 756
365 775
366 757
367 769
368 758
369 777
370 764
371 775
372 783
373 776
374 780
375 792
376 805
377 804
378 808
379 785
380 790
381 786
382 790
383 792
384 806
385 801
386 811
387 809
388 818
389 833
390 840
391 834
392 813
393 829
394 831
395 833
396 837
397 842
398 847
399 846
400 847
401 864
402 853
403 851
404 861
405 849
406 867
407 866
408 869
409 872
410 853
411 871
412 857
413 868
414 869
415 872
416 872
417 889
418 886
419 876
420 886
421 890
422 896
423 904
424 906
425 902
426 914
427 925
428 922
429 937
430 918
431 935
432 950
433 946
434 960
435 922
436 940
437 936
438 939
439 932
440 937
441 953
442 941
443 940
444 950
445 950
446 956
447 962
448 960
449 954
450 973
451 964
452 964
453 984
454 983
455 973
456 992
457 1004
458 1011
459 990
460 998
461 1006
462 999
463 1013
464 1009
465 1016
466 1025
467 1034
468 1026
469 1035
470 1042
471 1035
472 1028
473 1029
474 1029
475 1032
476 1042
477 1035
478 1041
479 1044
480 1045
481 1056
482 1045
483 1062
484 1057
485 1053
486 1059
487 1050
488 1055
489 1069
490 1084
491 1057
492 1060
493 1074
494 1093
495 1112
496 1066
497 1080
498 1074
499 1067
500 1069
501 1085
