0 0
1 11
2 25
3 11
4 12
5 18
6 13
7 28
8 26
9 16
10 31
11 28
12 27
13 45
14 61
15 57
16 70
17 70
18 51
19 63
20 61
21 68
22 75
23 89
24 80
25 83
26 93
27 88
28 97
29 105
30 91
31 100
32 108
33 111
34 110
35 118
36 121
37 127
38 132
39 136
40 119
41 135
42 129
43 134
44 131
45 137
46 138
47 145
48 160
49 140
50 149
51 148
52 152
53 147
54 162
55 163
56 151
57 155
58 159
59 169
60 185
61 163
62 168
63 177
64 179
65 187
66 184
67 202
68 206
69 190
70 210
71 213
72 210
73 223
74 206
75 215
76 214
77 217
78 217
79 230
80 237
81 218
82 222
83 235
84 230
85 236
86 243
87 251
88 245
89 260
90 255
91 264
92 259
93 275
94 267
95 271
96 274
97 278
98 288
99 289
100 287
101 289
102 305
103 293
104 302
105 304
106 307
107 310
108 294
109 303
110 313
111 324
112 314
113 295
114 313
115 296
116 307
117 307
118 310
119 328
120 315
121 329
122 328
123 347
124 338
125 337
126 336
127 341
128 350
129 357
130 358
131 367
132 374
133 382
134 374
135 383
136 386
137 382
138 384
139 401
140 395
141 414
142 399
143 406
144 426
145 416
146 424
147 431
148 446
149 423
150 430
151 426
152 431
153 447
154 443
155 444
156 437
157 450
158 454
159 453
160 468
161 487
162 464
163 466
164 474
165 472
166 474
167 475
168 475
169 479
170 490
171 495
172 484
173 486
174 497
175 497
176 499
177 496
178 489
179 492
180 505
181 498
182 514
183 506
184 520
185 511
186 517
187 526
188 512
189 518
190 516
191 525
192 526
193 538
194 524
195 538
196 540
197 536
198 551
199 541
200 553
201 543
202 560
203 551
204 558
205 564
206 555
207 560
208 575
209 573
210 575
211 590
212 570
213 582
214 581
215 588
216 596
217 603
218 623
219 630
220 614
221 615
222 634
223 646
224 639
225 640
226 658
227 652
228 657
229 661
230 667
231 679
232 687
233 677
234 693
235 700
236 701
237 713
238 704
239 711
240 712
241 726
242 709
243 713
244 720
245 728
246 723
247 714
248 717
249 726
250 732
251 726
252 730
253 742
254 742
255 747
256 741
257 750
258 748
259 747
260 748
261 757
262 761
263 757
264 766
265 754
266 774
267 756
268 769
269 757
270 759
271 763
272 773
273 777
274 789
275 781
276 795
277 799
278 783
279 800
280 791
281 801
282 799
283 800
284 807
285 824
286 801
287 800
288 816
289 814
290 820
291 802
292 804
293 809
294 813
295 831
296 823
297 808
298 818
299 827
300 809
301 810
302 813
303 819
304 824
305 810
306 813
307 830
308 819
309 811
310 819
311 827
312 837
313 819
314 839
315 838
316 838
317 852
318 854
319 848
320 855
321 855
322 865
323 868
324 886
325 860
326 856
327 872
328 863
329 870
330 872
331 872
332 867
333 872
334 874
335 881
336 883
337 882
338 889
339 893
340 887
341 900
342 903
343 889
344 903
345 903
346 891
347 900
348 901
349 910
350 911
351 909
352 921
353 925
354 922
355 928
356 940
357 936
358 945
359 936
360 938
361 958
362 956
363 955
364 944
365 945
366 964
367 953
368 962
369 964
370 959
371 979
372 978
373 998
374 993
375 998
376 983
377 991
378 987
379 988
380 995
381 992
382 988
383 999
384 1003
385 1000
386 1002
387 1004
388 1007
389 1003
390 1012
391 1010
392 1016
393 1009
394 1022
395 1011
396 1018
397 1026
398 1039
399 1029
400 1041
401 1030
402 1038
403 1047
404 1044
405 1048
406 1052
407 1054
408 1055
409 1071
410 1059
411 1065
412 1071
413 1077
414 1063
415 1075
416 1080
417 1074
418 1070
419 1071
420 1082
421 1095
422 1076
423 1079
424 1086
425 1092
426 1087
427 1084
428 1098
429 1096
430 1112
431 1089
432 1103
433 1090
434 1102
435 1108
436 1108
437 1127
438 1114
439 1124
440 1127
441 1131
442 1135
443 1155
444 1143
445 1151
446 1138
447 1141
448 1156
449 1176
450 1186
451 1183
452 1192
453 1171
454 1176
455 1177
456 1186
457 1195
458 1191
459 1210
460 1188
461 1192
462 1208
463 1202
464 1201
465 1220
466 1220
467 1216
468 1217
469 1227
470 1228
471 1223
472 1238
473 1229
474 1232
475 1224
476 1243
477 1230
478 1240
479 1232
480 1236
481 1238
482 1236
483 1251
484 1251
485 1245
486 1250
487 1242
488 1245
489 1248
490 1251
491 1250
492 1259
493 1279
494 1288
495 1301
496 1289
497 1292
498 1298
499 1308
500 1326
501 1309
