0 0
1 13
2 28
3 36
4 21
5 40
6 56
7 29
8 31
9 34
10 46
11 49
12 51
13 56
14 71
15 65
16 79
17 80
18 76
19 89
20 100
21 86
22 86
23 100
24 90
25 97
26 106
27 109
28 106
29 105
30 108
31 109
32 123
33 113
34 127
35 122
36 121
37 132
38 122
39 125
40 130
41 138
42 134
43 135
44 147
45 143
46 160
47 149
48 155
49 158
50 156
51 157
52 162
53 167
54 173
55 175
56 186
57 187
58 197
59 201
60 191
61 197
62 196
63 202
64 193
65 203
66 204
67 201
68 212
69 215
70 219
71 221
72 220
73 225
74 242
75 241
76 243
77 224
78 235
79 234
80 236
81 243
82 236
83 253
84 265
85 254
86 257
87 241
88 259
89 249
90 246
91 259
92 250
93 263
94 278
95 261
96 268
97 263
98 281
99 277
100 283
101 290
102 297
103 288
104 290
105 294
106 306
107 307
108 320
109 292
110 310
111 306
112 307
113 308
114 313
115 326
116 312
117 314
118 322
119 321
120 339
121 323
122 334
123 329
124 335
125 334
126 344
127 338
128 346
129 339
130 339
131 350
132 358
133 357
134 363
135 357
136 372
137 371
138 377
139 384
140 397
141 388
142 388
143 397
144 397
145 411
146 406
147 416
148 410
149 407
150 420
151 414
152 425
153 440
154 430
155 428
156 438
157 437
158 446
159 441
160 448
161 438
162 453
163 444
164 441
165 443
166 453
167 458
168 454
169 469
170 472
171 481
172 483
173 490
174 503
175 484
176 497
177 487
178 502
179 496
180 489
181 500
182 508
183 527
184 512
185 510
186 527
187 518
188 524
189 529
190 529
191 523
192 528
193 542
194 560
195 539
196 543
197 555
198 559
199 576
200 554
201 557
202 567
203 574
204 564
205 584
206 571
207 579
208 579
209 580
210 591
211 608
212 594
213 596
214 596
215 614
216 626
217 622
218 632
219 634
220 647
221 642
222 641
223 648
224 654
225 643
226 656
227 662
228 655
229 669
230 685
231 666
232 679
233 682
234 694
235 667
236 671
237 688
238 678
239 688
240 673
241 685
242 674
243 684
244 683
245 695
246 691
247 693
248 707
249 685
250 696
251 690
252 705
253 699
254 686
255 705
256 706
257 722
258 691
259 698
260 697
261 711
262 698
263 704
264 699
265 707
266 718
267 724
268 730
269 735
270 735
271 737
272 751
273 747
274 762
275 762
276 755
277 772
278 772
279 758
280 772
281 759
282 764
283 784
284 776
285 773
286 776
287 782
288 774
289 780
290 787
291 775
292 777
293 790
294 779
295 783
296 787
297 790
298 796
299 799
300 796
301 792
302 810
303 828
304 801
305 821
306 811
307 821
308 827
309 838
310 822
311 827
312 836
313 844
314 831
315 833
316 850
317 841
318 851
319 854
320 850
321 861
322 851
323 851
324 854
325 861
326 859
327 866
328 861
329 872
330 877
331 886
332 869
333 875
334 876
335 886
336 888
337 899
338 886
339 896
340 893
341 904
342 906
343 887
344 904
345 906
346 899
347 912
348 891
349 901
350 902
351 901
352 911
353 913
354 909
355 928
356 918
357 912
358 926
359 919
360 938
361 947
362 939
363 954
364 940
365 947
366 954
367 960
368 954
369 956
370 964
371 979
372 973
373 981
374 997
375 982
376 1001
377 996
378 995
379 1000
380 1004
381 1001
382 1015
383 1005
384 1010
385 1017
386 1012
387 1014
388 1018
389 1029
390 1028
391 1021
392 1023
393 1025
394 1031
395 1035
396 1031
397 1043
398 1046
399 1038
400 1051
401 1058
402 1041
403 1046
404 1050
405 1053
406 1061
407 1070
408 1064
409 1083
410 1077
411 1089
412 1085
413 1093
414 1091
415 1086
416 1103
417 1103
418 1092
419 1105
420 1110
421 1111
422 1116
423 1097
424 1104
425 1107
426 1107
427 1118
428 1125
429 1121
430 1111
431 1119
432 1126
433 1129
434 1145
435 1149
436 1131
437 1141
438 1137
439 1136
440 1149
441 1139
442 1150
443 1151
444 1156
445 1158
446 1160
447 1156
448 1155
449 1159
450 1168
451 1177
452 1163
453 1173
454 1169
455 1171
456 1171
457 1171
458 1172
459 1185
460 1175
461 1185
462 1184
463 1186
464 1201
465 1209
466 1215
467 1220
468 1219
469 1218
470 1229
471 1240
472 1234
473 1236
474 1245
475 1244
476 1250
477 1255
478 1245
479 1262
480 1262
481 1265
482 1268
483 1258
484 1275
485 1264
486 1261
487 1266
488 1276
489 1274
490 1275
491 1280
492 1285
493 1283
494 1292
495 1286
496 1296
497 1313
498 1298
499 1294
500 1304
501 1314
