0 0
1 2
2 22
3 11
4 12
5 15
6 24
7 16
8 25
9 30
10 18
11 27
12 28
13 24
14 31
15 49
16 41
17 40
18 59
19 41
20 46
21 51
22 47
23 51
24 58
25 60
26 77
27 60
28 52
29 67
30 72
31 58
32 54
33 55
34 70
35 75
36 75
37 63
38 60
39 73
40 79
41 76
42 92
43 92
44 101
45 96
46 97
47 93
48 95
49 99
50 109
51 100
52 113
53 109
54 118
55 114
56 111
57 128
58 128
59 130
60 140
61 127
62 137
63 138
64 146
65 143
66 146
67 152
68 156
69 161
70 181
71 159
72 176
73 189
74 179
75 174
76 193
77 186
78 197
79 194
80 202
81 197
82 188
83 203
84 220
85 189
86 200
87 205
88 213
89 198
90 210
91 209
92 209
93 211
94 226
95 227
96 239
97 225
98 242
99 227
100 241
101 258
102 232
103 239
104 241
105 236
106 255
107 241
108 247
109 248
110 252
111 269
112 249
113 261
114 274
115 254
116 255
117 263
118 280
119 279
120 271
121 256
122 257
123 266
124 266
125 267
126 270
127 268
128 283
129 270
130 273
131 287
132 290
133 290
134 294
135 296
136 310
137 302
138 309
139 312
140 326
141 328
142 311
143 329
144 317
145 316
146 330
147 330
148 333
149 332
150 347
151 331
152 342
153 349
154 354
155 332
156 333
157 335
158 353
159 349
160 338
161 345
162 349
163 356
164 368
165 358
166 375
167 376
168 378
169 372
170 360
171 378
172 376
173 381
174 378
175 377
176 392
177 395
178 394
179 407
180 378
181 397
182 397
183 398
184 381
185 397
186 391
187 391
188 395
189 394
190 398
191 410
192 404
193 421
194 409
195 418
196 420
197 411
198 427
199 413
200 418
201 423
202 416
203 433
204 423
205 440
206 433
207 437
208 442
209 441
210 444
211 460
212 458
213 461
214 473
215 461
216 463
217 468
218 486
219 479
220 474
221 476
222 487
223 479
224 483
225 498
226 497
227 506
228 495
229 512
230 496
231 497
232 498
233 512
234 497
235 516
236 516
237 515
238 499
239 501
240 517
241 506
242 512
243 516
244 519
245 526
246 522
247 536
248 528
249 529
250 548
251 559
252 569
253 578
254 549
255 556
256 550
257 555
258 569
259 563
260 576
261 563
262 564
263 579
264 567
265 577
266 581
267 572
268 577
269 580
270 578
271 585
272 584
273 584
274 588
275 588
276 598
277 601
278 604
279 594
280 595
281 604
282 606
283 612
284 613
285 597
286 602
287 605
288 610
289 609
290 618
291 620
292 626
293 636
294 632
295 631
296 644
297 641
298 650
299 632
300 637
301 639
302 650
303 643
304 647
305 643
306 646
307 651
308 649
309 664
310 673
311 691
312 658
313 660
314 676
315 684
316 681
317 666
318 676
319 695
320 682
321 691
322 685
323 686
324 699
325 689
326 695
327 699
328 706
329 701
330 706
331 712
332 718
333 709
334 714
335 724
336 732
337 720
338 726
339 727
340 730
341 745
342 745
343 760
344 739
345 737
346 740
347 742
348 753
349 752
350 741
351 743
352 755
353 761
354 753
355 759
356 762
357 766
358 773
359 763
360 769
361 787
362 797
363 809
364 804
365 813
366 832
367 806
368 818
369 832
370 823
371 816
372 810
373 819
374 828
375 837
376 845
377 834
378 851
379 833
380 846
381 848
382 864
383 872
384 876
385 868
386 887
387 871
388 875
389 876
390 884
391 879
392 887
393 890
394 906
395 897
396 904
397 913
398 927
399 919
400 917
401 935
402 924
403 921
404 926
405 929
406 928
407 937
408 923
409 940
410 946
411 940
412 936
413 956
414 947
415 964
416 973
417 986
418 994
419 1000
420 1013
421 1017
422 1035
423 1018
424 1032
425 1020
426 1027
427 1030
428 1021
429 1033
430 1033
431 1048
432 1039
433 1051
434 1070
435 1046
436 1064
437 1084
438 1065
439 1056
440 1066
441 1060
442 1068
443 1076
444 1073
445 1092
446 1078
447 1077
448 1078
449 1080
450 1099
451 1097
452 1103
453 1092
454 1110
455 1107
456 1109
457 1093
458 1102
459 1096
460 1106
461 1119
462 1135
463 1125
464 1097
465 1108
466 1117
467 1121
468 1119
469 1132
470 1127
471 1131
472 1137
473 1143
474 1136
475 1137
476 1145
477 1151
478 1146
479 1153
480 1156
481 1160
482 1169
483 1170
484 1167
485 1179
486 1161
487 1164
488 1164
489 1170
490 1165
491 1182
492 1178
493 1168
494 1169
495 1186
496 1176
497 1195
498 1201
499 1188
500 1189
501 1200
