0 0
1 1
2 9
3 17
4 16
5 21
6 14
7 29
8 33
9 34
10 38
11 35
12 40
13 43
14 51
15 60
16 41
17 56
18 50
19 59
20 63
21 76
22 64
23 67
24 80
25 83
26 86
27 97
28 112
29 93
30 113
31 130
32 149
33 102
34 114
35 112
36 109
37 117
38 128
39 131
40 116
41 129
42 120
43 121
44 130
45 143
46 125
47 145
48 148
49 140
50 143
51 162
52 159
53 151
54 166
55 158
56 157
57 162
58 177
59 172
60 186
61 182
62 200
63 185
64 199
65 219
66 189
67 205
68 205
69 203
70 211
71 219
72 207
73 219
74 218
75 222
76 225
77 212
78 230
79 228
80 221
81 220
82 227
83 233
84 227
85 233
86 239
87 246
88 238
89 242
90 250
91 256
92 244
93 246
94 245
95 257
96 247
97 259
98 249
99 266
100 259
101 277
102 269
103 251
104 269
105 270
106 276
107 254
108 255
109 265
110 260
111 272
112 264
113 279
114 275
115 274
116 284
117 295
118 295
119 298
120 280
121 293
122 313
123 281
124 284
125 297
126 308
127 308
128 315
129 334
130 345
131 322
132 328
133 328
134 335
135 329
136 337
137 345
138 340
139 331
140 340
141 342
142 345
143 344
144 349
145 357
146 371
147 357
148 367
149 360
150 363
151 376
152 361
153 364
154 376
155 384
156 393
157 395
158 387
159 388
160 399
161 403
162 423
163 433
164 394
165 408
166 403
167 405
168 415
169 420
170 439
171 433
172 433
173 446
174 438
175 439
176 441
177 452
178 439
179 450
180 452
181 469
182 477
183 473
184 452
185 456
186 465
187 484
188 472
189 462
190 462
191 474
192 464
193 466
194 474
195 476
196 483
197 475
198 490
199 480
200 495
201 484
202 499
203 484
204 491
205 504
206 504
207 493
208 506
209 525
210 512
211 521
212 521
213 517
214 522
215 520
216 529
217 539
218 549
219 550
220 558
221 560
222 558
223 568
224 559
225 574
226 573
227 572
228 577
229 586
230 575
231 576
232 592
233 581
234 584
235 585
236 595
237 615
238 628
239 602
240 607
241 617
242 616
243 631
244 630
245 635
246 648
247 648
248 642
249 637
250 643
251 655
252 651
253 666
254 663
255 668
256 673
257 678
258 677
259 676
260 690
261 685
262 704
263 696
264 698
265 709
266 724
267 699
268 713
269 717
270 716
271 706
272 707
273 723
274 725
275 724
276 728
277 730
278 740
279 732
280 743
281 760
282 752
283 753
284 759
285 769
286 772
287 763
288 778
289 778
290 780
291 774
292 785
293 803
294 787
295 789
296 799
297 790
298 798
299 796
300 794
301 805
302 814
303 806
304 798
305 811
306 820
307 811
308 810
309 811
310 829
311 830
312 815
313 821
314 819
315 821
316 823
317 835
318 826
319 828
320 837
321 838
322 834
323 844
324 845
325 853
326 853
327 847
328 863
329 858
330 855
331 861
332 873
333 867
334 886
335 895
336 910
337 914
338 905
339 908
340 913
341 918
342 925
343 945
344 921
345 922
346 923
347 928
348 931
349 925
350 942
351 948
352 962
353 941
354 946
355 958
356 953
357 952
358 956
359 966
360 963
361 980
362 966
363 976
364 964
365 979
366 977
367 991
368 967
369 971
370 978
371 985
372 987
373 975
374 980
375 976
376 979
377 990
378 994
379 992
380 983
381 993
382 1004
383 1000
384 996
385 1007
386 1012
387 1000
388 1004
389 1002
390 1010
391 1003
392 1006
393 1008
394 1026
395 1028
396 1040
397 1016
398 1018
399 1019
400 1024
401 1037
402 1025
403 1038
404 1041
405 1050
406 1057
407 1075
408 1068
409 1059
410 1073
411 1090
412 1092
413 1110
414 1066
415 1074
416 1067
417 1076
418 1080
419 1082
420 1081
421 1085
422 1088
423 1099
424 1108
425 1104
426 1103
427 1105
428 1106
429 1110
430 1107
431 1120
432 1131
433 1126
434 1141
435 1125
436 1130
437 1144
438 1140
439 1146
440 1155
441 1140
442 1153
443 1146
444 1158
445 1153
446 1159
447 1154
448 1158
449 1154
450 1163
451 1156
452 1176
453 1195
454 1174
455 1180
456 1195
457 1189
458 1204
459 1196
460 1190
461 1206
462 1198
463 1212
464 1209
465 1200
466 1203
467 1220
468 1206
469 1204
470 1205
471 1209
472 1208
473 1206
474 1207
475 1216
476 1225
477 1226
478 1208
479 1211
480 1212
481 1222
482 1226
483 1225
484 1240
485 1213
486 1233
487 1231
488 1227
489 1237
490 1244
491 1248
492 1237
493 1239
494 1253
495 1241
496 1248
497 1256
498 1253
499 1244
500 1248
501 1263
