0 0
1 12
2 18
3 22
4 8
5 9
6 22
7 14
8 18
9 36
10 29
11 16
12 29
13 22
14 18
15 20
16 30
17 35
18 31
19 34
20 39
21 54
22 49
23 69
24 43
25 58
26 60
27 69
28 63
29 69
30 63
31 72
32 76
33 71
34 71
35 72
36 81
37 77
38 83
39 88
40 84
41 91
42 94
43 86
44 98
45 98
46 94
47 96
48 104
49 96
50 97
51 114
52 125
53 98
54 106
55 116
56 104
57 112
58 125
59 116
60 109
61 126
62 124
63 126
64 121
65 113
66 120
67 133
68 129
69 129
70 149
71 135
72 152
73 154
74 141
75 146
76 139
77 159
78 143
79 142
80 149
81 155
82 158
83 155
84 158
85 163
86 164
87 170
88 170
89 167
90 173
91 187
92 178
93 174
94 188
95 200
96 220
97 194
98 210
99 216
100 204
101 208
102 224
103 221
104 231
105 244
106 225
107 231
108 237
109 241
110 236
111 232
112 237
113 238
114 252
115 257
116 268
117 276
118 242
119 253
120 257
121 259
122 259
123 252
124 257
125 258
126 271
127 254
128 262
129 270
130 266
131 286
132 282
133 302
134 300
135 311
136 285
137 292
138 303
139 297
140 298
141 308
142 307
143 304
144 322
145 329
146 332
147 308
148 311
149 313
150 313
151 316
152 320
153 322
154 340
155 328
156 329
157 330
158 337
159 340
160 349
161 360
162 369
163 350
164 365
165 360
166 352
167 363
168 372
169 375
170 357
171 366
172 366
173 375
174 376
175 376
176 386
177 385
178 381
179 393
180 412
181 396
182 416
183 402
184 410
185 402
186 403
187 411
188 408
189 428
190 421
191 424
192 424
193 425
194 430
195 429
196 442
197 429
198 437
199 436
200 434
201 446
202 437
203 448
204 457
205 451
206 440
207 447
208 458
209 459
210 460
211 478
212 498
213 489
214 495
215 485
216 504
217 517
218 496
219 495
220 507
221 512
222 513
223 513
224 519
225 519
226 524
227 539
228 555
229 560
230 548
231 562
232 562
233 565
234 566
235 558
236 568
237 565
238 564
239 584
240 564
241 573
242 586
243 579
244 568
245 579
246 581
247 571
248 575
249 589
250 574
251 591
252 610
253 581
254 592
255 590
256 598
257 583
258 600
259 589
260 601
261 619
262 592
263 598
264 612
265 619
266 611
267 616
268 619
269 616
270 631
271 628
272 647
273 647
274 653
275 667
276 633
277 634
278 653
279 652
280 654
281 649
282 663
283 664
284 670
285 659
286 662
287 672
288 689
289 673
290 681
291 677
292 690
293 697
294 685
295 683
296 694
297 702
298 713
299 690
300 710
301 706
302 708
303 709
304 717
305 714
306 731
307 731
308 737
309 730
310 732
311 746
312 733
313 749
314 749
315 749
316 754
317 760
318 766
319 765
320 768
321 780
322 773
323 772
324 772
325 775
326 777
327 783
328 792
329 792
330 796
331 804
332 801
333 809
334 811
335 814
336 825
337 813
338 821
339 818
340 825
341 825
342 838
343 838
344 851
345 833
346 835
347 834
348 853
349 836
350 850
351 837
352 847
353 848
354 859
355 877
356 880
357 871
358 851
359 857
360 858
361 869
362 866
363 878
364 875
365 882
366 885
367 890
368 894
369 888
370 890
371 897
372 904
373 900
374 898
375 891
376 894
377 904
378 923
379 900
380 907
381 908
382 916
383 918
384 937
385 927
386 912
387 929
388 918
389 913
390 927
391 940
392 943
393 948
394 951
395 960
396 954
397 965
398 958
399 973
400 964
401 967
402 971
403 973
404 977
405 980
406 973
407 978
408 974
409 986
410 979
411 987
412 992
413 984
414 1004
415 1024
416 988
417 1003
418 991
419 999
420 998
421 996
422 1011
423 1010
424 1019
425 1001
426 999
427 1001
428 1007
429 1017
430 1033
431 1032
432 1022
433 1031
434 1025
435 1033
436 1025
437 1039
438 1035
439 1034
440 1032
441 1028
442 1047
443 1034
444 1039
445 1048
446 1058
447 1063
448 1050
449 1057
450 1069
451 1062
452 1055
453 1075
454 1070
455 1067
456 1086
457 1074
458 1091
459 1075
460 1080
461 1090
462 1089
463 1099
464 1084
465 1101
466 1101
467 1088
468 1104
469 1094
470 1111
471 1105
472 1114
473 1118
474 1111
475 1112
476 1124
477 1126
478 1124
479 1117
480 1120
481 1129
482 1131
483 1149
484 1122
485 1123
486 1139
487 1134
488 1139
489 1140
490 1146
491 1144
492 1149
493 1145
494 1151
495 1163
496 1155
497 1152
498 1169
499 1159
500 1158
501 1178
