0 0
1 7
2 19
3 32
4 47
5 63
6 67
7 55
8 75
9 92
10 61
11 77
12 81
13 75
14 68
15 74
16 81
17 90
18 91
19 107
20 76
21 80
22 90
23 96
24 97
25 99
26 106
27 113
28 113
29 132
30 126
31 131
32 137
33 129
34 137
35 130
36 136
37 141
38 144
39 156
40 156
41 176
42 150
43 158
44 164
45 156
46 152
47 164
48 166
49 164
50 179
51 161
52 171
53 163
54 163
55 180
56 195
57 213
58 220
59 222
60 193
61 206
62 217
63 210
64 207
65 209
66 224
67 215
68 233
69 224
70 226
71 237
72 234
73 235
74 235
75 240
76 243
77 247
78 241
79 260
80 258
81 242
82 260
83 255
84 254
85 258
86 265
87 256
88 266
89 283
90 257
91 268
92 259
93 266
94 278
95 284
96 294
97 286
98 301
99 290
100 302
101 309
102 310
103 307
104 293
105 312
106 321
107 326
108 337
109 331
110 331
111 339
112 347
113 344
114 351
115 345
116 362
117 345
118 362
119 350
120 362
121 378
122 351
123 367
124 365
125 355
126 360
127 373
128 358
129 367
130 373
131 361
132 375
133 372
134 383
135 403
136 362
137 380
138 377
139 397
140 389
141 394
142 397
143 409
144 419
145 423
146 415
147 421
148 431
149 446
150 429
151 447
152 434
153 437
154 439
155 459
156 436
157 454
158 439
159 446
160 464
161 444
162 442
163 450
164 451
165 458
166 461
167 478
168 497
169 463
170 467
171 480
172 482
173 472
174 466
175 478
176 473
177 469
178 471
179 485
180 474
181 478
182 483
183 484
184 485
185 499
186 496
187 495
188 503
189 511
190 509
191 514
192 526
193 513
194 518
195 519
196 535
197 532
198 529
199 543
200 544
201 554
202 535
203 554
204 536
205 553
206 555
207 572
208 583
209 580
210 586
211 580
212 596
213 587
214 593
215 583
216 596
217 599
218 597
219 588
220 602
221 607
222 591
223 600
224 610
225 603
226 611
227 619
228 613
229 628
230 624
231 620
232 635
233 615
234 635
235 635
236 617
237 624
238 621
239 633
240 627
241 634
242 625
243 635
244 637
245 635
246 646
247 643
248 649
249 651
250 648
251 659
252 665
253 665
254 666
255 657
256 676
257 661
258 665
259 664
260 668
261 667
262 677
263 665
264 670
265 667
266 679
267 677
268 682
269 673
270 683
271 699
272 678
273 691
274 696
275 706
276 694
277 706
278 709
279 702
280 705
281 718
282 704
283 714
284 722
285 719
286 723
287 719
288 717
289 726
290 731
291 742
292 721
293 733
294 733
295 735
296 728
297 746
298 741
299 743
300 759
301 742
302 746
303 754
304 756
305 753
306 759
307 761
308 768
309 776
310 792
311 784
312 798
313 804
314 824
315 796
316 797
317 806
318 816
319 810
320 798
321 813
322 810
323 825
324 845
325 857
326 819
327 819
328 831
329 838
330 829
331 825
332 845
333 852
334 843
335 859
336 854
337 858
338 850
339 859
340 869
341 886
342 874
343 864
344 875
345 865
346 867
347 885
348 878
349 874
350 880
351 882
352 886
353 902
354 885
355 887
356 894
357 904
358 893
359 895
360 905
361 914
362 921
363 936
364 931
365 928
366 926
367 936
368 939
369 941
370 937
371 956
372 942
373 946
374 958
375 972
376 944
377 943
378 955
379 949
380 948
381 955
382 966
383 959
384 965
385 962
386 967
387 983
388 963
389 981
390 973
391 982
392 984
393 977
394 988
395 979
396 982
397 983
398 995
399 992
400 998
401 1010
402 1000
403 996
404 1011
405 1003
406 1012
407 1004
408 1015
409 1022
410 1005
411 1012
412 1006
413 1016
414 1019
415 1037
416 1034
417 1034
418 1026
419 1040
420 1044
421 1037
422 1053
423 1040
424 1054
425 1048
426 1040
427 1055
428 1055
429 1064
430 1078
431 1071
432 1075
433 1084
434 1080
435 1087
436 1095
437 1093
438 1094
439 1088
440 1094
441 1095
442 1092
443 1101
444 1092
445 1093
446 1107
447 1099
448 1109
449 1106
450 1116
451 1105
452 1115
453 1121
454 1139
455 1119
456 1122
457 1120
458 1136
459 1147
460 1138
461 1148
462 1159
463 1141
464 1143
465 1156
466 1143
467 1149
468 1158
469 1166
470 1163
471 1178
472 1168
473 1170
474 1170
475 1180
476 1171
477 1184
478 1183
479 1197
480 1196
481 1174
482 1183
483 1186
484 1188
485 1187
486 1202
487 1199
488 1206
489 1197
490 1203
491 1201
492 1205
493 1213
494 1214
495 1218
496 1206
497 1210
498 1214
499 1225
500 1220
501 1226
