0 0
1 5
2 25
3 30
4 20
5 24
6 22
7 39
8 24
9 23
10 33
11 33
12 25
13 34
14 28
15 33
16 53
17 44
18 53
19 62
20 61
21 55
22 69
23 63
24 71
25 60
26 77
27 92
28 82
29 86
30 84
31 89
32 91
33 97
34 108
35 96
36 105
37 115
38 107
39 113
40 109
41 115
42 113
43 124
44 144
45 144
46 149
47 150
48 162
49 165
50 167
51 178
52 187
53 174
54 179
55 194
56 176
57 180
58 179
59 180
60 191
61 190
62 186
63 200
64 202
65 199
66 209
67 205
68 217
69 235
70 238
71 230
72 247
73 223
74 225
75 225
76 235
77 239
78 237
79 248
80 238
81 246
82 246
83 245
84 256
85 253
86 264
87 256
88 266
89 271
90 273
91 274
92 275
93 291
94 282
95 293
96 303
97 291
98 304
99 305
100 311
101 324
102 326
103 307
104 322
105 309
106 315
107 327
108 311
109 328
110 319
111 324
112 323
113 331
114 334
115 334
116 336
117 352
118 341
119 347
120 345
121 358
122 346
123 364
124 349
125 366
126 369
127 350
128 362
129 357
130 370
131 371
132 374
133 375
134 390
135 385
136 391
137 387
138 401
139 389
140 404
141 399
142 406
143 422
144 427
145 429
146 442
147 414
148 419
149 434
150 436
151 444
152 417
153 436
154 440
155 441
156 428
157 423
158 433
159 436
160 434
161 449
162 463
163 453
164 454
165 473
166 455
167 454
168 467
169 457
170 455
171 458
172 476
173 480
174 462
175 473
176 480
177 476
178 476
179 485
180 493
181 478
182 487
183 491
184 494
185 498
186 497
187 515
188 506
189 517
190 523
191 515
192 527
193 527
194 523
195 528
196 548
197 532
198 524
199 537
200 529
201 536
202 535
203 533
204 537
205 555
206 538
207 541
208 540
209 549
210 548
211 563
212 555
213 567
214 560
215 579
216 589
217 593
218 599
219 608
220 599
221 604
222 611
223 617
224 618
225 618
226 623
227 620
228 633
229 637
230 653
231 646
232 660
233 648
234 666
235 649
236 661
237 651
238 651
239 654
240 655
241 657
242 659
243 655
244 664
245 660
246 663
247 665
248 674
249 665
250 673
251 677
252 674
253 667
254 669
255 682
256 687
257 698
258 683
259 692
260 703
261 702
262 720
263 708
264 709
265 724
266 724
267 720
268 738
269 723
270 734
271 724
272 743
273 762
274 738
275 754
276 754
277 759
278 775
279 767
280 761
281 764
282 778
283 796
284 781
285 788
286 785
287 797
288 794
289 788
290 795
291 789
292 803
293 800
294 808
295 805
296 817
297 821
298 813
299 823
300 810
301 815
302 825
303 839
304 826
305 820
306 827
307 831
308 829
309 827
310 836
311 840
312 841
313 830
314 849
315 843
316 834
317 852
318 866
319 855
320 857
321 856
322 866
323 883
324 861
325 868
326 878
327 870
328 889
329 871
330 888
331 875
332 888
333 889
334 892
335 884
336 887
337 892
338 906
339 908
340 891
341 906
342 906
343 897
344 910
345 902
346 901
347 902
348 910
349 918
350 933
351 909
352 915
353 923
354 920
355 937
356 932
357 940
358 934
359 951
360 939
361 947
362 942
363 942
364 948
365 952
366 962
367 974
368 951
369 963
370 970
371 987
372 994
373 976
374 988
375 983
376 989
377 1001
378 1003
379 988
380 997
381 993
382 1008
383 1010
384 1017
385 1006
386 1012
387 1012
388 1017
389 1029
390 1020
391 1036
392 1028
393 1029
394 1027
395 1028
396 1040
397 1044
398 1047
399 1047
400 1041
401 1044
402 1047
403 1057
404 1048
405 1052
406 1057
407 1066
408 1050
409 1063
410 1054
411 1055
412 1060
413 1059
414 1070
415 1070
416 1065
417 1070
418 1082
419 1098
420 1076
421 1069
422 1072
423 1074
424 1079
425 1091
426 1079
427 1081
428 1082
429 1088
430 1082
431 1089
432 1089
433 1105
434 1110
435 1117
436 1130
437 1127
438 1108
439 1115
440 1111
441 1122
442 1127
443 1118
444 1115
445 1126
446 1119
447 1129
448 1135
449 1133
450 1145
451 1134
452 1144
453 1162
454 1151
455 1168
456 1137
457 1142
458 1152
459 1144
460 1156
461 1153
462 1151
463 1168
464 1177
465 1167
466 1186
467 1193
468 1198
469 1205
470 1222
471 1204
472 1219
473 1214
474 1212
475 1220
476 1213
477 1228
478 1232
479 1245
480 1239
481 1244
482 1243
483 1241
484 1246
485 1255
486 1244
487 1256
488 1245
489 1257
490 1258
491 1247
492 1256
493 1247
494 1267
495 1249
496 1256
497 1258
498 1264
499 1251
500 1262
501 1265
