0 0
1 1
2 11
3 13
4 18
5 28
6 14
7 30
8 39
9 17
10 34
11 36
12 48
13 29
14 49
15 33
16 31
17 40
18 44
19 48
20 41
21 45
22 46
23 42
24 43
25 51
26 63
27 46
28 50
29 60
30 64
31 66
32 66
33 70
34 81
35 74
36 82
37 97
38 90
39 100
40 84
41 86
42 98
43 109
44 94
45 97
46 109
47 104
48 106
49 112
50 118
51 114
52 126
53 130
54 116
55 125
56 129
57 136
58 136
59 128
60 140
61 133
62 135
63 145
64 145
65 134
66 149
67 161
68 154
69 171
70 167
71 174
72 184
73 185
74 190
75 182
76 190
77 191
78 192
79 205
80 212
81 209
82 202
83 201
84 212
85 223
86 231
87 214
88 217
89 229
90 229
91 239
92 257
93 224
94 240
95 257
96 233
97 242
98 242
99 235
100 238
101 247
102 245
103 247
104 240
105 244
106 256
107 270
108 256
109 262
110 246
111 265
112 248
113 265
114 267
115 273
116 270
117 259
118 265
119 269
120 274
121 271
122 272
123 290
124 281
125 275
126 282
127 290
128 279
129 289
130 284
131 296
132 298
133 307
134 302
135 319
136 319
137 339
138 331
139 336
140 333
141 338
142 334
143 338
144 345
145 337
146 346
147 356
148 362
149 372
150 366
151 373
152 383
153 373
154 373
155 393
156 380
157 388
158 395
159 389
160 396
161 382
162 386
163 391
164 400
165 394
166 404
167 405
168 412
169 407
170 424
171 408
172 418
173 426
174 411
175 416
176 412
177 423
178 419
179 425
180 416
181 433
182 429
183 434
184 425
185 428
186 437
187 440
188 445
189 452
190 450
191 450
192 452
193 470
194 474
195 484
196 499
197 502
198 513
199 523
200 498
201 515
202 499
203 513
204 508
205 525
206 528
207 516
208 514
209 529
210 521
211 534
212 552
213 554
214 555
215 555
216 564
217 570
218 559
219 574
220 579
221 576
222 584
223 576
224 580
225 585
226 595
227 588
228 594
229 599
230 608
231 618
232 623
233 613
234 618
235 635
236 640
237 642
238 656
239 648
240 646
241 652
242 667
243 664
244 660
245 675
246 673
247 678
248 676
249 687
250 681
251 693
252 682
253 679
254 683
255 691
256 682
257 692
258 686
259 685
260 704
261 692
262 699
263 703
264 710
265 724
266 720
267 728
268 724
269 736
270 731
271 732
272 748
273 760
274 747
275 755
276 736
277 743
278 745
279 740
280 747
281 760
282 741
283 746
284 751
285 762
286 759
287 744
288 764
289 770
290 762
291 766
292 776
293 790
294 766
295 771
296 779
297 776
298 779
299 780
300 793
301 784
302 783
303 803
304 799
305 789
306 799
307 808
308 802
309 815
310 811
311 826
312 815
313 807
314 817
315 808
316 827
317 823
318 831
319 846
320 835
321 835
322 845
323 836
324 842
325 836
326 838
327 841
328 853
329 858
330 855
331 845
332 860
333 852
334 861
335 865
336 855
337 862
338 869
339 877
340 858
341 865
342 871
343 865
344 868
345 882
346 868
347 870
348 868
349 886
350 900
351 872
352 877
353 878
354 882
355 884
356 897
357 880
358 888
359 897
360 900
361 890
362 896
363 900
364 904
365 898
366 900
367 902
368 901
369 902
370 919
371 920
372 922
373 910
374 927
375 922
376 914
377 922
378 922
379 921
380 938
381 940
382 925
383 944
384 926
385 932
386 936
387 936
388 933
389 936
390 944
391 947
392 963
393 962
394 953
395 955
396 955
397 968
398 984
399 966
400 980
401 974
402 992
403 973
404 991
405 982
406 986
407 983
408 997
409 990
410 992
411 1001
412 999
413 995
414 1014
415 1028
416 1010
417 1026
418 1020
419 1027
420 1014
421 1029
422 1019
423 1020
424 1023
425 1021
426 1031
427 1042
428 1051
429 1059
430 1051
431 1055
432 1070
433 1084
434 1069
435 1083
436 1072
437 1084
438 1078
439 1074
440 1084
441 1090
442 1092
443 1084
444 1095
445 1093
446 1101
447 1112
448 1103
449 1108
450 1116
451 1116
452 1118
453 1126
454 1126
455 1144
456 1139
457 1132
458 1152
459 1140
460 1148
461 1139
462 1141
463 1154
464 1168
465 1183
466 1142
467 1145
468 1152
469 1163
470 1159
471 1158
472 1166
473 1157
474 1161
475 1168
476 1177
477 1193
478 1184
479 1193
480 1184
481 1201
482 1199
483 1217
484 1194
485 1210
486 1212
487 1213
488 1230
489 1220
490 1233
491 1217
492 1231
493 1235
494 1227
495 1244
496 1246
497 1242
498 1261
499 1258
500 1253
501 1257
