0 0
1 4
2 12
3 13
4 18
5 28
6 38
7 16
8 25
9 44
10 60
11 41
12 60
13 44
14 43
15 49
16 61
17 62
18 54
19 54
20 74
21 62
22 71
23 55
24 55
25 70
26 74
27 60
28 72
29 72
30 79
31 63
32 75
33 80
34 68
35 87
36 90
37 108
38 82
39 91
40 83
41 94
42 88
43 101
44 86
45 106
46 87
47 101
48 100
49 96
50 115
51 128
52 112
53 132
54 120
55 128
56 136
57 146
58 156
59 161
60 147
61 164
62 154
63 153
64 166
65 163
66 161
67 157
68 173
69 171
70 158
71 171
72 181
73 186
74 174
75 180
76 183
77 175
78 193
79 178
80 189
81 191
82 205
83 190
84 187
85 195
86 211
87 201
88 211
89 218
90 232
91 252
92 222
93 225
94 242
95 262
96 244
97 226
98 234
99 230
100 238
101 249
102 240
103 232
104 242
105 249
106 245
107 256
108 242
109 261
110 259
111 277
112 265
113 276
114 268
115 277
116 273
117 278
118 291
119 297
120 287
121 301
122 292
123 296
124 299
125 293
126 308
127 313
128 313
129 299
130 312
131 326
132 307
133 319
134 308
135 315
136 326
137 333
138 330
139 337
140 343
141 354
142 343
143 355
144 361
145 371
146 362
147 367
148 365
149 381
150 367
151 380
152 375
153 374
154 388
155 379
156 381
157 399
158 407
159 410
160 419
161 411
162 416
163 416
164 419
165 413
166 414
167 425
168 419
169 432
170 442
171 430
172 438
173 446
174 444
175 460
176 478
177 460
178 453
179 466
180 461
181 462
182 479
183 479
184 482
185 473
186 477
187 477
188 493
189 496
190 496
191 509
192 500
193 497
194 506
195 516
196 511
197 515
198 522
199 522
200 528
201 532
202 538
203 531
204 545
205 551
206 537
207 544
208 545
209 543
210 544
211 560
212 558
213 560
214 559
215 572
216 564
217 578
218 568
219 569
220 566
221 581
222 569
223 583
224 591
225 588
226 589
227 591
228 598
229 606
230 592
231 595
232 599
233 608
234 602
235 600
236 613
237 616
238 616
239 629
240 629
241 629
242 648
243 625
244 642
245 661
246 626
247 626
248 639
249 631
250 637
251 648
252 642
253 646
254 659
255 664
256 676
257 669
258 666
259 676
260 681
261 700
262 696
263 694
264 709
265 687
266 706
267 699
268 703
269 692
270 705
271 710
272 707
273 719
274 713
275 710
276 725
277 714
278 725
279 729
280 739
281 738
282 716
283 732
284 728
285 741
286 757
287 722
288 731
289 735
290 728
291 739
292 737
293 757
294 735
295 749
296 736
297 739
298 744
299 754
300 741
301 746
302 740
303 748
304 752
305 747
306 758
307 759
308 760
309 764
310 775
311 774
312 761
313 762
314 769
315 774
316 774
317 793
318 779
319 781
320 783
321 795
322 801
323 796
324 798
325 800
326 806
327 812
328 812
329 816
330 825
331 836
332 837
333 825
334 840
335 826
336 827
337 839
338 834
339 842
340 840
341 842
342 852
343 847
344 846
345 863
346 859
347 867
348 863
349 876
350 871
351 888
352 871
353 876
354 891
355 908
356 896
357 905
358 881
359 901
360 897
361 886
362 893
363 900
364 899
365 919
366 917
367 923
368 902
369 903
370 910
371 923
372 942
373 926
374 917
375 937
376 930
377 920
378 934
379 927
380 921
381 932
382 925
383 928
384 932
385 945
386 941
387 937
388 954
389 963
390 950
391 944
392 957
393 962
394 946
395 966
396 947
397 966
398 969
399 986
400 951
401 958
402 961
403 966
404 959
405 961
406 978
407 976
408 965
409 970
410 972
411 981
412 998
413 978
414 992
415 979
416 996
417 983
418 985
419 981
420 994
421 997
422 1004
423 982
424 984
425 999
426 985
427 988
428 992
429 999
430 990
431 1004
432 999
433 995
434 995
435 1011
436 1015
437 1016
438 996
439 1000
440 1006
441 1003
442 1014
443 1004
444 1016
445 1028
446 1021
447 1010
448 1016
449 1015
450 1035
451 1034
452 1047
453 1053
454 1039
455 1043
456 1041
457 1045
458 1042
459 1049
460 1056
461 1062
462 1058
463 1060
464 1054
465 1070
466 1060
467 1065
468 1058
469 1071
470 1067
471 1072
472 1092
473 1064
474 1072
475 1086
476 1105
477 1077
478 1086
479 1101
480 1095
481 1098
482 1088
483 1089
484 1089
485 1108
486 1089
487 1100
488 1107
489 1111
490 1117
491 1116
492 1109
493 1118
494 1113
495 1126
496 1114
497 1129
498 1129
499 1115
500 1130
501 1120
