0 0
1 4
2 2
3 3
4 6
5 15
6 22
7 22
8 16
9 8
10 22
11 26
12 14
13 24
14 22
15 17
16 22
17 36
18 36
19 25
20 39
21 36
22 43
23 45
24 37
25 53
26 44
27 48
28 45
29 49
30 60
31 55
32 64
33 79
34 72
35 83
36 69
37 77
38 72
39 73
40 83
41 83
42 77
43 91
44 92
45 97
46 99
47 100
48 103
49 122
50 100
51 108
52 112
53 131
54 122
55 118
56 135
57 129
58 123
59 124
60 128
61 127
62 127
63 143
64 133
65 140
66 137
67 152
68 138
69 144
70 146
71 144
72 140
73 154
74 146
75 160
76 157
77 154
78 159
79 159
80 177
81 184
82 193
83 169
84 189
85 182
86 176
87 177
88 179
89 192
90 198
91 208
92 204
93 212
94 208
95 216
96 228
97 214
98 227
99 217
100 224
101 225
102 229
103 218
104 232
105 227
106 235
107 237
108 232
109 245
110 247
111 243
112 247
113 257
114 263
115 264
116 276
117 270
118 261
119 281
120 268
121 269
122 286
123 287
124 277
125 289
126 293
127 294
128 281
129 287
130 288
131 293
132 294
133 282
134 296
135 306
136 302
137 285
138 288
139 287
140 296
141 298
142 289
143 290
144 304
145 309
146 296
147 298
148 301
149 310
150 308
151 318
152 321
153 337
154 322
155 335
156 338
157 345
158 327
159 336
160 351
161 328
162 330
163 342
164 339
165 329
166 338
167 332
168 348
169 345
170 359
171 352
172 359
173 354
174 346
175 350
176 355
177 362
178 362
179 352
180 366
181 362
182 353
183 355
184 370
185 374
186 372
187 389
188 386
189 396
190 386
191 388
192 390
193 398
194 412
195 419
196 391
197 411
198 415
199 429
200 413
201 417
202 415
203 424
204 438
205 445
206 440
207 441
208 437
209 445
210 464
211 453
212 456
213 454
214 460
215 468
216 469
217 482
218 478
219 479
220 497
221 489
222 497
223 506
224 508
225 490
226 492
227 508
228 495
229 497
230 501
231 512
232 520
233 532
234 519
235 535
236 542
237 535
238 546
239 566
240 553
241 553
242 556
243 565
244 563
245 563
246 559
247 566
248 579
249 568
250 564
251 566
252 573
253 581
254 584
255 584
256 581
257 583
258 593
259 610
260 627
261 630
262 612
263 630
264 627
265 614
266 632
267 619
268 622
269 631
270 628
271 636
272 626
273 636
274 651
275 646
276 665
277 653
278 647
279 650
280 653
281 667
282 659
283 668
284 672
285 675
286 686
287 684
288 703
289 698
290 712
291 725
292 723
293 735
294 729
295 737
296 746
297 737
298 754
299 743
300 746
301 762
302 776
303 748
304 752
305 755
306 751
307 757
308 769
309 766
310 765
311 784
312 787
313 782
314 793
315 788
316 800
317 802
318 807
319 826
320 838
321 807
322 813
323 816
324 820
325 836
326 812
327 827
328 817
329 821
330 817
331 837
332 821
333 830
334 838
335 837
336 831
337 835
338 841
339 854
340 846
341 864
342 872
343 855
344 865
345 874
346 873
347 892
348 874
349 893
350 883
351 897
352 916
353 894
354 897
355 912
356 908
357 915
358 925
359 924
360 943
361 955
362 971
363 944
364 950
365 965
366 959
367 952
368 967
369 959
370 979
371 972
372 970
373 972
374 972
375 985
376 975
377 984
378 989
379 992
380 1004
381 1006
382 994
383 998
384 995
385 998
386 1010
387 995
388 997
389 1012
390 1013
391 1014
392 1004
393 1012
394 1019
395 1009
396 1015
397 1016
398 1017
399 1025
400 1035
401 1022
402 1036
403 1031
404 1051
405 1041
406 1042
407 1046
408 1052
409 1065
410 1057
411 1061
412 1069
413 1070
414 1077
415 1092
416 1086
417 1095
418 1105
419 1085
420 1094
421 1095
422 1110
423 1092
424 1109
425 1105
426 1095
427 1114
428 1107
429 1102
430 1111
431 1129
432 1130
433 1133
434 1128
435 1144
436 1160
437 1143
438 1129
439 1137
440 1136
441 1142
442 1149
443 1130
444 1138
445 1143
446 1152
447 1143
448 1157
449 1151
450 1155
451 1168
452 1173
453 1165
454 1185
455 1204
456 1221
457 1172
458 1175
459 1182
460 1195
461 1185
462 1186
463 1198
464 1186
465 1198
466 1203
467 1218
468 1216
469 1222
470 1214
471 1215
472 1224
473 1239
474 1219
475 1237
476 1239
477 1238
478 1235
479 1236
480 1249
481 1242
482 1241
483 1250
484 1254
485 1250
486 1258
487 1254
488 1273
489 1261
490 1265
491 1272
492 1264
493 1273
494 1269
495 1270
496 1281
497 1278
498 1271
499 1287
500 1289
501 1284
