0 0
1 14
2 2
3 12
4 5
5 10
6 18
7 23
8 10
9 11
10 22
11 21
12 36
13 40
14 51
15 64
16 29
17 49
18 31
19 47
20 35
21 41
22 52
23 40
24 41
25 54
26 46
27 47
28 43
29 56
30 75
31 47
32 58
33 63
34 49
35 68
36 67
37 85
38 86
39 66
40 79
41 68
42 74
43 76
44 80
45 72
46 83
47 90
48 99
49 75
50 90
51 86
52 94
53 77
54 85
55 85
56 86
57 105
58 114
59 89
60 92
61 102
62 102
63 110
64 101
65 121
66 121
67 137
68 149
69 126
70 144
71 148
72 132
73 138
74 142
75 149
76 142
77 157
78 147
79 155
80 157
81 164
82 171
83 185
84 183
85 186
86 198
87 201
88 212
89 232
90 214
91 218
92 212
93 219
94 220
95 215
96 231
97 216
98 224
99 231
100 250
101 221
102 222
103 228
104 241
105 241
106 238
107 225
108 242
109 249
110 235
111 234
112 248
113 250
114 270
115 250
116 251
117 264
118 280
119 263
120 280
121 273
122 280
123 285
124 293
125 299
126 292
127 293
128 310
129 298
130 301
131 310
132 307
133 309
134 310
135 313
136 315
137 318
138 321
139 330
140 322
141 331
142 340
143 333
144 323
145 340
146 336
147 333
148 348
149 343
150 351
151 344
152 350
153 353
154 361
155 381
156 355
157 358
158 374
159 367
160 381
161 360
162 378
163 368
164 374
165 377
166 385
167 387
168 384
169 389
170 391
171 396
172 404
173 417
174 433
175 405
176 422
177 429
178 421
179 424
180 429
181 433
182 440
183 439
184 443
185 461
186 448
187 468
188 469
189 449
190 458
191 457
192 475
193 469
194 484
195 476
196 480
197 494
198 491
199 509
200 503
201 518
202 520
203 526
204 505
205 519
206 506
207 511
208 511
209 515
210 521
211 527
212 519
213 539
214 528
215 530
216 537
217 534
218 534
219 545
220 546
221 539
222 543
223 543
224 542
225 558
226 541
227 547
228 559
229 550
230 545
231 547
232 557
233 557
234 559
235 574
236 568
237 569
238 561
239 563
240 564
241 568
242 578
243 564
244 575
245 565
246 578
247 584
248 582
249 583
250 589
251 606
252 601
253 608
254 605
255 616
256 610
257 610
258 614
259 630
260 616
261 611
262 626
263 633
264 616
265 619
266 636
267 620
268 625
269 632
270 623
271 628
272 625
273 637
274 655
275 638
276 653
277 645
278 654
279 646
280 649
281 663
282 665
283 682
284 669
285 671
286 686
287 671
288 674
289 675
290 690
291 674
292 687
293 701
294 675
295 689
296 695
297 677
298 697
299 694
300 693
301 697
302 704
303 696
304 700
305 706
306 715
307 697
308 701
309 709
310 710
311 700
312 713
313 714
314 729
315 705
316 710
317 724
318 715
319 716
320 711
321 724
322 714
323 715
324 718
325 720
326 721
327 731
328 735
329 728
330 740
331 733
332 735
333 739
334 758
335 745
336 755
337 770
338 751
339 760
340 761
341 757
342 758
343 770
344 764
345 777
346 782
347 771
348 777
349 777
350 779
351 794
352 778
353 798
354 779
355 792
356 782
357 790
358 787
359 796
360 793
361 794
362 797
363 805
364 812
365 811
366 795
367 803
368 813
369 814
370 802
371 806
372 806
373 816
374 814
375 819
376 820
377 838
378 839
379 859
380 854
381 821
382 838
383 822
384 826
385 841
386 822
387 825
388 844
389 826
390 829
391 842
392 843
393 850
394 828
395 835
396 839
397 847
398 844
399 852
400 853
401 855
402 845
403 856
404 863
405 875
406 854
407 865
408 870
409 880
410 889
411 882
412 876
413 887
414 889
415 905
416 877
417 890
418 881
419 888
420 893
421 898
422 913
423 912
424 893
425 906
426 907
427 898
428 897
429 913
430 921
431 916
432 912
433 914
434 913
435 929
436 926
437 919
438 922
439 933
440 936
441 952
442 947
443 942
444 950
445 953
446 953
447 965
448 960
449 951
450 965
451 955
452 965
453 958
454 969
455 970
456 988
457 976
458 984
459 992
460 978
461 980
462 990
463 991
464 987
465 989
466 1005
467 1004
468 996
469 1004
470 1019
471 1024
472 1006
473 1021
474 1021
475 1026
476 1025
477 1045
478 1026
479 1033
480 1034
481 1051
482 1065
483 1030
484 1050
485 1060
486 1055
487 1036
488 1055
489 1063
490 1039
491 1048
492 1056
493 1053
494 1055
495 1068
496 1063
497 1057
498 1062
499 1062
500 1063
501 1062
