0 0
1 1
2 3
3 20
4 19
5 7
6 20
7 39
8 26
9 23
10 27
11 31
12 40
13 39
14 38
15 51
16 70
17 39
18 50
19 47
20 56
21 49
22 53
23 55
24 52
25 54
26 54
27 66
28 69
29 70
30 83
31 59
32 62
33 67
34 71
35 65
36 69
37 75
38 76
39 90
40 86
41 95
42 102
43 120
44 87
45 101
46 108
47 97
48 94
49 99
50 111
51 109
52 122
53 123
54 110
55 123
56 111
57 125
58 116
59 126
60 130
61 134
62 140
63 128
64 141
65 150
66 141
67 145
68 141
69 156
70 148
71 158
72 160
73 174
74 171
75 173
76 188
77 163
78 166
79 179
80 190
81 207
82 169
83 186
84 201
85 195
86 196
87 215
88 205
89 225
90 210
91 212
92 229
93 237
94 223
95 229
96 241
97 240
98 227
99 246
100 244
101 260
102 259
103 231
104 236
105 246
106 245
107 240
108 245
109 241
110 248
111 257
112 253
113 265
114 267
115 265
116 269
117 277
118 282
119 291
120 276
121 296
122 285
123 291
124 281
125 281
126 289
127 293
128 308
129 285
130 296
131 296
132 304
133 297
134 309
135 313
136 324
137 316
138 301
139 306
140 302
141 305
142 310
143 319
144 310
145 317
146 323
147 319
148 330
149 348
150 335
151 328
152 339
153 332
154 344
155 331
156 346
157 344
158 352
159 356
160 359
161 363
162 369
163 357
164 369
165 369
166 372
167 377
168 376
169 372
170 391
171 374
172 385
173 384
174 395
175 386
176 388
177 400
178 405
179 409
180 394
181 414
182 402
183 408
184 422
185 413
186 405
187 404
188 410
189 405
190 416
191 411
192 428
193 441
194 417
195 418
196 437
197 433
198 422
199 426
200 432
201 428
202 442
203 455
204 446
205 443
206 445
207 459
208 451
209 461
210 459
211 460
212 466
213 476
214 473
215 473
216 484
217 488
218 479
219 475
220 480
221 495
222 476
223 480
224 486
225 491
226 479
227 498
228 497
229 498
230 517
231 499
232 517
233 499
234 517
235 531
236 515
237 515
238 532
239 522
240 524
241 532
242 543
243 558
244 564
245 530
246 533
247 540
248 538
249 536
250 551
251 562
252 580
253 562
254 565
255 568
256 568
257 567
258 579
259 567
260 574
261 592
262 587
263 593
264 600
265 601
266 590
267 599
268 609
269 595
270 604
271 614
272 612
273 624
274 640
275 611
276 615
277 622
278 628
279 638
280 622
281 630
282 626
283 640
284 628
285 644
286 631
287 635
288 639
289 643
290 638
291 656
292 648
293 643
294 663
295 658
296 666
297 672
298 666
299 675
300 670
301 684
302 672
303 682
304 675
305 681
306 682
307 687
308 692
309 699
310 685
311 697
312 703
313 691
314 702
315 713
316 714
317 699
318 715
319 720
320 716
321 703
322 712
323 704
324 711
325 715
326 716
327 712
328 717
329 723
330 733
331 727
332 742
333 741
334 744
335 731
336 750
337 764
338 737
339 756
340 776
341 775
342 782
343 800
344 777
345 785
346 780
347 795
348 781
349 782
350 799
351 800
352 816
353 820
354 829
355 828
356 829
357 833
358 823
359 825
360 832
361 837
362 846
363 843
364 853
365 863
366 852
367 851
368 857
369 865
370 864
371 859
372 873
373 870
374 870
375 860
376 866
377 869
378 874
379 880
380 875
381 891
382 894
383 885
384 886
385 901
386 890
387 899
388 894
389 904
390 907
391 927
392 916
393 927
394 939
395 950
396 931
397 944
398 946
399 951
400 954
401 972
402 982
403 982
404 1001
405 988
406 999
407 984
408 988
409 994
410 993
411 1000
412 987
413 1004
414 995
415 999
416 1011
417 1007
418 1008
419 1008
420 1001
421 1012
422 1009
423 1004
424 1022
425 1037
426 1023
427 1040
428 1006
429 1014
430 1020
431 1021
432 1018
433 1020
434 1033
435 1028
436 1042
437 1047
438 1050
439 1036
440 1037
441 1039
442 1050
443 1052
444 1055
445 1052
446 1044
447 1055
448 1048
449 1060
450 1062
451 1058
452 1059
453 1071
454 1078
455 1088
456 1084
457 1100
458 1079
459 1088
460 1091
461 1082
462 1088
463 1098
464 1093
465 1106
466 1090
467 1104
468 1106
469 1094
470 1100
471 1106
472 1118
473 1097
474 1111
475 1105
476 1112
477 1103
478 1122
479 1122
480 1109
481 1116
482 1117
483 1117
484 1119
485 1117
486 1133
487 1153
488 1118
489 1125
490 1123
491 1137
492 1128
493 1137
494 1142
495 1144
496 1150
497 1136
498 1138
499 1147
500 1140
501 1148
