0 0
1 11
2 5
3 16
4 23
5 2
6 16
7 5
8 21
9 12
10 9
11 13
12 10
13 18
14 27
15 29
16 28
17 23
18 42
19 50
20 38
21 32
22 41
23 42
24 49
25 40
26 50
27 46
28 41
29 43
30 53
31 53
32 52
33 62
34 61
35 77
36 66
37 70
38 83
39 72
40 81
41 86
42 97
43 114
44 83
45 102
46 97
47 100
48 98
49 114
50 99
51 107
52 110
53 112
54 121
55 116
56 121
57 113
58 123
59 121
60 126
61 133
62 122
63 127
64 138
65 156
66 130
67 138
68 146
69 146
70 153
71 149
72 160
73 147
74 161
75 148
76 149
77 154
78 158
79 159
80 171
81 172
82 165
83 173
84 175
85 174
86 170
87 176
88 174
89 177
90 189
91 184
92 178
93 188
94 178
95 189
96 186
97 190
98 193
99 205
100 201
101 210
102 216
103 209
104 219
105 218
106 219
107 224
108 225
109 245
110 225
111 235
112 232
113 252
114 227
115 245
116 237
117 249
118 233
119 247
120 247
121 237
122 248
123 262
124 255
125 265
126 273
127 267
128 287
129 277
130 270
131 271
132 287
133 272
134 273
135 290
136 296
137 287
138 282
139 287
140 285
141 296
142 300
143 295
144 305
145 304
146 323
147 312
148 317
149 320
150 322
151 329
152 328
153 322
154 338
155 343
156 350
157 357
158 327
159 335
160 339
161 333
162 328
163 346
164 331
165 344
166 338
167 337
168 347
169 333
170 343
171 339
172 347
173 342
174 340
175 344
176 350
177 351
178 361
179 347
180 360
181 366
182 377
183 358
184 372
185 368
186 366
187 374
188 373
189 367
190 375
191 369
192 385
193 381
194 384
195 383
196 386
197 393
198 401
199 397
200 411
201 421
202 424
203 411
204 428
205 424
206 416
207 431
208 425
209 436
210 452
211 421
212 426
213 434
214 427
215 430
216 431
217 445
218 451
219 440
220 448
221 444
222 445
223 459
224 448
225 457
226 469
227 462
228 472
229 481
230 466
231 479
232 472
233 473
234 491
235 482
236 479
237 486
238 480
239 493
240 482
241 483
242 492
243 506
244 492
245 487
246 499
247 513
248 493
249 499
250 501
251 519
252 510
253 513
254 514
255 529
256 519
257 530
258 538
259 539
260 522
261 535
262 525
263 532
264 525
265 534
266 538
267 533
268 548
269 547
270 562
271 561
272 538
273 556
274 543
275 548
276 556
277 557
278 564
279 563
280 573
281 571
282 558
283 576
284 561
285 578
286 575
287 579
288 588
289 582
290 590
291 600
292 589
293 606
294 590
295 599
296 597
297 599
298 615
299 592
300 600
301 605
302 610
303 607
304 608
305 626
306 614
307 620
308 624
309 619
310 628
311 636
312 626
313 633
314 639
315 640
316 638
317 641
318 647
319 641
320 640
321 645
322 658
323 643
324 656
325 641
326 652
327 657
328 673
329 662
330 643
331 661
332 649
333 651
334 659
335 659
336 669
337 672
338 658
339 666
340 664
341 677
342 671
343 673
344 682
345 680
346 683
347 684
348 696
349 699
350 694
351 698
352 708
353 697
354 701
355 704
356 705
357 700
358 716
359 701
360 702
361 715
362 709
363 715
364 716
365 706
366 707
367 726
368 719
369 722
370 709
371 726
372 737
373 712
374 721
375 713
376 714
377 730
378 728
379 722
380 733
381 717
382 719
383 737
384 748
385 751
386 759
387 747
388 748
389 750
390 767
391 754
392 752
393 764
394 775
395 777
396 777
397 767
398 768
399 774
400 787
401 779
402 785
403 795
404 804
405 812
406 808
407 824
408 824
409 817
410 820
411 835
412 852
413 869
414 867
415 840
416 855
417 855
418 856
419 875
420 858
421 860
422 867
423 866
424 861
425 873
426 866
427 868
428 875
429 873
430 889
431 879
432 882
433 884
434 879
435 889
436 895
437 882
438 884
439 892
440 889
441 903
442 900
443 901
444 899
445 905
446 902
447 905
448 900
449 917
450 920
451 918
452 936
453 937
454 953
455 966
456 941
457 943
458 946
459 945
460 961
461 962
462 979
463 947
464 965
465 962
466 951
467 948
468 965
469 951
470 970
471 950
472 964
473 961
474 965
475 969
476 973
477 985
478 966
479 979
480 968
481 982
482 983
483 978
484 985
485 995
486 980
487 999
488 1008
489 1017
490 1010
491 984
492 1002
493 1000
494 1004
495 989
496 999
497 1008
498 1008
499 1015
500 1022
501 1026
