0 0
1 4
2 3
3 13
4 5
5 23
6 30
7 18
8 31
9 37
10 26
11 29
12 46
13 36
14 34
15 42
16 49
17 53
18 60
19 77
20 90
21 95
22 100
23 110
24 120
25 125
26 112
27 129
28 111
29 123
30 132
31 116
32 120
33 112
34 117
35 114
36 121
37 130
38 133
39 135
40 137
41 148
42 154
43 166
44 162
45 174
46 173
47 177
48 182
49 185
50 174
51 185
52 187
53 178
54 186
55 187
56 191
57 195
58 182
59 193
60 199
61 202
62 187
63 192
64 204
65 203
66 204
67 202
68 219
69 207
70 215
71 209
72 209
73 217
74 217
75 236
76 217
77 233
78 223
79 238
80 229
81 237
82 234
83 246
84 238
85 241
86 246
87 258
88 278
89 250
90 259
91 266
92 266
93 256
94 263
95 262
96 268
97 271
98 273
99 285
100 304
101 287
102 275
103 286
104 280
105 299
106 290
107 306
108 316
109 297
110 300
111 304
112 312
113 314
114 315
115 319
116 323
117 315
118 320
119 317
120 317
121 327
122 332
123 331
124 335
125 333
126 350
127 350
128 348
129 352
130 345
131 362
132 361
133 350
134 356
135 362
136 352
137 367
138 355
139 357
140 376
141 377
142 365
143 374
144 383
145 390
146 383
147 375
148 381
149 400
150 379
151 393
152 378
153 398
154 388
155 400
156 384
157 386
158 404
159 402
160 408
161 396
162 403
163 412
164 416
165 407
166 411
167 409
168 419
169 425
170 413
171 417
172 420
173 418
174 427
175 430
176 438
177 438
178 445
179 447
180 451
181 467
182 472
183 465
184 459
185 476
186 476
187 471
188 480
189 473
190 490
191 477
192 475
193 495
194 478
195 477
196 484
197 503
198 480
199 485
200 498
201 481
202 496
203 497
204 504
205 510
206 524
207 530
208 528
209 548
210 546
211 533
212 543
213 535
214 548
215 545
216 536
217 539
218 549
219 555
220 539
221 554
222 543
223 555
224 545
225 547
226 547
227 547
228 546
229 549
230 562
231 568
232 567
233 578
234 584
235 576
236 583
237 587
238 591
239 593
240 602
241 607
242 590
243 593
244 607
245 595
246 606
247 602
248 597
249 602
250 600
251 609
252 601
253 619
254 629
255 633
256 620
257 638
258 641
259 634
260 650
261 662
262 645
263 636
264 654
265 641
266 655
267 657
268 639
269 642
270 647
271 654
272 659
273 645
274 646
275 664
276 664
277 653
278 653
279 668
280 667
281 661
282 667
283 678
284 671
285 682
286 673
287 668
288 684
289 704
290 690
291 680
292 700
293 689
294 699
295 692
296 698
297 694
298 705
299 719
300 710
301 713
302 732
303 727
304 728
305 728
306 747
307 737
308 732
309 747
310 759
311 741
312 747
313 744
314 752
315 764
316 755
317 757
318 747
319 755
320 748
321 762
322 759
323 767
324 765
325 780
326 782
327 778
328 787
329 785
330 779
331 785
332 790
333 794
334 788
335 803
336 794
337 804
338 810
339 812
340 812
341 823
342 816
343 827
344 833
345 819
346 830
347 825
348 831
349 826
350 832
351 827
352 839
353 828
354 836
355 838
356 829
357 830
358 830
359 839
360 831
361 838
362 831
363 844
364 834
365 841
366 835
367 851
368 853
369 866
370 869
371 856
372 865
373 873
374 875
375 869
376 872
377 889
378 875
379 892
380 895
381 913
382 882
383 894
384 891
385 900
386 898
387 891
388 898
389 903
390 893
391 900
392 912
393 910
394 906
395 920
396 913
397 919
398 920
399 909
400 911
401 924
402 924
403 913
404 917
405 931
406 938
407 915
408 928
409 920
410 924
411 944
412 936
413 946
414 956
415 939
416 944
417 941
418 945
419 962
420 940
421 944
422 945
423 956
424 958
425 977
426 990
427 1004
428 997
429 969
430 975
431 973
432 978
433 977
434 980
435 985
436 993
437 1009
438 1017
439 995
440 998
441 1017
442 999
443 999
444 1014
445 1017
446 1001
447 1006
448 1010
449 1008
450 1006
451 1021
452 1024
453 1007
454 1007
455 1014
456 1011
457 1012
458 1024
459 1020
460 1032
461 1033
462 1050
463 1070
464 1044
465 1062
466 1047
467 1060
468 1062
469 1062
470 1069
471 1074
472 1073
473 1064
474 1067
475 1077
476 1074
477 1089
478 1085
479 1088
480 1084
481 1079
482 1084
483 1093
484 1086
485 1093
486 1101
487 1090
488 1096
489 1108
490 1123
491 1118
492 1119
493 1130
494 1117
495 1136
496 1151
497 1129
498 1141
499 1121
500 1139
501 1139
