0 0
1 2
2 12
3 20
4 24
5 8
6 20
7 9
8 14
9 11
10 13
11 17
12 18
13 32
14 31
15 35
16 47
17 38
18 47
19 55
20 49
21 42
22 62
23 54
24 58
25 55
26 62
27 69
28 63
29 72
30 76
31 90
32 83
33 88
34 89
35 106
36 91
37 106
38 94
39 106
40 123
41 111
42 113
43 130
44 128
45 140
46 117
47 128
48 127
49 134
50 134
51 142
52 147
53 147
54 162
55 157
56 145
57 147
58 152
59 154
60 158
61 156
62 162
63 168
64 161
65 170
66 178
67 172
68 170
69 182
70 185
71 174
72 190
73 175
74 187
75 193
76 187
77 190
78 192
79 205
80 204
81 191
82 198
83 206
84 202
85 214
86 208
87 210
88 221
89 207
90 210
91 217
92 217
93 227
94 220
95 230
96 236
97 222
98 233
99 233
100 236
101 256
102 234
103 251
104 259
105 258
106 278
107 277
108 273
109 277
110 293
111 313
112 324
113 301
114 304
115 316
116 307
117 323
118 316
119 311
120 317
121 308
122 328
123 326
124 323
125 332
126 332
127 327
128 341
129 335
130 346
131 353
132 352
133 351
134 348
135 360
136 363
137 361
138 379
139 363
140 371
141 374
142 362
143 367
144 372
145 378
146 394
147 404
148 398
149 394
150 396
151 405
152 423
153 412
154 427
155 419
156 439
157 415
158 432
159 438
160 433
161 445
162 433
163 450
164 453
165 442
166 436
167 454
168 447
169 453
170 446
171 438
172 455
173 453
174 454
175 440
176 446
177 464
178 457
179 455
180 466
181 457
182 461
183 464
184 466
185 475
186 479
187 479
188 477
189 476
190 495
191 507
192 492
193 496
194 494
195 502
196 506
197 498
198 512
199 502
200 517
201 516
202 510
203 515
204 510
205 525
206 524
207 525
208 529
209 531
210 529
211 533
212 548
213 546
214 537
215 549
216 551
217 563
218 555
219 563
220 569
221 573
222 585
223 572
224 587
225 574
226 576
227 575
228 580
229 599
230 614
231 576
232 595
233 599
234 584
235 590
236 591
237 592
238 597
239 605
240 607
241 599
242 607
243 612
244 613
245 625
246 611
247 613
248 613
249 622
250 632
251 624
252 616
253 617
254 622
255 621
256 618
257 631
258 619
259 624
260 630
261 623
262 641
263 639
264 650
265 634
266 637
267 640
268 640
269 639
270 641
271 656
272 648
273 650
274 660
275 680
276 653
277 664
278 682
279 669
280 655
281 661
282 666
283 681
284 667
285 668
286 683
287 687
288 684
289 669
290 685
291 694
292 685
293 671
294 678
295 685
296 693
297 708
298 691
299 697
300 701
301 710
302 700
303 702
304 704
305 702
306 704
307 712
308 703
309 716
310 720
311 720
312 705
313 714
314 725
315 711
316 729
317 735
318 741
319 749
320 739
321 749
322 752
323 767
324 753
325 765
326 760
327 762
328 767
329 778
330 782
331 763
332 776
333 785
334 764
335 774
336 794
337 783
338 776
339 784
340 792
341 780
342 781
343 780
344 782
345 797
346 808
347 797
348 801
349 808
350 816
351 828
352 811
353 831
354 819
355 827
356 831
357 844
358 839
359 858
360 855
361 842
362 859
363 861
364 874
365 864
366 851
367 856
368 858
369 861
370 855
371 863
372 867
373 872
374 884
375 895
376 882
377 900
378 883
379 900
380 888
381 897
382 897
383 904
384 908
385 908
386 898
387 910
388 923
389 941
390 945
391 905
392 921
393 919
394 931
395 939
396 936
397 928
398 931
399 939
400 935
401 951
402 930
403 942
404 938
405 945
406 953
407 957
408 969
409 973
410 974
411 972
412 987
413 1003
414 994
415 984
416 999
417 1011
418 1000
419 1011
420 1018
421 1031
422 1009
423 1024
424 1025
425 1028
426 1033
427 1037
428 1042
429 1051
430 1040
431 1057
432 1040
433 1055
434 1042
435 1045
436 1048
437 1058
438 1050
439 1062
440 1068
441 1079
442 1081
443 1078
444 1079
445 1088
446 1089
447 1094
448 1091
449 1102
450 1106
451 1124
452 1100
453 1120
454 1113
455 1105
456 1107
457 1112
458 1127
459 1119
460 1120
461 1136
462 1146
463 1159
464 1177
465 1196
466 1141
467 1154
468 1170
469 1184
470 1149
471 1167
472 1154
473 1165
474 1172
475 1181
476 1187
477 1173
478 1177
479 1182
480 1183
481 1189
482 1190
483 1193
484 1210
485 1201
486 1204
487 1220
488 1223
489 1235
490 1220
491 1221
492 1221
493 1231
494 1223
495 1225
496 1241
497 1231
498 1244
499 1225
500 1245
501 1260
