0 0
1 17
2 3
3 5
4 22
5 36
6 17
7 28
8 21
9 35
10 47
11 48
12 55
13 39
14 49
15 49
16 46
17 64
18 55
19 61
20 53
21 53
22 65
23 70
24 68
25 74
26 80
27 80
28 72
29 80
30 85
31 90
32 95
33 95
34 114
35 103
36 117
37 125
38 104
39 116
40 108
41 115
42 119
43 124
44 135
45 136
46 122
47 141
48 136
49 131
50 151
51 136
52 151
53 141
54 151
55 153
56 145
57 155
58 146
59 154
60 149
61 150
62 152
63 154
64 156
65 168
66 158
67 163
68 167
69 167
70 168
71 181
72 183
73 177
74 183
75 190
76 197
77 192
78 212
79 204
80 209
81 210
82 212
83 219
84 212
85 232
86 225
87 230
88 238
89 222
90 227
91 223
92 241
93 238
94 251
95 238
96 242
97 256
98 242
99 246
100 249
101 264
102 284
103 247
104 248
105 267
106 261
107 260
108 267
109 253
110 273
111 275
112 260
113 262
114 264
115 263
116 274
117 272
118 279
119 289
120 277
121 280
122 293
123 293
124 283
125 284
126 297
127 291
128 299
129 308
130 328
131 344
132 335
133 349
134 311
135 325
136 318
137 318
138 325
139 329
140 331
141 339
142 342
143 351
144 351
145 362
146 365
147 344
148 364
149 368
150 384
151 361
152 366
153 365
154 373
155 366
156 378
157 367
158 382
159 380
160 370
161 379
162 394
163 372
164 383
165 397
166 414
167 390
168 400
169 397
170 404
171 412
172 424
173 428
174 424
175 432
176 443
177 456
178 431
179 447
180 462
181 436
182 450
183 439
184 452
185 438
186 439
187 439
188 445
189 451
190 446
191 450
192 465
193 459
194 462
195 453
196 455
197 464
198 469
199 457
200 457
201 460
202 475
203 479
204 463
205 465
206 475
207 473
208 471
209 479
210 489
211 491
212 481
213 485
214 485
215 484
216 499
217 497
218 505
219 525
220 522
221 519
222 517
223 531
224 533
225 527
226 543
227 529
228 543
229 532
230 545
231 548
232 563
233 564
234 544
235 545
236 553
237 550
238 556
239 564
240 563
241 553
242 568
243 564
244 570
245 568
246 583
247 582
248 588
249 585
250 591
251 596
252 595
253 613
254 624
255 600
256 617
257 598
258 602
259 611
260 617
261 617
262 630
263 613
264 617
265 631
266 629
267 627
268 636
269 635
270 629
271 632
272 631
273 644
274 645
275 635
276 646
277 642
278 653
279 649
280 646
281 654
282 662
283 648
284 667
285 680
286 663
287 650
288 653
289 667
290 669
291 667
292 684
293 681
294 699
295 677
296 675
297 683
298 676
299 689
300 693
301 706
302 713
303 678
304 692
305 681
306 682
307 693
308 698
309 687
310 685
311 693
312 687
313 700
314 695
315 699
316 695
317 697
318 708
319 701
320 712
321 705
322 712
323 714
324 724
325 723
326 718
327 732
328 722
329 737
330 749
331 744
332 747
333 731
334 749
335 734
336 751
337 750
338 743
339 737
340 748
341 766
342 750
343 768
344 762
345 764
346 771
347 766
348 779
349 775
350 784
351 804
352 769
353 773
354 784
355 780
356 792
357 786
358 795
359 811
360 797
361 800
362 807
363 820
364 815
365 826
366 829
367 836
368 827
369 829
370 837
371 839
372 836
373 830
374 847
375 838
376 839
377 851
378 868
379 869
380 864
381 873
382 861
383 862
384 877
385 897
386 866
387 864
388 877
389 883
390 868
391 882
392 874
393 885
394 885
395 900
396 899
397 916
398 928
399 902
400 907
401 911
402 915
403 906
404 914
405 914
406 928
407 926
408 924
409 929
410 928
411 932
412 940
413 959
414 937
415 949
416 942
417 953
418 953
419 940
420 941
421 957
422 958
423 969
424 945
425 945
426 947
427 964
428 957
429 964
430 963
431 961
432 967
433 968
434 968
435 986
436 979
437 974
438 986
439 978
440 993
441 980
442 996
443 1014
444 991
445 1005
446 985
447 1000
448 1009
449 999
450 994
451 993
452 1002
453 1013
454 1011
455 1010
456 1022
457 1027
458 1018
459 1024
460 1019
461 1026
462 1023
463 1028
464 1036
465 1031
466 1042
467 1062
468 1036
469 1044
470 1038
471 1042
472 1051
473 1048
474 1053
475 1047
476 1065
477 1082
478 1051
479 1063
480 1076
481 1079
482 1063
483 1076
484 1080
485 1080
486 1070
487 1076
488 1084
489 1103
490 1099
491 1112
492 1103
493 1113
494 1123
495 1131
496 1150
497 1126
498 1135
499 1143
500 1146
501 1146
