0 0
1 19
2 13
3 15
4 17
5 20
6 15
7 27
8 30
9 18
10 20
11 33
12 36
13 49
14 46
15 52
16 50
17 46
18 48
19 47
20 57
21 61
22 65
23 72
24 82
25 68
26 73
27 79
28 94
29 105
30 88
31 98
32 107
33 109
34 123
35 100
36 104
37 113
38 118
39 111
40 107
41 118
42 122
43 131
44 114
45 125
46 133
47 119
48 131
49 125
50 120
51 138
52 139
53 139
54 128
55 147
56 143
57 161
58 150
59 170
60 156
61 170
62 178
63 182
64 191
65 176
66 183
67 195
68 188
69 187
70 193
71 202
72 203
73 214
74 191
75 208
76 220
77 221
78 220
79 227
80 226
81 222
82 235
83 240
84 223
85 234
86 227
87 235
88 243
89 242
90 234
91 246
92 248
93 238
94 244
95 249
96 251
97 258
98 263
99 269
100 270
101 274
102 265
103 281
104 277
105 296
106 283
107 292
108 299
109 302
110 297
111 285
112 296
113 294
114 302
115 310
116 316
117 304
118 309
119 313
120 310
121 305
122 307
123 321
124 323
125 315
126 335
127 354
128 322
129 330
130 338
131 337
132 344
133 352
134 345
135 362
136 364
137 351
138 360
139 363
140 370
141 365
142 371
143 368
144 368
145 382
146 375
147 385
148 377
149 380
150 388
151 383
152 391
153 401
154 396
155 406
156 408
157 411
158 418
159 428
160 424
161 426
162 426
163 430
164 434
165 435
166 448
167 433
168 444
169 445
170 445
171 448
172 445
173 459
174 457
175 463
176 459
177 472
178 466
179 470
180 482
181 485
182 490
183 488
184 494
185 494
186 508
187 513
188 489
189 498
190 499
191 502
192 505
193 510
194 518
195 523
196 525
197 534
198 527
199 528
200 535
201 531
202 531
203 532
204 532
205 551
206 550
207 545
208 548
209 559
210 554
211 566
212 561
213 559
214 575
215 565
216 580
217 565
218 567
219 583
220 575
221 585
222 581
223 593
224 590
225 593
226 596
227 582
228 593
229 598
230 602
231 595
232 598
233 603
234 604
235 620
236 617
237 615
238 623
239 619
240 618
241 630
242 638
243 658
244 634
245 645
246 638
247 641
248 651
249 652
250 657
251 660
252 663
253 682
254 663
255 670
256 668
257 683
258 680
259 699
260 686
261 697
262 717
263 706
264 712
265 725
266 730
267 741
268 739
269 731
270 734
271 750
272 743
273 760
274 772
275 738
276 740
277 742
278 742
279 752
280 743
281 761
282 753
283 763
284 746
285 765
286 770
287 780
288 780
289 772
290 780
291 774
292 775
293 778
294 775
295 786
296 776
297 779
298 783
299 793
300 777
301 794
302 784
303 793
304 786
305 804
306 790
307 794
308 804
309 821
310 795
311 801
312 801
313 802
314 814
315 809
316 811
317 820
318 835
319 823
320 833
321 833
322 832
323 825
324 838
325 833
326 831
327 845
328 848
329 840
330 855
331 855
332 862
333 857
334 849
335 857
336 851
337 864
338 876
339 865
340 852
341 858
342 863
343 865
344 866
345 870
346 885
347 878
348 885
349 891
350 904
351 896
352 900
353 909
354 911
355 908
356 918
357 921
358 919
359 909
360 924
361 929
362 919
363 919
364 932
365 952
366 944
367 932
368 927
369 935
370 944
371 930
372 933
373 951
374 942
375 931
376 944
377 958
378 959
379 960
380 969
381 976
382 978
383 986
384 978
385 988
386 985
387 993
388 981
389 990
390 999
391 995
392 997
393 997
394 1008
395 1015
396 1005
397 1016
398 1020
399 1035
400 1010
401 1013
402 1020
403 1027
404 1021
405 1027
406 1035
407 1039
408 1028
409 1048
410 1051
411 1036
412 1056
413 1056
414 1056
415 1056
416 1037
417 1042
418 1052
419 1043
420 1052
421 1047
422 1060
423 1059
424 1063
425 1072
426 1069
427 1079
428 1088
429 1082
430 1091
431 1102
432 1088
433 1089
434 1094
435 1099
436 1095
437 1103
438 1110
439 1108
440 1112
441 1117
442 1126
443 1125
444 1127
445 1131
446 1134
447 1138
448 1138
449 1138
450 1147
451 1155
452 1156
453 1176
454 1164
455 1160
456 1175
457 1161
458 1168
459 1168
460 1169
461 1183
462 1176
463 1176
464 1191
465 1180
466 1193
467 1187
468 1189
469 1203
470 1206
471 1200
472 1216
473 1211
474 1213
475 1232
476 1242
477 1229
478 1229
479 1231
480 1230
481 1238
482 1238
483 1251
484 1240
485 1250
486 1259
487 1252
488 1256
489 1252
490 1260
491 1260
492 1256
493 1273
494 1270
495 1267
496 1264
497 1266
498 1265
499 1272
500 1270
501 1268
