0 0
1 18
2 17
3 19
4 30
5 35
6 35
7 18
8 32
9 33
10 27
11 37
12 34
13 43
14 61
15 48
16 61
17 68
18 58
19 49
20 60
21 52
22 58
23 54
24 72
25 91
26 60
27 59
28 61
29 76
30 66
31 72
32 76
33 78
34 74
35 78
36 75
37 81
38 95
39 90
40 110
41 79
42 82
43 88
44 95
45 88
46 100
47 118
48 102
49 112
50 106
51 118
52 111
53 118
54 135
55 108
56 115
57 116
58 113
59 119
60 132
61 129
62 120
63 122
64 130
65 141
66 154
67 170
68 151
69 165
70 168
71 170
72 169
73 184
74 188
75 185
76 190
77 191
78 189
79 203
80 219
81 224
82 213
83 205
84 225
85 207
86 226
87 232
88 210
89 217
90 226
91 227
92 218
93 230
94 244
95 245
96 250
97 251
98 261
99 265
100 269
101 280
102 280
103 272
104 275
105 286
106 281
107 273
108 288
109 278
110 284
111 281
112 291
113 295
114 279
115 297
116 293
117 296
118 281
119 291
120 288
121 303
122 298
123 308
124 318
125 324
126 300
127 313
128 306
129 304
130 314
131 306
132 325
133 324
134 318
135 316
136 333
137 323
138 340
139 333
140 325
141 326
142 328
143 327
144 346
145 335
146 332
147 338
148 341
149 343
150 351
151 354
152 357
153 359
154 361
155 378
156 374
157 371
158 372
159 381
160 382
161 388
162 400
163 388
164 383
165 393
166 386
167 399
168 386
169 395
170 393
171 394
172 404
173 414
174 412
175 397
176 399
177 412
178 405
179 414
180 415
181 419
182 426
183 417
184 420
185 423
186 431
187 419
188 426
189 446
190 425
191 426
192 439
193 431
194 439
195 455
196 455
197 450
198 470
199 475
200 492
201 490
202 458
203 461
204 469
205 478
206 471
207 472
208 481
209 496
210 485
211 496
212 504
213 505
214 510
215 500
216 515
217 502
218 511
219 506
220 513
221 522
222 510
223 523
224 528
225 543
226 522
227 526
228 525
229 545
230 540
231 546
232 540
233 547
234 549
235 552
236 557
237 560
238 563
239 554
240 554
241 572
242 570
243 583
244 601
245 562
246 564
247 569
248 581
249 576
250 579
251 586
252 578
253 596
254 579
255 589
256 581
257 599
258 581
259 581
260 599
261 609
262 625
263 594
264 612
265 602
266 609
267 607
268 603
269 615
270 623
271 604
272 615
273 606
274 605
275 617
276 606
277 607
278 617
279 608
280 609
281 610
282 626
283 629
284 649
285 658
286 631
287 632
288 651
289 652
290 646
291 651
292 647
293 647
294 654
295 659
296 675
297 665
298 675
299 667
300 686
301 674
302 680
303 676
304 683
305 690
306 679
307 696
308 716
309 711
310 683
311 699
312 703
313 713
314 715
315 720
316 726
317 735
318 732
319 736
320 748
321 755
322 772
323 766
324 761
325 753
326 773
327 759
328 760
329 773
330 775
331 779
332 790
333 798
334 798
335 785
336 791
337 795
338 805
339 802
340 813
341 815
342 810
343 811
344 815
345 816
346 831
347 848
348 843
349 857
350 835
351 837
352 847
353 853
354 856
355 837
356 853
357 852
358 864
359 851
360 852
361 860
362 870
363 872
364 880
365 876
366 885
367 886
368 888
369 894
370 904
371 911
372 905
373 918
374 909
375 907
376 916
377 931
378 909
379 922
380 916
381 917
382 924
383 931
384 933
385 935
386 949
387 954
388 958
389 959
390 956
391 959
392 976
393 975
394 959
395 970
396 977
397 964
398 963
399 964
400 970
401 969
402 981
403 965
404 980
405 984
406 998
407 997
408 982
409 987
410 985
411 989
412 984
413 1004
414 1001
415 992
416 998
417 1017
418 1034
419 1021
420 995
421 1000
422 1000
423 1009
424 1006
425 1020
426 1016
427 1023
428 1029
429 1031
430 1026
431 1030
432 1040
433 1034
434 1049
435 1055
436 1044
437 1043
438 1062
439 1047
440 1058
441 1063
442 1071
443 1080
444 1100
445 1068
446 1077
447 1073
448 1088
449 1075
450 1088
451 1088
452 1090
453 1089
454 1092
455 1097
456 1098
457 1094
458 1096
459 1098
460 1114
461 1116
462 1111
463 1116
464 1121
465 1118
466 1125
467 1130
468 1132
469 1122
470 1128
471 1132
472 1138
473 1141
474 1129
475 1131
476 1144
477 1150
478 1147
479 1161
480 1167
481 1160
482 1169
483 1157
484 1168
485 1165
486 1168
487 1169
488 1163
489 1169
490 1184
491 1186
492 1205
493 1169
494 1181
495 1185
496 1197
497 1201
498 1190
499 1200
500 1204
501 1199
