0 0
1 1
2 6
3 16
4 21
5 9
6 25
7 38
8 26
9 39
10 45
11 49
12 28
13 36
14 44
15 38
16 40
17 52
18 42
19 39
20 46
21 45
22 40
23 46
24 48
25 55
26 62
27 62
28 74
29 55
30 66
31 59
32 70
33 74
34 65
35 80
36 66
37 70
38 78
39 82
40 90
41 70
42 89
43 81
44 91
45 97
46 93
47 96
48 102
49 109
50 118
51 97
52 97
53 109
54 117
55 119
56 120
57 131
58 136
59 156
60 133
61 136
62 146
63 153
64 163
65 149
66 150
67 165
68 166
69 150
70 164
71 179
72 181
73 154
74 164
75 168
76 174
77 184
78 189
79 180
80 185
81 182
82 193
83 181
84 199
85 196
86 213
87 185
88 190
89 193
90 195
91 186
92 189
93 197
94 209
95 199
96 208
97 211
98 202
99 203
100 203
101 212
102 225
103 220
104 236
105 212
106 232
107 224
108 225
109 223
110 227
111 231
112 247
113 229
114 238
115 239
116 258
117 256
118 259
119 275
120 242
121 247
122 246
123 255
124 250
125 260
126 254
127 253
128 257
129 260
130 263
131 264
132 271
133 267
134 262
135 274
136 292
137 281
138 269
139 278
140 285
141 292
142 290
143 294
144 309
145 305
146 298
147 293
148 302
149 307
150 308
151 315
152 332
153 314
154 322
155 321
156 315
157 334
158 330
159 349
160 368
161 372
162 386
163 348
164 362
165 354
166 371
167 372
168 386
169 376
170 392
171 373
172 376
173 380
174 378
175 397
176 374
177 382
178 402
179 390
180 376
181 381
182 389
183 385
184 386
185 387
186 386
187 392
188 401
189 419
190 422
191 399
192 404
193 412
194 431
195 436
196 412
197 417
198 418
199 433
200 416
201 419
202 422
203 425
204 435
205 441
206 461
207 427
208 440
209 429
210 433
211 431
212 439
213 433
214 451
215 444
216 451
217 464
218 446
219 455
220 451
221 465
222 455
223 448
224 455
225 463
226 453
227 454
228 459
229 473
230 456
231 475
232 467
233 463
234 462
235 469
236 469
237 472
238 485
239 471
240 491
241 480
242 480
243 489
244 493
245 498
246 497
247 505
248 512
249 505
250 510
251 527
252 510
253 520
254 508
255 518
256 520
257 510
258 527
259 540
260 514
261 518
262 533
263 527
264 532
265 530
266 530
267 537
268 538
269 550
270 552
271 550
272 538
273 546
274 552
275 549
276 550
277 570
278 560
279 573
280 568
281 580
282 564
283 581
284 584
285 566
286 576
287 580
288 575
289 576
290 578
291 579
292 584
293 595
294 604
295 589
296 606
297 600
298 607
299 612
300 601
301 604
302 602
303 602
304 619
305 616
306 610
307 625
308 641
309 652
310 621
311 615
312 626
313 624
314 644
315 632
316 635
317 635
318 643
319 649
320 648
321 640
322 650
323 656
324 656
325 646
326 659
327 663
328 651
329 662
330 673
331 686
332 696
333 703
334 692
335 687
336 702
337 691
338 692
339 693
340 705
341 708
342 714
343 728
344 742
345 760
346 727
347 729
348 729
349 736
350 744
351 735
352 745
353 745
354 754
355 762
356 763
357 778
358 783
359 785
360 803
361 813
362 827
363 789
364 791
365 804
366 801
367 805
368 816
369 814
370 820
371 823
372 840
373 825
374 845
375 827
376 832
377 843
378 845
379 835
380 839
381 844
382 847
383 849
384 841
385 860
386 855
387 843
388 847
389 850
390 861
391 867
392 857
393 866
394 859
395 871
396 877
397 873
398 861
399 875
400 867
401 869
402 873
403 862
404 876
405 878
406 863
407 881
408 871
409 886
410 880
411 881
412 893
413 887
414 900
415 891
416 900
417 896
418 909
419 898
420 914
421 932
422 911
423 901
424 915
425 913
426 928
427 946
428 907
429 908
430 911
431 913
432 913
433 921
434 920
435 931
436 932
437 938
438 949
439 936
440 950
441 938
442 944
443 948
444 947
445 953
446 947
447 949
448 959
449 971
450 963
451 973
452 958
453 976
454 973
455 963
456 969
457 970
458 966
459 976
460 975
461 994
462 1010
463 1010
464 987
465 994
466 1000
467 1012
468 1013
469 991
470 998
471 993
472 1007
473 1013
474 1011
475 1005
476 1009
477 1008
478 1012
479 1028
480 1016
481 1015
482 1035
483 1035
484 1047
485 1018
486 1020
487 1020
488 1022
489 1038
490 1033
491 1039
492 1040
493 1042
494 1060
495 1050
496 1046
497 1049
498 1052
499 1061
500 1056
501 1059
