0 0
1 10
2 12
3 17
4 22
5 24
6 29
7 24
8 40
9 43
10 38
11 55
12 54
13 55
14 73
15 79
16 74
17 93
18 75
19 84
20 93
21 91
22 82
23 89
24 85
25 104
26 97
27 115
28 89
29 101
30 93
31 112
32 101
33 105
34 113
35 108
36 116
37 117
38 125
39 120
40 132
41 122
42 140
43 149
44 140
45 157
46 144
47 156
48 164
49 175
50 177
51 179
52 181
53 185
54 200
55 192
56 196
57 195
58 201
59 204
60 215
61 220
62 218
63 228
64 232
65 229
66 237
67 246
68 229
69 235
70 234
71 246
72 259
73 247
74 239
75 241
76 259
77 250
78 248
79 251
80 247
81 261
82 276
83 276
84 257
85 264
86 264
87 277
88 297
89 310
90 279
91 290
92 291
93 283
94 281
95 281
96 289
97 294
98 287
99 296
100 290
101 300
102 307
103 312
104 321
105 306
106 310
107 313
108 321
109 317
110 318
111 329
112 347
113 323
114 338
115 342
116 332
117 325
118 339
119 334
120 354
121 343
122 362
123 357
124 358
125 361
126 371
127 359
128 371
129 370
130 368
131 363
132 378
133 376
134 384
135 399
136 378
137 390
138 382
139 395
140 393
141 389
142 391
143 399
144 408
145 405
146 406
147 401
148 419
149 409
150 422
151 412
152 419
153 421
154 432
155 438
156 444
157 441
158 443
159 454
160 455
161 457
162 444
163 461
164 462
165 459
166 478
167 464
168 474
169 470
170 467
171 474
172 484
173 501
174 485
175 477
176 494
177 481
178 486
179 482
180 486
181 494
182 502
183 507
184 509
185 496
186 497
187 499
188 504
189 500
190 507
191 501
192 501
193 504
194 502
195 511
196 521
197 526
198 526
199 541
200 513
201 515
202 523
203 519
204 517
205 527
206 530
207 525
208 518
209 526
210 530
211 526
212 538
213 538
214 529
215 530
216 539
217 540
218 535
219 544
220 549
221 536
222 536
223 542
224 554
225 567
226 582
227 585
228 560
229 565
230 585
231 584
232 585
233 573
234 577
235 579
236 592
237 582
238 598
239 581
240 596
241 597
242 616
243 585
244 582
245 600
246 601
247 613
248 633
249 601
250 603
251 618
252 617
253 636
254 613
255 631
256 618
257 623
258 626
259 631
260 640
261 629
262 631
263 636
264 636
265 637
266 653
267 650
268 643
269 654
270 657
271 659
272 657
273 657
274 672
275 665
276 685
277 676
278 675
279 685
280 666
281 677
282 674
283 671
284 668
285 676
286 687
287 693
288 694
289 700
290 696
291 702
292 711
293 717
294 707
295 707
296 705
297 720
298 722
299 724
300 728
301 725
302 726
303 730
304 744
305 732
306 739
307 737
308 742
309 751
310 747
311 764
312 745
313 752
314 756
315 749
316 754
317 769
318 758
319 771
320 757
321 760
322 766
323 764
324 764
325 773
326 793
327 786
328 788
329 781
330 782
331 798
332 783
333 798
334 805
335 789
336 800
337 818
338 792
339 807
340 811
341 831
342 823
343 834
344 830
345 841
346 840
347 834
348 843
349 837
350 856
351 844
352 847
353 849
354 849
355 848
356 864
357 858
358 865
359 851
360 862
361 875
362 856
363 875
364 857
365 868
366 873
367 875
368 883
369 883
370 900
371 888
372 890
373 887
374 904
375 913
376 926
377 930
378 933
379 934
380 942
381 949
382 950
383 965
384 985
385 965
386 961
387 965
388 967
389 979
390 978
391 979
392 985
393 998
394 991
395 995
396 1009
397 1000
398 1002
399 1004
400 1021
401 1014
402 1025
403 1014
404 1022
405 1017
406 1018
407 1034
408 1051
409 1033
410 1037
411 1039
412 1044
413 1045
414 1046
415 1058
416 1046
417 1059
418 1050
419 1064
420 1071
421 1058
422 1051
423 1062
424 1076
425 1079
426 1066
427 1075
428 1074
429 1082
430 1072
431 1079
432 1092
433 1084
434 1084
435 1080
436 1083
437 1093
438 1093
439 1112
440 1103
441 1100
442 1102
443 1104
444 1117
445 1106
446 1110
447 1110
448 1117
449 1123
450 1128
451 1117
452 1130
453 1131
454 1137
455 1137
456 1145
457 1143
458 1154
459 1146
460 1154
461 1153
462 1149
463 1152
464 1167
465 1158
466 1165
467 1153
468 1165
469 1170
470 1157
471 1176
472 1173
473 1189
474 1166
475 1172
476 1176
477 1195
478 1182
479 1197
480 1181
481 1197
482 1202
483 1183
484 1191
485 1196
486 1208
487 1187
488 1194
489 1191
490 1196
491 1201
492 1212
493 1193
494 1200
495 1206
496 1198
497 1216
498 1207
499 1203
500 1209
501 1215
