0 0
1 10
2 13
3 3
4 9
5 26
6 23
7 13
8 23
9 23
10 24
11 23
12 30
13 32
14 42
15 49
16 37
17 54
18 63
19 65
20 67
21 79
22 80
23 87
24 87
25 93
26 93
27 100
28 104
29 97
30 99
31 112
32 117
33 104
34 115
35 111
36 112
37 131
38 115
39 121
40 123
41 124
42 133
43 135
44 138
45 136
46 126
47 142
48 132
49 128
50 129
51 145
52 142
53 146
54 144
55 160
56 155
57 149
58 154
59 155
60 150
61 158
62 157
63 161
64 159
65 161
66 169
67 174
68 187
69 175
70 173
71 182
72 185
73 196
74 200
75 193
76 198
77 195
78 196
79 205
80 210
81 218
82 217
83 208
84 224
85 211
86 213
87 230
88 214
89 225
90 215
91 215
92 228
93 218
94 238
95 230
96 219
97 219
98 227
99 220
100 229
101 223
102 238
103 239
104 252
105 249
106 268
107 268
108 242
109 253
110 259
111 250
112 243
113 254
114 257
115 253
116 255
117 273
118 277
119 261
120 271
121 273
122 263
123 278
124 285
125 273
126 279
127 292
128 309
129 285
130 300
131 313
132 300
133 315
134 312
135 323
136 326
137 331
138 326
139 329
140 347
141 327
142 342
143 358
144 363
145 347
146 365
147 359
148 362
149 350
150 351
151 366
152 368
153 353
154 352
155 353
156 366
157 355
158 367
159 373
160 373
161 393
162 374
163 387
164 390
165 407
166 408
167 400
168 408
169 416
170 407
171 415
172 425
173 438
174 439
175 454
176 435
177 447
178 436
179 436
180 443
181 439
182 455
183 453
184 457
185 468
186 448
187 454
188 467
189 456
190 464
191 477
192 496
193 480
194 485
195 493
196 505
197 509
198 529
199 520
200 515
201 524
202 531
203 530
204 533
205 535
206 536
207 532
208 544
209 544
210 551
211 558
212 559
213 565
214 572
215 577
216 584
217 594
218 578
219 580
220 585
221 585
222 591
223 584
224 597
225 585
226 596
227 611
228 592
229 598
230 593
231 601
232 611
233 596
234 607
235 604
236 601
237 610
238 617
239 626
240 608
241 614
242 619
243 610
244 624
245 619
246 617
247 618
248 627
249 633
250 623
251 634
252 652
253 636
254 654
255 636
256 640
257 644
258 645
259 650
260 660
261 647
262 656
263 670
264 660
265 680
266 671
267 679
268 667
269 678
270 683
271 685
272 695
273 703
274 701
275 720
276 702
277 719
278 721
279 711
280 714
281 717
282 728
283 720
284 720
285 730
286 736
287 750
288 761
289 766
290 747
291 762
292 751
293 758
294 759
295 760
296 768
297 769
298 776
299 781
300 778
301 795
302 780
303 796
304 809
305 792
306 795
307 806
308 799
309 804
310 813
311 802
312 805
313 822
314 823
315 805
316 813
317 823
318 816
319 817
320 832
321 832
322 833
323 850
324 837
325 854
326 871
327 840
328 851
329 858
330 859
331 846
332 851
333 852
334 863
335 861
336 869
337 864
338 879
339 866
340 873
341 878
342 877
343 884
344 894
345 878
346 882
347 888
348 892
349 879
350 895
351 913
352 933
353 886
354 880
355 882
356 901
357 894
358 897
359 895
360 899
361 897
362 896
363 903
364 904
365 907
366 905
367 917
368 919
369 924
370 919
371 924
372 936
373 956
374 961
375 922
376 925
377 925
378 933
379 923
380 935
381 940
382 948
383 951
384 936
385 956
386 941
387 952
388 941
389 958
390 957
391 967
392 964
393 970
394 984
395 961
396 975
397 976
398 993
399 986
400 1002
401 1000
402 1015
403 1027
404 1020
405 1028
406 1022
407 1028
408 1027
409 1033
410 1023
411 1035
412 1034
413 1037
414 1037
415 1054
416 1048
417 1060
418 1064
419 1049
420 1064
421 1080
422 1058
423 1064
424 1067
425 1060
426 1074
427 1087
428 1071
429 1080
430 1067
431 1082
432 1085
433 1084
434 1091
435 1098
436 1094
437 1103
438 1097
439 1099
440 1095
441 1099
442 1099
443 1113
444 1105
445 1114
446 1119
447 1135
448 1106
449 1122
450 1139
451 1110
452 1114
453 1118
454 1123
455 1118
456 1131
457 1138
458 1131
459 1119
460 1124
461 1121
462 1126
463 1123
464 1127
465 1126
466 1140
467 1130
468 1142
469 1158
470 1148
471 1156
472 1164
473 1151
474 1159
475 1155
476 1158
477 1168
478 1184
479 1179
480 1183
481 1179
482 1188
483 1187
484 1199
485 1185
486 1188
487 1196
488 1199
489 1211
490 1189
491 1202
492 1208
493 1226
494 1220
495 1226
496 1212
497 1230
498 1231
499 1218
500 1222
501 1213
