0 0
1 1
2 16
3 20
4 29
5 32
6 31
7 43
8 48
9 42
10 44
11 62
12 55
13 49
14 57
15 65
16 53
17 64
18 54
19 68
20 60
21 63
22 78
23 62
24 71
25 73
26 71
27 72
28 76
29 86
30 95
31 97
32 97
33 114
34 108
35 117
36 106
37 112
38 119
39 113
40 117
41 115
42 124
43 120
44 121
45 123
46 134
47 131
48 131
49 128
50 143
51 144
52 132
53 138
54 142
55 139
56 141
57 147
58 149
59 155
60 168
61 164
62 148
63 149
64 150
65 161
66 163
67 153
68 164
69 171
70 156
71 167
72 182
73 159
74 166
75 176
76 172
77 181
78 173
79 177
80 176
81 187
82 188
83 184
84 196
85 199
86 199
87 215
88 197
89 213
90 228
91 201
92 203
93 221
94 219
95 214
96 222
97 230
98 224
99 232
100 242
101 223
102 241
103 240
104 240
105 226
106 235
107 242
108 259
109 247
110 243
111 250
112 263
113 245
114 255
115 261
116 259
117 263
118 271
119 267
120 278
121 279
122 284
123 286
124 302
125 285
126 300
127 303
128 305
129 320
130 321
131 311
132 317
133 314
134 331
135 344
136 354
137 365
138 328
139 345
140 346
141 342
142 358
143 353
144 346
145 343
146 355
147 361
148 346
149 366
150 348
151 358
152 359
153 360
154 352
155 366
156 365
157 372
158 390
159 382
160 389
161 396
162 395
163 389
164 399
165 398
166 395
167 400
168 395
169 413
170 412
171 402
172 412
173 396
174 404
175 401
176 406
177 415
178 409
179 424
180 416
181 413
182 425
183 411
184 426
185 441
186 414
187 427
188 421
189 420
190 418
191 436
192 441
193 438
194 423
195 430
196 434
197 434
198 444
199 429
200 430
201 443
202 447
203 454
204 462
205 456
206 448
207 460
208 455
209 457
210 472
211 470
212 459
213 462
214 471
215 479
216 479
217 481
218 498
219 473
220 491
221 498
222 507
223 477
224 478
225 483
226 497
227 496
228 515
229 486
230 506
231 492
232 496
233 498
234 499
235 501
236 506
237 514
238 525
239 534
240 540
241 513
242 527
243 537
244 528
245 529
246 543
247 536
248 545
249 549
250 557
251 561
252 573
253 569
254 573
255 565
256 574
257 573
258 569
259 582
260 566
261 570
262 568
263 569
264 574
265 584
266 570
267 586
268 586
269 604
270 583
271 603
272 585
273 597
274 609
275 596
276 601
277 593
278 613
279 598
280 605
281 617
282 618
283 638
284 610
285 609
286 613
287 619
288 619
289 626
290 628
291 630
292 639
293 645
294 650
295 656
296 654
297 671
298 658
299 675
300 678
301 659
302 667
303 667
304 661
305 662
306 670
307 674
308 672
309 690
310 677
311 688
312 678
313 673
314 680
315 683
316 678
317 682
318 686
319 687
320 700
321 688
322 698
323 690
324 701
325 705
326 713
327 696
328 695
329 698
330 716
331 713
332 714
333 720
334 730
335 732
336 722
337 724
338 724
339 731
340 746
341 744
342 737
343 757
344 742
345 748
346 749
347 751
348 766
349 752
350 756
351 773
352 757
353 758
354 763
355 770
356 764
357 762
358 774
359 763
360 775
361 778
362 787
363 767
364 779
365 771
366 787
367 781
368 775
369 793
370 785
371 778
372 794
373 796
374 783
375 785
376 782
377 790
378 802
379 800
380 812
381 805
382 810
383 825
384 828
385 811
386 821
387 824
388 826
389 846
390 816
391 834
392 826
393 825
394 820
395 817
396 824
397 826
398 844
399 832
400 843
401 844
402 846
403 861
404 845
405 847
406 861
407 859
408 863
409 875
410 871
411 876
412 863
413 877
414 867
415 883
416 870
417 880
418 876
419 868
420 875
421 887
422 878
423 891
424 893
425 911
426 890
427 891
428 898
429 905
430 900
431 900
432 913
433 923
434 904
435 919
436 909
437 928
438 939
439 916
440 911
441 910
442 914
443 919
444 916
445 933
446 928
447 934
448 942
449 937
450 945
451 941
452 953
453 938
454 942
455 943
456 957
457 971
458 970
459 976
460 985
461 973
462 977
463 972
464 987
465 1000
466 986
467 1003
468 1019
469 1002
470 997
471 1007
472 1002
473 1002
474 1014
475 1017
476 1017
477 1021
478 1037
479 1022
480 1024
481 1030
482 1034
483 1038
484 1039
485 1042
486 1036
487 1044
488 1053
489 1058
490 1046
491 1066
492 1057
493 1049
494 1059
495 1059
496 1062
497 1063
498 1075
499 1072
500 1078
501 1094
