0 0
1 7
2 18
3 16
4 26
5 31
6 34
7 42
8 45
9 46
10 47
11 48
12 65
13 71
14 75
15 66
16 58
17 71
18 69
19 74
20 82
21 90
22 71
23 78
24 73
25 78
26 89
27 86
28 91
29 79
30 85
31 82
32 82
33 88
34 89
35 104
36 84
37 94
38 101
39 98
40 98
41 100
42 109
43 117
44 113
45 132
46 129
47 129
48 132
49 126
50 141
51 128
52 144
53 133
54 142
55 146
56 146
57 157
58 138
59 140
60 141
61 158
62 156
63 156
64 160
65 163
66 167
67 175
68 171
69 184
70 180
71 185
72 204
73 200
74 189
75 185
76 190
77 188
78 191
79 204
80 192
81 201
82 202
83 207
84 206
85 208
86 220
87 208
88 216
89 208
90 222
91 221
92 239
93 226
94 240
95 222
96 233
97 226
98 241
99 230
100 236
101 233
102 243
103 253
104 240
105 242
106 246
107 260
108 242
109 253
110 247
111 261
112 255
113 250
114 257
115 269
116 271
117 258
118 268
119 269
120 284
121 278
122 266
123 282
124 278
125 271
126 286
127 293
128 309
129 275
130 295
131 289
132 296
133 288
134 282
135 286
136 294
137 302
138 302
139 310
140 326
141 319
142 318
143 332
144 331
145 331
146 330
147 349
148 361
149 336
150 345
151 345
152 343
153 345
154 349
155 362
156 373
157 360
158 380
159 363
160 378
161 371
162 375
163 372
164 385
165 374
166 390
167 381
168 378
169 385
170 387
171 389
172 387
173 406
174 402
175 401
176 421
177 434
178 406
179 406
180 423
181 412
182 409
183 413
184 419
185 423
186 416
187 416
188 422
189 420
190 417
191 424
192 429
193 427
194 432
195 445
196 446
197 455
198 472
199 466
200 472
201 467
202 474
203 485
204 475
205 474
206 484
207 477
208 481
209 486
210 490
211 493
212 492
213 505
214 489
215 494
216 505
217 506
218 507
219 515
220 506
221 526
222 512
223 529
224 544
225 515
226 529
227 517
228 536
229 520
230 519
231 537
232 551
233 565
234 538
235 528
236 545
237 547
238 550
239 567
240 569
241 551
242 556
243 562
244 554
245 571
246 568
247 570
248 586
249 598
250 573
251 590
252 584
253 577
254 592
255 581
256 582
257 593
258 612
259 632
260 648
261 647
262 658
263 638
264 646
265 661
266 641
267 649
268 645
269 651
270 656
271 668
272 648
273 666
274 655
275 656
276 661
277 666
278 662
279 656
280 663
281 677
282 673
283 669
284 676
285 675
286 670
287 686
288 682
289 689
290 693
291 677
292 693
293 701
294 685
295 690
296 681
297 695
298 694
299 696
300 711
301 698
302 710
303 705
304 706
305 709
306 714
307 719
308 725
309 721
310 726
311 715
312 729
313 722
314 734
315 739
316 751
317 742
318 760
319 751
320 752
321 769
322 755
323 759
324 770
325 760
326 757
327 768
328 770
329 779
330 771
331 783
332 787
333 784
334 795
335 799
336 814
337 814
338 813
339 822
340 840
341 850
342 830
343 840
344 850
345 837
346 839
347 849
348 851
349 851
350 867
351 870
352 885
353 863
354 866
355 880
356 868
357 882
358 878
359 869
360 888
361 890
362 894
363 883
364 885
365 893
366 890
367 896
368 902
369 901
370 893
371 891
372 910
373 904
374 924
375 912
376 915
377 910
378 914
379 930
380 950
381 926
382 928
383 929
384 941
385 941
386 945
387 933
388 945
389 952
390 950
391 947
392 946
393 961
394 958
395 975
396 992
397 971
398 990
399 960
400 975
401 973
402 973
403 983
404 962
405 978
406 978
407 973
408 963
409 964
410 978
411 969
412 978
413 972
414 984
415 987
416 978
417 995
418 992
419 986
420 1002
421 990
422 993
423 1003
424 1009
425 1020
426 1009
427 1014
428 1017
429 1033
430 1020
431 1039
432 1034
433 1037
434 1053
435 1043
436 1046
437 1059
438 1040
439 1044
440 1053
441 1063
442 1057
443 1062
444 1066
445 1054
446 1055
447 1067
448 1069
449 1066
450 1081
451 1094
452 1087
453 1104
454 1075
455 1093
456 1092
457 1093
458 1089
459 1095
460 1092
461 1102
462 1100
463 1101
464 1116
465 1124
466 1108
467 1116
468 1126
469 1125
470 1128
471 1134
472 1131
473 1150
474 1144
475 1148
476 1145
477 1138
478 1149
479 1157
480 1168
481 1160
482 1166
483 1175
484 1175
485 1173
486 1188
487 1193
488 1183
489 1185
490 1188
491 1195
492 1200
493 1198
494 1217
495 1202
496 1213
497 1233
498 1212
499 1225
500 1224
501 1229
