0 0
1 9
2 15
3 11
4 20
5 10
6 14
7 17
8 28
9 32
10 26
11 29
12 34
13 29
14 28
15 30
16 48
17 34
18 30
19 32
20 38
21 49
22 65
23 39
24 50
25 55
26 47
27 52
28 46
29 47
30 59
31 61
32 62
33 64
34 74
35 75
36 67
37 79
38 73
39 68
40 84
41 72
42 82
43 82
44 80
45 73
46 84
47 75
48 86
49 101
50 113
51 92
52 94
53 108
54 94
55 100
56 101
57 116
58 127
59 145
60 114
61 121
62 130
63 115
64 132
65 122
66 117
67 119
68 117
69 133
70 128
71 140
72 133
73 126
74 137
75 131
76 139
77 136
78 150
79 147
80 137
81 145
82 149
83 140
84 141
85 155
86 149
87 159
88 164
89 159
90 162
91 169
92 165
93 169
94 170
95 183
96 188
97 176
98 191
99 184
100 180
101 194
102 190
103 198
104 185
105 197
106 187
107 190
108 192
109 199
110 219
111 204
112 211
113 202
114 213
115 211
116 203
117 207
118 223
119 231
120 219
121 209
122 218
123 211
124 221
125 222
126 230
127 235
128 224
129 231
130 230
131 246
132 252
133 239
134 247
135 233
136 239
137 249
138 257
139 246
140 244
141 252
142 248
143 253
144 249
145 255
146 264
147 274
148 251
149 265
150 264
151 268
152 260
153 267
154 280
155 278
156 273
157 266
158 282
159 281
160 282
161 287
162 299
163 293
164 290
165 300
166 302
167 291
168 302
169 297
170 301
171 315
172 299
173 301
174 303
175 300
176 319
177 338
178 305
179 325
180 308
181 318
182 318
183 315
184 327
185 322
186 336
187 332
188 340
189 336
190 351
191 351
192 339
193 342
194 355
195 357
196 343
197 356
198 354
199 344
200 345
201 358
202 348
203 359
204 356
205 373
206 349
207 354
208 353
209 373
210 365
211 362
212 371
213 379
214 373
215 384
216 367
217 381
218 386
219 383
220 368
221 384
222 400
223 382
224 384
225 390
226 398
227 391
228 390
229 385
230 390
231 400
232 413
233 415
234 418
235 408
236 428
237 417
238 431
239 412
240 428
241 438
242 441
243 430
244 441
245 444
246 457
247 460
248 473
249 476
250 474
251 476
252 477
253 478
254 489
255 490
256 497
257 497
258 508
259 524
260 506
261 512
262 514
263 516
264 521
265 520
266 518
267 524
268 519
269 538
270 536
271 547
272 552
273 534
274 535
275 536
276 549
277 541
278 548
279 551
280 560
281 571
282 556
283 560
284 575
285 565
286 569
287 581
288 601
289 573
290 581
291 587
292 591
293 590
294 594
295 608
296 588
297 606
298 601
299 592
300 606
301 608
302 608
303 621
304 631
305 623
306 620
307 630
308 622
309 634
310 640
311 636
312 645
313 641
314 656
315 655
316 648
317 661
318 679
319 682
320 653
321 660
322 665
323 667
324 681
325 664
326 666
327 677
328 669
329 686
330 674
331 672
332 670
333 679
334 689
335 699
336 678
337 698
338 703
339 687
340 688
341 705
342 702
343 688
344 706
345 708
346 723
347 714
348 717
349 718
350 716
351 715
352 727
353 727
354 726
355 738
356 734
357 729
358 744
359 752
360 740
361 749
362 759
363 755
364 759
365 767
366 772
367 781
368 799
369 780
370 785
371 792
372 807
373 787
374 795
375 807
376 791
377 792
378 792
379 799
380 815
381 798
382 810
383 816
384 801
385 807
386 811
387 806
388 824
389 804
390 813
391 811
392 812
393 822
394 817
395 826
396 841
397 834
398 841
399 853
400 847
401 851
402 850
403 862
404 866
405 866
406 867
407 861
408 879
409 880
410 892
411 885
412 886
413 896
414 890
415 902
416 895
417 912
418 932
419 909
420 905
421 918
422 923
423 906
424 914
425 931
426 925
427 918
428 921
429 938
430 921
431 938
432 934
433 935
434 943
435 952
436 971
437 982
438 944
439 949
440 945
441 956
442 948
443 957
444 961
445 951
446 956
447 973
448 991
449 961
450 970
451 963
452 971
453 972
454 977
455 979
456 986
457 987
458 991
459 991
460 1005
461 1021
462 988
463 1005
464 998
465 1009
466 1025
467 1009
468 1018
469 1012
470 1018
471 1024
472 1033
473 1036
474 1033
475 1046
476 1048
477 1054
478 1064
479 1071
480 1059
481 1072
482 1078
483 1080
484 1071
485 1077
486 1088
487 1091
488 1080
489 1081
490 1087
491 1091
492 1086
493 1087
494 1097
495 1106
496 1105
497 1101
498 1108
499 1102
500 1102
501 1108
