0 0
1 12
2 16
3 1
4 20
5 4
6 17
7 12
8 4
9 24
10 12
11 25
12 28
13 26
14 32
15 14
16 32
17 20
18 22
19 23
20 24
21 37
22 37
23 37
24 42
25 48
26 51
27 53
28 70
29 79
30 97
31 63
32 73
33 80
34 90
35 65
36 82
37 82
38 78
39 79
40 88
41 93
42 84
43 87
44 87
45 98
46 88
47 86
48 87
49 93
50 89
51 98
52 92
53 94
54 99
55 110
56 94
57 112
58 108
59 99
60 113
61 105
62 114
63 119
64 107
65 127
66 122
67 130
68 111
69 112
70 116
71 135
72 119
73 130
74 126
75 120
76 125
77 140
78 130
79 145
80 132
81 142
82 138
83 147
84 154
85 167
86 147
87 164
88 172
89 148
90 149
91 159
92 174
93 162
94 151
95 168
96 166
97 186
98 174
99 177
100 179
101 193
102 190
103 179
104 189
105 194
106 186
107 191
108 198
109 201
110 201
111 206
112 206
113 207
114 206
115 203
116 214
117 205
118 219
119 227
120 242
121 260
122 257
123 260
124 269
125 274
126 285
127 260
128 278
129 267
130 277
131 273
132 278
133 278
134 281
135 285
136 281
137 298
138 301
139 308
140 294
141 294
142 297
143 304
144 324
145 300
146 304
147 316
148 321
149 319
150 334
151 322
152 321
153 324
154 321
155 327
156 328
157 329
158 341
159 342
160 360
161 364
162 330
163 343
164 359
165 360
166 367
167 367
168 372
169 362
170 378
171 370
172 366
173 367
174 373
175 367
176 369
177 371
178 386
179 378
180 387
181 389
182 397
183 400
184 397
185 400
186 416
187 414
188 428
189 407
190 410
191 426
192 416
193 432
194 425
195 427
196 425
197 436
198 430
199 445
200 430
201 444
202 448
203 433
204 441
205 438
206 456
207 454
208 471
209 444
210 447
211 451
212 460
213 463
214 479
215 458
216 463
217 462
218 471
219 486
220 467
221 487
222 477
223 497
224 494
225 497
226 517
227 508
228 521
229 514
230 529
231 513
232 527
233 533
234 524
235 534
236 519
237 533
238 538
239 558
240 572
241 564
242 574
243 579
244 594
245 568
246 574
247 576
248 577
249 588
250 598
251 618
252 600
253 590
254 603
255 606
256 621
257 633
258 593
259 613
260 615
261 601
262 606
263 608
264 614
265 628
266 638
267 620
268 637
269 638
270 632
271 625
272 628
273 641
274 630
275 649
276 668
277 668
278 638
279 640
280 640
281 648
282 667
283 648
284 644
285 661
286 664
287 677
288 650
289 654
290 660
291 661
292 667
293 656
294 670
295 672
296 674
297 674
298 657
299 667
300 663
301 658
302 671
303 673
304 677
305 667
306 681
307 675
308 691
309 676
310 681
311 681
312 689
313 704
314 696
315 713
316 704
317 696
318 714
319 729
320 715
321 733
322 719
323 725
324 716
325 735
326 723
327 731
328 731
329 725
330 744
331 740
332 738
333 753
334 741
335 761
336 751
337 739
338 753
339 744
340 755
341 772
342 758
343 770
344 758
345 768
346 773
347 770
348 764
349 784
350 772
351 789
352 778
353 775
354 786
355 792
356 803
357 810
358 826
359 792
360 796
361 795
362 793
363 794
364 812
365 804
366 811
367 796
368 809
369 799
370 813
371 831
372 843
373 825
374 843
375 820
376 836
377 824
378 839
379 851
380 833
381 845
382 846
383 845
384 847
385 852
386 860
387 857
388 876
389 881
390 877
391 875
392 881
393 895
394 889
395 908
396 891
397 899
398 903
399 908
400 910
401 911
402 923
403 927
404 924
405 937
406 937
407 943
408 938
409 954
410 964
411 942
412 940
413 952
414 950
415 969
416 943
417 944
418 952
419 950
420 954
421 956
422 962
423 965
424 963
425 958
426 977
427 979
428 994
429 1010
430 998
431 1011
432 992
433 1008
434 1024
435 1044
436 1050
437 1060
438 1066
439 1064
440 1058
441 1062
442 1063
443 1064
444 1074
445 1085
446 1081
447 1092
448 1096
449 1091
450 1093
451 1096
452 1110
453 1097
454 1101
455 1116
456 1099
457 1111
458 1103
459 1109
460 1123
461 1125
462 1117
463 1130
464 1130
465 1131
466 1123
467 1131
468 1139
469 1143
470 1140
471 1137
472 1141
473 1147
474 1151
475 1159
476 1145
477 1151
478 1160
479 1149
480 1153
481 1154
482 1155
483 1163
484 1168
485 1174
486 1166
487 1172
488 1179
489 1169
490 1170
491 1168
492 1179
493 1185
494 1189
495 1187
496 1188
497 1198
498 1201
499 1202
500 1213
501 1216
