0 0
1 17
2 5
3 20
4 20
5 16
6 21
7 28
8 36
9 25
10 43
11 29
12 39
13 55
14 47
15 44
16 52
17 43
18 57
19 51
20 52
21 49
22 66
23 68
24 68
25 69
26 81
27 71
28 69
29 71
30 78
31 86
32 80
33 83
34 89
35 84
36 94
37 92
38 84
39 86
40 92
41 94
42 94
43 114
44 103
45 117
46 113
47 113
48 116
49 123
50 135
51 134
52 131
53 151
54 143
55 149
56 155
57 145
58 156
59 165
60 164
61 158
62 167
63 164
64 173
65 180
66 176
67 177
68 187
69 190
70 193
71 204
72 221
73 206
74 215
75 210
76 223
77 220
78 212
79 229
80 218
81 220
82 224
83 231
84 240
85 227
86 246
87 236
88 255
89 238
90 249
91 255
92 256
93 266
94 253
95 261
96 254
97 268
98 264
99 262
100 265
101 278
102 271
103 280
104 266
105 282
106 277
107 282
108 269
109 270
110 273
111 282
112 276
113 280
114 296
115 290
116 299
117 291
118 311
119 303
120 321
121 338
122 357
123 305
124 304
125 322
126 306
127 317
128 319
129 322
130 334
131 334
132 336
133 337
134 344
135 344
136 357
137 350
138 341
139 346
140 351
141 354
142 359
143 368
144 370
145 367
146 374
147 384
148 389
149 384
150 389
151 375
152 386
153 384
154 398
155 390
156 400
157 415
158 404
159 401
160 394
161 409
162 411
163 413
164 399
165 411
166 410
167 430
168 448
169 444
170 418
171 423
172 423
173 438
174 442
175 440
176 452
177 425
178 430
179 426
180 432
181 438
182 435
183 448
184 443
185 451
186 455
187 446
188 458
189 461
190 469
191 447
192 466
193 470
194 459
195 470
196 468
197 471
198 461
199 475
200 465
201 468
202 477
203 479
204 485
205 486
206 501
207 517
208 485
209 487
210 495
211 492
212 510
213 496
214 508
215 517
216 520
217 513
218 505
219 508
220 525
221 521
222 533
223 528
224 535
225 548
226 524
227 531
228 539
229 529
230 538
231 545
232 544
233 532
234 542
235 543
236 554
237 574
238 572
239 552
240 554
241 553
242 555
243 564
244 571
245 585
246 566
247 571
248 579
249 586
250 603
251 595
252 579
253 592
254 599
255 580
256 583
257 597
258 606
259 591
260 585
261 589
262 595
263 599
264 607
265 596
266 599
267 604
268 605
269 601
270 600
271 608
272 616
273 609
274 618
275 610
276 622
277 620
278 625
279 615
280 616
281 616
282 623
283 617
284 634
285 624
286 621
287 624
288 626
289 626
290 632
291 635
292 649
293 649
294 641
295 658
296 647
297 646
298 658
299 659
300 660
301 672
302 662
303 675
304 679
305 678
306 671
307 684
308 681
309 680
310 699
311 676
312 687
313 684
314 698
315 713
316 688
317 695
318 698
319 708
320 690
321 692
322 700
323 701
324 692
325 702
326 709
327 703
328 716
329 722
330 704
331 713
332 715
333 721
334 728
335 735
336 720
337 728
338 730
339 729
340 729
341 722
342 740
343 724
344 730
345 741
346 744
347 736
348 752
349 754
350 738
351 754
352 753
353 763
354 776
355 787
356 792
357 756
358 762
359 770
360 761
361 781
362 777
363 772
364 786
365 781
366 775
367 785
368 779
369 794
370 794
371 780
372 785
373 781
374 786
375 783
376 800
377 788
378 786
379 800
380 803
381 802
382 805
383 821
384 826
385 837
386 849
387 861
388 840
389 833
390 837
391 837
392 855
393 836
394 842
395 853
396 845
397 848
398 851
399 845
400 848
401 865
402 848
403 850
404 852
405 862
406 855
407 851
408 852
409 865
410 871
411 870
412 884
413 878
414 898
415 884
416 899
417 896
418 901
419 908
420 904
421 910
422 913
423 923
424 927
425 926
426 945
427 929
428 931
429 940
430 942
431 945
432 939
433 947
434 945
435 957
436 964
437 974
438 981
439 994
440 997
441 988
442 1000
443 1020
444 994
445 1005
446 1005
447 1003
448 1018
449 1005
450 1021
451 1022
452 1016
453 1018
454 1031
455 1036
456 1023
457 1025
458 1043
459 1035
460 1035
461 1050
462 1048
463 1061
464 1050
465 1061
466 1053
467 1069
468 1064
469 1083
470 1083
471 1084
472 1099
473 1095
474 1112
475 1101
476 1098
477 1110
478 1112
479 1124
480 1107
481 1109
482 1121
483 1119
484 1131
485 1121
486 1122
487 1131
488 1139
489 1132
490 1139
491 1138
492 1149
493 1139
494 1148
495 1153
496 1170
497 1147
498 1161
499 1155
500 1151
501 1169
