0 0
1 16
2 31
3 18
4 32
5 30
6 32
7 41
8 37
9 46
10 53
11 56
12 46
13 50
14 54
15 62
16 57
17 70
18 74
19 59
20 75
21 66
22 74
23 79
24 94
25 68
26 75
27 71
28 87
29 78
30 82
31 84
32 102
33 94
34 102
35 93
36 109
37 119
38 101
39 112
40 112
41 118
42 107
43 110
44 129
45 125
46 115
47 119
48 123
49 123
50 134
51 125
52 142
53 152
54 130
55 137
56 156
57 141
58 133
59 136
60 139
61 142
62 140
63 160
64 153
65 147
66 154
67 153
68 154
69 169
70 174
71 169
72 182
73 197
74 170
75 171
76 185
77 180
78 191
79 182
80 192
81 199
82 187
83 186
84 195
85 203
86 189
87 197
88 191
89 201
90 205
91 203
92 208
93 203
94 207
95 216
96 234
97 231
98 221
99 238
100 242
101 261
102 262
103 280
104 263
105 261
106 269
107 273
108 279
109 270
110 288
111 288
112 284
113 288
114 289
115 292
116 296
117 303
118 300
119 306
120 301
121 312
122 307
123 307
124 315
125 311
126 320
127 310
128 324
129 334
130 320
131 327
132 343
133 324
134 339
135 340
136 346
137 349
138 354
139 357
140 362
141 357
142 358
143 377
144 385
145 394
146 365
147 370
148 374
149 375
150 380
151 383
152 387
153 391
154 401
155 403
156 402
157 417
158 431
159 412
160 421
161 418
162 420
163 427
164 425
165 428
166 427
167 439
168 439
169 429
170 443
171 434
172 454
173 446
174 459
175 463
176 476
177 479
178 477
179 492
180 478
181 479
182 493
183 508
184 496
185 490
186 509
187 500
188 516
189 498
190 498
191 507
192 522
193 505
194 511
195 507
196 525
197 514
198 522
199 536
200 531
201 519
202 520
203 535
204 535
205 537
206 532
207 550
208 533
209 551
210 536
211 544
212 548
213 548
214 542
215 552
216 570
217 544
218 546
219 552
220 561
221 557
222 567
223 568
224 562
225 575
226 591
227 574
228 570
229 576
230 582
231 586
232 584
233 580
234 595
235 592
236 601
237 587
238 598
239 607
240 609
241 602
242 606
243 616
244 611
245 615
246 619
247 617
248 633
249 637
250 647
251 656
252 629
253 639
254 639
255 646
256 644
257 654
258 663
259 650
260 665
261 670
262 651
263 666
264 676
265 691
266 652
267 654
268 655
269 667
270 658
271 657
272 669
273 664
274 671
275 674
276 662
277 671
278 679
279 687
280 701
281 686
282 680
283 698
284 699
285 711
286 717
287 728
288 729
289 739
290 743
291 747
292 736
293 751
294 770
295 744
296 763
297 749
298 760
299 763
300 760
301 764
302 778
303 777
304 779
305 797
306 782
307 801
308 812
309 813
310 830
311 816
312 814
313 827
314 818
315 825
316 815
317 832
318 826
319 830
320 832
321 842
322 846
323 833
324 853
325 838
326 844
327 845
328 862
329 858
330 861
331 865
332 854
333 862
334 863
335 866
336 871
337 880
338 870
339 887
340 875
341 879
342 889
343 884
344 884
345 886
346 887
347 889
348 903
349 897
350 909
351 922
352 926
353 905
354 918
355 934
356 948
357 907
358 908
359 922
360 938
361 954
362 942
363 945
364 962
365 961
366 957
367 962
368 959
369 971
370 961
371 975
372 969
373 978
374 965
375 969
376 979
377 972
378 981
379 977
380 989
381 1002
382 1020
383 1002
384 1006
385 1014
386 1004
387 1008
388 1027
389 1047
390 1017
391 1025
392 1042
393 1029
394 1034
395 1036
396 1037
397 1039
398 1048
399 1040
400 1053
401 1041
402 1047
403 1048
404 1059
405 1059
406 1061
407 1067
408 1079
409 1099
410 1097
411 1069
412 1078
413 1080
414 1082
415 1091
416 1100
417 1120
418 1095
419 1092
420 1111
421 1123
422 1110
423 1126
424 1122
425 1111
426 1116
427 1113
428 1128
429 1128
430 1145
431 1138
432 1157
433 1148
434 1155
435 1156
436 1160
437 1162
438 1156
439 1163
440 1167
441 1183
442 1178
443 1183
444 1194
445 1181
446 1201
447 1182
448 1200
449 1201
450 1190
451 1199
452 1200
453 1199
454 1205
455 1204
456 1217
457 1209
458 1220
459 1218
460 1227
461 1216
462 1219
463 1231
464 1250
465 1233
466 1227
467 1228
468 1234
469 1231
470 1240
471 1249
472 1245
473 1257
474 1245
475 1259
476 1246
477 1260
478 1261
479 1276
480 1276
481 1264
482 1279
483 1279
484 1278
485 1295
486 1273
487 1284
488 1288
489 1297
490 1284
491 1292
492 1288
493 1289
494 1290
495 1304
496 1308
497 1293
498 1298
499 1305
500 1322
501 1316
