0 0
1 19
2 8
3 24
4 37
5 17
6 27
7 26
8 27
9 29
10 43
11 45
12 32
13 45
14 36
15 40
16 56
17 53
18 65
19 47
20 67
21 48
22 64
23 56
24 73
25 57
26 57
27 61
28 71
29 61
30 66
31 71
32 67
33 80
34 74
35 84
36 81
37 86
38 82
39 88
40 96
41 100
42 100
43 103
44 107
45 101
46 104
47 120
48 140
49 118
50 134
51 122
52 137
53 130
54 138
55 137
56 125
57 145
58 128
59 132
60 137
61 141
62 158
63 150
64 161
65 155
66 147
67 153
68 167
69 154
70 159
71 161
72 168
73 169
74 171
75 163
76 176
77 179
78 183
79 166
80 178
81 189
82 184
83 197
84 199
85 190
86 191
87 208
88 200
89 192
90 208
91 214
92 207
93 201
94 217
95 215
96 212
97 229
98 224
99 235
100 230
101 232
102 245
103 229
104 244
105 230
106 236
107 234
108 243
109 251
110 247
111 266
112 280
113 250
114 261
115 273
116 285
117 278
118 292
119 308
120 292
121 283
122 282
123 295
124 301
125 292
126 294
127 294
128 295
129 309
130 307
131 315
132 306
133 324
134 317
135 337
136 318
137 323
138 337
139 331
140 332
141 343
142 356
143 347
144 360
145 337
146 357
147 357
148 355
149 362
150 374
151 363
152 363
153 370
154 373
155 375
156 383
157 379
158 378
159 380
160 381
161 384
162 393
163 384
164 402
165 403
166 398
167 403
168 420
169 421
170 425
171 428
172 406
173 419
174 422
175 409
176 424
177 410
178 421
179 413
180 426
181 432
182 425
183 420
184 431
185 434
186 425
187 437
188 436
189 441
190 444
191 442
192 454
193 455
194 463
195 478
196 473
197 481
198 476
199 491
200 483
201 494
202 500
203 481
204 483
205 486
206 491
207 494
208 498
209 498
210 500
211 513
212 511
213 503
214 519
215 525
216 505
217 510
218 508
219 513
220 519
221 533
222 516
223 527
224 520
225 534
226 526
227 533
228 532
229 529
230 536
231 535
232 552
233 536
234 555
235 539
236 553
237 545
238 547
239 567
240 547
241 557
242 551
243 565
244 567
245 564
246 570
247 582
248 583
249 583
250 578
251 589
252 597
253 600
254 589
255 604
256 613
257 593
258 604
259 592
260 600
261 602
262 607
263 617
264 633
265 617
266 629
267 620
268 624
269 626
270 632
271 649
272 650
273 634
274 647
275 648
276 649
277 660
278 666
279 666
280 675
281 656
282 671
283 690
284 676
285 694
286 703
287 680
288 679
289 691
290 699
291 680
292 683
293 695
294 698
295 689
296 693
297 690
298 696
299 700
300 704
301 705
302 703
303 712
304 710
305 717
306 727
307 731
308 730
309 717
310 727
311 734
312 733
313 742
314 743
315 745
316 753
317 746
318 756
319 757
320 748
321 751
322 764
323 783
324 803
325 754
326 771
327 771
328 781
329 764
330 765
331 770
332 766
333 772
334 774
335 776
336 786
337 786
338 776
339 794
340 807
341 811
342 814
343 795
344 799
345 805
346 809
347 814
348 810
349 823
350 828
351 841
352 829
353 838
354 847
355 830
356 830
357 846
358 833
359 842
360 843
361 861
362 852
363 845
364 863
365 858
366 852
367 867
368 874
369 871
370 858
371 866
372 865
373 864
374 872
375 877
376 873
377 875
378 865
379 873
380 874
381 880
382 893
383 899
384 881
385 888
386 896
387 896
388 888
389 904
390 908
391 905
392 920
393 899
394 911
395 916
396 907
397 916
398 927
399 919
400 914
401 920
402 934
403 921
404 931
405 937
406 944
407 938
408 940
409 953
410 952
411 946
412 953
413 956
414 960
415 950
416 953
417 961
418 958
419 959
420 964
421 963
422 983
423 968
424 973
425 983
426 979
427 985
428 991
429 999
430 995
431 984
432 992
433 996
434 988
435 991
436 1002
437 1005
438 994
439 992
440 1010
441 994
442 1005
443 1014
444 1002
445 1001
446 1014
447 1010
448 1003
449 1011
450 1028
451 1015
452 1027
453 1024
454 1027
455 1037
456 1026
457 1035
458 1049
459 1040
460 1028
461 1034
462 1043
463 1050
464 1052
465 1058
466 1063
467 1068
468 1078
469 1064
470 1067
471 1069
472 1083
473 1072
474 1080
475 1089
476 1075
477 1086
478 1081
479 1095
480 1086
481 1089
482 1095
483 1093
484 1087
485 1105
486 1089
487 1093
488 1096
489 1113
490 1097
491 1098
492 1101
493 1100
494 1110
495 1122
496 1132
497 1113
498 1113
499 1126
500 1144
501 1118
