0 0
1 6
2 11
3 14
4 19
5 25
6 28
7 26
8 26
9 32
10 33
11 44
12 27
13 42
14 45
15 34
16 50
17 51
18 50
19 54
20 59
21 62
22 53
23 71
24 56
25 70
26 63
27 59
28 58
29 68
30 81
31 82
32 81
33 64
34 73
35 81
36 65
37 80
38 89
39 85
40 76
41 90
42 84
43 96
44 98
45 90
46 103
47 113
48 123
49 92
50 107
51 97
52 105
53 93
54 105
55 102
56 111
57 109
58 116
59 131
60 147
61 151
62 159
63 132
64 143
65 145
66 147
67 144
68 134
69 139
70 150
71 142
72 143
73 156
74 160
75 158
76 156
77 172
78 160
79 167
80 171
81 186
82 204
83 179
84 179
85 185
86 192
87 212
88 219
89 235
90 199
91 208
92 207
93 205
94 218
95 211
96 219
97 213
98 220
99 217
100 219
101 223
102 234
103 243
104 252
105 242
106 239
107 259
108 249
109 254
110 264
111 280
112 255
113 270
114 271
115 275
116 283
117 256
118 270
119 265
120 266
121 260
122 263
123 268
124 270
125 266
126 271
127 282
128 286
129 268
130 286
131 270
132 289
133 294
134 297
135 307
136 313
137 311
138 314
139 328
140 333
141 316
142 327
143 326
144 332
145 333
146 348
147 343
148 347
149 337
150 349
151 348
152 367
153 367
154 370
155 353
156 363
157 371
158 385
159 382
160 390
161 396
162 409
163 398
164 401
165 412
166 416
167 406
168 421
169 419
170 422
171 415
172 417
173 431
174 431
175 431
176 434
177 432
178 442
179 434
180 448
181 452
182 449
183 436
184 444
185 453
186 443
187 457
188 449
189 454
190 451
191 454
192 454
193 457
194 466
195 474
196 462
197 479
198 472
199 484
200 472
201 471
202 491
203 476
204 494
205 497
206 512
207 509
208 478
209 484
210 497
211 479
212 486
213 501
214 508
215 489
216 487
217 489
218 503
219 499
220 516
221 526
222 521
223 530
224 521
225 525
226 545
227 530
228 543
229 526
230 544
231 534
232 537
233 545
234 550
235 544
236 559
237 564
238 579
239 549
240 562
241 560
242 562
243 561
244 568
245 575
246 569
247 572
248 580
249 583
250 603
251 619
252 611
253 622
254 624
255 629
256 619
257 626
258 631
259 634
260 622
261 631
262 635
263 636
264 633
265 635
266 647
267 637
268 656
269 644
270 643
271 659
272 645
273 654
274 656
275 659
276 671
277 663
278 667
279 664
280 668
281 678
282 669
283 682
284 687
285 695
286 699
287 698
288 714
289 727
290 714
291 724
292 710
293 726
294 719
295 715
296 712
297 721
298 730
299 740
300 730
301 729
302 733
303 741
304 738
305 746
306 756
307 756
308 747
309 764
310 748
311 764
312 752
313 769
314 770
315 773
316 768
317 783
318 781
319 776
320 790
321 781
322 792
323 794
324 810
325 798
326 806
327 803
328 812
329 831
330 819
331 807
332 824
333 818
334 809
335 826
336 816
337 820
338 826
339 829
340 833
341 840
342 840
343 841
344 859
345 842
346 843
347 857
348 843
349 856
350 844
351 861
352 863
353 864
354 874
355 859
356 862
357 866
358 877
359 877
360 879
361 868
362 888
363 877
364 871
365 880
366 887
367 879
368 893
369 883
370 884
371 891
372 889
373 894
374 892
375 903
376 903
377 903
378 911
379 913
380 923
381 916
382 918
383 925
384 935
385 931
386 937
387 927
388 942
389 930
390 932
391 938
392 940
393 951
394 943
395 963
396 958
397 961
398 958
399 961
400 962
401 977
402 976
403 963
404 976
405 970
406 983
407 972
408 982
409 985
410 975
411 986
412 977
413 992
414 994
415 986
416 983
417 982
418 994
419 983
420 992
421 989
422 1000
423 1009
424 1004
425 1018
426 1007
427 1019
428 1008
429 1010
430 1009
431 1013
432 1021
433 1033
434 1027
435 1034
436 1030
437 1044
438 1033
439 1041
440 1040
441 1035
442 1049
443 1044
444 1056
445 1038
446 1045
447 1048
448 1058
449 1063
450 1071
451 1072
452 1077
453 1078
454 1090
455 1086
456 1096
457 1097
458 1102
459 1116
460 1110
461 1107
462 1123
463 1108
464 1113
465 1121
466 1110
467 1119
468 1121
469 1126
470 1119
471 1126
472 1134
473 1142
474 1123
475 1128
476 1129
477 1138
478 1135
479 1155
480 1143
481 1145
482 1144
483 1150
484 1158
485 1154
486 1158
487 1160
488 1162
489 1169
490 1162
491 1166
492 1180
493 1170
494 1181
495 1171
496 1184
497 1187
498 1194
499 1186
500 1185
501 1202
