0 0
1 4
2 21
3 9
4 28
5 11
6 31
7 22
8 27
9 33
10 18
11 19
12 37
13 30
14 25
15 37
16 32
17 31
18 38
19 41
20 56
21 50
22 44
23 53
24 46
25 53
26 71
27 64
28 62
29 47
30 65
31 59
32 51
33 55
34 52
35 71
36 74
37 67
38 71
39 72
40 92
41 75
42 87
43 84
44 87
45 93
46 103
47 113
48 121
49 128
50 111
51 122
52 116
53 130
54 115
55 115
56 132
57 116
58 128
59 118
60 120
61 133
62 142
63 137
64 143
65 145
66 165
67 145
68 162
69 153
70 159
71 176
72 158
73 170
74 160
75 173
76 187
77 176
78 184
79 185
80 178
81 180
82 181
83 191
84 204
85 224
86 195
87 204
88 205
89 223
90 212
91 196
92 197
93 198
94 203
95 203
96 220
97 239
98 231
99 222
100 227
101 244
102 232
103 249
104 244
105 247
106 261
107 250
108 256
109 268
110 251
111 266
112 264
113 276
114 280
115 279
116 284
117 291
118 281
119 295
120 297
121 311
122 306
123 304
124 303
125 316
126 319
127 304
128 309
129 310
130 306
131 309
132 323
133 321
134 340
135 339
136 325
137 345
138 344
139 345
140 337
141 340
142 351
143 342
144 359
145 338
146 351
147 343
148 355
149 369
150 346
151 349
152 364
153 353
154 359
155 367
156 365
157 355
158 372
159 366
160 367
161 363
162 371
163 375
164 376
165 384
166 392
167 400
168 409
169 415
170 395
171 408
172 406
173 415
174 409
175 413
176 419
177 417
178 414
179 414
180 415
181 425
182 442
183 455
184 419
185 428
186 422
187 428
188 437
189 427
190 432
191 433
192 449
193 433
194 447
195 456
196 438
197 443
198 436
199 451
200 437
201 450
202 456
203 451
204 440
205 458
206 459
207 463
208 482
209 446
210 450
211 455
212 450
213 460
214 452
215 460
216 461
217 473
218 478
219 462
220 467
221 469
222 464
223 471
224 467
225 479
226 482
227 489
228 500
229 479
230 491
231 493
232 485
233 500
234 491
235 494
236 491
237 495
238 499
239 515
240 504
241 515
242 523
243 517
244 505
245 509
246 512
247 509
248 520
249 528
250 522
251 536
252 539
253 530
254 523
255 533
256 535
257 545
258 539
259 553
260 536
261 550
262 537
263 554
264 553
265 554
266 558
267 566
268 572
269 574
270 557
271 558
272 562
273 572
274 564
275 568
276 571
277 581
278 568
279 576
280 582
281 588
282 579
283 588
284 597
285 583
286 584
287 591
288 588
289 594
290 611
291 629
292 615
293 625
294 612
295 630
296 628
297 624
298 628
299 640
300 639
301 635
302 650
303 637
304 638
305 650
306 655
307 645
308 657
309 658
310 657
311 673
312 692
313 673
314 680
315 690
316 682
317 698
318 694
319 686
320 697
321 715
322 710
323 724
324 729
325 746
326 729
327 744
328 731
329 734
330 736
331 733
332 750
333 745
334 734
335 742
336 752
337 750
338 737
339 749
340 754
341 757
342 753
343 762
344 776
345 755
346 772
347 763
348 775
349 773
350 766
351 780
352 769
353 770
354 775
355 781
356 796
357 795
358 790
359 806
360 787
361 792
362 807
363 800
364 816
365 820
366 812
367 807
368 803
369 823
370 804
371 814
372 826
373 833
374 819
375 815
376 833
377 833
378 822
379 825
380 834
381 835
382 831
383 851
384 836
385 847
386 852
387 860
388 837
389 843
390 857
391 840
392 847
393 851
394 856
395 847
396 857
397 866
398 865
399 859
400 863
401 866
402 869
403 877
404 864
405 867
406 877
407 885
408 868
409 882
410 900
411 871
412 885
413 883
414 886
415 882
416 898
417 889
418 905
419 907
420 890
421 890
422 909
423 907
424 896
425 906
426 892
427 905
428 894
429 904
430 904
431 910
432 918
433 906
434 917
435 916
436 922
437 923
438 923
439 917
440 931
441 921
442 918
443 926
444 922
445 926
446 939
447 938
448 939
449 927
450 946
451 936
452 938
453 933
454 932
455 949
456 934
457 949
458 953
459 969
460 985
461 965
462 966
463 968
464 983
465 984
466 977
467 979
468 983
469 986
470 986
471 984
472 1000
473 1012
474 996
475 1005
476 985
477 1005
478 1023
479 1002
480 993
481 1002
482 1006
483 1010
484 1019
485 1024
486 1022
487 1028
488 1026
489 1035
490 1037
491 1041
492 1037
493 1048
494 1055
495 1045
496 1052
497 1054
498 1057
499 1065
500 1055
501 1068
