0 0
1 15
2 14
3 19
4 20
5 22
6 28
7 38
8 34
9 28
10 31
11 38
12 39
13 33
14 36
15 44
16 48
17 50
18 42
19 46
20 57
21 60
22 57
23 76
24 82
25 62
26 60
27 60
28 80
29 98
30 91
31 74
32 79
33 77
34 87
35 91
36 89
37 90
38 97
39 105
40 95
41 99
42 114
43 105
44 113
45 108
46 115
47 123
48 126
49 110
50 111
51 115
52 132
53 128
54 141
55 139
56 135
57 147
58 145
59 140
60 147
61 161
62 162
63 150
64 170
65 169
66 188
67 204
68 214
69 219
70 215
71 216
72 230
73 236
74 240
75 244
76 245
77 257
78 251
79 251
80 248
81 251
82 265
83 254
84 262
85 272
86 272
87 273
88 264
89 284
90 279
91 292
92 285
93 291
94 294
95 286
96 294
97 302
98 305
99 308
100 294
101 304
102 303
103 314
104 309
105 299
106 301
107 317
108 322
109 314
110 320
111 315
112 321
113 315
114 327
115 325
116 330
117 323
118 328
119 341
120 329
121 343
122 339
123 341
124 330
125 338
126 343
127 333
128 346
129 336
130 337
131 345
132 339
133 343
134 344
135 356
136 375
137 382
138 360
139 347
140 367
141 364
142 366
143 354
144 364
145 376
146 359
147 375
148 378
149 386
150 380
151 397
152 391
153 386
154 402
155 383
156 388
157 390
158 403
159 395
160 388
161 395
162 401
163 404
164 410
165 407
166 419
167 432
168 419
169 413
170 422
171 438
172 457
173 427
174 437
175 447
176 435
177 440
178 447
179 449
180 463
181 446
182 455
183 464
184 470
185 475
186 462
187 475
188 478
189 477
190 490
191 499
192 504
193 493
194 508
195 513
196 511
197 494
198 501
199 506
200 495
201 508
202 515
203 502
204 498
205 499
206 499
207 518
208 513
209 513
210 512
211 516
212 520
213 531
214 538
215 521
216 525
217 529
218 534
219 539
220 541
221 537
222 544
223 553
224 556
225 558
226 573
227 576
228 560
229 561
230 577
231 562
232 576
233 573
234 585
235 586
236 592
237 594
238 589
239 592
240 591
241 590
242 602
243 597
244 609
245 606
246 602
247 609
248 610
249 624
250 623
251 620
252 640
253 616
254 620
255 635
256 628
257 617
258 622
259 633
260 634
261 635
262 636
263 639
264 652
265 641
266 651
267 652
268 666
269 666
270 657
271 668
272 666
273 686
274 671
275 676
276 680
277 696
278 674
279 687
280 685
281 679
282 694
283 684
284 691
285 690
286 695
287 712
288 708
289 692
290 698
291 697
292 712
293 700
294 712
295 709
296 721
297 714
298 730
299 717
300 715
301 730
302 721
303 733
304 723
305 724
306 722
307 728
308 731
309 741
310 724
311 740
312 738
313 726
314 745
315 748
316 734
317 744
318 738
319 756
320 744
321 741
322 747
323 758
324 750
325 743
326 756
327 763
328 752
329 762
330 767
331 772
332 786
333 773
334 766
335 785
336 805
337 812
338 796
339 807
340 816
341 802
342 822
343 825
344 816
345 809
346 822
347 810
348 825
349 826
350 828
351 842
352 838
353 831
354 829
355 837
356 843
357 853
358 856
359 864
360 859
361 847
362 863
363 877
364 874
365 850
366 859
367 878
368 869
369 883
370 880
371 884
372 891
373 900
374 892
375 894
376 901
377 900
378 897
379 906
380 926
381 917
382 898
383 911
384 903
385 912
386 907
387 910
388 908
389 914
390 923
391 927
392 926
393 933
394 938
395 940
396 953
397 952
398 963
399 969
400 947
401 950
402 948
403 968
404 962
405 952
406 966
407 963
408 976
409 968
410 979
411 972
412 980
413 987
414 976
415 975
416 994
417 996
418 984
419 992
420 988
421 993
422 991
423 1009
424 990
425 1005
426 1014
427 1008
428 998
429 1009
430 1010
431 1001
432 1016
433 1002
434 1007
435 1008
436 1020
437 1033
438 1004
439 1012
440 1016
441 1025
442 1012
443 1024
444 1029
445 1036
446 1038
447 1045
448 1033
449 1033
450 1041
451 1034
452 1037
453 1054
454 1053
455 1063
456 1049
457 1053
458 1066
459 1067
460 1061
461 1063
462 1065
463 1073
464 1079
465 1079
466 1068
467 1081
468 1086
469 1079
470 1083
471 1087
472 1103
473 1102
474 1098
475 1107
476 1107
477 1116
478 1107
479 1124
480 1110
481 1110
482 1108
483 1120
484 1128
485 1125
486 1128
487 1145
488 1135
489 1144
490 1146
491 1154
492 1161
493 1150
494 1155
495 1150
496 1168
497 1168
498 1161
499 1168
500 1163
501 1163
