0 0
1 14
2 16
3 18
4 21
5 31
6 35
7 31
8 43
9 40
10 37
11 57
12 41
13 45
14 38
15 40
16 44
17 47
18 58
19 54
20 46
21 52
22 56
23 66
24 59
25 68
26 62
27 65
28 77
29 77
30 90
31 85
32 92
33 103
34 84
35 98
36 98
37 91
38 92
39 104
40 107
41 122
42 126
43 117
44 130
45 110
46 120
47 129
48 120
49 123
50 139
51 138
52 144
53 149
54 150
55 153
56 152
57 166
58 163
59 180
60 188
61 191
62 180
63 165
64 168
65 179
66 173
67 175
68 181
69 185
70 188
71 205
72 187
73 186
74 194
75 203
76 201
77 217
78 207
79 203
80 213
81 223
82 212
83 224
84 225
85 213
86 214
87 214
88 225
89 227
90 233
91 230
92 233
93 231
94 242
95 233
96 242
97 235
98 247
99 240
100 257
101 238
102 250
103 257
104 239
105 247
106 247
107 243
108 243
109 249
110 268
111 244
112 258
113 265
114 282
115 293
116 262
117 274
118 275
119 269
120 284
121 289
122 289
123 276
124 271
125 274
126 279
127 290
128 286
129 293
130 288
131 288
132 291
133 307
134 294
135 293
136 295
137 311
138 316
139 306
140 305
141 306
142 319
143 308
144 315
145 325
146 317
147 326
148 327
149 343
150 337
151 340
152 340
153 345
154 339
155 343
156 353
157 364
158 345
159 359
160 371
161 360
162 357
163 369
164 365
165 369
166 376
167 388
168 381
169 382
170 390
171 397
172 384
173 385
174 386
175 385
176 387
177 393
178 399
179 407
180 397
181 389
182 408
183 410
184 413
185 411
186 395
187 400
188 402
189 411
190 422
191 401
192 416
193 409
194 419
195 433
196 433
197 419
198 423
199 426
200 437
201 431
202 432
203 445
204 458
205 460
206 450
207 446
208 461
209 448
210 455
211 465
212 464
213 468
214 477
215 484
216 490
217 475
218 483
219 480
220 493
221 485
222 480
223 488
224 489
225 482
226 488
227 482
228 502
229 487
230 491
231 490
232 509
233 498
234 506
235 524
236 513
237 514
238 522
239 529
240 549
241 517
242 525
243 534
244 521
245 529
246 535
247 538
248 536
249 531
250 547
251 534
252 549
253 546
254 556
255 573
256 548
257 559
258 562
259 550
260 566
261 579
262 557
263 563
264 568
265 559
266 560
267 577
268 568
269 572
270 569
271 579
272 570
273 581
274 571
275 577
276 579
277 578
278 581
279 595
280 587
281 580
282 595
283 581
284 599
285 593
286 597
287 582
288 584
289 583
290 597
291 584
292 595
293 609
294 589
295 605
296 604
297 594
298 611
299 600
300 605
301 614
302 629
303 601
304 611
305 627
306 612
307 630
308 624
309 622
310 631
311 635
312 631
313 650
314 665
315 642
316 637
317 642
318 643
319 638
320 641
321 657
322 652
323 648
324 650
325 655
326 656
327 668
328 667
329 672
330 662
331 667
332 668
333 672
334 682
335 686
336 701
337 709
338 711
339 686
340 702
341 691
342 697
343 706
344 687
345 696
346 689
347 702
348 697
349 696
350 690
351 697
352 699
353 692
354 708
355 697
356 701
357 712
358 718
359 702
360 721
361 707
362 708
363 727
364 724
365 720
366 721
367 725
368 729
369 733
370 737
371 742
372 746
373 739
374 737
375 750
376 742
377 750
378 761
379 756
380 757
381 768
382 765
383 765
384 775
385 778
386 769
387 789
388 776
389 774
390 771
391 775
392 790
393 809
394 783
395 801
396 798
397 792
398 797
399 793
400 798
401 817
402 836
403 840
404 802
405 813
406 817
407 804
408 821
409 807
410 810
411 817
412 827
413 836
414 827
415 832
416 836
417 841
418 846
419 830
420 844
421 837
422 857
423 856
424 850
425 844
426 864
427 872
428 845
429 847
430 848
431 863
432 860
433 875
434 861
435 864
436 874
437 861
438 873
439 863
440 877
441 872
442 878
443 865
444 881
445 878
446 890
447 870
448 866
449 870
450 873
451 875
452 883
453 881
454 890
455 877
456 897
457 880
458 882
459 882
460 902
461 884
462 885
463 892
464 889
465 888
466 901
467 897
468 907
469 889
470 907
471 906
472 908
473 926
474 895
475 910
476 912
477 907
478 914
479 927
480 932
481 939
482 934
483 934
484 946
485 942
486 948
487 955
488 947
489 967
490 949
491 952
492 968
493 964
494 968
495 969
496 987
497 969
498 982
499 987
500 977
501 982
