0 0
1 15
2 24
3 4
4 18
5 10
6 21
7 15
8 11
9 18
10 31
11 19
12 32
13 38
14 45
15 48
16 38
17 49
18 53
19 40
20 55
21 45
22 50
23 57
24 59
25 52
26 69
27 53
28 59
29 67
30 64
31 64
32 77
33 66
34 82
35 73
36 90
37 86
38 91
39 93
40 79
41 82
42 88
43 96
44 106
45 126
46 101
47 103
48 102
49 109
50 120
51 110
52 104
53 110
54 115
55 108
56 125
57 119
58 115
59 130
60 149
61 127
62 142
63 139
64 132
65 144
66 140
67 135
68 147
69 155
70 146
71 157
72 158
73 163
74 162
75 163
76 179
77 160
78 178
79 196
80 161
81 176
82 164
83 175
84 183
85 202
86 215
87 216
88 180
89 195
90 185
91 199
92 215
93 201
94 189
95 193
96 196
97 206
98 208
99 209
100 211
101 217
102 225
103 216
104 211
105 221
106 228
107 235
108 225
109 236
110 255
111 251
112 271
113 255
114 258
115 256
116 267
117 258
118 259
119 260
120 274
121 277
122 278
123 270
124 279
125 273
126 276
127 283
128 289
129 287
130 290
131 296
132 300
133 305
134 308
135 295
136 305
137 299
138 313
139 314
140 304
141 312
142 329
143 318
144 306
145 316
146 323
147 321
148 307
149 309
150 324
151 332
152 320
153 330
154 349
155 336
156 348
157 336
158 350
159 346
160 365
161 354
162 355
163 373
164 366
165 371
166 375
167 381
168 379
169 384
170 379
171 383
172 395
173 384
174 387
175 393
176 390
177 393
178 387
179 390
180 396
181 401
182 394
183 393
184 403
185 413
186 418
187 395
188 408
189 415
190 418
191 402
192 415
193 420
194 411
195 415
196 422
197 415
198 431
199 427
200 430
201 443
202 429
203 435
204 428
205 437
206 435
207 455
208 434
209 442
210 447
211 458
212 452
213 470
214 485
215 483
216 472
217 485
218 486
219 498
220 478
221 482
222 481
223 480
224 491
225 491
226 497
227 498
228 501
229 508
230 513
231 507
232 520
233 521
234 530
235 511
236 527
237 524
238 539
239 540
240 531
241 534
242 551
243 546
244 554
245 535
246 543
247 541
248 537
249 554
250 547
251 545
252 546
253 557
254 576
255 551
256 571
257 568
258 555
259 561
260 564
261 569
262 575
263 570
264 570
265 571
266 575
267 581
268 581
269 588
270 588
271 594
272 600
273 592
274 608
275 611
276 624
277 611
278 622
279 620
280 629
281 638
282 627
283 632
284 642
285 642
286 654
287 662
288 648
289 649
290 667
291 687
292 668
293 652
294 668
295 662
296 667
297 679
298 684
299 677
300 674
301 694
302 686
303 690
304 709
305 687
306 707
307 706
308 688
309 692
310 696
311 693
312 713
313 697
314 711
315 705
316 719
317 729
318 706
319 714
320 716
321 724
322 726
323 729
324 732
325 738
326 738
327 745
328 763
329 765
330 783
331 769
332 780
333 766
334 780
335 767
336 782
337 772
338 774
339 776
340 783
341 781
342 796
343 784
344 801
345 801
346 802
347 788
348 797
349 802
350 799
351 801
352 804
353 823
354 817
355 833
356 805
357 807
358 822
359 832
360 806
361 815
362 823
363 826
364 820
365 833
366 827
367 831
368 836
369 826
370 829
371 842
372 861
373 845
374 840
375 836
376 853
377 853
378 862
379 871
380 873
381 876
382 868
383 873
384 870
385 877
386 893
387 912
388 929
389 890
390 878
391 896
392 906
393 915
394 880
395 896
396 902
397 891
398 906
399 895
400 906
401 902
402 900
403 918
404 911
405 901
406 919
407 913
408 921
409 934
410 940
411 936
412 932
413 945
414 941
415 942
416 952
417 951
418 945
419 944
420 962
421 957
422 967
423 961
424 959
425 962
426 975
427 978
428 984
429 989
430 987
431 983
432 995
433 1014
434 1003
435 1000
436 1017
437 1002
438 1007
439 1009
440 1013
441 1026
442 1033
443 1014
444 1014
445 1028
446 1027
447 1046
448 1044
449 1049
450 1067
451 1056
452 1045
453 1055
454 1056
455 1057
456 1053
457 1057
458 1061
459 1076
460 1072
461 1063
462 1066
463 1085
464 1064
465 1077
466 1068
467 1077
468 1077
469 1086
470 1089
471 1096
472 1082
473 1098
474 1090
475 1092
476 1097
477 1101
478 1110
479 1125
480 1099
481 1113
482 1118
483 1130
484 1119
485 1131
486 1130
487 1139
488 1131
489 1148
490 1143
491 1160
492 1155
493 1162
494 1151
495 1171
496 1182
497 1164
498 1155
499 1158
500 1156
501 1161
