0 0
1 12
2 3
3 15
4 34
5 15
6 20
7 12
8 20
9 25
10 31
11 26
12 33
13 30
14 35
15 41
16 29
17 33
18 30
19 30
20 46
21 42
22 44
23 49
24 50
25 62
26 60
27 60
28 65
29 70
30 79
31 83
32 63
33 74
34 89
35 90
36 98
37 105
38 95
39 103
40 107
41 109
42 118
43 115
44 119
45 123
46 139
47 126
48 135
49 153
50 166
51 172
52 180
53 190
54 173
55 180
56 177
57 181
58 195
59 178
60 180
61 181
62 189
63 190
64 197
65 210
66 215
67 230
68 201
69 220
70 207
71 202
72 210
73 218
74 213
75 217
76 230
77 241
78 227
79 236
80 247
81 247
82 231
83 244
84 232
85 249
86 260
87 232
88 242
89 234
90 236
91 250
92 237
93 248
94 252
95 239
96 241
97 249
98 252
99 261
100 280
101 246
102 252
103 257
104 258
105 260
106 253
107 270
108 262
109 272
110 292
111 270
112 271
113 266
114 276
115 282
116 290
117 299
118 275
119 283
120 285
121 290
122 291
123 294
124 307
125 303
126 301
127 315
128 318
129 310
130 312
131 332
132 332
133 346
134 317
135 328
136 327
137 319
138 333
139 322
140 328
141 338
142 339
143 343
144 335
145 341
146 343
147 350
148 342
149 353
150 356
151 376
152 394
153 370
154 372
155 372
156 391
157 379
158 374
159 392
160 385
161 392
162 387
163 382
164 385
165 394
166 398
167 403
168 405
169 405
170 399
171 401
172 416
173 408
174 409
175 423
176 415
177 428
178 427
179 434
180 440
181 446
182 453
183 439
184 444
185 443
186 446
187 457
188 450
189 467
190 447
191 465
192 457
193 473
194 458
195 467
196 462
197 468
198 469
199 473
200 483
201 470
202 489
203 479
204 471
205 491
206 486
207 488
208 484
209 504
210 487
211 507
212 497
213 505
214 521
215 522
216 526
217 514
218 528
219 531
220 536
221 554
222 562
223 546
224 533
225 548
226 541
227 546
228 536
229 555
230 546
231 547
232 550
233 567
234 564
235 552
236 563
237 564
238 559
239 577
240 560
241 569
242 560
243 573
244 562
245 572
246 572
247 577
248 583
249 585
250 580
251 586
252 582
253 581
254 591
255 598
256 595
257 608
258 590
259 593
260 601
261 619
262 617
263 600
264 615
265 608
266 619
267 610
268 618
269 621
270 621
271 623
272 637
273 632
274 633
275 639
276 658
277 678
278 662
279 675
280 668
281 664
282 673
283 679
284 688
285 683
286 672
287 683
288 684
289 677
290 673
291 689
292 674
293 689
294 675
295 688
296 705
297 722
298 710
299 683
300 703
301 693
302 700
303 707
304 712
305 718
306 722
307 739
308 725
309 728
310 737
311 737
312 740
313 743
314 739
315 756
316 738
317 742
318 755
319 748
320 744
321 760
322 754
323 764
324 774
325 779
326 794
327 772
328 777
329 773
330 782
331 783
332 779
333 799
334 801
335 807
336 799
337 780
338 797
339 796
340 802
341 792
342 787
343 790
344 797
345 803
346 794
347 798
348 814
349 801
350 808
351 826
352 815
353 817
354 832
355 828
356 828
357 838
358 842
359 842
360 845
361 848
362 844
363 864
364 847
365 856
366 860
367 857
368 871
369 872
370 866
371 886
372 877
373 882
374 894
375 885
376 887
377 890
378 889
379 891
380 903
381 908
382 914
383 917
384 904
385 910
386 917
387 911
388 919
389 921
390 937
391 929
392 925
393 933
394 948
395 932
396 949
397 947
398 940
399 936
400 938
401 938
402 954
403 943
404 954
405 958
406 946
407 954
408 950
409 957
410 962
411 963
412 959
413 972
414 970
415 981
416 978
417 983
418 978
419 982
420 990
421 993
422 990
423 989
424 984
425 988
426 1003
427 987
428 992
429 993
430 997
431 995
432 1011
433 1000
434 1010
435 1001
436 1004
437 1013
438 1027
439 1007
440 1019
441 1013
442 1026
443 1014
444 1014
445 1022
446 1041
447 1019
448 1030
449 1022
450 1024
451 1025
452 1024
453 1026
454 1036
455 1027
456 1043
457 1033
458 1039
459 1049
460 1029
461 1038
462 1048
463 1036
464 1038
465 1043
466 1037
467 1048
468 1052
469 1060
470 1067
471 1052
472 1061
473 1073
474 1059
475 1073
476 1055
477 1073
478 1062
479 1066
480 1068
481 1066
482 1083
483 1102
484 1116
485 1069
486 1073
487 1084
488 1074
489 1080
490 1082
491 1091
492 1087
493 1107
494 1083
495 1095
496 1101
497 1100
498 1091
499 1096
500 1107
501 1110
