0 0
1 19
2 7
3 1
4 1
5 5
6 2
7 3
8 8
9 6
10 4
11 17
12 16
13 21
14 29
15 18
16 25
17 26
18 27
19 33
20 31
21 29
22 29
23 32
24 46
25 39
26 40
27 49
28 54
29 46
30 52
31 52
32 60
33 48
34 65
35 78
36 79
37 74
38 78
39 85
40 80
41 98
42 115
43 97
44 94
45 114
46 106
47 120
48 110
49 127
50 114
51 129
52 129
53 145
54 160
55 177
56 137
57 138
58 154
59 153
60 158
61 166
62 177
63 181
64 167
65 168
66 187
67 187
68 176
69 180
70 187
71 178
72 196
73 184
74 184
75 190
76 209
77 203
78 213
79 203
80 220
81 209
82 211
83 219
84 226
85 231
86 214
87 215
88 219
89 232
90 219
91 229
92 248
93 252
94 241
95 244
96 250
97 257
98 265
99 256
100 267
101 265
102 273
103 272
104 273
105 291
106 276
107 290
108 295
109 294
110 295
111 282
112 299
113 298
114 302
115 301
116 316
117 321
118 332
119 308
120 318
121 328
122 335
123 340
124 321
125 340
126 345
127 341
128 337
129 357
130 350
131 346
132 358
133 351
134 351
135 365
136 377
137 367
138 353
139 368
140 359
141 358
142 354
143 370
144 357
145 370
146 363
147 365
148 375
149 365
150 367
151 385
152 366
153 381
154 387
155 375
156 385
157 400
158 389
159 405
160 389
161 408
162 408
163 406
164 390
165 391
166 394
167 393
168 398
169 409
170 422
171 415
172 431
173 423
174 415
175 420
176 416
177 426
178 429
179 434
180 446
181 436
182 449
183 442
184 450
185 449
186 461
187 457
188 466
189 475
190 481
191 489
192 501
193 481
194 492
195 496
196 493
197 510
198 505
199 508
200 526
201 508
202 510
203 524
204 518
205 524
206 544
207 540
208 524
209 544
210 525
211 533
212 538
213 546
214 537
215 547
216 555
217 570
218 545
219 556
220 565
221 551
222 559
223 573
224 586
225 580
226 588
227 592
228 599
229 598
230 605
231 601
232 620
233 611
234 615
235 633
236 607
237 622
238 625
239 642
240 645
241 663
242 681
243 630
244 632
245 631
246 649
247 640
248 642
249 651
250 650
251 641
252 648
253 654
254 659
255 668
256 653
257 651
258 652
259 670
260 683
261 658
262 662
263 678
264 670
265 677
266 684
267 685
268 672
269 679
270 692
271 700
272 702
273 714
274 713
275 721
276 734
277 739
278 725
279 735
280 728
281 736
282 746
283 734
284 732
285 733
286 737
287 741
288 743
289 743
290 747
291 757
292 771
293 769
294 787
295 767
296 775
297 784
298 770
299 786
300 780
301 785
302 793
303 795
304 807
305 801
306 805
307 811
308 821
309 840
310 803
311 820
312 821
313 810
314 806
315 810
316 818
317 819
318 820
319 839
320 837
321 840
322 832
323 847
324 838
325 852
326 835
327 842
328 853
329 838
330 836
331 843
332 843
333 846
334 847
335 852
336 857
337 877
338 874
339 860
340 869
341 865
342 874
343 862
344 864
345 871
346 871
347 880
348 874
349 872
350 881
351 889
352 891
353 894
354 906
355 898
356 900
357 899
358 914
359 918
360 914
361 916
362 933
363 924
364 932
365 947
366 955
367 935
368 938
369 951
370 969
371 955
372 965
373 978
374 995
375 983
376 980
377 981
378 996
379 995
380 986
381 995
382 1003
383 993
384 1004
385 1015
386 1009
387 1016
388 1008
389 1011
390 1023
391 1024
392 1028
393 1027
394 1046
395 1055
396 1075
397 1058
398 1051
399 1058
400 1057
401 1068
402 1066
403 1062
404 1068
405 1074
406 1068
407 1078
408 1086
409 1088
410 1084
411 1100
412 1088
413 1097
414 1096
415 1111
416 1113
417 1104
418 1103
419 1107
420 1112
421 1115
422 1106
423 1113
424 1115
425 1125
426 1130
427 1119
428 1118
429 1121
430 1121
431 1134
432 1143
433 1155
434 1122
435 1125
436 1131
437 1139
438 1138
439 1133
440 1139
441 1135
442 1148
443 1137
444 1138
445 1142
446 1140
447 1148
448 1160
449 1161
450 1181
451 1193
452 1166
453 1166
454 1170
455 1173
456 1183
457 1200
458 1209
459 1215
460 1209
461 1213
462 1223
463 1226
464 1216
465 1219
466 1234
467 1236
468 1256
469 1237
470 1254
471 1241
472 1246
473 1238
474 1245
475 1245
476 1247
477 1256
478 1251
479 1266
480 1272
481 1256
482 1257
483 1270
484 1284
485 1295
486 1267
487 1277
488 1280
489 1287
490 1279
491 1282
492 1286
493 1298
494 1288
495 1294
496 1301
497 1307
498 1296
499 1306
500 1297
501 1307
