0 0
1 10
2 22
3 13
4 25
5 30
6 19
7 39
8 20
9 30
10 22
11 36
12 31
13 35
14 32
15 46
16 38
17 53
18 40
19 54
20 70
21 73
22 50
23 61
24 66
25 86
26 66
27 83
28 97
29 110
30 101
31 107
32 96
33 103
34 100
35 109
36 110
37 105
38 112
39 116
40 129
41 125
42 135
43 145
44 133
45 138
46 135
47 140
48 141
49 150
50 150
51 148
52 148
53 164
54 163
55 157
56 156
57 161
58 178
59 165
60 168
61 169
62 167
63 180
64 185
65 199
66 178
67 191
68 184
69 182
70 197
71 183
72 198
73 195
74 193
75 207
76 204
77 211
78 199
79 219
80 217
81 231
82 231
83 222
84 224
85 238
86 225
87 234
88 227
89 236
90 228
91 232
92 243
93 230
94 250
95 242
96 232
97 245
98 246
99 250
100 239
101 233
102 234
103 252
104 252
105 263
106 258
107 254
108 264
109 271
110 256
111 265
112 266
113 282
114 271
115 272
116 273
117 291
118 283
119 287
120 276
121 288
122 277
123 296
124 309
125 291
126 293
127 307
128 308
129 303
130 315
131 323
132 304
133 313
134 310
135 320
136 308
137 316
138 322
139 323
140 322
141 328
142 325
143 333
144 326
145 345
146 336
147 356
148 338
149 340
150 346
151 342
152 362
153 354
154 358
155 360
156 364
157 363
158 370
159 370
160 364
161 370
162 372
163 372
164 376
165 384
166 395
167 379
168 390
169 392
170 387
171 383
172 389
173 390
174 400
175 401
176 408
177 397
178 398
179 408
180 411
181 401
182 414
183 415
184 418
185 418
186 434
187 425
188 431
189 432
190 419
191 432
192 430
193 450
194 435
195 448
196 447
197 460
198 459
199 465
200 454
201 457
202 473
203 460
204 471
205 470
206 472
207 470
208 474
209 478
210 481
211 480
212 474
213 493
214 490
215 484
216 496
217 513
218 501
219 503
220 511
221 508
222 525
223 523
224 515
225 532
226 545
227 532
228 522
229 527
230 531
231 532
232 541
233 535
234 552
235 561
236 553
237 560
238 545
239 555
240 556
241 575
242 557
243 559
244 562
245 575
246 559
247 560
248 561
249 565
250 576
251 577
252 575
253 585
254 588
255 590
256 595
257 603
258 608
259 620
260 612
261 618
262 629
263 614
264 615
265 615
266 626
267 630
268 630
269 618
270 638
271 620
272 625
273 635
274 626
275 628
276 629
277 630
278 648
279 639
280 640
281 634
282 639
283 654
284 659
285 657
286 671
287 661
288 672
289 667
290 674
291 672
292 675
293 687
294 672
295 679
296 693
297 687
298 688
299 695
300 712
301 697
302 694
303 691
304 695
305 711
306 724
307 731
308 730
309 738
310 744
311 733
312 737
313 749
314 747
315 741
316 752
317 744
318 750
319 745
320 756
321 752
322 763
323 766
324 768
325 767
326 779
327 768
328 769
329 785
330 770
331 783
332 788
333 791
334 794
335 796
336 796
337 800
338 813
339 809
340 817
341 816
342 816
343 831
344 811
345 827
346 818
347 824
348 825
349 831
350 840
351 856
352 857
353 843
354 843
355 856
356 857
357 862
358 858
359 875
360 870
361 887
362 889
363 907
364 925
365 877
366 889
367 885
368 894
369 888
370 901
371 907
372 892
373 899
374 904
375 903
376 916
377 910
378 923
379 913
380 920
381 931
382 928
383 929
384 926
385 928
386 944
387 945
388 955
389 962
390 946
391 958
392 958
393 961
394 949
395 958
396 959
397 955
398 961
399 980
400 958
401 974
402 978
403 964
404 971
405 980
406 980
407 965
408 975
409 966
410 985
411 998
412 987
413 1004
414 1021
415 999
416 1014
417 1003
418 1000
419 1014
420 1025
421 1019
422 1016
423 1024
424 1036
425 1036
426 1023
427 1033
428 1025
429 1044
430 1060
431 1036
432 1051
433 1052
434 1051
435 1053
436 1060
437 1061
438 1054
439 1061
440 1066
441 1084
442 1104
443 1087
444 1102
445 1094
446 1094
447 1091
448 1101
449 1110
450 1099
451 1114
452 1117
453 1100
454 1110
455 1106
456 1109
457 1114
458 1118
459 1123
460 1122
461 1137
462 1145
463 1137
464 1154
465 1151
466 1150
467 1164
468 1169
469 1169
470 1166
471 1183
472 1200
473 1183
474 1198
475 1190
476 1197
477 1186
478 1190
479 1193
480 1192
481 1187
482 1205
483 1198
484 1202
485 1204
486 1219
487 1238
488 1258
489 1253
490 1266
491 1271
492 1254
493 1271
494 1269
495 1258
496 1259
497 1266
498 1273
499 1280
500 1273
501 1277
