0 0
1 7
2 16
3 12
4 20
5 28
6 22
7 36
8 29
9 32
10 24
11 43
12 38
13 40
14 40
15 57
16 41
17 51
18 69
19 44
20 45
21 48
22 60
23 59
24 54
25 70
26 55
27 69
28 56
29 71
30 69
31 59
32 63
33 82
34 88
35 79
36 98
37 93
38 93
39 113
40 104
41 123
42 100
43 107
44 127
45 143
46 114
47 124
48 141
49 118
50 134
51 137
52 153
53 131
54 132
55 149
56 150
57 150
58 160
59 159
60 157
61 171
62 169
63 189
64 166
65 173
66 175
67 186
68 206
69 195
70 185
71 197
72 201
73 189
74 206
75 203
76 216
77 222
78 234
79 228
80 235
81 231
82 232
83 240
84 250
85 234
86 241
87 249
88 257
89 252
90 257
91 263
92 268
93 266
94 262
95 280
96 281
97 267
98 279
99 288
100 305
101 319
102 334
103 344
104 327
105 335
106 331
107 333
108 332
109 345
110 346
111 335
112 344
113 348
114 343
115 358
116 360
117 362
118 378
119 376
120 396
121 384
122 380
123 399
124 381
125 382
126 400
127 403
128 415
129 432
130 450
131 419
132 423
133 436
134 428
135 425
136 430
137 430
138 430
139 434
140 426
141 440
142 436
143 443
144 463
145 455
146 449
147 453
148 451
149 467
150 466
151 454
152 456
153 459
154 459
155 472
156 489
157 464
158 471
159 465
160 475
161 475
162 491
163 499
164 494
165 502
166 511
167 515
168 519
169 508
170 512
171 518
172 515
173 526
174 514
175 518
176 517
177 521
178 529
179 524
180 523
181 542
182 534
183 525
184 531
185 537
186 542
187 547
188 545
189 553
190 554
191 548
192 565
193 551
194 559
195 558
196 575
197 557
198 570
199 570
200 568
201 579
202 576
203 573
204 578
205 590
206 580
207 586
208 583
209 594
210 600
211 607
212 597
213 601
214 596
215 608
216 597
217 605
218 598
219 599
220 615
221 623
222 599
223 608
224 606
225 626
226 617
227 632
228 623
229 624
230 628
231 626
232 638
233 642
234 642
235 628
236 641
237 646
238 650
239 664
240 647
241 656
242 648
243 659
244 668
245 665
246 667
247 680
248 666
249 674
250 672
251 690
252 701
253 684
254 689
255 707
256 704
257 714
258 715
259 705
260 718
261 709
262 723
263 729
264 720
265 723
266 728
267 733
268 729
269 730
270 731
271 738
272 746
273 734
274 741
275 744
276 747
277 738
278 750
279 747
280 752
281 746
282 753
283 747
284 759
285 759
286 766
287 764
288 772
289 775
290 779
291 786
292 791
293 783
294 785
295 798
296 799
297 806
298 816
299 834
300 815
301 825
302 823
303 828
304 826
305 827
306 829
307 835
308 846
309 832
310 833
311 841
312 851
313 835
314 849
315 840
316 841
317 852
318 845
319 844
320 851
321 861
322 866
323 861
324 854
325 873
326 869
327 857
328 862
329 870
330 870
331 879
332 888
333 880
334 885
335 904
336 881
337 892
338 894
339 899
340 884
341 891
342 894
343 887
344 888
345 907
346 897
347 904
348 901
349 902
350 903
351 919
352 937
353 919
354 935
355 925
356 930
357 929
358 920
359 934
360 933
361 934
362 943
363 946
364 958
365 951
366 947
367 955
368 958
369 963
370 966
371 962
372 980
373 976
374 969
375 980
376 982
377 984
378 975
379 991
380 986
381 1004
382 1005
383 998
384 1017
385 1018
386 1015
387 1015
388 1032
389 1017
390 1027
391 1046
392 1032
393 1037
394 1030
395 1041
396 1050
397 1041
398 1052
399 1048
400 1061
401 1065
402 1071
403 1077
404 1064
405 1078
406 1091
407 1065
408 1065
409 1080
410 1100
411 1095
412 1066
413 1084
414 1067
415 1074
416 1085
417 1069
418 1072
419 1079
420 1078
421 1081
422 1086
423 1101
424 1117
425 1103
426 1086
427 1098
428 1117
429 1129
430 1129
431 1144
432 1152
433 1160
434 1142
435 1139
436 1152
437 1140
438 1159
439 1156
440 1159
441 1178
442 1175
443 1186
444 1158
445 1169
446 1166
447 1167
448 1177
449 1178
450 1195
451 1183
452 1198
453 1207
454 1201
455 1221
456 1217
457 1213
458 1209
459 1221
460 1227
461 1229
462 1227
463 1233
464 1239
465 1243
466 1229
467 1237
468 1254
469 1246
470 1249
471 1245
472 1263
473 1248
474 1252
475 1259
476 1258
477 1264
478 1269
479 1278
480 1272
481 1278
482 1274
483 1283
484 1293
485 1289
486 1290
487 1295
488 1306
489 1291
490 1296
491 1301
492 1312
493 1292
494 1297
495 1295
496 1301
497 1307
498 1303
499 1308
500 1304
501 1312
