0 0
1 16
2 1
3 1
4 13
5 18
6 18
7 25
8 12
9 28
10 13
11 14
12 16
13 15
14 20
15 23
16 25
17 25
18 31
19 40
20 37
21 57
22 58
23 44
24 62
25 62
26 55
27 65
28 71
29 72
30 64
31 81
32 68
33 67
34 66
35 75
36 86
37 75
38 76
39 91
40 94
41 99
42 82
43 79
44 88
45 96
46 111
47 98
48 116
49 115
50 106
51 120
52 123
53 122
54 116
55 115
56 126
57 132
58 151
59 132
60 135
61 144
62 151
63 144
64 148
65 153
66 157
67 160
68 146
69 163
70 170
71 165
72 172
73 179
74 182
75 166
76 171
77 178
78 179
79 177
80 191
81 184
82 195
83 206
84 203
85 200
86 188
87 193
88 207
89 194
90 206
91 204
92 203
93 221
94 205
95 214
96 225
97 228
98 222
99 228
100 247
101 231
102 239
103 233
104 251
105 243
106 234
107 239
108 247
109 247
110 254
111 244
112 250
113 261
114 256
115 261
116 252
117 271
118 258
119 272
120 278
121 280
122 278
123 291
124 288
125 292
126 301
127 304
128 294
129 306
130 298
131 309
132 323
133 314
134 325
135 299
136 316
137 302
138 307
139 305
140 308
141 313
142 321
143 313
144 314
145 329
146 315
147 335
148 322
149 336
150 316
151 331
152 348
153 365
154 381
155 378
156 379
157 388
158 392
159 400
160 402
161 413
162 412
163 405
164 413
165 427
166 446
167 413
168 428
169 431
170 418
171 419
172 428
173 423
174 434
175 432
176 451
177 462
178 424
179 430
180 440
181 441
182 453
183 462
184 449
185 455
186 474
187 468
188 472
189 492
190 486
191 481
192 490
193 495
194 490
195 491
196 499
197 508
198 509
199 518
200 528
201 517
202 519
203 527
204 531
205 537
206 554
207 547
208 548
209 553
210 555
211 552
212 551
213 554
214 555
215 565
216 565
217 579
218 585
219 591
220 606
221 594
222 590
223 603
224 618
225 592
226 595
227 605
228 612
229 606
230 617
231 614
232 612
233 619
234 623
235 624
236 628
237 615
238 618
239 623
240 624
241 639
242 651
243 629
244 626
245 631
246 631
247 644
248 651
249 657
250 641
251 644
252 661
253 670
254 670
255 680
256 689
257 671
258 676
259 678
260 680
261 682
262 694
263 685
264 695
265 696
266 699
267 712
268 700
269 711
270 713
271 718
272 727
273 726
274 739
275 742
276 733
277 736
278 740
279 740
280 758
281 758
282 761
283 746
284 750
285 760
286 757
287 762
288 759
289 758
290 774
291 770
292 760
293 777
294 778
295 767
296 765
297 762
298 763
299 779
300 791
301 770
302 782
303 787
304 802
305 776
306 790
307 788
308 779
309 787
310 793
311 795
312 807
313 780
314 796
315 798
316 799
317 786
318 788
319 803
320 789
321 797
322 789
323 792
324 802
325 799
326 800
327 810
328 804
329 818
330 805
331 817
332 806
333 809
334 813
335 831
336 817
337 836
338 837
339 853
340 870
341 865
342 864
343 871
344 872
345 884
346 870
347 890
348 874
349 875
350 885
351 880
352 890
353 893
354 887
355 902
356 905
357 924
358 921
359 925
360 915
361 913
362 930
363 914
364 923
365 928
366 934
367 923
368 943
369 959
370 961
371 927
372 933
373 947
374 941
375 942
376 930
377 944
378 961
379 949
380 968
381 964
382 959
383 959
384 969
385 972
386 963
387 976
388 966
389 982
390 996
391 972
392 975
393 988
394 986
395 983
396 992
397 981
398 989
399 982
400 997
401 998
402 1014
403 1023
404 984
405 996
406 990
407 1007
408 1020
409 994
410 1010
411 1030
412 1024
413 1043
414 1040
415 1039
416 1046
417 1054
418 1040
419 1048
420 1041
421 1043
422 1053
423 1044
424 1059
425 1051
426 1062
427 1055
428 1057
429 1055
430 1064
431 1066
432 1062
433 1059
434 1068
435 1062
436 1074
437 1070
438 1073
439 1076
440 1085
441 1086
442 1084
443 1087
444 1087
445 1098
446 1100
447 1104
448 1103
449 1109
450 1113
451 1113
452 1119
453 1119
454 1138
455 1114
456 1116
457 1125
458 1129
459 1123
460 1142
461 1135
462 1126
463 1145
464 1153
465 1129
466 1143
467 1148
468 1134
469 1144
470 1154
471 1143
472 1151
473 1170
474 1159
475 1163
476 1181
477 1167
478 1178
479 1169
480 1169
481 1177
482 1187
483 1185
484 1181
485 1178
486 1195
487 1183
488 1182
489 1197
490 1201
491 1198
492 1206
493 1187
494 1197
495 1203
496 1199
497 1205
498 1197
499 1214
500 1206
501 1214
