0 0
1 1
2 2
3 2
4 7
5 13
6 13
7 14
8 26
9 42
10 29
11 18
12 21
13 24
14 29
15 28
16 35
17 30
18 47
19 37
20 46
21 50
22 50
23 53
24 57
25 60
26 61
27 69
28 81
29 63
30 70
31 83
32 100
33 82
34 85
35 87
36 86
37 90
38 89
39 98
40 106
41 105
42 103
43 113
44 121
45 128
46 118
47 128
48 123
49 127
50 136
51 142
52 142
53 160
54 143
55 158
56 159
57 150
58 159
59 144
60 145
61 164
62 160
63 152
64 153
65 155
66 164
67 161
68 172
69 156
70 159
71 161
72 162
73 161
74 176
75 180
76 170
77 188
78 193
79 188
80 171
81 173
82 189
83 190
84 179
85 196
86 178
87 186
88 179
89 195
90 197
91 192
92 196
93 197
94 202
95 206
96 205
97 202
98 217
99 219
100 217
101 228
102 233
103 226
104 237
105 243
106 262
107 263
108 235
109 247
110 252
111 240
112 253
113 258
114 258
115 272
116 268
117 287
118 296
119 273
120 285
121 279
122 287
123 278
124 293
125 288
126 293
127 304
128 307
129 324
130 310
131 312
132 312
133 324
134 329
135 347
136 320
137 326
138 339
139 327
140 329
141 334
142 334
143 346
144 361
145 340
146 338
147 347
148 343
149 346
150 354
151 356
152 375
153 360
154 355
155 372
156 388
157 367
158 363
159 366
160 373
161 389
162 371
163 368
164 374
165 371
166 373
167 374
168 380
169 375
170 384
171 388
172 389
173 379
174 389
175 388
176 393
177 406
178 405
179 420
180 390
181 407
182 420
183 434
184 448
185 396
186 412
187 397
188 407
189 405
190 412
191 415
192 425
193 421
194 419
195 420
196 422
197 436
198 428
199 448
200 442
201 448
202 462
203 466
204 458
205 470
206 455
207 468
208 464
209 462
210 480
211 479
212 474
213 475
214 492
215 485
216 491
217 480
218 476
219 490
220 481
221 483
222 499
223 495
224 493
225 512
226 499
227 499
228 516
229 518
230 510
231 527
232 547
233 511
234 511
235 517
236 533
237 521
238 528
239 512
240 526
241 527
242 514
243 524
244 531
245 529
246 516
247 519
248 536
249 531
250 522
251 518
252 531
253 535
254 533
255 525
256 526
257 541
258 534
259 532
260 548
261 533
262 549
263 567
264 536
265 555
266 541
267 554
268 563
269 560
270 574
271 556
272 560
273 565
274 574
275 574
276 566
277 578
278 566
279 584
280 568
281 570
282 588
283 581
284 582
285 600
286 589
287 605
288 587
289 602
290 595
291 610
292 611
293 599
294 600
295 611
296 608
297 615
298 619
299 619
300 617
301 637
302 618
303 624
304 636
305 619
306 626
307 635
308 646
309 645
310 648
311 648
312 650
313 651
314 659
315 661
316 660
317 654
318 671
319 662
320 682
321 666
322 663
323 679
324 678
325 677
326 676
327 693
328 691
329 705
330 683
331 693
332 692
333 687
334 693
335 706
336 722
337 696
338 703
339 705
340 714
341 707
342 708
343 708
344 726
345 710
346 728
347 716
348 726
349 721
350 728
351 730
352 728
353 743
354 738
355 729
356 737
357 730
358 741
359 741
360 748
361 745
362 753
363 750
364 754
365 759
366 769
367 774
368 764
369 769
370 779
371 776
372 765
373 770
374 770
375 776
376 778
377 783
378 781
379 783
380 795
381 785
382 799
383 783
384 798
385 799
386 793
387 785
388 802
389 788
390 806
391 793
392 806
393 811
394 816
395 801
396 816
397 815
398 830
399 817
400 829
401 835
402 825
403 831
404 839
405 857
406 859
407 869
408 846
409 851
410 859
411 848
412 853
413 868
414 851
415 857
416 871
417 879
418 872
419 879
420 878
421 883
422 889
423 892
424 898
425 896
426 905
427 904
428 897
429 914
430 906
431 919
432 921
433 915
434 933
435 919
436 934
437 920
438 930
439 933
440 939
441 939
442 949
443 946
444 938
445 955
446 945
447 941
448 951
449 964
450 956
451 949
452 961
453 958
454 974
455 962
456 972
457 972
458 961
459 980
460 988
461 978
462 990
463 1000
464 994
465 983
466 1003
467 1007
468 985
469 999
470 1002
471 993
472 997
473 996
474 1011
475 1005
476 1014
477 1031
478 1024
479 1010
480 1015
481 1019
482 1011
483 1023
484 1018
485 1024
486 1029
487 1029
488 1028
489 1043
490 1045
491 1061
492 1046
493 1051
494 1064
495 1058
496 1048
497 1051
498 1060
499 1055
500 1053
501 1067
