0 0
1 3
2 8
3 21
4 6
5 8
6 12
7 16
8 18
9 25
10 36
11 37
12 20
13 40
14 38
15 27
16 40
17 31
18 47
19 32
20 47
21 67
22 36
23 51
24 37
25 55
26 51
27 60
28 53
29 54
30 66
31 66
32 77
33 81
34 82
35 94
36 89
37 83
38 88
39 86
40 88
41 93
42 101
43 92
44 92
45 112
46 119
47 94
48 96
49 103
50 114
51 100
52 118
53 114
54 107
55 112
56 107
57 126
58 113
59 133
60 122
61 130
62 131
63 135
64 142
65 127
66 130
67 133
68 148
69 151
70 156
71 167
72 174
73 175
74 172
75 170
76 185
77 181
78 186
79 188
80 204
81 197
82 212
83 194
84 212
85 198
86 215
87 211
88 214
89 233
90 207
91 220
92 221
93 222
94 235
95 235
96 224
97 233
98 245
99 229
100 246
101 229
102 234
103 237
104 247
105 243
106 246
107 238
108 252
109 261
110 259
111 242
112 247
113 259
114 248
115 259
116 264
117 265
118 263
119 258
120 277
121 272
122 261
123 267
124 271
125 270
126 275
127 278
128 287
129 286
130 292
131 282
132 298
133 299
134 295
135 296
136 286
137 296
138 300
139 290
140 300
141 296
142 303
143 314
144 297
145 307
146 310
147 312
148 298
149 307
150 303
151 315
152 323
153 315
154 321
155 327
156 322
157 325
158 330
159 334
160 337
161 346
162 349
163 351
164 369
165 338
166 355
167 353
168 357
169 367
170 366
171 366
172 379
173 369
174 377
175 392
176 389
177 389
178 378
179 388
180 393
181 394
182 385
183 396
184 400
185 386
186 395
187 402
188 405
189 401
190 402
191 414
192 411
193 417
194 419
195 426
196 428
197 424
198 425
199 428
200 434
201 437
202 444
203 447
204 440
205 442
206 454
207 462
208 462
209 458
210 465
211 461
212 474
213 476
214 470
215 473
216 473
217 480
218 485
219 493
220 490
221 498
222 499
223 513
224 515
225 507
226 519
227 525
228 540
229 530
230 536
231 535
232 533
233 549
234 560
235 548
236 535
237 540
238 555
239 561
240 562
241 570
242 557
243 559
244 576
245 584
246 565
247 566
248 568
249 578
250 586
251 579
252 580
253 589
254 596
255 613
256 601
257 603
258 621
259 609
260 616
261 615
262 620
263 623
264 637
265 635
266 653
267 635
268 650
269 646
270 650
271 644
272 656
273 663
274 648
275 651
276 666
277 664
278 666
279 681
280 671
281 687
282 667
283 684
284 671
285 679
286 678
287 694
288 706
289 693
290 695
291 714
292 712
293 699
294 706
295 704
296 705
297 703
298 713
299 707
300 710
301 718
302 717
303 713
304 710
305 727
306 733
307 716
308 723
309 728
310 725
311 736
312 731
313 732
314 751
315 742
316 750
317 759
318 761
319 751
320 756
321 752
322 762
323 765
324 782
325 761
326 765
327 774
328 777
329 790
330 778
331 777
332 789
333 796
334 793
335 780
336 784
337 786
338 793
339 799
340 813
341 814
342 826
343 797
344 799
345 811
346 807
347 807
348 802
349 822
350 838
351 849
352 812
353 819
354 825
355 821
356 823
357 841
358 834
359 827
360 832
361 833
362 836
363 851
364 840
365 850
366 859
367 864
368 861
369 877
370 867
371 868
372 878
373 872
374 870
375 880
376 872
377 886
378 876
379 881
380 893
381 883
382 898
383 886
384 895
385 886
386 899
387 891
388 889
389 902
390 892
391 898
392 908
393 904
394 899
395 919
396 916
397 917
398 930
399 916
400 921
401 926
402 939
403 951
404 955
405 940
406 946
407 941
408 957
409 946
410 964
411 961
412 972
413 973
414 991
415 975
416 988
417 1004
418 983
419 994
420 985
421 985
422 988
423 994
424 998
425 1010
426 997
427 1004
428 999
429 1003
430 1017
431 1011
432 1007
433 1015
434 1008
435 1020
436 1027
437 1018
438 1032
439 1017
440 1025
441 1021
442 1023
443 1022
444 1037
445 1023
446 1026
447 1039
448 1037
449 1027
450 1038
451 1033
452 1052
453 1051
454 1038
455 1051
456 1037
457 1041
458 1054
459 1042
460 1053
461 1049
462 1059
463 1079
464 1063
465 1055
466 1063
467 1061
468 1073
469 1078
470 1064
471 1067
472 1070
473 1065
474 1083
475 1083
476 1076
477 1089
478 1081
479 1095
480 1096
481 1088
482 1090
483 1098
484 1089
485 1101
486 1115
487 1122
488 1102
489 1108
490 1102
491 1115
492 1132
493 1120
494 1122
495 1117
496 1123
497 1120
498 1140
499 1137
500 1146
501 1156
