0 0
1 15
2 21
3 21
4 30
5 24
6 27
7 34
8 33
9 28
10 29
11 30
12 31
13 40
14 30
15 42
16 47
17 34
18 40
19 49
20 62
21 56
22 45
23 49
24 60
25 51
26 58
27 71
28 63
29 58
30 65
31 61
32 68
33 73
34 73
35 82
36 87
37 83
38 82
39 95
40 84
41 101
42 105
43 90
44 108
45 98
46 105
47 96
48 101
49 107
50 98
51 109
52 98
53 104
54 107
55 114
56 126
57 124
58 119
59 122
60 138
61 121
62 132
63 138
64 136
65 140
66 150
67 146
68 164
69 173
70 159
71 147
72 167
73 159
74 176
75 172
76 167
77 174
78 178
79 187
80 179
81 190
82 195
83 185
84 187
85 192
86 186
87 194
88 187
89 204
90 206
91 226
92 218
93 231
94 232
95 235
96 244
97 220
98 223
99 234
100 239
101 252
102 228
103 246
104 247
105 242
106 246
107 245
108 254
109 250
110 267
111 262
112 278
113 269
114 278
115 264
116 284
117 267
118 272
119 269
120 287
121 291
122 287
123 305
124 294
125 311
126 293
127 298
128 306
129 317
130 333
131 310
132 320
133 321
134 318
135 337
136 349
137 356
138 329
139 332
140 338
141 333
142 333
143 338
144 342
145 355
146 348
147 354
148 368
149 350
150 358
151 357
152 366
153 372
154 383
155 387
156 394
157 400
158 400
159 405
160 414
161 408
162 416
163 410
164 424
165 439
166 454
167 427
168 429
169 437
170 442
171 432
172 452
173 444
174 437
175 455
176 447
177 447
178 460
179 457
180 460
181 477
182 460
183 465
184 479
185 462
186 477
187 495
188 482
189 496
190 506
191 488
192 496
193 505
194 500
195 516
196 513
197 520
198 526
199 539
200 527
201 533
202 546
203 535
204 547
205 563
206 560
207 576
208 589
209 553
210 572
211 568
212 555
213 571
214 564
215 567
216 571
217 565
218 581
219 582
220 577
221 585
222 587
223 586
224 593
225 582
226 602
227 593
228 605
229 616
230 618
231 618
232 624
233 624
234 643
235 660
236 642
237 640
238 652
239 642
240 643
241 656
242 676
243 651
244 651
245 665
246 669
247 688
248 671
249 672
250 689
251 676
252 684
253 687
254 685
255 687
256 698
257 686
258 688
259 696
260 696
261 703
262 695
263 694
264 705
265 705
266 704
267 723
268 718
269 737
270 707
271 721
272 734
273 715
274 720
275 718
276 727
277 734
278 719
279 738
280 721
281 738
282 726
283 724
284 731
285 736
286 752
287 747
288 753
289 758
290 761
291 757
292 766
293 755
294 771
295 769
296 777
297 782
298 770
299 772
300 781
301 788
302 788
303 774
304 776
305 782
306 780
307 782
308 782
309 799
310 787
311 803
312 807
313 805
314 821
315 813
316 812
317 813
318 819
319 814
320 830
321 833
322 842
323 847
324 842
325 839
326 844
327 858
328 846
329 852
330 846
331 859
332 865
333 854
334 874
335 855
336 861
337 879
338 864
339 860
340 866
341 874
342 882
343 877
344 879
345 893
346 878
347 890
348 890
349 895
350 915
351 898
352 899
353 906
354 906
355 906
356 913
357 917
358 908
359 909
360 917
361 937
362 923
363 926
364 928
365 938
366 952
367 943
368 937
369 946
370 947
371 950
372 956
373 948
374 947
375 954
376 951
377 967
378 987
379 961
380 970
381 967
382 976
383 973
384 968
385 983
386 969
387 977
388 976
389 995
390 980
391 983
392 989
393 996
394 995
395 997
396 992
397 993
398 999
399 1007
400 1004
401 1009
402 1011
403 1010
404 1019
405 1028
406 1028
407 1015
408 1030
409 1022
410 1029
411 1035
412 1021
413 1036
414 1040
415 1031
416 1036
417 1045
418 1049
419 1069
420 1086
421 1055
422 1070
423 1057
424 1075
425 1056
426 1065
427 1075
428 1069
429 1064
430 1080
431 1065
432 1076
433 1083
434 1089
435 1072
436 1078
437 1073
438 1090
439 1092
440 1099
441 1090
442 1101
443 1094
444 1106
445 1112
446 1124
447 1140
448 1109
449 1129
450 1112
451 1128
452 1148
453 1140
454 1123
455 1140
456 1140
457 1143
458 1124
459 1131
460 1139
461 1130
462 1135
463 1145
464 1141
465 1153
466 1143
467 1158
468 1160
469 1176
470 1155
471 1159
472 1164
473 1172
474 1160
475 1180
476 1193
477 1168
478 1168
479 1163
480 1183
481 1177
482 1193
483 1201
484 1186
485 1206
486 1216
487 1217
488 1190
489 1204
490 1200
491 1207
492 1209
493 1228
494 1241
495 1227
496 1241
497 1252
498 1238
499 1242
500 1245
501 1255
