0 0
1 17
2 19
3 17
4 31
5 34
6 36
7 45
8 42
9 49
10 45
11 56
12 46
13 47
14 57
15 77
16 59
17 49
18 59
19 72
20 68
21 59
22 76
23 77
24 88
25 88
26 90
27 103
28 96
29 103
30 103
31 91
32 108
33 100
34 102
35 109
36 101
37 106
38 110
39 118
40 103
41 109
42 123
43 116
44 133
45 129
46 142
47 133
48 137
49 154
50 141
51 136
52 155
53 143
54 149
55 157
56 152
57 172
58 167
59 184
60 167
61 187
62 202
63 187
64 196
65 199
66 207
67 211
68 201
69 214
70 222
71 222
72 240
73 247
74 252
75 238
76 249
77 257
78 268
79 259
80 273
81 266
82 263
83 279
84 276
85 270
86 284
87 281
88 282
89 298
90 286
91 285
92 299
93 314
94 304
95 315
96 323
97 319
98 322
99 333
100 336
101 339
102 332
103 336
104 336
105 346
106 334
107 345
108 337
109 354
110 354
111 344
112 363
113 378
114 355
115 363
116 367
117 372
118 376
119 385
120 368
121 384
122 376
123 384
124 379
125 377
126 380
127 396
128 395
129 383
130 386
131 384
132 400
133 400
134 387
135 396
136 388
137 388
138 394
139 394
140 397
141 405
142 407
143 404
144 413
145 418
146 429
147 418
148 430
149 428
150 437
151 421
152 437
153 434
154 454
155 441
156 454
157 448
158 462
159 461
160 460
161 466
162 478
163 464
164 475
165 482
166 488
167 476
168 473
169 486
170 475
171 478
172 485
173 488
174 494
175 491
176 496
177 506
178 493
179 493
180 503
181 498
182 497
183 507
184 505
185 514
186 534
187 539
188 543
189 544
190 548
191 561
192 570
193 563
194 574
195 581
196 576
197 579
198 590
199 576
200 592
201 601
202 582
203 599
204 599
205 605
206 621
207 625
208 604
209 611
210 610
211 606
212 616
213 622
214 620
215 634
216 629
217 649
218 635
219 645
220 640
221 636
222 652
223 671
224 637
225 643
226 645
227 661
228 648
229 651
230 655
231 668
232 671
233 679
234 660
235 674
236 667
237 673
238 693
239 677
240 693
241 687
242 675
243 690
244 685
245 695
246 694
247 696
248 702
249 694
250 708
251 699
252 708
253 698
254 712
255 699
256 706
257 702
258 719
259 720
260 713
261 711
262 721
263 717
264 719
265 739
266 720
267 729
268 739
269 746
270 732
271 721
272 726
273 740
274 743
275 748
276 727
277 739
278 741
279 746
280 736
281 749
282 741
283 739
284 746
285 742
286 746
287 762
288 752
289 758
290 756
291 768
292 770
293 754
294 768
295 756
296 770
297 765
298 756
299 760
300 757
301 771
302 777
303 774
304 776
305 777
306 786
307 795
308 801
309 797
310 809
311 812
312 817
313 801
314 808
315 823
316 828
317 809
318 802
319 806
320 805
321 822
322 809
323 823
324 821
325 830
326 818
327 826
328 821
329 826
330 834
331 837
332 837
333 852
334 852
335 850
336 848
337 854
338 862
339 854
340 867
341 865
342 871
343 868
344 869
345 881
346 882
347 893
348 895
349 886
350 900
351 902
352 916
353 892
354 898
355 905
356 912
357 916
358 916
359 922
360 922
361 921
362 929
363 937
364 946
365 937
366 955
367 952
368 968
369 971
370 966
371 967
372 958
373 960
374 976
375 960
376 972
377 963
378 970
379 978
380 997
381 975
382 972
383 981
384 986
385 996
386 989
387 990
388 1001
389 1013
390 999
391 1004
392 1002
393 1008
394 1014
395 1007
396 1027
397 1043
398 1039
399 1009
400 1024
401 1024
402 1029
403 1029
404 1028
405 1032
406 1034
407 1033
408 1045
409 1053
410 1064
411 1070
412 1063
413 1080
414 1066
415 1073
416 1082
417 1067
418 1072
419 1080
420 1074
421 1085
422 1079
423 1091
424 1080
425 1099
426 1115
427 1117
428 1100
429 1114
430 1110
431 1102
432 1118
433 1112
434 1120
435 1118
436 1115
437 1117
438 1117
439 1134
440 1119
441 1118
442 1130
443 1132
444 1141
445 1134
446 1129
447 1146
448 1144
449 1140
450 1133
451 1151
452 1148
453 1149
454 1154
455 1152
456 1161
457 1151
458 1159
459 1160
460 1161
461 1170
462 1175
463 1178
464 1192
465 1189
466 1177
467 1190
468 1197
469 1197
470 1207
471 1199
472 1216
473 1221
474 1203
475 1204
476 1217
477 1220
478 1235
479 1211
480 1231
481 1219
482 1224
483 1223
484 1232
485 1236
486 1227
487 1229
488 1241
489 1243
490 1251
491 1266
492 1275
493 1267
494 1279
495 1287
496 1293
497 1311
498 1307
499 1324
500 1339
501 1311
