0 0
1 8
2 17
3 20
4 8
5 18
6 23
7 25
8 29
9 38
10 42
11 38
12 44
13 48
14 42
15 56
16 64
17 45
18 59
19 60
20 61
21 68
22 79
23 77
24 79
25 76
26 77
27 86
28 89
29 96
30 94
31 102
32 104
33 113
34 122
35 115
36 119
37 118
38 131
39 138
40 137
41 124
42 134
43 125
44 129
45 144
46 155
47 167
48 168
49 146
50 154
51 164
52 183
53 193
54 200
55 160
56 171
57 165
58 177
59 174
60 189
61 192
62 200
63 188
64 202
65 191
66 206
67 224
68 229
69 233
70 247
71 233
72 234
73 234
74 239
75 242
76 257
77 247
78 243
79 252
80 261
81 258
82 260
83 256
84 263
85 258
86 268
87 270
88 278
89 283
90 278
91 289
92 286
93 282
94 292
95 300
96 313
97 305
98 313
99 330
100 319
101 326
102 331
103 333
104 335
105 329
106 335
107 334
108 350
109 342
110 347
111 364
112 341
113 358
114 354
115 351
116 371
117 354
118 372
119 359
120 364
121 360
122 370
123 374
124 384
125 375
126 386
127 380
128 390
129 382
130 384
131 388
132 395
133 402
134 402
135 390
136 408
137 409
138 410
139 398
140 404
141 414
142 423
143 428
144 436
145 407
146 418
147 417
148 412
149 413
150 432
151 427
152 446
153 420
154 424
155 440
156 452
157 423
158 434
159 424
160 442
161 460
162 426
163 438
164 430
165 445
166 433
167 450
168 436
169 450
170 454
171 467
172 458
173 459
174 473
175 477
176 465
177 484
178 471
179 489
180 473
181 477
182 486
183 491
184 481
185 501
186 490
187 489
188 507
189 500
190 492
191 495
192 508
193 515
194 501
195 505
196 502
197 506
198 521
199 509
200 511
201 504
202 521
203 531
204 506
205 517
206 531
207 544
208 559
209 561
210 543
211 555
212 563
213 548
214 556
215 560
216 570
217 552
218 551
219 565
220 568
221 567
222 585
223 571
224 569
225 568
226 574
227 584
228 598
229 610
230 605
231 621
232 635
233 617
234 615
235 621
236 632
237 633
238 646
239 626
240 635
241 645
242 643
243 637
244 646
245 665
246 650
247 654
248 649
249 655
250 660
251 675
252 652
253 654
254 656
255 658
256 674
257 663
258 672
259 663
260 678
261 683
262 695
263 702
264 689
265 706
266 685
267 699
268 704
269 718
270 719
271 702
272 708
273 710
274 704
275 723
276 729
277 717
278 715
279 722
280 716
281 735
282 717
283 720
284 723
285 734
286 727
287 731
288 737
289 742
290 745
291 733
292 750
293 756
294 752
295 756
296 769
297 768
298 759
299 767
300 777
301 763
302 768
303 771
304 783
305 766
306 776
307 785
308 774
309 771
310 782
311 791
312 801
313 813
314 804
315 809
316 807
317 812
318 813
319 809
320 811
321 829
322 810
323 814
324 829
325 826
326 822
327 829
328 823
329 839
330 837
331 823
332 824
333 830
334 846
335 852
336 870
337 850
338 866
339 877
340 860
341 874
342 873
343 861
344 862
345 862
346 878
347 881
348 869
349 868
350 875
351 884
352 882
353 882
354 871
355 875
356 884
357 891
358 878
359 878
360 892
361 892
362 887
363 901
364 894
365 897
366 900
367 912
368 920
369 911
370 928
371 909
372 921
373 929
374 927
375 936
376 947
377 955
378 929
379 947
380 947
381 952
382 944
383 961
384 967
385 950
386 968
387 966
388 981
389 986
390 975
391 990
392 993
393 979
394 980
395 977
396 995
397 989
398 997
399 997
400 1015
401 1018
402 1008
403 1011
404 1026
405 1016
406 1028
407 1032
408 1020
409 1034
410 1035
411 1027
412 1044
413 1031
414 1030
415 1039
416 1032
417 1044
418 1064
419 1033
420 1034
421 1040
422 1037
423 1043
424 1036
425 1038
426 1049
427 1039
428 1041
429 1048
430 1044
431 1054
432 1040
433 1044
434 1044
435 1059
436 1067
437 1083
438 1049
439 1068
440 1053
441 1071
442 1052
443 1071
444 1087
445 1057
446 1057
447 1065
448 1060
449 1080
450 1076
451 1066
452 1069
453 1075
454 1068
455 1069
456 1074
457 1081
458 1072
459 1075
460 1082
461 1087
462 1095
463 1113
464 1116
465 1097
466 1102
467 1112
468 1103
469 1108
470 1107
471 1111
472 1125
473 1123
474 1137
475 1142
476 1144
477 1144
478 1154
479 1162
480 1159
481 1164
482 1172
483 1161
484 1166
485 1170
486 1163
487 1165
488 1166
489 1169
490 1172
491 1188
492 1178
493 1189
494 1199
495 1209
496 1207
497 1212
498 1219
499 1221
500 1211
501 1227
