0 0
1 6
2 9
3 12
4 4
5 9
6 7
7 18
8 12
9 23
10 24
11 16
12 20
13 29
14 26
15 18
16 30
17 33
18 49
19 34
20 40
21 41
22 34
23 48
24 54
25 42
26 59
27 53
28 57
29 46
30 60
31 66
32 50
33 64
34 54
35 67
36 70
37 74
38 79
39 82
40 80
41 85
42 84
43 98
44 91
45 107
46 103
47 115
48 100
49 111
50 105
51 108
52 107
53 113
54 117
55 128
56 114
57 128
58 137
59 132
60 128
61 138
62 140
63 144
64 143
65 147
66 142
67 155
68 150
69 158
70 166
71 162
72 165
73 171
74 174
75 168
76 170
77 180
78 173
79 182
80 186
81 177
82 193
83 186
84 184
85 186
86 195
87 185
88 198
89 217
90 195
91 196
92 199
93 215
94 218
95 206
96 211
97 209
98 218
99 225
100 212
101 212
102 213
103 227
104 230
105 242
106 230
107 243
108 249
109 264
110 235
111 250
112 236
113 251
114 240
115 240
116 241
117 260
118 248
119 242
120 256
121 259
122 267
123 281
124 298
125 264
126 275
127 265
128 279
129 279
130 269
131 285
132 282
133 288
134 288
135 300
136 283
137 303
138 299
139 295
140 298
141 317
142 299
143 303
144 318
145 304
146 300
147 306
148 310
149 324
150 314
151 315
152 321
153 324
154 343
155 343
156 344
157 343
158 363
159 351
160 346
161 355
162 350
163 353
164 348
165 363
166 356
167 368
168 387
169 376
170 370
171 376
172 389
173 381
174 392
175 387
176 399
177 404
178 396
179 389
180 396
181 404
182 406
183 415
184 407
185 421
186 412
187 422
188 416
189 429
190 435
191 441
192 431
193 444
194 437
195 452
196 433
197 436
198 441
199 442
200 442
201 447
202 449
203 465
204 453
205 461
206 449
207 456
208 456
209 458
210 467
211 468
212 462
213 480
214 475
215 489
216 476
217 463
218 476
219 478
220 491
221 474
222 477
223 495
224 486
225 491
226 505
227 491
228 495
229 506
230 515
231 494
232 507
233 505
234 522
235 507
236 510
237 520
238 507
239 525
240 526
241 529
242 544
243 537
244 542
245 553
246 536
247 548
248 539
249 541
250 553
251 546
252 544
253 557
254 576
255 560
256 546
257 548
258 563
259 549
260 557
261 549
262 559
263 561
264 550
265 565
266 564
267 573
268 573
269 584
270 595
271 599
272 601
273 577
274 585
275 591
276 592
277 595
278 608
279 610
280 608
281 612
282 624
283 612
284 630
285 615
286 635
287 635
288 638
289 622
290 639
291 632
292 627
293 631
294 640
295 654
296 655
297 666
298 647
299 644
300 662
301 660
302 658
303 672
304 649
305 658
306 656
307 674
308 657
309 661
310 662
311 666
312 658
313 662
314 663
315 678
316 675
317 664
318 682
319 688
320 699
321 681
322 683
323 695
324 698
325 689
326 707
327 692
328 709
329 692
330 708
331 705
332 697
333 700
334 701
335 717
336 719
337 699
338 702
339 719
340 719
341 706
342 719
343 703
344 723
345 717
346 714
347 728
348 730
349 742
350 745
351 760
352 760
353 770
354 753
355 760
356 770
357 762
358 781
359 799
360 774
361 786
362 775
363 787
364 806
365 780
366 789
367 782
368 799
369 800
370 786
371 803
372 790
373 804
374 797
375 812
376 803
377 803
378 821
379 817
380 809
381 824
382 821
383 830
384 822
385 840
386 837
387 835
388 834
389 839
390 847
391 849
392 849
393 859
394 877
395 868
396 869
397 869
398 888
399 869
400 876
401 882
402 879
403 879
404 887
405 896
406 889
407 908
408 909
409 912
410 930
411 924
412 920
413 922
414 934
415 944
416 926
417 943
418 939
419 930
420 944
421 962
422 931
423 937
424 932
425 932
426 937
427 944
428 950
429 963
430 965
431 962
432 962
433 969
434 975
435 982
436 982
437 1001
438 988
439 983
440 1000
441 986
442 1002
443 987
444 990
445 999
446 989
447 1009
448 1003
449 1000
450 1006
451 1014
452 1009
453 1020
454 1010
455 1028
456 1039
457 1053
458 1052
459 1044
460 1062
461 1043
462 1045
463 1045
464 1059
465 1060
466 1044
467 1047
468 1055
469 1054
470 1065
471 1060
472 1058
473 1078
474 1060
475 1065
476 1067
477 1083
478 1077
479 1073
480 1083
481 1076
482 1074
483 1091
484 1077
485 1089
486 1096
487 1103
488 1078
489 1096
490 1084
491 1095
492 1112
493 1091
494 1106
495 1097
496 1096
497 1110
498 1105
499 1108
500 1104
501 1113
