0 0
1 5
2 12
3 29
4 7
5 16
6 13
7 17
8 21
9 25
10 28
11 32
12 37
13 44
14 36
15 54
16 65
17 44
18 39
19 41
20 46
21 50
22 66
23 59
24 62
25 71
26 60
27 73
28 70
29 61
30 72
31 76
32 77
33 73
34 90
35 81
36 88
37 84
38 82
39 88
40 88
41 106
42 104
43 99
44 95
45 100
46 99
47 112
48 115
49 103
50 108
51 110
52 112
53 114
54 128
55 124
56 130
57 119
58 121
59 136
60 138
61 135
62 145
63 139
64 143
65 145
66 142
67 143
68 149
69 162
70 152
71 168
72 163
73 162
74 168
75 163
76 179
77 176
78 181
79 178
80 195
81 193
82 186
83 206
84 224
85 191
86 201
87 211
88 206
89 214
90 224
91 209
92 212
93 221
94 216
95 227
96 226
97 229
98 245
99 242
100 236
101 254
102 237
103 242
104 249
105 243
106 245
107 254
108 260
109 271
110 244
111 254
112 253
113 247
114 261
115 265
116 254
117 259
118 279
119 265
120 275
121 283
122 277
123 288
124 278
125 289
126 294
127 292
128 312
129 305
130 310
131 295
132 312
133 299
134 297
135 309
136 314
137 316
138 316
139 327
140 342
141 318
142 320
143 333
144 340
145 335
146 334
147 339
148 359
149 345
150 341
151 347
152 351
153 343
154 350
155 360
156 355
157 360
158 356
159 367
160 367
161 372
162 374
163 387
164 386
165 377
166 381
167 393
168 410
169 394
170 411
171 388
172 399
173 389
174 393
175 406
176 396
177 408
178 417
179 424
180 418
181 433
182 429
183 437
184 434
185 441
186 449
187 460
188 455
189 447
190 453
191 457
192 468
193 462
194 477
195 473
196 479
197 498
198 474
199 491
200 490
201 485
202 489
203 487
204 497
205 505
206 518
207 493
208 503
209 497
210 504
211 509
212 510
213 511
214 530
215 509
216 525
217 512
218 514
219 518
220 530
221 522
222 531
223 541
224 540
225 550
226 542
227 560
228 548
229 545
230 559
231 558
232 575
233 564
234 581
235 565
236 568
237 574
238 568
239 584
240 585
241 605
242 588
243 605
244 621
245 605
246 616
247 613
248 617
249 619
250 622
251 615
252 621
253 626
254 632
255 616
256 632
257 627
258 634
259 634
260 652
261 643
262 646
263 654
264 650
265 656
266 648
267 663
268 667
269 669
270 673
271 691
272 674
273 687
274 694
275 680
276 692
277 691
278 697
279 697
280 700
281 707
282 714
283 725
284 717
285 717
286 733
287 731
288 723
289 729
290 734
291 725
292 734
293 742
294 755
295 734
296 740
297 744
298 755
299 748
300 748
301 755
302 763
303 768
304 749
305 759
306 752
307 771
308 764
309 768
310 781
311 766
312 771
313 785
314 767
315 779
316 771
317 769
318 779
319 786
320 788
321 804
322 817
323 798
324 791
325 798
326 798
327 806
328 815
329 809
330 800
331 820
332 820
333 834
334 806
335 826
336 824
337 822
338 838
339 820
340 837
341 831
342 845
343 836
344 844
345 847
346 849
347 851
348 848
349 862
350 879
351 866
352 861
353 870
354 879
355 862
356 874
357 875
358 881
359 869
360 889
361 886
362 905
363 888
364 901
365 906
366 890
367 889
368 908
369 892
370 895
371 905
372 900
373 896
374 907
375 910
376 912
377 928
378 902
379 907
380 915
381 910
382 918
383 926
384 935
385 922
386 919
387 927
388 923
389 928
390 936
391 948
392 940
393 943
394 949
395 955
396 957
397 973
398 963
399 967
400 987
401 1005
402 969
403 970
404 978
405 975
406 984
407 991
408 995
409 983
410 1001
411 1017
412 1013
413 1018
414 1014
415 1019
416 1021
417 1030
418 1024
419 1039
420 1051
421 1052
422 1036
423 1039
424 1039
425 1053
426 1063
427 1068
428 1049
429 1053
430 1069
431 1059
432 1061
433 1055
434 1067
435 1067
436 1074
437 1071
438 1062
439 1075
440 1082
441 1073
442 1084
443 1067
444 1074
445 1079
446 1086
447 1082
448 1081
449 1082
450 1089
451 1092
452 1104
453 1107
454 1099
455 1100
456 1108
457 1108
458 1116
459 1104
460 1115
461 1105
462 1113
463 1124
464 1132
465 1116
466 1119
467 1133
468 1128
469 1134
470 1130
471 1141
472 1129
473 1139
474 1156
475 1145
476 1131
477 1138
478 1139
479 1154
480 1148
481 1147
482 1167
483 1165
484 1157
485 1164
486 1162
487 1175
488 1182
489 1163
490 1174
491 1181
492 1183
493 1173
494 1183
495 1180
496 1180
497 1193
498 1196
499 1203
500 1204
501 1206
