0 0
1 9
2 11
3 31
4 10
5 25
6 14
7 32
8 17
9 32
10 29
11 22
12 31
13 26
14 32
15 28
16 38
17 39
18 30
19 47
20 31
21 35
22 38
23 50
24 65
25 65
26 78
27 84
28 51
29 56
30 69
31 61
32 60
33 72
34 65
35 63
36 71
37 82
38 76
39 87
40 89
41 87
42 95
43 109
44 110
45 104
46 108
47 114
48 123
49 122
50 121
51 134
52 133
53 136
54 149
55 155
56 153
57 152
58 158
59 165
60 169
61 176
62 170
63 166
64 172
65 181
66 179
67 192
68 169
69 180
70 184
71 188
72 186
73 197
74 187
75 202
76 192
77 188
78 196
79 194
80 194
81 207
82 210
83 217
84 230
85 224
86 232
87 234
88 247
89 256
90 243
91 242
92 243
93 245
94 251
95 263
96 273
97 261
98 253
99 258
100 270
101 260
102 274
103 259
104 279
105 274
106 279
107 260
108 280
109 283
110 278
111 281
112 301
113 316
114 294
115 307
116 307
117 314
118 315
119 325
120 316
121 331
122 324
123 322
124 320
125 325
126 332
127 339
128 327
129 322
130 323
131 338
132 330
133 342
134 336
135 342
136 336
137 351
138 352
139 354
140 370
141 379
142 363
143 379
144 373
145 368
146 373
147 372
148 381
149 381
150 392
151 376
152 374
153 383
154 378
155 384
156 399
157 391
158 394
159 379
160 382
161 390
162 387
163 404
164 423
165 422
166 388
167 397
168 404
169 424
170 421
171 427
172 435
173 416
174 422
175 431
176 443
177 426
178 435
179 430
180 438
181 429
182 449
183 430
184 434
185 439
186 449
187 440
188 451
189 453
190 441
191 442
192 451
193 462
194 444
195 455
196 447
197 448
198 462
199 473
200 487
201 457
202 476
203 485
204 484
205 464
206 472
207 477
208 478
209 468
210 477
211 484
212 488
213 474
214 492
215 494
216 475
217 487
218 484
219 500
220 486
221 500
222 493
223 499
224 492
225 510
226 503
227 512
228 509
229 514
230 504
231 520
232 519
233 524
234 527
235 522
236 529
237 529
238 537
239 534
240 552
241 533
242 545
243 550
244 543
245 544
246 544
247 557
248 555
249 572
250 552
251 556
252 561
253 558
254 558
255 568
256 576
257 581
258 578
259 591
260 586
261 589
262 583
263 594
264 613
265 586
266 591
267 592
268 602
269 599
270 601
271 612
272 602
273 608
274 607
275 611
276 615
277 628
278 617
279 618
280 621
281 628
282 633
283 643
284 649
285 652
286 672
287 690
288 650
289 654
290 657
291 663
292 656
293 659
294 675
295 672
296 676
297 686
298 703
299 716
300 719
301 681
302 682
303 700
304 697
305 684
306 702
307 697
308 699
309 697
310 702
311 703
312 705
313 717
314 717
315 714
316 725
317 715
318 715
319 723
320 716
321 731
322 727
323 722
324 742
325 735
326 733
327 732
328 744
329 746
330 750
331 750
332 755
333 758
334 757
335 759
336 776
337 760
338 762
339 771
340 780
341 780
342 781
343 800
344 802
345 814
346 824
347 787
348 802
349 821
350 812
351 819
352 806
353 807
354 808
355 828
356 837
357 854
358 815
359 828
360 831
361 847
362 839
363 852
364 844
365 853
366 856
367 861
368 855
369 860
370 871
371 862
372 871
373 867
374 869
375 870
376 872
377 875
378 888
379 892
380 899
381 906
382 924
383 903
384 915
385 913
386 905
387 911
388 920
389 912
390 915
391 919
392 915
393 931
394 935
395 927
396 944
397 945
398 944
399 950
400 941
401 944
402 957
403 959
404 959
405 967
406 962
407 978
408 974
409 967
410 969
411 978
412 982
413 983
414 990
415 993
416 991
417 995
418 1007
419 992
420 995
421 1004
422 999
423 1006
424 1023
425 1013
426 1009
427 1014
428 1014
429 1022
430 1041
431 1028
432 1027
433 1034
434 1036
435 1031
436 1037
437 1044
438 1045
439 1042
440 1043
441 1051
442 1053
443 1058
444 1044
445 1053
446 1057
447 1055
448 1070
449 1062
450 1069
451 1069
452 1069
453 1082
454 1086
455 1071
456 1087
457 1092
458 1077
459 1086
460 1081
461 1086
462 1083
463 1090
464 1105
465 1103
466 1101
467 1095
468 1113
469 1099
470 1110
471 1117
472 1112
473 1113
474 1122
475 1119
476 1117
477 1118
478 1123
479 1125
480 1119
481 1123
482 1122
483 1137
484 1138
485 1130
486 1135
487 1150
488 1141
489 1149
490 1156
491 1156
492 1159
493 1174
494 1167
495 1181
496 1198
497 1182
498 1189
499 1196
500 1183
501 1199
