0 0
1 11
2 5
3 17
4 4
5 14
6 7
7 19
8 36
9 38
10 15
11 31
12 18
13 27
14 19
15 19
16 23
17 37
18 29
19 28
20 32
21 45
22 31
23 48
24 42
25 43
26 61
27 45
28 50
29 60
30 51
31 65
32 71
33 69
34 63
35 66
36 82
37 80
38 98
39 83
40 101
41 113
42 101
43 119
44 120
45 115
46 127
47 129
48 140
49 129
50 119
51 127
52 125
53 127
54 133
55 142
56 149
57 159
58 154
59 143
60 152
61 152
62 158
63 165
64 158
65 164
66 169
67 178
68 159
69 171
70 169
71 175
72 192
73 171
74 181
75 172
76 178
77 175
78 178
79 192
80 180
81 193
82 195
83 185
84 193
85 195
86 199
87 187
88 204
89 206
90 191
91 193
92 193
93 207
94 204
95 209
96 219
97 238
98 241
99 228
100 214
101 233
102 216
103 230
104 235
105 233
106 241
107 248
108 249
109 252
110 256
111 243
112 244
113 248
114 263
115 256
116 258
117 262
118 270
119 273
120 291
121 283
122 290
123 299
124 304
125 304
126 314
127 312
128 307
129 318
130 326
131 339
132 333
133 335
134 335
135 345
136 350
137 351
138 354
139 357
140 354
141 366
142 370
143 358
144 370
145 374
146 367
147 374
148 384
149 371
150 382
151 388
152 373
153 385
154 392
155 400
156 383
157 391
158 385
159 384
160 400
161 389
162 392
163 394
164 399
165 397
166 413
167 399
168 409
169 410
170 410
171 416
172 414
173 426
174 420
175 418
176 424
177 439
178 432
179 434
180 452
181 440
182 449
183 448
184 452
185 453
186 467
187 461
188 459
189 466
190 463
191 479
192 469
193 471
194 465
195 464
196 469
197 477
198 478
199 492
200 499
201 489
202 501
203 505
204 506
205 504
206 520
207 510
208 516
209 513
210 525
211 515
212 524
213 516
214 526
215 532
216 529
217 539
218 541
219 545
220 549
221 553
222 548
223 549
224 554
225 558
226 560
227 554
228 565
229 568
230 570
231 578
232 578
233 581
234 595
235 597
236 598
237 617
238 600
239 608
240 602
241 613
242 616
243 621
244 627
245 627
246 631
247 637
248 625
249 628
250 643
251 644
252 647
253 660
254 651
255 662
256 659
257 674
258 654
259 665
260 655
261 665
262 665
263 675
264 665
265 673
266 676
267 678
268 677
269 694
270 675
271 681
272 685
273 691
274 681
275 683
276 689
277 698
278 712
279 711
280 708
281 707
282 727
283 718
284 734
285 735
286 751
287 728
288 729
289 741
290 731
291 743
292 737
293 745
294 742
295 743
296 757
297 750
298 760
299 770
300 745
301 753
302 751
303 749
304 751
305 762
306 760
307 759
308 768
309 779
310 784
311 774
312 779
313 776
314 795
315 792
316 778
317 777
318 785
319 785
320 785
321 783
322 784
323 792
324 802
325 804
326 822
327 810
328 826
329 816
330 821
331 825
332 830
333 822
334 829
335 841
336 834
337 852
338 840
339 852
340 853
341 853
342 856
343 857
344 863
345 865
346 882
347 869
348 867
349 876
350 874
351 881
352 880
353 882
354 885
355 877
356 881
357 889
358 878
359 890
360 885
361 904
362 894
363 897
364 901
365 913
366 909
367 927
368 912
369 914
370 912
371 928
372 924
373 915
374 930
375 931
376 923
377 930
378 926
379 933
380 938
381 943
382 932
383 939
384 943
385 942
386 952
387 942
388 950
389 949
390 960
391 965
392 950
393 969
394 959
395 961
396 973
397 968
398 982
399 981
400 982
401 984
402 985
403 989
404 983
405 987
406 993
407 1011
408 1016
409 1015
410 991
411 995
412 1006
413 1007
414 1025
415 1023
416 1025
417 1017
418 1020
419 1018
420 1020
421 1026
422 1022
423 1040
424 1032
425 1033
426 1047
427 1033
428 1047
429 1051
430 1055
431 1061
432 1074
433 1075
434 1070
435 1082
436 1081
437 1082
438 1101
439 1087
440 1098
441 1095
442 1101
443 1113
444 1103
445 1098
446 1101
447 1111
448 1102
449 1116
450 1107
451 1111
452 1114
453 1112
454 1116
455 1117
456 1122
457 1129
458 1138
459 1141
460 1142
461 1128
462 1135
463 1144
464 1142
465 1155
466 1160
467 1164
468 1174
469 1165
470 1175
471 1179
472 1166
473 1185
474 1174
475 1188
476 1174
477 1167
478 1172
479 1178
480 1183
481 1180
482 1171
483 1181
484 1182
485 1190
486 1197
487 1199
488 1186
489 1187
490 1206
491 1198
492 1196
493 1210
494 1221
495 1205
496 1210
497 1216
498 1222
499 1241
500 1217
501 1234
