0 0
1 18
2 32
3 43
4 20
5 21
6 28
7 22
8 33
9 25
10 31
11 32
12 40
13 42
14 33
15 48
16 39
17 47
18 67
19 37
20 51
21 39
22 46
23 41
24 55
25 59
26 57
27 58
28 68
29 61
30 77
31 78
32 96
33 67
34 73
35 77
36 95
37 74
38 81
39 89
40 100
41 95
42 100
43 115
44 101
45 114
46 114
47 112
48 122
49 119
50 126
51 138
52 154
53 140
54 153
55 168
56 143
57 161
58 145
59 150
60 158
61 156
62 167
63 154
64 171
65 187
66 184
67 188
68 204
69 223
70 224
71 196
72 199
73 211
74 229
75 206
76 210
77 223
78 210
79 220
80 223
81 223
82 228
83 222
84 236
85 240
86 251
87 237
88 242
89 254
90 253
91 265
92 259
93 261
94 264
95 268
96 272
97 271
98 274
99 288
100 274
101 273
102 283
103 276
104 275
105 287
106 298
107 280
108 281
109 298
110 296
111 284
112 297
113 285
114 296
115 302
116 293
117 305
118 309
119 323
120 312
121 307
122 308
123 327
124 317
125 316
126 317
127 321
128 333
129 339
130 351
131 343
132 356
133 350
134 364
135 364
136 353
137 351
138 365
139 379
140 354
141 364
142 358
143 367
144 371
145 387
146 361
147 380
148 369
149 380
150 368
151 388
152 373
153 392
154 371
155 386
156 383
157 388
158 378
159 392
160 381
161 397
162 388
163 395
164 404
165 396
166 390
167 397
168 404
169 394
170 393
171 412
172 398
173 418
174 437
175 412
176 415
177 422
178 417
179 428
180 431
181 423
182 427
183 436
184 430
185 441
186 449
187 459
188 440
189 455
190 463
191 454
192 455
193 471
194 471
195 472
196 461
197 467
198 477
199 489
200 468
201 480
202 482
203 493
204 483
205 469
206 482
207 482
208 486
209 494
210 499
211 502
212 500
213 511
214 503
215 516
216 525
217 506
218 516
219 513
220 510
221 516
222 528
223 519
224 534
225 550
226 526
227 541
228 544
229 543
230 530
231 542
232 549
233 545
234 534
235 548
236 539
237 549
238 550
239 547
240 561
241 567
242 562
243 557
244 570
245 566
246 573
247 578
248 589
249 577
250 591
251 593
252 591
253 598
254 580
255 583
256 589
257 596
258 587
259 586
260 599
261 588
262 600
263 607
264 618
265 608
266 620
267 623
268 622
269 624
270 640
271 646
272 624
273 627
274 638
275 647
276 663
277 668
278 674
279 666
280 681
281 667
282 679
283 679
284 691
285 671
286 685
287 675
288 691
289 681
290 678
291 690
292 687
293 682
294 697
295 695
296 690
297 710
298 700
299 718
300 695
301 705
302 713
303 710
304 725
305 713
306 718
307 731
308 725
309 726
310 718
311 727
312 727
313 734
314 724
315 735
316 734
317 735
318 745
319 762
320 763
321 746
322 762
323 747
324 750
325 757
326 752
327 771
328 760
329 779
330 770
331 770
332 786
333 763
334 775
335 782
336 782
337 765
338 767
339 783
340 768
341 768
342 769
343 774
344 775
345 777
346 769
347 770
348 786
349 775
350 775
351 784
352 776
353 796
354 791
355 786
356 789
357 800
358 799
359 805
360 803
361 823
362 811
363 801
364 807
365 824
366 821
367 803
368 811
369 821
370 812
371 817
372 829
373 842
374 831
375 847
376 839
377 837
378 845
379 847
380 853
381 866
382 868
383 864
384 880
385 862
386 880
387 900
388 881
389 893
390 878
391 881
392 880
393 884
394 898
395 888
396 889
397 897
398 894
399 909
400 918
401 930
402 899
403 898
404 912
405 907
406 912
407 917
408 915
409 932
410 909
411 919
412 919
413 922
414 923
415 924
416 926
417 935
418 940
419 940
420 931
421 941
422 932
423 936
424 947
425 949
426 935
427 937
428 955
429 946
430 946
431 955
432 955
433 964
434 971
435 947
436 949
437 949
438 954
439 958
440 966
441 966
442 969
443 983
444 967
445 979
446 983
447 985
448 993
449 985
450 993
451 1000
452 1000
453 987
454 1003
455 1006
456 1003
457 1021
458 1002
459 1009
460 1009
461 1017
462 1007
463 1008
464 1019
465 1009
466 1014
467 1013
468 1023
469 1039
470 1058
471 1028
472 1047
473 1060
474 1063
475 1059
476 1067
477 1080
478 1074
479 1084
480 1087
481 1093
482 1103
483 1097
484 1108
485 1100
486 1109
487 1112
488 1099
489 1114
490 1128
491 1131
492 1128
493 1134
494 1134
495 1140
496 1143
497 1140
498 1160
499 1178
500 1174
501 1159
