0 0
1 11
2 16
3 9
4 13
5 14
6 19
7 24
8 26
9 29
10 16
11 22
12 42
13 34
14 52
15 66
16 50
17 40
18 46
19 49
20 41
21 44
22 47
23 67
24 43
25 57
26 55
27 46
28 48
29 59
30 78
31 62
32 49
33 62
34 64
35 62
36 62
37 80
38 72
39 82
40 81
41 73
42 87
43 90
44 91
45 81
46 94
47 88
48 101
49 114
50 90
51 94
52 93
53 96
54 107
55 102
56 107
57 113
58 120
59 122
60 139
61 128
62 124
63 126
64 135
65 132
66 137
67 134
68 134
69 141
70 139
71 136
72 137
73 149
74 142
75 151
76 146
77 163
78 145
79 161
80 162
81 169
82 162
83 168
84 169
85 170
86 171
87 178
88 180
89 172
90 181
91 173
92 190
93 184
94 185
95 190
96 191
97 201
98 207
99 214
100 207
101 217
102 211
103 225
104 234
105 245
106 227
107 235
108 245
109 236
110 240
111 237
112 241
113 245
114 249
115 248
116 251
117 268
118 252
119 256
120 260
121 265
122 272
123 265
124 278
125 297
126 274
127 276
128 293
129 305
130 312
131 277
132 296
133 278
134 295
135 293
136 313
137 288
138 295
139 306
140 293
141 304
142 290
143 293
144 291
145 311
146 306
147 321
148 303
149 307
150 321
151 339
152 315
153 329
154 345
155 325
156 327
157 319
158 337
159 328
160 320
161 323
162 339
163 332
164 335
165 339
166 351
167 340
168 340
169 341
170 346
171 360
172 345
173 361
174 348
175 366
176 359
177 362
178 365
179 366
180 383
181 400
182 382
183 397
184 396
185 400
186 413
187 415
188 409
189 417
190 420
191 436
192 425
193 429
194 436
195 441
196 442
197 437
198 447
199 462
200 469
201 455
202 466
203 460
204 474
205 480
206 458
207 463
208 465
209 467
210 482
211 477
212 474
213 483
214 492
215 485
216 500
217 497
218 487
219 496
220 498
221 506
222 503
223 507
224 504
225 522
226 506
227 511
228 518
229 514
230 526
231 511
232 526
233 535
234 524
235 525
236 530
237 527
238 531
239 541
240 561
241 537
242 547
243 545
244 546
245 557
246 568
247 570
248 572
249 573
250 577
251 585
252 590
253 607
254 589
255 609
256 608
257 626
258 610
259 618
260 627
261 628
262 622
263 627
264 631
265 634
266 645
267 663
268 635
269 642
270 638
271 639
272 654
273 647
274 643
275 646
276 659
277 661
278 658
279 663
280 671
281 667
282 670
283 672
284 684
285 685
286 673
287 682
288 675
289 677
290 686
291 680
292 683
293 686
294 688
295 697
296 700
297 713
298 696
299 699
300 707
301 722
302 718
303 725
304 723
305 730
306 725
307 721
308 723
309 729
310 737
311 738
312 732
313 735
314 734
315 740
316 736
317 756
318 749
319 755
320 775
321 743
322 762
323 746
324 754
325 750
326 767
327 759
328 748
329 768
330 767
331 757
332 764
333 758
334 767
335 773
336 769
337 784
338 771
339 784
340 787
341 804
342 824
343 793
344 804
345 813
346 807
347 811
348 809
349 820
350 823
351 820
352 813
353 833
354 843
355 831
356 832
357 845
358 840
359 843
360 840
361 850
362 869
363 844
364 841
365 850
366 851
367 844
368 847
369 852
370 858
371 867
372 861
373 867
374 872
375 877
376 875
377 891
378 880
379 891
380 886
381 887
382 898
383 893
384 905
385 904
386 890
387 891
388 899
389 903
390 898
391 907
392 902
393 905
394 909
395 921
396 915
397 918
398 924
399 942
400 930
401 942
402 924
403 925
404 939
405 934
406 944
407 954
408 928
409 937
410 947
411 945
412 938
413 946
414 956
415 967
416 941
417 950
418 958
419 966
420 942
421 947
422 951
423 961
424 975
425 965
426 979
427 976
428 994
429 980
430 989
431 982
432 984
433 985
434 983
435 998
436 994
437 1011
438 1021
439 1012
440 1022
441 1022
442 1016
443 1023
444 1024
445 1037
446 1031
447 1031
448 1046
449 1036
450 1042
451 1055
452 1051
453 1052
454 1066
455 1060
456 1074
457 1076
458 1069
459 1071
460 1082
461 1088
462 1072
463 1079
464 1085
465 1074
466 1084
467 1084
468 1078
469 1084
470 1100
471 1098
472 1108
473 1079
474 1080
475 1088
476 1098
477 1111
478 1085
479 1096
480 1102
481 1112
482 1098
483 1100
484 1116
485 1131
486 1107
487 1109
488 1115
489 1114
490 1117
491 1122
492 1140
493 1124
494 1133
495 1120
496 1127
497 1138
498 1141
499 1121
500 1140
501 1123
