0 0
1 10
2 15
3 30
4 18
5 19
6 25
7 35
8 52
9 44
10 56
11 36
12 44
13 56
14 48
15 50
16 51
17 51
18 58
19 58
20 60
21 52
22 63
23 71
24 72
25 78
26 97
27 101
28 106
29 76
30 95
31 91
32 77
33 94
34 90
35 92
36 95
37 93
38 106
39 113
40 111
41 113
42 127
43 128
44 123
45 117
46 130
47 140
48 141
49 150
50 126
51 131
52 132
53 145
54 151
55 139
56 133
57 140
58 143
59 157
60 136
61 148
62 163
63 144
64 148
65 163
66 168
67 185
68 182
69 177
70 188
71 192
72 192
73 196
74 197
75 205
76 221
77 225
78 228
79 232
80 243
81 237
82 238
83 244
84 238
85 246
86 242
87 245
88 243
89 247
90 255
91 263
92 251
93 247
94 254
95 250
96 257
97 264
98 270
99 262
100 266
101 273
102 282
103 273
104 284
105 284
106 291
107 292
108 302
109 311
110 305
111 302
112 306
113 313
114 316
115 306
116 305
117 318
118 316
119 306
120 321
121 319
122 337
123 319
124 323
125 336
126 349
127 365
128 331
129 343
130 346
131 349
132 343
133 348
134 358
135 376
136 362
137 371
138 379
139 381
140 370
141 387
142 377
143 384
144 383
145 395
146 415
147 384
148 397
149 387
150 391
151 404
152 414
153 404
154 418
155 399
156 402
157 408
158 414
159 423
160 404
161 411
162 410
163 409
164 414
165 416
166 418
167 428
168 411
169 415
170 424
171 412
172 415
173 421
174 441
175 425
176 434
177 435
178 445
179 460
180 443
181 463
182 469
183 471
184 484
185 490
186 504
187 495
188 503
189 513
190 499
191 512
192 500
193 506
194 508
195 517
196 511
197 515
198 509
199 510
200 524
201 512
202 518
203 531
204 520
205 531
206 538
207 547
208 525
209 528
210 537
211 549
212 554
213 546
214 551
215 557
216 561
217 561
218 555
219 568
220 561
221 572
222 577
223 581
224 589
225 592
226 604
227 584
228 598
229 616
230 600
231 602
232 600
233 615
234 616
235 616
236 607
237 623
238 621
239 634
240 622
241 625
242 639
243 632
244 641
245 637
246 638
247 649
248 647
249 647
250 662
251 664
252 654
253 658
254 677
255 668
256 678
257 666
258 679
259 675
260 684
261 696
262 682
263 691
264 691
265 692
266 690
267 694
268 695
269 695
270 705
271 708
272 700
273 697
274 713
275 713
276 706
277 716
278 699
279 707
280 724
281 713
282 716
283 715
284 721
285 722
286 726
287 720
288 727
289 732
290 740
291 753
292 766
293 758
294 758
295 768
296 765
297 763
298 775
299 790
300 765
301 779
302 780
303 784
304 789
305 799
306 815
307 803
308 809
309 811
310 827
311 822
312 814
313 825
314 837
315 830
316 847
317 840
318 836
319 845
320 844
321 855
322 872
323 871
324 860
325 861
326 871
327 862
328 878
329 867
330 867
331 879
332 870
333 874
334 890
335 877
336 884
337 887
338 896
339 901
340 891
341 894
342 902
343 902
344 895
345 911
346 901
347 911
348 908
349 928
350 918
351 923
352 929
353 923
354 929
355 943
356 931
357 942
358 946
359 957
360 962
361 978
362 963
363 978
364 980
365 976
366 971
367 979
368 988
369 976
370 974
371 975
372 984
373 979
374 982
375 992
376 991
377 990
378 992
379 1000
380 1008
381 1005
382 1003
383 1016
384 1005
385 1009
386 1018
387 1010
388 1024
389 1015
390 1022
391 1033
392 1030
393 1046
394 1031
395 1046
396 1043
397 1061
398 1053
399 1060
400 1064
401 1044
402 1055
403 1058
404 1048
405 1052
406 1065
407 1050
408 1057
409 1066
410 1060
411 1060
412 1064
413 1072
414 1079
415 1069
416 1076
417 1073
418 1078
419 1076
420 1075
421 1093
422 1077
423 1095
424 1110
425 1081
426 1083
427 1084
428 1102
429 1085
430 1101
431 1095
432 1089
433 1094
434 1097
435 1103
436 1104
437 1104
438 1120
439 1113
440 1117
441 1124
442 1121
443 1129
444 1132
445 1145
446 1161
447 1144
448 1153
449 1150
450 1161
451 1158
452 1167
453 1173
454 1190
455 1175
456 1178
457 1187
458 1191
459 1188
460 1197
461 1199
462 1204
463 1196
464 1197
465 1213
466 1208
467 1212
468 1214
469 1213
470 1220
471 1226
472 1232
473 1227
474 1245
475 1253
476 1237
477 1240
478 1251
479 1241
480 1242
481 1253
482 1260
483 1261
484 1272
485 1266
486 1274
487 1272
488 1267
489 1275
490 1290
491 1291
492 1286
493 1270
494 1290
495 1279
496 1282
497 1288
498 1297
499 1308
500 1315
501 1335
