0 0
1 18
2 15
3 34
4 52
5 30
6 24
7 36
8 28
9 31
10 31
11 37
12 52
13 46
14 39
15 51
16 47
17 45
18 60
19 71
20 48
21 51
22 60
23 76
24 72
25 68
26 59
27 60
28 77
29 72
30 75
31 67
32 70
33 75
34 76
35 75
36 80
37 98
38 79
39 99
40 101
41 82
42 86
43 86
44 98
45 83
46 90
47 107
48 121
49 105
50 125
51 143
52 110
53 126
54 117
55 125
56 128
57 145
58 146
59 129
60 148
61 147
62 131
63 136
64 153
65 136
66 143
67 145
68 154
69 141
70 149
71 167
72 147
73 159
74 160
75 168
76 168
77 172
78 170
79 187
80 186
81 187
82 191
83 202
84 216
85 229
86 228
87 232
88 217
89 219
90 219
91 236
92 221
93 238
94 231
95 248
96 224
97 239
98 244
99 237
100 252
101 236
102 241
103 242
104 246
105 250
106 265
107 249
108 265
109 264
110 255
111 265
112 259
113 278
114 267
115 275
116 261
117 263
118 274
119 282
120 300
121 297
122 294
123 307
124 299
125 311
126 297
127 298
128 302
129 310
130 316
131 308
132 323
133 327
134 320
135 309
136 326
137 314
138 329
139 316
140 327
141 320
142 324
143 331
144 332
145 332
146 336
147 350
148 333
149 336
150 345
151 338
152 352
153 360
154 362
155 380
156 346
157 355
158 355
159 357
160 356
161 367
162 379
163 388
164 390
165 404
166 403
167 393
168 396
169 407
170 405
171 415
172 405
173 423
174 424
175 409
176 423
177 416
178 433
179 447
180 441
181 461
182 424
183 433
184 426
185 443
186 439
187 444
188 427
189 433
190 437
191 444
192 452
193 453
194 464
195 450
196 466
197 464
198 466
199 466
200 478
201 468
202 470
203 481
204 471
205 485
206 484
207 500
208 482
209 487
210 502
211 518
212 504
213 506
214 517
215 525
216 526
217 535
218 537
219 529
220 542
221 537
222 542
223 543
224 550
225 569
226 554
227 556
228 573
229 563
230 561
231 574
232 578
233 591
234 575
235 587
236 584
237 597
238 604
239 609
240 628
241 636
242 616
243 617
244 615
245 630
246 619
247 630
248 630
249 638
250 626
251 638
252 643
253 628
254 640
255 634
256 644
257 646
258 643
259 658
260 635
261 648
262 639
263 651
264 671
265 669
266 678
267 675
268 659
269 663
270 676
271 664
272 669
273 674
274 677
275 683
276 685
277 696
278 688
279 700
280 708
281 705
282 718
283 720
284 716
285 725
286 726
287 730
288 731
289 738
290 744
291 744
292 761
293 760
294 748
295 765
296 767
297 760
298 750
299 755
300 761
301 758
302 763
303 760
304 761
305 767
306 763
307 777
308 769
309 782
310 797
311 774
312 786
313 772
314 774
315 792
316 805
317 788
318 777
319 794
320 790
321 797
322 803
323 781
324 788
325 789
326 782
327 793
328 794
329 804
330 806
331 785
332 805
333 801
334 818
335 799
336 813
337 832
338 833
339 835
340 835
341 845
342 846
343 846
344 854
345 855
346 861
347 877
348 863
349 867
350 881
351 871
352 875
353 873
354 888
355 887
356 882
357 894
358 888
359 900
360 883
361 893
362 899
363 885
364 893
365 901
366 895
367 909
368 928
369 901
370 917
371 905
372 925
373 904
374 916
375 908
376 910
377 928
378 913
379 909
380 914
381 911
382 923
383 928
384 946
385 928
386 945
387 946
388 955
389 947
390 950
391 963
392 959
393 976
394 955
395 954
396 970
397 970
398 987
399 962
400 977
401 963
402 975
403 974
404 976
405 985
406 996
407 982
408 997
409 990
410 986
411 1001
412 991
413 998
414 989
415 1005
416 1021
417 993
418 1002
419 1007
420 1003
421 1010
422 1017
423 1014
424 1019
425 1017
426 1021
427 1032
428 1039
429 1049
430 1037
431 1039
432 1054
433 1062
434 1057
435 1069
436 1062
437 1073
438 1074
439 1073
440 1081
441 1072
442 1077
443 1097
444 1091
445 1074
446 1075
447 1087
448 1083
449 1082
450 1077
451 1085
452 1078
453 1094
454 1083
455 1096
456 1093
457 1080
458 1098
459 1097
460 1088
461 1089
462 1103
463 1117
464 1096
465 1107
466 1110
467 1107
468 1103
469 1117
470 1114
471 1105
472 1117
473 1104
474 1114
475 1129
476 1109
477 1122
478 1113
479 1126
480 1137
481 1119
482 1130
483 1139
484 1149
485 1148
486 1133
487 1138
488 1153
489 1141
490 1159
491 1139
492 1140
493 1153
494 1151
495 1148
496 1168
497 1159
498 1154
499 1170
500 1158
501 1167
