0 0
1 7
2 20
3 27
4 38
5 38
6 46
7 37
8 30
9 44
10 41
11 54
12 60
13 55
14 42
15 54
16 51
17 60
18 54
19 64
20 63
21 55
22 55
23 68
24 69
25 79
26 61
27 60
28 80
29 74
30 77
31 92
32 64
33 70
34 72
35 82
36 81
37 78
38 96
39 73
40 88
41 75
42 80
43 85
44 105
45 99
46 97
47 103
48 104
49 114
50 132
51 108
52 123
53 130
54 128
55 137
56 148
57 131
58 148
59 135
60 144
61 145
62 139
63 144
64 151
65 145
66 148
67 157
68 147
69 158
70 161
71 151
72 166
73 156
74 158
75 169
76 168
77 172
78 179
79 172
80 186
81 193
82 205
83 205
84 197
85 217
86 223
87 201
88 205
89 212
90 209
91 215
92 224
93 218
94 222
95 230
96 240
97 219
98 227
99 234
100 230
101 225
102 239
103 250
104 234
105 239
106 246
107 244
108 252
109 247
110 255
111 259
112 261
113 272
114 275
115 271
116 281
117 281
118 286
119 298
120 294
121 286
122 304
123 287
124 293
125 293
126 304
127 299
128 308
129 301
130 307
131 314
132 303
133 309
134 319
135 321
136 325
137 324
138 341
139 334
140 354
141 328
142 336
143 337
144 343
145 345
146 349
147 347
148 364
149 350
150 366
151 381
152 379
153 387
154 361
155 380
156 368
157 369
158 374
159 381
160 385
161 386
162 381
163 382
164 390
165 388
166 402
167 390
168 396
169 400
170 390
171 405
172 406
173 400
174 408
175 428
176 413
177 418
178 412
179 413
180 418
181 418
182 427
183 416
184 424
185 434
186 439
187 441
188 437
189 447
190 443
191 454
192 456
193 439
194 454
195 461
196 453
197 458
198 456
199 470
200 461
201 472
202 470
203 486
204 493
205 499
206 513
207 496
208 497
209 512
210 514
211 518
212 500
213 511
214 509
215 506
216 516
217 508
218 522
219 517
220 521
221 534
222 522
223 523
224 532
225 539
226 533
227 550
228 552
229 555
230 565
231 560
232 555
233 570
234 571
235 583
236 588
237 600
238 591
239 596
240 588
241 608
242 627
243 603
244 612
245 597
246 615
247 599
248 616
249 603
250 611
251 619
252 630
253 641
254 612
255 613
256 618
257 631
258 614
259 615
260 630
261 625
262 628
263 632
264 639
265 635
266 646
267 641
268 647
269 644
270 646
271 661
272 648
273 662
274 656
275 660
276 669
277 662
278 671
279 664
280 675
281 679
282 681
283 667
284 676
285 694
286 683
287 683
288 691
289 697
290 701
291 699
292 690
293 701
294 706
295 691
296 697
297 708
298 694
299 714
300 703
301 706
302 703
303 709
304 713
305 710
306 729
307 712
308 716
309 717
310 719
311 730
312 735
313 725
314 735
315 732
316 746
317 741
318 745
319 739
320 743
321 751
322 756
323 759
324 768
325 768
326 782
327 783
328 764
329 767
330 767
331 768
332 785
333 783
334 779
335 793
336 797
337 789
338 789
339 804
340 804
341 818
342 828
343 795
344 813
345 813
346 800
347 813
348 809
349 812
350 814
351 824
352 814
353 826
354 842
355 833
356 841
357 842
358 847
359 844
360 864
361 856
362 862
363 864
364 858
365 873
366 869
367 868
368 861
369 877
370 889
371 882
372 867
373 869
374 873
375 884
376 870
377 883
378 874
379 884
380 883
381 880
382 886
383 887
384 886
385 892
386 897
387 911
388 910
389 906
390 924
391 938
392 946
393 913
394 921
395 921
396 924
397 933
398 933
399 934
400 934
401 940
402 941
403 946
404 936
405 943
406 949
407 943
408 957
409 960
410 953
411 971
412 955
413 957
414 956
415 954
416 969
417 983
418 964
419 975
420 979
421 972
422 969
423 987
424 974
425 974
426 979
427 987
428 975
429 978
430 983
431 988
432 992
433 981
434 984
435 1001
436 993
437 1008
438 1010
439 996
440 998
441 1008
442 1003
443 1016
444 1025
445 1045
446 1018
447 1034
448 1043
449 1034
450 1019
451 1029
452 1038
453 1026
454 1041
455 1045
456 1029
457 1038
458 1036
459 1049
460 1040
461 1052
462 1068
463 1056
464 1049
465 1063
466 1050
467 1068
468 1055
469 1051
470 1051
471 1063
472 1065
473 1055
474 1070
475 1056
476 1075
477 1059
478 1064
479 1064
480 1072
481 1079
482 1072
483 1082
484 1088
485 1094
486 1092
487 1104
488 1096
489 1115
490 1110
491 1110
492 1100
493 1108
494 1115
495 1120
496 1102
497 1109
498 1109
499 1118
500 1118
501 1121
