0 0
1 9
2 21
3 18
4 24
5 34
6 25
7 36
8 42
9 51
10 27
11 39
12 47
13 60
14 58
15 69
16 68
17 75
18 72
19 78
20 85
21 88
22 96
23 101
24 95
25 108
26 96
27 110
28 101
29 116
30 127
31 105
32 110
33 106
34 122
35 125
36 115
37 134
38 120
39 123
40 135
41 127
42 134
43 153
44 158
45 168
46 162
47 153
48 163
49 155
50 171
51 168
52 160
53 172
54 186
55 170
56 176
57 189
58 188
59 194
60 180
61 192
62 211
63 182
64 187
65 185
66 185
67 201
68 214
69 226
70 221
71 199
72 213
73 228
74 243
75 211
76 229
77 220
78 227
79 215
80 223
81 216
82 224
83 220
84 221
85 229
86 227
87 229
88 232
89 235
90 243
91 236
92 237
93 251
94 246
95 247
96 251
97 262
98 257
99 272
100 268
101 279
102 268
103 265
104 279
105 266
106 269
107 275
108 279
109 290
110 273
111 290
112 283
113 288
114 294
115 291
116 291
117 294
118 306
119 305
120 311
121 324
122 308
123 312
124 312
125 327
126 312
127 332
128 316
129 330
130 350
131 326
132 334
133 334
134 327
135 341
136 338
137 328
138 344
139 331
140 345
141 364
142 350
143 341
144 342
145 360
146 353
147 372
148 356
149 364
150 367
151 376
152 373
153 386
154 403
155 375
156 380
157 385
158 393
159 393
160 403
161 404
162 405
163 416
164 417
165 432
166 423
167 425
168 430
169 420
170 439
171 447
172 449
173 451
174 453
175 455
176 465
177 453
178 454
179 462
180 466
181 463
182 479
183 482
184 466
185 474
186 465
187 484
188 502
189 472
190 481
191 478
192 489
193 474
194 487
195 479
196 497
197 480
198 481
199 483
200 496
201 486
202 487
203 501
204 500
205 512
206 507
207 524
208 519
209 523
210 535
211 525
212 542
213 556
214 561
215 551
216 547
217 560
218 554
219 558
220 555
221 561
222 556
223 560
224 568
225 579
226 568
227 576
228 580
229 588
230 569
231 586
232 582
233 583
234 584
235 576
236 584
237 586
238 584
239 586
240 594
241 600
242 619
243 627
244 647
245 639
246 631
247 642
248 650
249 644
250 656
251 663
252 649
253 668
254 652
255 661
256 662
257 663
258 666
259 674
260 677
261 668
262 687
263 707
264 675
265 678
266 678
267 679
268 683
269 690
270 688
271 704
272 698
273 695
274 689
275 706
276 693
277 706
278 693
279 703
280 707
281 696
282 706
283 715
284 698
285 700
286 703
287 718
288 723
289 738
290 734
291 719
292 731
293 725
294 730
295 739
296 729
297 734
298 734
299 732
300 735
301 734
302 746
303 764
304 771
305 781
306 735
307 743
308 744
309 756
310 754
311 748
312 760
313 759
314 766
315 751
316 759
317 758
318 772
319 789
320 805
321 765
322 777
323 773
324 766
325 782
326 779
327 796
328 780
329 794
330 793
331 810
332 810
333 810
334 795
335 803
336 820
337 796
338 813
339 827
340 803
341 820
342 821
343 836
344 814
345 818
346 833
347 833
348 830
349 837
350 844
351 844
352 861
353 856
354 871
355 872
356 868
357 872
358 873
359 888
360 888
361 901
362 883
363 886
364 895
365 899
366 899
367 892
368 908
369 924
370 909
371 900
372 910
373 916
374 926
375 941
376 919
377 927
378 935
379 930
380 931
381 942
382 931
383 931
384 942
385 935
386 949
387 936
388 939
389 937
390 947
391 947
392 964
393 951
394 953
395 961
396 975
397 957
398 961
399 961
400 966
401 967
402 974
403 972
404 982
405 985
406 988
407 991
408 1007
409 1001
410 1003
411 1010
412 992
413 1000
414 1003
415 1011
416 1002
417 1020
418 1010
419 1019
420 1011
421 1024
422 1029
423 1032
424 1052
425 1031
426 1043
427 1063
428 1071
429 1082
430 1063
431 1069
432 1079
433 1090
434 1075
435 1088
436 1078
437 1083
438 1096
439 1095
440 1079
441 1090
442 1099
443 1102
444 1083
445 1101
446 1099
447 1100
448 1101
449 1109
450 1110
451 1119
452 1103
453 1117
454 1106
455 1109
456 1118
457 1117
458 1131
459 1128
460 1132
461 1129
462 1140
463 1148
464 1146
465 1148
466 1130
467 1134
468 1144
469 1148
470 1131
471 1136
472 1135
473 1149
474 1154
475 1144
476 1164
477 1162
478 1152
479 1159
480 1163
481 1159
482 1160
483 1166
484 1172
485 1173
486 1174
487 1182
488 1192
489 1207
490 1185
491 1184
492 1203
493 1187
494 1196
495 1191
496 1204
497 1206
498 1207
499 1197
500 1199
501 1204
