0 0
1 18
2 8
3 11
4 22
5 19
6 14
7 19
8 23
9 30
10 30
11 42
12 35
13 40
14 42
15 49
16 43
17 43
18 49
19 51
20 53
21 53
22 67
23 60
24 68
25 74
26 65
27 85
28 61
29 68
30 70
31 62
32 69
33 80
34 95
35 74
36 89
37 87
38 82
39 94
40 83
41 96
42 95
43 91
44 99
45 104
46 103
47 111
48 114
49 120
50 134
51 128
52 145
53 140
54 150
55 154
56 144
57 145
58 159
59 149
60 163
61 155
62 155
63 157
64 157
65 174
66 172
67 163
68 160
69 176
70 169
71 165
72 177
73 167
74 168
75 181
76 169
77 177
78 188
79 187
80 193
81 202
82 188
83 195
84 194
85 214
86 193
87 201
88 208
89 198
90 218
91 215
92 200
93 215
94 216
95 213
96 205
97 215
98 219
99 208
100 224
101 221
102 211
103 227
104 223
105 228
106 238
107 241
108 239
109 239
110 255
111 274
112 294
113 304
114 318
115 313
116 319
117 326
118 324
119 324
120 339
121 333
122 344
123 325
124 344
125 338
126 358
127 354
128 370
129 355
130 367
131 373
132 386
133 369
134 373
135 379
136 381
137 385
138 379
139 390
140 410
141 400
142 383
143 395
144 390
145 387
146 397
147 391
148 396
149 398
150 406
151 400
152 410
153 416
154 412
155 432
156 414
157 429
158 427
159 420
160 420
161 420
162 432
163 431
164 449
165 453
166 446
167 466
168 461
169 478
170 450
171 466
172 453
173 464
174 467
175 486
176 471
177 478
178 478
179 476
180 484
181 494
182 493
183 509
184 527
185 513
186 532
187 526
188 526
189 522
190 533
191 529
192 542
193 529
194 548
195 545
196 540
197 560
198 568
199 541
200 560
201 571
202 591
203 554
204 569
205 560
206 567
207 556
208 557
209 571
210 563
211 559
212 563
213 565
214 560
215 570
216 578
217 572
218 580
219 574
220 575
221 593
222 603
223 600
224 590
225 604
226 623
227 597
228 606
229 613
230 600
231 605
232 611
233 607
234 625
235 622
236 625
237 638
238 656
239 637
240 634
241 642
242 646
243 647
244 637
245 652
246 667
247 645
248 651
249 659
250 670
251 684
252 671
253 688
254 680
255 677
256 687
257 705
258 679
259 679
260 693
261 681
262 699
263 686
264 701
265 701
266 707
267 691
268 704
269 706
270 716
271 707
272 726
273 722
274 726
275 726
276 709
277 726
278 724
279 744
280 743
281 729
282 740
283 730
284 731
285 734
286 739
287 746
288 753
289 761
290 756
291 773
292 768
293 781
294 772
295 786
296 776
297 792
298 781
299 796
300 785
301 784
302 785
303 797
304 815
305 799
306 815
307 812
308 801
309 806
310 811
311 822
312 830
313 819
314 839
315 855
316 822
317 835
318 824
319 840
320 830
321 835
322 853
323 841
324 858
325 844
326 849
327 844
328 864
329 862
330 853
331 859
332 866
333 868
334 878
335 862
336 868
337 873
338 872
339 863
340 865
341 877
342 895
343 897
344 905
345 900
346 909
347 913
348 906
349 917
350 909
351 924
352 923
353 936
354 924
355 936
356 938
357 934
358 937
359 941
360 947
361 939
362 955
363 958
364 948
365 947
366 965
367 966
368 949
369 964
370 957
371 954
372 959
373 973
374 971
375 966
376 986
377 979
378 975
379 972
380 991
381 997
382 978
383 974
384 973
385 978
386 975
387 976
388 981
389 982
390 982
391 982
392 983
393 994
394 984
395 991
396 1011
397 1010
398 986
399 992
400 1009
401 990
402 1003
403 998
404 1000
405 1000
406 1002
407 1009
408 1001
409 1003
410 1011
411 1014
412 1002
413 1012
414 1008
415 1003
416 1003
417 1006
418 1011
419 1021
420 1017
421 1015
422 1026
423 1035
424 1021
425 1027
426 1024
427 1023
428 1028
429 1039
430 1056
431 1066
432 1040
433 1052
434 1050
435 1060
436 1056
437 1060
438 1067
439 1070
440 1062
441 1081
442 1075
443 1070
444 1081
445 1090
446 1088
447 1088
448 1071
449 1080
450 1078
451 1088
452 1083
453 1095
454 1095
455 1085
456 1094
457 1102
458 1097
459 1093
460 1102
461 1107
462 1108
463 1103
464 1103
465 1108
466 1107
467 1106
468 1120
469 1117
470 1119
471 1122
472 1132
473 1133
474 1127
475 1133
476 1136
477 1141
478 1146
479 1147
480 1152
481 1150
482 1156
483 1155
484 1175
485 1161
486 1162
487 1169
488 1178
489 1173
490 1189
491 1195
492 1182
493 1182
494 1202
495 1203
496 1211
497 1202
498 1220
499 1209
500 1211
501 1216
