0 0
1 1
2 7
3 23
4 33
5 20
6 31
7 26
8 27
9 28
10 30
11 29
12 37
13 43
14 36
15 54
16 42
17 45
18 51
19 53
20 44
21 49
22 57
23 68
24 61
25 56
26 62
27 69
28 78
29 65
30 78
31 78
32 73
33 69
34 73
35 83
36 78
37 98
38 85
39 103
40 103
41 86
42 89
43 100
44 99
45 105
46 110
47 119
48 121
49 129
50 112
51 121
52 127
53 113
54 123
55 113
56 123
57 133
58 142
59 154
60 140
61 134
62 141
63 142
64 140
65 142
66 156
67 152
68 168
69 155
70 146
71 164
72 149
73 152
74 166
75 154
76 157
77 167
78 157
79 168
80 161
81 173
82 162
83 169
84 174
85 176
86 183
87 180
88 184
89 187
90 200
91 195
92 214
93 212
94 195
95 203
96 196
97 201
98 211
99 219
100 232
101 228
102 223
103 233
104 221
105 223
106 231
107 229
108 231
109 235
110 230
111 230
112 243
113 232
114 244
115 235
116 250
117 266
118 245
119 252
120 265
121 254
122 259
123 256
124 255
125 271
126 258
127 262
128 273
129 266
130 285
131 274
132 273
133 281
134 276
135 275
136 283
137 299
138 294
139 294
140 291
141 310
142 293
143 304
144 304
145 308
146 308
147 311
148 324
149 309
150 328
151 325
152 313
153 320
154 325
155 321
156 328
157 324
158 332
159 322
160 333
161 336
162 340
163 332
164 346
165 348
166 344
167 339
168 350
169 343
170 348
171 357
172 359
173 367
174 380
175 382
176 387
177 388
178 397
179 397
180 399
181 417
182 426
183 399
184 416
185 418
186 404
187 420
188 417
189 419
190 426
191 426
192 419
193 423
194 430
195 439
196 444
197 432
198 437
199 447
200 444
201 455
202 446
203 459
204 464
205 455
206 457
207 466
208 460
209 473
210 475
211 464
212 473
213 473
214 478
215 478
216 481
217 482
218 501
219 490
220 501
221 492
222 508
223 502
224 504
225 500
226 495
227 514
228 506
229 503
230 504
231 507
232 518
233 525
234 521
235 526
236 535
237 529
238 541
239 540
240 535
241 549
242 547
243 553
244 543
245 539
246 552
247 543
248 558
249 570
250 556
251 563
252 571
253 573
254 575
255 592
256 603
257 585
258 588
259 588
260 597
261 600
262 593
263 602
264 601
265 595
266 600
267 597
268 611
269 596
270 608
271 610
272 615
273 611
274 624
275 620
276 612
277 625
278 624
279 623
280 643
281 628
282 646
283 642
284 645
285 643
286 645
287 658
288 650
289 662
290 668
291 670
292 651
293 653
294 668
295 663
296 664
297 675
298 695
299 671
300 691
301 687
302 674
303 679
304 692
305 676
306 687
307 689
308 695
309 715
310 729
311 743
312 725
313 734
314 731
315 734
316 747
317 745
318 748
319 744
320 760
321 757
322 768
323 763
324 753
325 768
326 784
327 799
328 814
329 789
330 798
331 809
332 802
333 812
334 799
335 803
336 804
337 802
338 807
339 821
340 839
341 803
342 810
343 819
344 832
345 830
346 847
347 826
348 837
349 843
350 833
351 840
352 852
353 834
354 841
355 848
356 856
357 873
358 865
359 853
360 860
361 871
362 867
363 861
364 875
365 874
366 892
367 864
368 882
369 879
370 898
371 915
372 883
373 896
374 898
375 899
376 908
377 914
378 900
379 914
380 915
381 929
382 923
383 934
384 936
385 948
386 942
387 947
388 938
389 940
390 955
391 956
392 944
393 948
394 954
395 960
396 958
397 964
398 977
399 972
400 978
401 995
402 979
403 984
404 987
405 1006
406 997
407 1012
408 993
409 1006
410 1006
411 1013
412 1006
413 1007
414 1026
415 1011
416 1023
417 1011
418 1023
419 1023
420 1029
421 1039
422 1035
423 1050
424 1040
425 1050
426 1057
427 1039
428 1053
429 1048
430 1050
431 1049
432 1051
433 1059
434 1076
435 1065
436 1073
437 1080
438 1074
439 1081
440 1079
441 1076
442 1081
443 1085
444 1088
445 1079
446 1090
447 1096
448 1102
449 1122
450 1106
451 1109
452 1117
453 1119
454 1132
455 1136
456 1125
457 1121
458 1122
459 1129
460 1124
461 1136
462 1127
463 1144
464 1146
465 1156
466 1144
467 1142
468 1160
469 1172
470 1182
471 1196
472 1172
473 1176
474 1189
475 1179
476 1196
477 1186
478 1189
479 1202
480 1191
481 1191
482 1194
483 1198
484 1204
485 1210
486 1215
487 1200
488 1217
489 1208
490 1216
491 1217
492 1222
493 1230
494 1233
495 1235
496 1247
497 1244
498 1238
499 1244
500 1247
501 1239
