0 0
1 17
2 11
3 22
4 31
5 34
6 43
7 24
8 30
9 33
10 35
11 38
12 46
13 48
14 45
15 48
16 45
17 46
18 50
19 56
20 65
21 53
22 56
23 68
24 59
25 68
26 70
27 89
28 76
29 69
30 82
31 82
32 79
33 77
34 78
35 78
36 80
37 94
38 97
39 83
40 103
41 101
42 118
43 89
44 104
45 109
46 100
47 103
48 105
49 111
50 109
51 118
52 114
53 127
54 129
55 121
56 122
57 129
58 129
59 137
60 136
61 138
62 141
63 151
64 169
65 139
66 144
67 141
68 157
69 167
70 160
71 144
72 150
73 167
74 170
75 157
76 172
77 171
78 169
79 187
80 186
81 189
82 187
83 194
84 188
85 202
86 191
87 200
88 196
89 202
90 208
91 216
92 201
93 206
94 208
95 225
96 225
97 220
98 235
99 209
100 222
101 218
102 218
103 220
104 229
105 238
106 233
107 242
108 235
109 244
110 247
111 241
112 250
113 239
114 242
115 259
116 245
117 248
118 259
119 259
120 269
121 250
122 268
123 252
124 266
125 253
126 261
127 269
128 267
129 271
130 277
131 274
132 278
133 275
134 280
135 290
136 288
137 292
138 308
139 289
140 289
141 297
142 303
143 301
144 309
145 302
146 313
147 309
148 317
149 317
150 304
151 319
152 307
153 309
154 321
155 318
156 318
157 325
158 319
159 334
160 329
161 336
162 340
163 338
164 357
165 343
166 348
167 358
168 362
169 355
170 359
171 370
172 374
173 362
174 371
175 374
176 370
177 373
178 363
179 380
180 399
181 405
182 381
183 391
184 402
185 409
186 424
187 426
188 409
189 414
190 420
191 422
192 431
193 422
194 415
195 434
196 435
197 426
198 420
199 431
200 440
201 444
202 438
203 451
204 437
205 453
206 456
207 441
208 451
209 446
210 462
211 463
212 468
213 482
214 475
215 483
216 487
217 503
218 488
219 504
220 486
221 493
222 495
223 504
224 498
225 499
226 504
227 514
228 510
229 516
230 506
231 522
232 510
233 525
234 515
235 522
236 522
237 523
238 527
239 526
240 539
241 533
242 527
243 539
244 558
245 538
246 542
247 528
248 542
249 546
250 542
251 541
252 560
253 552
254 565
255 562
256 568
257 578
258 563
259 567
260 570
261 580
262 579
263 590
264 582
265 583
266 592
267 588
268 588
269 602
270 605
271 591
272 602
273 591
274 610
275 616
276 626
277 625
278 614
279 622
280 619
281 635
282 626
283 643
284 625
285 632
286 627
287 635
288 655
289 639
290 649
291 639
292 645
293 664
294 655
295 664
296 665
297 657
298 664
299 675
300 667
301 669
302 682
303 679
304 668
305 679
306 683
307 697
308 681
309 700
310 693
311 691
312 689
313 700
314 703
315 706
316 708
317 727
318 704
319 724
320 706
321 708
322 717
323 712
324 713
325 726
326 713
327 732
328 736
329 739
330 748
331 715
332 730
333 722
334 720
335 724
336 722
337 739
338 737
339 735
340 745
341 757
342 742
343 761
344 738
345 741
346 758
347 773
348 758
349 762
350 780
351 765
352 765
353 767
354 778
355 771
356 785
357 780
358 779
359 799
360 786
361 805
362 805
363 825
364 789
365 796
366 809
367 803
368 816
369 808
370 815
371 818
372 818
373 817
374 823
375 827
376 825
377 829
378 836
379 848
380 835
381 845
382 837
383 854
384 855
385 857
386 857
387 862
388 872
389 879
390 865
391 868
392 878
393 869
394 876
395 880
396 883
397 898
398 896
399 888
400 900
401 903
402 897
403 903
404 915
405 917
406 909
407 917
408 919
409 918
410 933
411 941
412 933
413 930
414 938
415 940
416 954
417 967
418 955
419 964
420 983
421 973
422 983
423 980
424 994
425 981
426 997
427 1008
428 1012
429 1008
430 1012
431 1031
432 1040
433 1029
434 1028
435 1030
436 1029
437 1044
438 1033
439 1048
440 1063
441 1047
442 1038
443 1038
444 1047
445 1049
446 1056
447 1048
448 1057
449 1059
450 1060
451 1061
452 1057
453 1076
454 1076
455 1087
456 1072
457 1079
458 1091
459 1100
460 1078
461 1098
462 1082
463 1084
464 1086
465 1104
466 1098
467 1093
468 1099
469 1099
470 1101
471 1100
472 1120
473 1101
474 1116
475 1116
476 1126
477 1112
478 1113
479 1114
480 1133
481 1117
482 1132
483 1119
484 1129
485 1136
486 1152
487 1149
488 1156
489 1167
490 1182
491 1159
492 1168
493 1161
494 1167
495 1178
496 1165
497 1181
498 1175
499 1179
500 1180
501 1189
