0 0
1 1
2 17
3 4
4 13
5 14
6 11
7 12
8 21
9 36
10 22
11 22
12 37
13 35
14 49
15 47
16 42
17 51
18 55
19 61
20 43
21 53
22 50
23 57
24 49
25 67
26 66
27 79
28 68
29 83
30 72
31 86
32 77
33 97
34 86
35 87
36 96
37 97
38 116
39 115
40 116
41 106
42 123
43 121
44 122
45 125
46 139
47 148
48 142
49 154
50 162
51 159
52 179
53 193
54 204
55 213
56 199
57 207
58 211
59 203
60 216
61 210
62 219
63 221
64 230
65 233
66 243
67 235
68 247
69 263
70 237
71 243
72 257
73 252
74 261
75 263
76 257
77 269
78 271
79 276
80 278
81 272
82 291
83 311
84 282
85 273
86 284
87 280
88 289
89 283
90 292
91 293
92 297
93 296
94 300
95 312
96 309
97 297
98 298
99 313
100 320
101 305
102 322
103 334
104 332
105 336
106 324
107 325
108 344
109 333
110 352
111 344
112 351
113 334
114 337
115 343
116 341
117 352
118 346
119 353
120 365
121 352
122 347
123 367
124 362
125 366
126 380
127 387
128 383
129 395
130 392
131 390
132 388
133 401
134 405
135 400
136 401
137 401
138 419
139 405
140 415
141 413
142 422
143 430
144 439
145 433
146 429
147 430
148 435
149 452
150 447
151 434
152 447
153 467
154 445
155 465
156 447
157 459
158 457
159 448
160 458
161 465
162 467
163 468
164 470
165 475
166 476
167 477
168 478
169 487
170 494
171 478
172 487
173 482
174 493
175 483
176 493
177 483
178 491
179 491
180 499
181 502
182 487
183 496
184 501
185 491
186 488
187 489
188 499
189 509
190 491
191 492
192 504
193 511
194 507
195 518
196 519
197 512
198 516
199 518
200 530
201 536
202 534
203 554
204 571
205 587
206 560
207 562
208 564
209 574
210 574
211 580
212 581
213 579
214 585
215 598
216 607
217 627
218 601
219 602
220 604
221 609
222 618
223 610
224 617
225 630
226 610
227 616
228 619
229 614
230 620
231 622
232 634
233 630
234 631
235 626
236 624
237 635
238 629
239 644
240 632
241 644
242 649
243 658
244 653
245 646
246 661
247 656
248 667
249 676
250 670
251 674
252 681
253 676
254 688
255 679
256 691
257 683
258 690
259 685
260 702
261 694
262 691
263 700
264 708
265 726
266 744
267 726
268 736
269 718
270 719
271 723
272 730
273 729
274 732
275 732
276 734
277 740
278 737
279 747
280 741
281 745
282 757
283 766
284 760
285 771
286 783
287 766
288 768
289 777
290 769
291 781
292 775
293 774
294 785
295 783
296 783
297 796
298 786
299 793
300 800
301 816
302 818
303 822
304 801
305 821
306 803
307 813
308 803
309 808
310 815
311 816
312 817
313 818
314 820
315 825
316 836
317 837
318 843
319 828
320 831
321 840
322 830
323 846
324 844
325 841
326 847
327 855
328 862
329 861
330 857
331 862
332 863
333 867
334 864
335 878
336 894
337 867
338 871
339 878
340 876
341 878
342 876
343 885
344 896
345 889
346 885
347 900
348 899
349 900
350 911
351 898
352 907
353 914
354 925
355 931
356 911
357 920
358 921
359 920
360 940
361 917
362 926
363 922
364 927
365 933
366 918
367 937
368 935
369 937
370 942
371 950
372 938
373 956
374 972
375 948
376 956
377 959
378 974
379 966
380 985
381 966
382 981
383 967
384 973
385 970
386 970
387 987
388 981
389 972
390 982
391 971
392 990
393 983
394 999
395 985
396 984
397 997
398 1001
399 994
400 1001
401 1015
402 1028
403 1007
404 1014
405 1014
406 1025
407 1028
408 1033
409 1050
410 1032
411 1035
412 1038
413 1037
414 1057
415 1056
416 1070
417 1051
418 1053
419 1056
420 1064
421 1060
422 1056
423 1059
424 1069
425 1073
426 1074
427 1075
428 1084
429 1079
430 1081
431 1087
432 1101
433 1091
434 1098
435 1093
436 1103
437 1095
438 1095
439 1107
440 1105
441 1112
442 1121
443 1113
444 1127
445 1147
446 1122
447 1131
448 1134
449 1134
450 1138
451 1141
452 1140
453 1146
454 1139
455 1146
456 1153
457 1158
458 1145
459 1152
460 1163
461 1163
462 1156
463 1153
464 1165
465 1159
466 1166
467 1166
468 1178
469 1188
470 1192
471 1193
472 1198
473 1192
474 1193
475 1207
476 1207
477 1203
478 1212
479 1223
480 1208
481 1210
482 1225
483 1223
484 1239
485 1259
486 1262
487 1243
488 1241
489 1245
490 1247
491 1259
492 1254
493 1261
494 1258
495 1262
496 1264
497 1266
498 1271
499 1280
500 1299
501 1284
