0 0
1 19
2 1
3 18
4 4
5 17
6 12
7 6
8 22
9 14
10 11
11 14
12 32
13 16
14 24
15 21
16 25
17 36
18 23
19 33
20 38
21 35
22 51
23 55
24 71
25 45
26 59
27 63
28 79
29 88
30 87
31 95
32 101
33 99
34 93
35 97
36 103
37 116
38 103
39 116
40 120
41 111
42 120
43 123
44 119
45 115
46 119
47 132
48 129
49 147
50 157
51 156
52 172
53 176
54 164
55 167
56 160
57 167
58 174
59 161
60 179
61 170
62 172
63 181
64 172
65 184
66 179
67 179
68 181
69 193
70 197
71 198
72 195
73 197
74 211
75 210
76 201
77 217
78 219
79 237
80 216
81 225
82 237
83 242
84 233
85 247
86 233
87 238
88 249
89 267
90 246
91 252
92 271
93 249
94 266
95 255
96 250
97 268
98 268
99 281
100 285
101 286
102 288
103 302
104 290
105 292
106 309
107 303
108 319
109 304
110 323
111 313
112 313
113 331
114 321
115 318
116 329
117 324
118 324
119 338
120 343
121 349
122 343
123 356
124 345
125 358
126 371
127 358
128 356
129 376
130 367
131 377
132 369
133 373
134 386
135 391
136 387
137 384
138 390
139 404
140 399
141 391
142 394
143 394
144 394
145 404
146 405
147 399
148 413
149 414
150 431
151 442
152 421
153 425
154 425
155 423
156 438
157 438
158 432
159 435
160 446
161 447
162 450
163 466
164 453
165 466
166 455
167 453
168 457
169 455
170 469
171 470
172 469
173 467
174 469
175 470
176 482
177 483
178 502
179 491
180 488
181 491
182 505
183 511
184 516
185 520
186 523
187 523
188 536
189 531
190 541
191 529
192 528
193 544
194 562
195 557
196 577
197 538
198 557
199 558
200 572
201 556
202 564
203 570
204 564
205 565
206 571
207 589
208 591
209 600
210 602
211 604
212 591
213 593
214 598
215 599
216 595
217 604
218 602
219 599
220 619
221 604
222 623
223 609
224 622
225 623
226 635
227 627
228 636
229 628
230 636
231 631
232 630
233 646
234 638
235 635
236 649
237 643
238 645
239 650
240 654
241 647
242 650
243 648
244 654
245 665
246 684
247 682
248 693
249 698
250 699
251 715
252 707
253 706
254 724
255 715
256 720
257 725
258 735
259 733
260 734
261 735
262 750
263 770
264 779
265 766
266 771
267 769
268 774
269 771
270 772
271 777
272 777
273 778
274 782
275 793
276 813
277 793
278 792
279 805
280 812
281 812
282 812
283 817
284 823
285 831
286 823
287 826
288 838
289 836
290 841
291 840
292 845
293 848
294 850
295 843
296 842
297 855
298 844
299 859
300 876
301 876
302 861
303 872
304 873
305 878
306 866
307 883
308 880
309 870
310 886
311 882
312 890
313 908
314 896
315 894
316 895
317 914
318 897
319 913
320 910
321 910
322 914
323 923
324 927
325 922
326 937
327 924
328 941
329 953
330 925
331 939
332 938
333 942
334 939
335 955
336 963
337 952
338 955
339 969
340 964
341 967
342 983
343 971
344 982
345 966
346 976
347 995
348 986
349 982
350 972
351 980
352 976
353 982
354 987
355 990
356 1005
357 996
358 1008
359 1004
360 1021
361 1034
362 1006
363 1013
364 1025
365 1028
366 1025
367 1020
368 1019
369 1027
370 1027
371 1034
372 1053
373 1038
374 1049
375 1047
376 1059
377 1041
378 1046
379 1051
380 1056
381 1049
382 1069
383 1066
384 1073
385 1079
386 1097
387 1069
388 1089
389 1074
390 1091
391 1077
392 1081
393 1077
394 1079
395 1093
396 1085
397 1096
398 1100
399 1116
400 1134
401 1108
402 1112
403 1111
404 1130
405 1135
406 1139
407 1131
408 1129
409 1139
410 1153
411 1149
412 1140
413 1155
414 1144
415 1146
416 1161
417 1163
418 1147
419 1153
420 1156
421 1159
422 1156
423 1149
424 1167
425 1152
426 1169
427 1177
428 1155
429 1171
430 1166
431 1175
432 1161
433 1162
434 1168
435 1176
436 1165
437 1166
438 1178
439 1174
440 1184
441 1172
442 1186
443 1186
444 1184
445 1199
446 1190
447 1199
448 1201
449 1202
450 1209
451 1205
452 1206
453 1206
454 1206
455 1224
456 1220
457 1232
458 1235
459 1252
460 1238
461 1245
462 1250
463 1267
464 1245
465 1249
466 1265
467 1260
468 1262
469 1247
470 1258
471 1254
472 1249
473 1258
474 1258
475 1278
476 1275
477 1288
478 1262
479 1273
480 1274
481 1277
482 1282
483 1286
484 1297
485 1290
486 1289
487 1294
488 1296
489 1304
490 1303
491 1297
492 1295
493 1311
494 1309
495 1308
496 1316
497 1324
498 1336
499 1319
500 1330
501 1324
