0 0
1 2
2 3
3 20
4 5
5 3
6 19
7 5
8 17
9 28
10 40
11 45
12 35
13 36
14 40
15 45
16 40
17 57
18 48
19 57
20 57
21 54
22 65
23 84
24 81
25 94
26 63
27 70
28 77
29 85
30 96
31 79
32 83
33 82
34 94
35 83
36 99
37 94
38 86
39 91
40 102
41 119
42 108
43 111
44 116
45 118
46 118
47 132
48 126
49 132
50 132
51 146
52 139
53 152
54 152
55 168
56 160
57 174
58 153
59 166
60 172
61 173
62 158
63 156
64 164
65 172
66 167
67 162
68 165
69 180
70 175
71 171
72 170
73 172
74 190
75 174
76 179
77 190
78 195
79 198
80 214
81 224
82 215
83 223
84 234
85 222
86 227
87 221
88 227
89 232
90 238
91 239
92 229
93 237
94 232
95 249
96 243
97 251
98 258
99 245
100 252
101 248
102 246
103 263
104 274
105 248
106 254
107 260
108 279
109 258
110 260
111 265
112 274
113 291
114 265
115 276
116 279
117 285
118 272
119 274
120 274
121 277
122 290
123 281
124 294
125 297
126 295
127 295
128 311
129 301
130 302
131 308
132 317
133 312
134 316
135 328
136 328
137 338
138 344
139 347
140 344
141 356
142 352
143 360
144 366
145 371
146 371
147 381
148 383
149 391
150 381
151 392
152 401
153 398
154 402
155 384
156 392
157 397
158 399
159 412
160 418
161 428
162 426
163 430
164 430
165 446
166 449
167 453
168 437
169 445
170 464
171 469
172 448
173 447
174 449
175 464
176 456
177 455
178 469
179 481
180 501
181 481
182 483
183 489
184 506
185 497
186 504
187 521
188 502
189 516
190 512
191 513
192 531
193 544
194 535
195 547
196 539
197 540
198 541
199 543
200 540
201 545
202 553
203 573
204 552
205 557
206 561
207 572
208 578
209 570
210 576
211 577
212 590
213 605
214 610
215 629
216 640
217 616
218 627
219 619
220 636
221 655
222 675
223 638
224 639
225 655
226 647
227 642
228 658
229 655
230 644
231 647
232 667
233 662
234 656
235 676
236 658
237 661
238 680
239 665
240 659
241 662
242 663
243 670
244 672
245 676
246 693
247 678
248 684
249 688
250 682
251 684
252 698
253 702
254 689
255 694
256 694
257 693
258 707
259 696
260 699
261 704
262 697
263 703
264 713
265 712
266 706
267 724
268 722
269 718
270 720
271 732
272 736
273 721
274 728
275 732
276 743
277 748
278 729
279 730
280 739
281 731
282 734
283 739
284 754
285 743
286 744
287 756
288 759
289 745
290 760
291 748
292 749
293 760
294 753
295 763
296 773
297 767
298 777
299 771
300 766
301 774
302 775
303 768
304 781
305 773
306 775
307 776
308 782
309 785
310 792
311 782
312 789
313 802
314 784
315 791
316 798
317 803
318 814
319 826
320 818
321 802
322 806
323 821
324 821
325 819
326 824
327 822
328 833
329 823
330 832
331 834
332 828
333 843
334 843
335 838
336 847
337 844
338 844
339 856
340 856
341 864
342 876
343 894
344 878
345 870
346 883
347 881
348 892
349 912
350 900
351 910
352 914
353 930
354 909
355 918
356 925
357 934
358 918
359 920
360 939
361 926
362 926
363 935
364 934
365 936
366 936
367 944
368 936
369 938
370 943
371 952
372 950
373 947
374 946
375 949
376 961
377 972
378 969
379 966
380 971
381 986
382 984
383 989
384 973
385 985
386 991
387 996
388 994
389 992
390 1000
391 997
392 998
393 999
394 1009
395 1008
396 1009
397 1017
398 1010
399 1028
400 1040
401 1041
402 1050
403 1052
404 1056
405 1070
406 1061
407 1060
408 1074
409 1085
410 1074
411 1085
412 1091
413 1077
414 1090
415 1099
416 1092
417 1105
418 1109
419 1091
420 1099
421 1095
422 1096
423 1092
424 1102
425 1106
426 1095
427 1109
428 1119
429 1126
430 1126
431 1129
432 1127
433 1138
434 1131
435 1151
436 1130
437 1139
438 1146
439 1133
440 1142
441 1151
442 1148
443 1136
444 1153
445 1145
446 1165
447 1163
448 1138
449 1155
450 1172
451 1154
452 1141
453 1151
454 1155
455 1143
456 1161
457 1151
458 1150
459 1156
460 1166
461 1162
462 1174
463 1157
464 1159
465 1166
466 1169
467 1169
468 1160
469 1168
470 1169
471 1179
472 1163
473 1167
474 1180
475 1179
476 1193
477 1197
478 1209
479 1201
480 1196
481 1210
482 1203
483 1200
484 1201
485 1220
486 1238
487 1201
488 1210
489 1207
490 1217
491 1211
492 1223
493 1222
494 1231
495 1249
496 1236
497 1237
498 1255
499 1253
500 1259
501 1256
