0 0
1 9
2 20
3 5
4 9
5 6
6 24
7 14
8 10
9 30
10 29
11 19
12 23
13 21
14 22
15 38
16 45
17 26
18 34
19 23
20 43
21 61
22 66
23 42
24 59
25 50
26 46
27 52
28 57
29 74
30 76
31 94
32 95
33 111
34 105
35 109
36 112
37 109
38 120
39 113
40 123
41 116
42 114
43 126
44 128
45 128
46 125
47 139
48 144
49 137
50 156
51 158
52 167
53 154
54 157
55 167
56 160
57 177
58 183
59 175
60 165
61 181
62 185
63 178
64 182
65 193
66 179
67 193
68 203
69 180
70 186
71 186
72 195
73 187
74 197
75 206
76 203
77 207
78 209
79 205
80 223
81 216
82 214
83 216
84 212
85 229
86 232
87 232
88 215
89 229
90 233
91 231
92 248
93 240
94 248
95 265
96 233
97 240
98 248
99 235
100 244
101 244
102 249
103 246
104 251
105 260
106 278
107 270
108 283
109 278
110 286
111 280
112 283
113 303
114 285
115 296
116 294
117 302
118 305
119 316
120 323
121 327
122 329
123 333
124 334
125 343
126 348
127 350
128 346
129 343
130 358
131 356
132 365
133 353
134 355
135 358
136 364
137 360
138 370
139 369
140 379
141 366
142 376
143 380
144 369
145 378
146 387
147 387
148 389
149 378
150 381
151 385
152 383
153 395
154 400
155 400
156 395
157 401
158 403
159 401
160 410
161 414
162 404
163 418
164 420
165 406
166 413
167 421
168 423
169 420
170 432
171 437
172 438
173 423
174 438
175 434
176 436
177 428
178 433
179 439
180 447
181 458
182 438
183 444
184 457
185 476
186 476
187 442
188 448
189 459
190 456
191 448
192 459
193 467
194 465
195 461
196 465
197 481
198 480
199 484
200 482
201 502
202 499
203 508
204 519
205 491
206 493
207 504
208 496
209 497
210 512
211 513
212 516
213 508
214 519
215 513
216 517
217 510
218 530
219 512
220 523
221 527
222 531
223 526
224 527
225 547
226 530
227 538
228 548
229 560
230 532
231 545
232 549
233 544
234 558
235 536
236 553
237 542
238 551
239 556
240 548
241 562
242 561
243 555
244 565
245 563
246 567
247 576
248 556
249 559
250 568
251 563
252 567
253 573
254 578
255 582
256 583
257 586
258 590
259 582
260 594
261 588
262 608
263 619
264 599
265 613
266 594
267 598
268 609
269 614
270 633
271 610
272 619
273 615
274 624
275 633
276 623
277 628
278 626
279 631
280 624
281 630
282 627
283 633
284 638
285 631
286 630
287 650
288 648
289 655
290 634
291 646
292 638
293 637
294 638
295 640
296 652
297 651
298 641
299 650
300 647
301 654
302 659
303 660
304 655
305 659
306 667
307 662
308 672
309 667
310 681
311 679
312 682
313 685
314 685
315 693
316 689
317 709
318 710
319 718
320 712
321 722
322 732
323 730
324 738
325 735
326 745
327 747
328 736
329 753
330 739
331 756
332 754
333 756
334 774
335 766
336 786
337 764
338 784
339 773
340 766
341 766
342 768
343 774
344 779
345 769
346 788
347 779
348 793
349 787
350 780
351 793
352 811
353 795
354 797
355 809
356 807
357 811
358 812
359 811
360 819
361 828
362 831
363 841
364 830
365 828
366 839
367 831
368 830
369 840
370 846
371 837
372 842
373 846
374 842
375 841
376 850
377 857
378 869
379 861
380 866
381 879
382 874
383 864
384 875
385 878
386 875
387 888
388 877
389 893
390 883
391 893
392 911
393 899
394 919
395 904
396 916
397 916
398 909
399 929
400 917
401 931
402 932
403 914
404 934
405 917
406 922
407 934
408 952
409 938
410 938
411 941
412 937
413 945
414 945
415 957
416 957
417 961
418 961
419 970
420 962
421 979
422 968
423 977
424 991
425 994
426 1005
427 1007
428 1002
429 1008
430 1009
431 1017
432 1024
433 1029
434 1027
435 1039
436 1036
437 1043
438 1036
439 1053
440 1065
441 1071
442 1072
443 1066
444 1064
445 1069
446 1083
447 1065
448 1078
449 1075
450 1087
451 1089
452 1108
453 1087
454 1093
455 1090
456 1092
457 1098
458 1101
459 1100
460 1105
461 1105
462 1120
463 1103
464 1108
465 1120
466 1117
467 1124
468 1118
469 1126
470 1132
471 1123
472 1125
473 1133
474 1124
475 1132
476 1144
477 1131
478 1129
479 1139
480 1135
481 1130
482 1133
483 1148
484 1143
485 1142
486 1136
487 1155
488 1144
489 1149
490 1152
491 1155
492 1147
493 1154
494 1157
495 1167
496 1158
497 1173
498 1174
499 1166
500 1167
501 1183
