0 0
1 11
2 14
3 3
4 11
5 4
6 6
7 21
8 34
9 16
10 33
11 26
12 34
13 44
14 19
15 30
16 43
17 29
18 36
19 38
20 45
21 47
22 49
23 67
24 77
25 52
26 53
27 57
28 67
29 65
30 84
31 73
32 93
33 75
34 85
35 77
36 89
37 81
38 92
39 78
40 94
41 83
42 90
43 91
44 103
45 102
46 105
47 107
48 107
49 121
50 138
51 108
52 119
53 136
54 124
55 122
56 136
57 126
58 139
59 142
60 145
61 141
62 150
63 158
64 156
65 160
66 154
67 159
68 171
69 189
70 202
71 158
72 171
73 187
74 177
75 192
76 166
77 168
78 173
79 179
80 171
81 178
82 175
83 179
84 183
85 184
86 180
87 195
88 206
89 204
90 208
91 214
92 221
93 223
94 221
95 222
96 228
97 229
98 239
99 244
100 248
101 244
102 242
103 245
104 256
105 255
106 266
107 247
108 264
109 263
110 257
111 250
112 258
113 270
114 266
115 254
116 263
117 262
118 274
119 263
120 271
121 276
122 278
123 276
124 287
125 277
126 294
127 287
128 278
129 283
130 295
131 287
132 303
133 306
134 300
135 293
136 296
137 306
138 300
139 313
140 315
141 303
142 307
143 306
144 320
145 336
146 326
147 330
148 339
149 333
150 333
151 339
152 341
153 353
154 350
155 341
156 350
157 358
158 351
159 362
160 356
161 363
162 359
163 368
164 375
165 365
166 362
167 375
168 363
169 381
170 380
171 383
172 373
173 393
174 390
175 396
176 382
177 400
178 401
179 421
180 393
181 401
182 410
183 404
184 424
185 416
186 410
187 429
188 421
189 433
190 440
191 415
192 418
193 424
194 438
195 439
196 421
197 431
198 433
199 449
200 433
201 435
202 450
203 451
204 435
205 439
206 452
207 436
208 453
209 454
210 437
211 441
212 444
213 442
214 450
215 445
216 460
217 448
218 456
219 462
220 462
221 456
222 467
223 458
224 478
225 494
226 490
227 495
228 500
229 497
230 496
231 493
232 505
233 496
234 511
235 520
236 513
237 510
238 514
239 526
240 516
241 514
242 517
243 526
244 527
245 533
246 516
247 529
248 536
249 524
250 529
251 533
252 550
253 539
254 538
255 553
256 542
257 556
258 549
259 566
260 551
261 569
262 585
263 568
264 587
265 606
266 571
267 576
268 578
269 572
270 574
271 579
272 589
273 596
274 582
275 594
276 595
277 591
278 592
279 601
280 603
281 593
282 613
283 600
284 608
285 601
286 607
287 606
288 626
289 619
290 632
291 615
292 630
293 629
294 626
295 640
296 633
297 642
298 636
299 652
300 642
301 653
302 658
303 649
304 658
305 656
306 652
307 660
308 661
309 657
310 672
311 653
312 666
313 656
314 654
315 673
316 663
317 665
318 662
319 677
320 666
321 677
322 672
323 676
324 672
325 672
326 681
327 690
328 680
329 681
330 686
331 688
332 684
333 692
334 701
335 699
336 704
337 704
338 714
339 709
340 717
341 711
342 729
343 727
344 741
345 737
346 755
347 744
348 748
349 764
350 745
351 749
352 746
353 759
354 747
355 749
356 763
357 756
358 761
359 775
360 760
361 775
362 768
363 775
364 765
365 783
366 785
367 772
368 775
369 774
370 776
371 774
372 777
373 787
374 787
375 782
376 778
377 790
378 795
379 798
380 782
381 801
382 794
383 788
384 802
385 796
386 798
387 799
388 800
389 798
390 816
391 812
392 808
393 820
394 821
395 832
396 812
397 822
398 827
399 831
400 849
401 868
402 869
403 879
404 874
405 881
406 874
407 888
408 876
409 883
410 894
411 901
412 882
413 899
414 913
415 921
416 897
417 917
418 905
419 901
420 913
421 910
422 906
423 916
424 931
425 908
426 910
427 920
428 928
429 924
430 913
431 916
432 927
433 930
434 947
435 928
436 923
437 927
438 930
439 931
440 933
441 928
442 930
443 946
444 963
445 967
446 932
447 939
448 948
449 945
450 957
451 954
452 973
453 947
454 966
455 949
456 956
457 958
458 963
459 963
460 961
461 974
462 967
463 964
464 983
465 971
466 983
467 972
468 980
469 990
470 989
471 1008
472 989
473 997
474 1000
475 1003
476 1002
477 1007
478 1002
479 1007
480 1004
481 1004
482 1015
483 1022
484 1041
485 1058
486 1063
487 1065
488 1078
489 1076
490 1088
491 1087
492 1098
493 1095
494 1094
495 1091
496 1104
497 1114
498 1109
499 1113
500 1124
501 1118
