0 0
1 1
2 13
3 20
4 4
5 20
6 9
7 23
8 32
9 17
10 26
11 46
12 37
13 50
14 42
15 45
16 43
17 45
18 44
19 62
20 55
21 57
22 60
23 69
24 75
25 73
26 73
27 79
28 87
29 86
30 93
31 100
32 112
33 96
34 109
35 109
36 109
37 101
38 113
39 120
40 108
41 127
42 129
43 112
44 127
45 124
46 127
47 127
48 116
49 128
50 127
51 131
52 145
53 128
54 129
55 145
56 131
57 139
58 142
59 150
60 144
61 147
62 148
63 159
64 153
65 155
66 157
67 163
68 160
69 173
70 163
71 163
72 167
73 179
74 175
75 192
76 177
77 190
78 184
79 180
80 200
81 199
82 182
83 192
84 183
85 199
86 188
87 201
88 220
89 195
90 204
91 206
92 204
93 219
94 238
95 218
96 237
97 255
98 271
99 233
100 251
101 243
102 259
103 277
104 284
105 246
106 264
107 255
108 257
109 257
110 265
111 271
112 264
113 280
114 273
115 284
116 280
117 299
118 289
119 294
120 305
121 300
122 318
123 329
124 306
125 320
126 315
127 330
128 312
129 329
130 326
131 330
132 340
133 316
134 327
135 332
136 334
137 330
138 344
139 338
140 349
141 345
142 343
143 360
144 349
145 359
146 364
147 364
148 357
149 363
150 374
151 372
152 366
153 382
154 368
155 368
156 371
157 382
158 382
159 385
160 376
161 395
162 405
163 392
164 410
165 396
166 414
167 408
168 414
169 412
170 405
171 417
172 422
173 414
174 412
175 431
176 439
177 422
178 439
179 458
180 435
181 437
182 440
183 441
184 444
185 442
186 445
187 449
188 459
189 458
190 471
191 478
192 488
193 463
194 480
195 475
196 494
197 477
198 477
199 495
200 479
201 489
202 485
203 492
204 498
205 505
206 512
207 499
208 508
209 515
210 510
211 506
212 512
213 522
214 513
215 521
216 519
217 524
218 525
219 540
220 539
221 537
222 544
223 564
224 546
225 551
226 562
227 548
228 555
229 556
230 562
231 566
232 555
233 563
234 573
235 564
236 582
237 572
238 575
239 578
240 585
241 590
242 605
243 597
244 605
245 611
246 616
247 627
248 625
249 642
250 615
251 621
252 629
253 618
254 634
255 637
256 649
257 654
258 667
259 652
260 656
261 655
262 656
263 673
264 677
265 658
266 667
267 659
268 659
269 669
270 667
271 679
272 676
273 687
274 679
275 677
276 695
277 693
278 712
279 700
280 694
281 708
282 704
283 702
284 720
285 708
286 714
287 720
288 714
289 734
290 723
291 729
292 716
293 717
294 733
295 752
296 734
297 737
298 744
299 742
300 735
301 737
302 748
303 740
304 745
305 764
306 753
307 744
308 754
309 747
310 752
311 765
312 757
313 764
314 763
315 762
316 767
317 768
318 774
319 773
320 771
321 780
322 785
323 780
324 776
325 794
326 792
327 795
328 785
329 790
330 795
331 788
332 790
333 805
334 796
335 802
336 798
337 811
338 805
339 809
340 814
341 821
342 822
343 834
344 828
345 834
346 831
347 834
348 831
349 845
350 839
351 851
352 843
353 843
354 841
355 848
356 851
357 857
358 862
359 864
360 864
361 884
362 867
363 875
364 879
365 880
366 896
367 881
368 899
369 897
370 884
371 901
372 902
373 887
374 888
375 889
376 899
377 907
378 902
379 910
380 907
381 920
382 909
383 921
384 917
385 926
386 938
387 918
388 927
389 938
390 924
391 940
392 933
393 941
394 926
395 934
396 935
397 927
398 932
399 937
400 955
401 935
402 938
403 952
404 949
405 953
406 964
407 965
408 967
409 984
410 969
411 972
412 980
413 983
414 1000
415 1008
416 980
417 999
418 993
419 990
420 994
421 1010
422 1008
423 997
424 998
425 1017
426 1012
427 1014
428 1004
429 1014
430 1030
431 1022
432 1031
433 1039
434 1058
435 1043
436 1030
437 1043
438 1045
439 1043
440 1048
441 1048
442 1062
443 1063
444 1058
445 1067
446 1049
447 1054
448 1050
449 1052
450 1050
451 1065
452 1052
453 1055
454 1071
455 1058
456 1069
457 1072
458 1071
459 1076
460 1076
461 1087
462 1082
463 1085
464 1094
465 1086
466 1084
467 1104
468 1095
469 1104
470 1101
471 1101
472 1104
473 1120
474 1113
475 1122
476 1118
477 1126
478 1124
479 1134
480 1129
481 1140
482 1137
483 1157
484 1133
485 1145
486 1141
487 1146
488 1134
489 1136
490 1139
491 1154
492 1136
493 1142
494 1154
495 1152
496 1151
497 1163
498 1149
499 1154
500 1168
501 1167
