0 0
1 14
2 30
3 38
4 16
5 30
6 26
7 34
8 24
9 30
10 29
11 40
12 28
13 31
14 33
15 39
16 32
17 44
18 39
19 57
20 58
21 71
22 78
23 84
24 76
25 71
26 85
27 102
28 104
29 120
30 89
31 103
32 97
33 111
34 92
35 96
36 94
37 111
38 113
39 113
40 130
41 116
42 129
43 121
44 127
45 140
46 120
47 129
48 121
49 129
50 137
51 132
52 138
53 141
54 132
55 145
56 135
57 146
58 144
59 147
60 152
61 160
62 151
63 158
64 169
65 174
66 188
67 191
68 194
69 173
70 179
71 185
72 197
73 184
74 200
75 195
76 200
77 203
78 191
79 208
80 194
81 213
82 204
83 208
84 212
85 224
86 239
87 221
88 229
89 222
90 222
91 240
92 237
93 226
94 225
95 234
96 227
97 237
98 255
99 263
100 256
101 268
102 265
103 284
104 283
105 271
106 282
107 276
108 279
109 280
110 298
111 289
112 288
113 296
114 299
115 303
116 316
117 301
118 304
119 307
120 315
121 323
122 323
123 322
124 332
125 326
126 336
127 345
128 325
129 342
130 342
131 353
132 361
133 369
134 367
135 374
136 366
137 370
138 373
139 378
140 377
141 384
142 372
143 380
144 387
145 390
146 388
147 380
148 395
149 399
150 384
151 401
152 420
153 398
154 402
155 417
156 399
157 417
158 404
159 401
160 417
161 435
162 406
163 422
164 434
165 433
166 441
167 461
168 433
169 435
170 441
171 443
172 458
173 450
174 436
175 447
176 456
177 474
178 462
179 452
180 457
181 463
182 465
183 479
184 482
185 474
186 473
187 475
188 476
189 486
190 489
191 479
192 486
193 489
194 480
195 485
196 490
197 481
198 497
199 483
200 497
201 491
202 497
203 508
204 495
205 497
206 502
207 506
208 503
209 512
210 506
211 521
212 518
213 521
214 507
215 512
216 513
217 510
218 526
219 509
220 525
221 515
222 520
223 523
224 526
225 538
226 531
227 525
228 532
229 535
230 533
231 550
232 553
233 559
234 579
235 538
236 557
237 551
238 568
239 543
240 548
241 560
242 558
243 551
244 563
245 564
246 573
247 554
248 567
249 572
250 566
251 584
252 584
253 595
254 583
255 573
256 593
257 579
258 584
259 590
260 594
261 612
262 625
263 602
264 622
265 619
266 613
267 619
268 628
269 639
270 626
271 638
272 642
273 635
274 652
275 645
276 645
277 638
278 653
279 656
280 652
281 665
282 672
283 660
284 675
285 674
286 691
287 672
288 681
289 684
290 694
291 694
292 687
293 692
294 694
295 709
296 723
297 700
298 717
299 713
300 704
301 724
302 721
303 708
304 718
305 726
306 711
307 716
308 713
309 727
310 731
311 745
312 754
313 729
314 734
315 748
316 730
317 746
318 759
319 744
320 752
321 764
322 774
323 760
324 770
325 780
326 779
327 785
328 793
329 794
330 797
331 809
332 807
333 811
334 806
335 806
336 816
337 820
338 817
339 821
340 821
341 837
342 822
343 837
344 855
345 832
346 833
347 847
348 861
349 835
350 838
351 841
352 845
353 841
354 859
355 860
356 867
357 846
358 842
359 852
360 855
361 856
362 862
363 873
364 869
365 889
366 873
367 884
368 885
369 874
370 894
371 885
372 887
373 898
374 884
375 901
376 919
377 921
378 902
379 896
380 905
381 904
382 901
383 920
384 920
385 922
386 916
387 932
388 931
389 937
390 949
391 946
392 951
393 950
394 954
395 949
396 961
397 967
398 958
399 976
400 962
401 981
402 973
403 979
404 992
405 990
406 981
407 994
408 992
409 982
410 987
411 988
412 996
413 992
414 988
415 1007
416 1027
417 995
418 999
419 998
420 1000
421 1013
422 1010
423 1019
424 1018
425 1013
426 1020
427 1014
428 1022
429 1030
430 1036
431 1032
432 1028
433 1040
434 1046
435 1039
436 1059
437 1046
438 1044
439 1050
440 1046
441 1051
442 1047
443 1058
444 1059
445 1054
446 1068
447 1057
448 1077
449 1062
450 1070
451 1070
452 1082
453 1078
454 1079
455 1082
456 1078
457 1089
458 1103
459 1091
460 1105
461 1093
462 1112
463 1128
464 1103
465 1123
466 1101
467 1107
468 1120
469 1112
470 1119
471 1127
472 1124
473 1132
474 1136
475 1139
476 1143
477 1141
478 1146
479 1142
480 1148
481 1153
482 1158
483 1146
484 1148
485 1152
486 1161
487 1166
488 1157
489 1156
490 1157
491 1176
492 1166
493 1170
494 1169
495 1176
496 1189
497 1178
498 1173
499 1184
500 1177
501 1192
