0 0
1 1
2 13
3 19
4 28
5 37
6 15
7 26
8 16
9 35
10 21
11 41
12 27
13 23
14 31
15 27
16 24
17 29
18 29
19 33
20 44
21 37
22 47
23 38
24 45
25 52
26 53
27 57
28 55
29 69
30 57
31 75
32 77
33 70
34 72
35 80
36 76
37 74
38 87
39 93
40 89
41 83
42 84
43 98
44 111
45 90
46 92
47 102
48 107
49 110
50 122
51 128
52 117
53 122
54 120
55 124
56 123
57 125
58 130
59 131
60 134
61 145
62 137
63 148
64 141
65 146
66 162
67 156
68 165
69 164
70 172
71 179
72 171
73 177
74 183
75 188
76 196
77 188
78 196
79 204
80 202
81 204
82 204
83 218
84 221
85 234
86 246
87 258
88 238
89 241
90 252
91 256
92 262
93 264
94 250
95 251
96 269
97 252
98 267
99 266
100 257
101 264
102 272
103 266
104 282
105 282
106 280
107 284
108 281
109 295
110 294
111 314
112 315
113 314
114 324
115 318
116 322
117 340
118 329
119 333
120 339
121 341
122 343
123 337
124 346
125 338
126 355
127 339
128 348
129 355
130 348
131 365
132 359
133 356
134 361
135 376
136 375
137 375
138 384
139 395
140 399
141 403
142 401
143 404
144 409
145 418
146 410
147 427
148 436
149 425
150 426
151 412
152 414
153 418
154 424
155 426
156 417
157 425
158 428
159 426
160 437
161 432
162 427
163 445
164 441
165 443
166 448
167 444
168 453
169 457
170 447
171 453
172 458
173 452
174 455
175 460
176 458
177 460
178 477
179 463
180 483
181 478
182 496
183 464
184 479
185 495
186 482
187 469
188 471
189 479
190 472
191 482
192 478
193 484
194 485
195 481
196 482
197 500
198 489
199 501
200 492
201 502
202 506
203 502
204 505
205 508
206 521
207 511
208 524
209 519
210 523
211 539
212 535
213 536
214 543
215 536
216 542
217 556
218 546
219 546
220 552
221 559
222 566
223 563
224 569
225 579
226 591
227 564
228 583
229 580
230 577
231 576
232 570
233 576
234 584
235 574
236 594
237 577
238 581
239 592
240 589
241 590
242 594
243 602
244 590
245 594
246 595
247 608
248 597
249 604
250 609
251 617
252 605
253 611
254 615
255 612
256 613
257 613
258 626
259 645
260 615
261 623
262 621
263 632
264 635
265 631
266 646
267 656
268 644
269 649
270 651
271 660
272 655
273 671
274 665
275 660
276 669
277 668
278 677
279 672
280 681
281 676
282 684
283 677
284 689
285 685
286 700
287 692
288 708
289 700
290 695
291 706
292 694
293 696
294 710
295 703
296 714
297 708
298 711
299 716
300 711
301 721
302 729
303 731
304 727
305 742
306 753
307 748
308 733
309 745
310 750
311 751
312 758
313 778
314 772
315 769
316 756
317 761
318 762
319 767
320 771
321 780
322 788
323 763
324 776
325 783
326 793
327 784
328 796
329 794
330 798
331 811
332 806
333 804
334 821
335 813
336 814
337 818
338 825
339 834
340 842
341 861
342 839
343 842
344 858
345 852
346 872
347 857
348 873
349 864
350 877
351 863
352 879
353 876
354 881
355 869
356 876
357 880
358 875
359 887
360 893
361 885
362 886
363 898
364 899
365 891
366 893
367 899
368 899
369 902
370 903
371 914
372 900
373 901
374 905
375 916
376 918
377 909
378 927
379 924
380 937
381 950
382 916
383 931
384 929
385 939
386 924
387 943
388 934
389 952
390 935
391 951
392 969
393 939
394 942
395 957
396 941
397 941
398 951
399 945
400 960
401 946
402 964
403 951
404 964
405 958
406 962
407 955
408 970
409 974
410 958
411 965
412 965
413 979
414 966
415 970
416 973
417 982
418 991
419 970
420 985
421 1000
422 997
423 1005
424 1021
425 1026
426 1035
427 1043
428 1054
429 1031
430 1039
431 1049
432 1033
433 1035
434 1038
435 1034
436 1036
437 1050
438 1056
439 1076
440 1049
441 1038
442 1046
443 1057
444 1041
445 1042
446 1059
447 1047
448 1062
449 1049
450 1052
451 1063
452 1061
453 1052
454 1067
455 1084
456 1059
457 1069
458 1075
459 1089
460 1076
461 1073
462 1086
463 1085
464 1084
465 1085
466 1084
467 1086
468 1091
469 1106
470 1126
471 1128
472 1135
473 1139
474 1159
475 1141
476 1145
477 1159
478 1170
479 1178
480 1146
481 1158
482 1148
483 1163
484 1165
485 1165
486 1160
487 1162
488 1180
489 1200
490 1163
491 1167
492 1172
493 1172
494 1177
495 1178
496 1185
497 1176
498 1177
499 1183
500 1183
501 1182
