0 0
1 11
2 6
3 19
4 20
5 5
6 19
7 24
8 20
9 22
10 23
11 34
12 36
13 37
14 41
15 50
16 35
17 36
18 47
19 47
20 67
21 45
22 51
23 59
24 55
25 59
26 56
27 56
28 71
29 66
30 66
31 70
32 84
33 84
34 82
35 93
36 103
37 86
38 91
39 93
40 104
41 111
42 111
43 95
44 109
45 108
46 114
47 123
48 103
49 107
50 118
51 117
52 123
53 120
54 139
55 139
56 122
57 131
58 131
59 139
60 142
61 133
62 151
63 135
64 153
65 148
66 163
67 161
68 170
69 157
70 176
71 186
72 178
73 181
74 191
75 196
76 195
77 201
78 193
79 194
80 206
81 209
82 207
83 215
84 217
85 227
86 220
87 219
88 234
89 221
90 225
91 236
92 233
93 247
94 239
95 258
96 243
97 258
98 255
99 268
100 270
101 264
102 273
103 274
104 266
105 269
106 268
107 272
108 280
109 274
110 286
111 302
112 281
113 289
114 299
115 290
116 301
117 319
118 304
119 305
120 315
121 309
122 309
123 327
124 320
125 316
126 319
127 328
128 317
129 323
130 337
131 322
132 330
133 325
134 332
135 342
136 348
137 347
138 357
139 343
140 345
141 359
142 352
143 363
144 354
145 372
146 392
147 405
148 378
149 392
150 392
151 412
152 393
153 409
154 400
155 407
156 400
157 400
158 418
159 402
160 404
161 419
162 419
163 436
164 408
165 410
166 426
167 426
168 441
169 429
170 447
171 435
172 441
173 448
174 436
175 439
176 449
177 445
178 449
179 447
180 452
181 459
182 460
183 456
184 461
185 476
186 468
187 481
188 478
189 477
190 494
191 485
192 486
193 505
194 494
195 500
196 510
197 496
198 509
199 512
200 532
201 549
202 555
203 574
204 576
205 556
206 561
207 568
208 572
209 571
210 576
211 583
212 592
213 610
214 608
215 577
216 594
217 591
218 607
219 603
220 592
221 606
222 595
223 603
224 606
225 624
226 607
227 607
228 608
229 615
230 621
231 618
232 625
233 633
234 627
235 636
236 636
237 644
238 654
239 649
240 649
241 643
242 652
243 660
244 660
245 662
246 653
247 664
248 666
249 664
250 675
251 682
252 700
253 681
254 677
255 679
256 684
257 692
258 688
259 693
260 702
261 702
262 698
263 701
264 713
265 712
266 714
267 730
268 721
269 728
270 714
271 717
272 725
273 745
274 742
275 758
276 745
277 745
278 749
279 762
280 775
281 763
282 764
283 773
284 763
285 775
286 766
287 778
288 779
289 794
290 782
291 791
292 807
293 820
294 784
295 797
296 797
297 798
298 808
299 812
300 807
301 823
302 837
303 840
304 849
305 852
306 869
307 847
308 865
309 852
310 862
311 850
312 864
313 870
314 882
315 885
316 874
317 879
318 875
319 894
320 881
321 894
322 909
323 890
324 906
325 906
326 895
327 903
328 911
329 913
330 924
331 914
332 931
333 916
334 931
335 915
336 921
337 928
338 918
339 922
340 933
341 931
342 933
343 946
344 951
345 943
346 945
347 948
348 963
349 951
350 957
351 962
352 955
353 969
354 953
355 954
356 960
357 954
358 958
359 976
360 971
361 956
362 962
363 972
364 981
365 988
366 960
367 964
368 962
369 961
370 962
371 969
372 986
373 969
374 969
375 972
376 977
377 984
378 980
379 987
380 980
381 998
382 1009
383 995
384 997
385 1005
386 1009
387 1019
388 1006
389 1007
390 1022
391 1022
392 1022
393 1034
394 1030
395 1032
396 1036
397 1028
398 1030
399 1031
400 1039
401 1055
402 1046
403 1036
404 1045
405 1049
406 1052
407 1055
408 1041
409 1054
410 1061
411 1058
412 1059
413 1061
414 1077
415 1072
416 1074
417 1076
418 1090
419 1102
420 1080
421 1083
422 1100
423 1087
424 1096
425 1081
426 1098
427 1082
428 1097
429 1093
430 1098
431 1100
432 1106
433 1110
434 1120
435 1139
436 1150
437 1159
438 1115
439 1135
440 1135
441 1128
442 1128
443 1140
444 1137
445 1143
446 1152
447 1161
448 1149
449 1152
450 1165
451 1154
452 1165
453 1181
454 1159
455 1162
456 1161
457 1176
458 1189
459 1171
460 1179
461 1184
462 1202
463 1221
464 1189
465 1185
466 1197
467 1186
468 1191
469 1201
470 1211
471 1207
472 1212
473 1219
474 1220
475 1227
476 1229
477 1239
478 1230
479 1237
480 1242
481 1259
482 1260
483 1260
484 1280
485 1296
486 1279
487 1282
488 1284
489 1293
490 1300
491 1312
492 1301
493 1292
494 1300
495 1294
496 1314
497 1323
498 1336
499 1344
500 1313
501 1317
