0 0
1 18
2 2
3 9
4 8
5 18
6 37
7 5
8 14
9 15
10 32
11 10
12 26
13 25
14 39
15 49
16 33
17 53
18 37
19 47
20 49
21 51
22 46
23 49
24 51
25 60
26 68
27 63
28 79
29 92
30 91
31 76
32 77
33 85
34 87
35 102
36 90
37 100
38 104
39 110
40 103
41 112
42 116
43 123
44 108
45 124
46 127
47 116
48 126
49 133
50 135
51 117
52 127
53 118
54 131
55 119
56 122
57 133
58 143
59 121
60 123
61 141
62 134
63 141
64 128
65 135
66 137
67 136
68 139
69 143
70 158
71 140
72 151
73 142
74 146
75 161
76 165
77 180
78 188
79 167
80 174
81 169
82 186
83 172
84 173
85 176
86 181
87 183
88 185
89 201
90 186
91 185
92 193
93 192
94 197
95 210
96 198
97 199
98 209
99 205
100 212
101 222
102 212
103 229
104 213
105 230
106 220
107 227
108 217
109 229
110 226
111 222
112 240
113 236
114 239
115 253
116 250
117 255
118 268
119 249
120 261
121 253
122 269
123 251
124 260
125 268
126 274
127 256
128 267
129 275
130 277
131 269
132 281
133 270
134 283
135 283
136 282
137 291
138 291
139 307
140 301
141 300
142 309
143 313
144 305
145 319
146 313
147 319
148 313
149 331
150 329
151 335
152 351
153 345
154 353
155 346
156 360
157 348
158 359
159 349
160 352
161 364
162 368
163 372
164 373
165 387
166 386
167 382
168 388
169 407
170 401
171 414
172 402
173 422
174 442
175 419
176 416
177 425
178 441
179 420
180 424
181 432
182 434
183 436
184 422
185 428
186 430
187 427
188 431
189 433
190 446
191 432
192 449
193 450
194 459
195 444
196 456
197 448
198 459
199 464
200 468
201 459
202 468
203 470
204 477
205 478
206 463
207 481
208 471
209 466
210 470
211 484
212 487
213 478
214 479
215 493
216 487
217 491
218 497
219 510
220 495
221 497
222 495
223 509
224 521
225 540
226 514
227 499
228 507
229 506
230 511
231 521
232 507
233 520
234 517
235 531
236 532
237 533
238 524
239 536
240 544
241 543
242 553
243 555
244 560
245 579
246 555
247 575
248 566
249 570
250 576
251 580
252 568
253 582
254 587
255 588
256 602
257 615
258 595
259 600
260 613
261 597
262 606
263 612
264 600
265 602
266 615
267 609
268 615
269 610
270 627
271 618
272 623
273 628
274 619
275 623
276 637
277 627
278 635
279 646
280 644
281 662
282 649
283 664
284 645
285 657
286 650
287 655
288 657
289 668
290 664
291 658
292 665
293 672
294 666
295 670
296 667
297 668
298 680
299 680
300 684
301 698
302 700
303 688
304 696
305 699
306 719
307 704
308 719
309 716
310 725
311 731
312 737
313 744
314 752
315 750
316 751
317 756
318 757
319 760
320 774
321 777
322 757
323 762
324 760
325 763
326 768
327 780
328 796
329 797
330 776
331 781
332 791
333 786
334 791
335 795
336 794
337 810
338 796
339 795
340 798
341 809
342 819
343 835
344 810
345 805
346 806
347 813
348 821
349 833
350 838
351 851
352 842
353 831
354 832
355 835
356 838
357 843
358 857
359 866
360 872
361 868
362 864
363 871
364 877
365 872
366 871
367 878
368 878
369 885
370 904
371 884
372 880
373 886
374 894
375 897
376 900
377 901
378 912
379 902
380 905
381 904
382 920
383 903
384 921
385 913
386 911
387 907
388 922
389 915
390 921
391 927
392 922
393 929
394 941
395 949
396 941
397 947
398 933
399 948
400 951
401 945
402 946
403 952
404 958
405 961
406 970
407 960
408 959
409 973
410 971
411 983
412 981
413 992
414 974
415 988
416 981
417 982
418 986
419 998
420 994
421 997
422 1000
423 1006
424 1005
425 1017
426 1015
427 1003
428 1011
429 1017
430 1012
431 1032
432 1011
433 1031
434 1016
435 1026
436 1044
437 1027
438 1018
439 1035
440 1034
441 1028
442 1029
443 1048
444 1049
445 1046
446 1054
447 1044
448 1046
449 1046
450 1060
451 1059
452 1049
453 1056
454 1066
455 1060
456 1062
457 1058
458 1073
459 1083
460 1064
461 1066
462 1077
463 1076
464 1071
465 1073
466 1073
467 1086
468 1087
469 1103
470 1092
471 1103
472 1100
473 1096
474 1105
475 1111
476 1098
477 1102
478 1110
479 1115
480 1133
481 1143
482 1138
483 1151
484 1143
485 1161
486 1150
487 1160
488 1161
489 1170
490 1164
491 1177
492 1174
493 1169
494 1182
495 1178
496 1173
497 1192
498 1175
499 1174
500 1183
501 1194
