0 0
1 9
2 20
3 37
4 1
5 2
6 7
7 15
8 7
9 12
10 10
11 16
12 18
13 16
14 29
15 18
16 31
17 23
18 38
19 25
20 28
21 37
22 31
23 37
24 46
25 40
26 48
27 51
28 59
29 46
30 50
31 63
32 53
33 72
34 54
35 55
36 62
37 64
38 73
39 89
40 78
41 96
42 91
43 86
44 106
45 101
46 105
47 106
48 109
49 109
50 116
51 126
52 139
53 121
54 138
55 139
56 154
57 148
58 136
59 146
60 145
61 146
62 159
63 169
64 178
65 166
66 164
67 182
68 176
69 172
70 185
71 174
72 181
73 182
74 193
75 196
76 201
77 187
78 183
79 184
80 196
81 204
82 203
83 196
84 203
85 208
86 198
87 214
88 213
89 207
90 217
91 231
92 226
93 220
94 236
95 223
96 231
97 239
98 242
99 237
100 253
101 253
102 266
103 245
104 263
105 255
106 248
107 265
108 269
109 250
110 269
111 260
112 268
113 262
114 282
115 288
116 269
117 284
118 271
119 271
120 281
121 282
122 301
123 291
124 273
125 275
126 287
127 281
128 287
129 298
130 286
131 283
132 301
133 300
134 312
135 301
136 318
137 316
138 334
139 319
140 321
141 331
142 328
143 334
144 336
145 336
146 336
147 339
148 337
149 347
150 355
151 370
152 351
153 353
154 362
155 353
156 367
157 357
158 364
159 369
160 382
161 384
162 394
163 369
164 376
165 373
166 386
167 389
168 376
169 384
170 391
171 399
172 418
173 414
174 419
175 401
176 408
177 411
178 420
179 409
180 418
181 426
182 438
183 442
184 433
185 444
186 447
187 442
188 460
189 443
190 452
191 447
192 446
193 463
194 461
195 462
196 480
197 479
198 471
199 482
200 475
201 476
202 495
203 489
204 477
205 489
206 491
207 483
208 496
209 510
210 486
211 488
212 503
213 508
214 489
215 506
216 498
217 494
218 496
219 510
220 501
221 521
222 502
223 515
224 504
225 519
226 506
227 513
228 511
229 523
230 521
231 527
232 523
233 530
234 540
235 535
236 544
237 554
238 546
239 549
240 556
241 555
242 572
243 556
244 558
245 573
246 564
247 581
248 571
249 584
250 587
251 598
252 607
253 621
254 606
255 612
256 607
257 617
258 625
259 638
260 623
261 630
262 640
263 652
264 672
265 649
266 655
267 665
268 654
269 655
270 653
271 669
272 677
273 690
274 663
275 681
276 690
277 675
278 673
279 690
280 679
281 693
282 685
283 681
284 681
285 694
286 697
287 710
288 711
289 698
290 699
291 701
292 714
293 730
294 717
295 710
296 713
297 730
298 725
299 723
300 724
301 727
302 726
303 737
304 742
305 734
306 732
307 743
308 751
309 736
310 753
311 757
312 737
313 741
314 755
315 751
316 742
317 754
318 755
319 758
320 759
321 768
322 777
323 772
324 767
325 770
326 773
327 789
328 777
329 793
330 791
331 782
332 788
333 781
334 793
335 801
336 790
337 808
338 794
339 795
340 813
341 808
342 822
343 798
344 803
345 816
346 823
347 813
348 815
349 811
350 825
351 816
352 813
353 815
354 817
355 819
356 834
357 835
358 843
359 835
360 830
361 843
362 837
363 853
364 838
365 846
366 861
367 875
368 852
369 839
370 851
371 843
372 845
373 856
374 856
375 853
376 863
377 850
378 863
379 870
380 862
381 882
382 879
383 882
384 891
385 894
386 891
387 885
388 894
389 895
390 902
391 889
392 909
393 894
394 892
395 895
396 905
397 904
398 905
399 902
400 918
401 919
402 922
403 916
404 934
405 936
406 942
407 924
408 931
409 937
410 942
411 940
412 953
413 949
414 947
415 956
416 974
417 961
418 966
419 963
420 972
421 965
422 973
423 965
424 983
425 988
426 1005
427 984
428 1000
429 987
430 999
431 988
432 991
433 1004
434 998
435 1004
436 1013
437 1011
438 1001
439 1007
440 1002
441 1019
442 1011
443 1006
444 1020
445 1018
446 1021
447 1035
448 1038
449 1034
450 1050
451 1041
452 1041
453 1061
454 1064
455 1072
456 1080
457 1084
458 1067
459 1074
460 1087
461 1085
462 1103
463 1084
464 1080
465 1096
466 1091
467 1086
468 1099
469 1091
470 1098
471 1106
472 1113
473 1116
474 1120
475 1128
476 1140
477 1129
478 1122
479 1123
480 1135
481 1139
482 1128
483 1128
484 1147
485 1135
486 1142
487 1129
488 1136
489 1141
490 1147
491 1145
492 1161
493 1150
494 1161
495 1167
496 1169
497 1155
498 1173
499 1171
500 1190
501 1174
