0 0
1 14
2 26
3 40
4 19
5 27
6 22
7 36
8 38
9 33
10 43
11 36
12 38
13 52
14 70
15 53
16 40
17 44
18 50
19 42
20 58
21 61
22 60
23 63
24 80
25 75
26 64
27 83
28 65
29 70
30 71
31 68
32 80
33 75
34 70
35 89
36 74
37 93
38 90
39 101
40 93
41 81
42 87
43 84
44 97
45 102
46 100
47 98
48 118
49 99
50 113
51 116
52 109
53 116
54 129
55 130
56 121
57 125
58 137
59 130
60 122
61 127
62 138
63 142
64 129
65 131
66 133
67 149
68 130
69 132
70 141
71 161
72 137
73 143
74 138
75 142
76 154
77 158
78 147
79 149
80 156
81 154
82 164
83 180
84 192
85 207
86 211
87 213
88 219
89 228
90 221
91 230
92 215
93 233
94 219
95 231
96 251
97 222
98 239
99 242
100 224
101 226
102 244
103 225
104 233
105 232
106 239
107 236
108 242
109 245
110 250
111 263
112 262
113 281
114 282
115 263
116 268
117 287
118 266
119 272
120 271
121 282
122 272
123 276
124 282
125 294
126 281
127 292
128 284
129 287
130 282
131 293
132 297
133 300
134 312
135 305
136 301
137 313
138 314
139 317
140 303
141 323
142 340
143 319
144 329
145 334
146 349
147 337
148 348
149 360
150 344
151 342
152 340
153 350
154 356
155 358
156 350
157 343
158 352
159 344
160 361
161 352
162 367
163 346
164 363
165 381
166 351
167 362
168 364
169 357
170 353
171 369
172 368
173 367
174 381
175 385
176 381
177 386
178 384
179 383
180 391
181 387
182 389
183 403
184 405
185 406
186 419
187 411
188 412
189 427
190 415
191 417
192 437
193 447
194 431
195 434
196 449
197 452
198 440
199 440
200 436
201 450
202 437
203 447
204 448
205 441
206 442
207 452
208 463
209 483
210 503
211 488
212 501
213 500
214 489
215 494
216 502
217 498
218 508
219 494
220 505
221 503
222 506
223 509
224 510
225 519
226 515
227 517
228 537
229 524
230 527
231 527
232 527
233 542
234 530
235 536
236 544
237 543
238 546
239 553
240 554
241 574
242 553
243 565
244 557
245 558
246 566
247 571
248 570
249 567
250 572
251 584
252 604
253 570
254 569
255 587
256 601
257 583
258 572
259 587
260 578
261 585
262 580
263 595
264 598
265 606
266 608
267 595
268 596
269 605
270 598
271 596
272 613
273 605
274 611
275 612
276 621
277 612
278 614
279 613
280 620
281 621
282 614
283 620
284 627
285 635
286 634
287 622
288 630
289 642
290 628
291 624
292 644
293 631
294 643
295 634
296 641
297 638
298 653
299 637
300 647
301 645
302 657
303 656
304 660
305 652
306 660
307 656
308 664
309 665
310 657
311 657
312 658
313 677
314 658
315 668
316 678
317 688
318 701
319 688
320 669
321 683
322 680
323 681
324 679
325 677
326 697
327 678
328 697
329 696
330 699
331 707
332 703
333 703
334 722
335 704
336 707
337 710
338 716
339 714
340 709
341 718
342 727
343 733
344 723
345 731
346 726
347 729
348 734
349 748
350 758
351 741
352 742
353 743
354 746
355 758
356 754
357 746
358 765
359 764
360 758
361 754
362 763
363 768
364 770
365 770
366 775
367 780
368 781
369 776
370 795
371 790
372 796
373 790
374 804
375 810
376 815
377 816
378 824
379 811
380 828
381 824
382 824
383 818
384 834
385 833
386 838
387 839
388 836
389 839
390 851
391 870
392 857
393 865
394 862
395 873
396 867
397 875
398 875
399 868
400 874
401 882
402 893
403 884
404 880
405 894
406 897
407 901
408 914
409 893
410 897
411 899
412 911
413 898
414 899
415 907
416 906
417 915
418 906
419 918
420 915
421 909
422 915
423 918
424 916
425 921
426 918
427 926
428 933
429 953
430 936
431 921
432 926
433 924
434 931
435 930
436 941
437 933
438 937
439 937
440 934
441 947
442 935
443 947
444 963
445 965
446 936
447 944
448 955
449 948
450 953
451 954
452 955
453 970
454 988
455 959
456 972
457 977
458 978
459 963
460 979
461 979
462 998
463 996
464 986
465 989
466 992
467 994
468 996
469 997
470 1012
471 994
472 995
473 1008
474 1002
475 1009
476 996
477 1008
478 1022
479 1006
480 1015
481 1019
482 1023
483 1014
484 1020
485 1023
486 1021
487 1037
488 1027
489 1035
490 1030
491 1041
492 1033
493 1036
494 1043
495 1035
496 1036
497 1046
498 1044
499 1063
500 1045
501 1065
