0 0
1 3
2 7
3 19
4 26
5 1
6 11
7 30
8 17
9 13
10 31
11 19
12 32
13 23
14 26
15 26
16 24
17 34
18 26
19 39
20 35
21 27
22 45
23 61
24 34
25 44
26 49
27 59
28 37
29 49
30 43
31 47
32 67
33 52
34 54
35 46
36 66
37 70
38 63
39 66
40 47
41 61
42 49
43 68
44 58
45 73
46 79
47 75
48 77
49 63
50 81
51 68
52 76
53 72
54 81
55 92
56 90
57 92
58 86
59 88
60 101
61 107
62 117
63 96
64 94
65 109
66 97
67 98
68 109
69 123
70 125
71 121
72 110
73 120
74 131
75 146
76 165
77 174
78 170
79 168
80 177
81 173
82 179
83 185
84 182
85 182
86 177
87 192
88 185
89 179
90 194
91 186
92 204
93 224
94 223
95 227
96 215
97 216
98 219
99 233
100 223
101 228
102 231
103 231
104 225
105 229
106 230
107 238
108 246
109 249
110 242
111 260
112 251
113 247
114 263
115 252
116 249
117 256
118 260
119 265
120 262
121 274
122 280
123 268
124 273
125 279
126 269
127 286
128 289
129 304
130 274
131 276
132 283
133 280
134 289
135 299
136 290
137 294
138 298
139 313
140 310
141 303
142 308
143 319
144 319
145 337
146 344
147 337
148 350
149 331
150 343
151 346
152 348
153 346
154 359
155 347
156 353
157 362
158 363
159 358
160 367
161 359
162 363
163 381
164 369
165 378
166 382
167 379
168 388
169 385
170 396
171 380
172 395
173 399
174 399
175 387
176 394
177 404
178 394
179 402
180 398
181 413
182 396
183 406
184 401
185 413
186 403
187 412
188 423
189 426
190 404
191 407
192 412
193 420
194 408
195 424
196 422
197 414
198 421
199 429
200 431
201 424
202 431
203 429
204 433
205 441
206 451
207 446
208 450
209 460
210 465
211 447
212 465
213 466
214 471
215 466
216 486
217 497
218 514
219 478
220 492
221 490
222 504
223 497
224 507
225 504
226 508
227 519
228 537
229 538
230 511
231 513
232 521
233 514
234 523
235 517
236 519
237 520
238 526
239 518
240 528
241 521
242 534
243 537
244 556
245 539
246 547
247 551
248 552
249 553
250 563
251 569
252 568
253 563
254 564
255 579
256 597
257 568
258 581
259 584
260 594
261 601
262 586
263 599
264 599
265 590
266 595
267 602
268 597
269 603
270 609
271 614
272 624
273 634
274 613
275 624
276 616
277 614
278 625
279 630
280 616
281 633
282 628
283 632
284 647
285 656
286 648
287 659
288 657
289 662
290 665
291 685
292 673
293 673
294 675
295 689
296 674
297 678
298 683
299 675
300 688
301 691
302 680
303 683
304 684
305 691
306 697
307 709
308 698
309 689
310 703
311 695
312 695
313 700
314 705
315 704
316 712
317 727
318 721
319 716
320 716
321 726
322 717
323 722
324 724
325 726
326 743
327 735
328 735
329 741
330 761
331 758
332 750
333 757
334 767
335 755
336 775
337 759
338 773
339 762
340 760
341 772
342 778
343 796
344 801
345 814
346 786
347 806
348 799
349 805
350 818
351 810
352 812
353 813
354 819
355 814
356 820
357 834
358 844
359 849
360 829
361 822
362 829
363 825
364 844
365 828
366 835
367 827
368 840
369 841
370 856
371 837
372 844
373 852
374 852
375 848
376 840
377 858
378 874
379 842
380 850
381 851
382 868
383 864
384 871
385 872
386 885
387 867
388 870
389 870
390 879
391 893
392 868
393 884
394 871
395 883
396 872
397 891
398 878
399 887
400 882
401 886
402 894
403 897
404 906
405 906
406 915
407 921
408 911
409 915
410 916
411 917
412 925
413 935
414 924
415 940
416 944
417 928
418 938
419 958
420 975
421 973
422 946
423 957
424 960
425 947
426 948
427 949
428 969
429 964
430 961
431 965
432 966
433 975
434 970
435 971
436 972
437 980
438 980
439 986
440 1003
441 988
442 1003
443 995
444 990
445 993
446 994
447 996
448 1009
449 1016
450 1028
451 1026
452 1018
453 1030
454 1041
455 1025
456 1039
457 1031
458 1028
459 1043
460 1044
461 1047
462 1046
463 1036
464 1040
465 1046
466 1057
467 1055
468 1065
469 1047
470 1062
471 1065
472 1066
473 1086
474 1061
475 1080
476 1081
477 1087
478 1064
479 1075
480 1088
481 1078
482 1088
483 1080
484 1093
485 1097
486 1107
487 1115
488 1108
489 1109
490 1112
491 1119
492 1118
493 1126
494 1123
495 1119
496 1129
497 1123
498 1128
499 1133
500 1137
501 1150
