0 0
1 15
2 9
3 27
4 27
5 13
6 12
7 27
8 40
9 49
10 40
11 57
12 28
13 32
14 33
15 44
16 34
17 52
18 40
19 40
20 52
21 44
22 46
23 58
24 45
25 49
26 54
27 63
28 81
29 57
30 54
31 66
32 67
33 68
34 70
35 87
36 76
37 86
38 104
39 84
40 88
41 87
42 104
43 94
44 94
45 96
46 115
47 124
48 144
49 135
50 145
51 139
52 147
53 146
54 144
55 161
56 153
57 158
58 174
59 189
60 161
61 169
62 179
63 176
64 191
65 176
66 186
67 194
68 202
69 200
70 201
71 217
72 237
73 228
74 229
75 220
76 238
77 243
78 239
79 246
80 261
81 273
82 275
83 263
84 262
85 270
86 273
87 285
88 267
89 279
90 288
91 300
92 284
93 296
94 291
95 310
96 317
97 309
98 328
99 314
100 327
101 339
102 316
103 333
104 333
105 328
106 332
107 341
108 347
109 343
110 350
111 351
112 354
113 349
114 353
115 354
116 354
117 357
118 366
119 365
120 376
121 380
122 385
123 366
124 369
125 372
126 385
127 374
128 382
129 384
130 395
131 393
132 379
133 388
134 386
135 402
136 393
137 398
138 402
139 392
140 401
141 407
142 402
143 416
144 419
145 409
146 419
147 438
148 428
149 410
150 429
151 426
152 428
153 437
154 419
155 438
156 442
157 434
158 440
159 444
160 450
161 451
162 460
163 453
164 463
165 466
166 460
167 463
168 471
169 477
170 478
171 489
172 493
173 498
174 496
175 512
176 497
177 497
178 499
179 515
180 511
181 519
182 527
183 522
184 529
185 539
186 534
187 549
188 543
189 558
190 566
191 568
192 548
193 548
194 564
195 556
196 551
197 555
198 565
199 563
200 562
201 576
202 565
203 563
204 582
205 599
206 580
207 589
208 570
209 588
210 585
211 590
212 591
213 608
214 618
215 592
216 611
217 604
218 605
219 598
220 610
221 606
222 608
223 612
224 612
225 613
226 623
227 623
228 623
229 626
230 639
231 637
232 628
233 632
234 646
235 657
236 662
237 664
238 682
239 673
240 676
241 675
242 691
243 706
244 694
245 677
246 689
247 696
248 694
249 711
250 707
251 719
252 698
253 701
254 708
255 700
256 703
257 706
258 716
259 712
260 713
261 719
262 729
263 735
264 719
265 736
266 739
267 720
268 733
269 740
270 750
271 738
272 744
273 744
274 758
275 758
276 772
277 752
278 761
279 755
280 760
281 757
282 774
283 784
284 786
285 793
286 802
287 803
288 800
289 814
290 802
291 808
292 813
293 824
294 842
295 819
296 838
297 842
298 833
299 826
300 832
301 838
302 851
303 852
304 855
305 851
306 864
307 877
308 864
309 876
310 880
311 876
312 893
313 890
314 881
315 897
316 886
317 902
318 894
319 904
320 907
321 895
322 900
323 906
324 900
325 899
326 908
327 911
328 911
329 903
330 909
331 908
332 922
333 922
334 933
335 951
336 940
337 936
338 938
339 958
340 938
341 956
342 953
343 957
344 952
345 954
346 967
347 972
348 955
349 964
350 961
351 980
352 979
353 966
354 976
355 973
356 982
357 981
358 982
359 984
360 1002
361 988
362 1000
363 1003
364 1003
365 1006
366 1011
367 1016
368 1010
369 1027
370 1027
371 1021
372 1026
373 1023
374 1023
375 1024
376 1032
377 1027
378 1028
379 1047
380 1040
381 1046
382 1053
383 1059
384 1067
385 1061
386 1057
387 1059
388 1073
389 1073
390 1064
391 1064
392 1074
393 1072
394 1073
395 1078
396 1091
397 1075
398 1092
399 1080
400 1086
401 1091
402 1096
403 1115
404 1109
405 1118
406 1124
407 1135
408 1119
409 1123
410 1134
411 1134
412 1136
413 1148
414 1145
415 1142
416 1149
417 1157
418 1169
419 1143
420 1156
421 1151
422 1145
423 1157
424 1163
425 1176
426 1152
427 1172
428 1190
429 1154
430 1159
431 1168
432 1164
433 1172
434 1181
435 1166
436 1176
437 1167
438 1185
439 1172
440 1174
441 1174
442 1194
443 1179
444 1184
445 1195
446 1186
447 1196
448 1197
449 1207
450 1189
451 1190
452 1197
453 1207
454 1203
455 1204
456 1193
457 1209
458 1197
459 1195
460 1204
461 1211
462 1215
463 1212
464 1197
465 1205
466 1207
467 1203
468 1201
469 1205
470 1212
471 1204
472 1213
473 1215
474 1223
475 1223
476 1208
477 1214
478 1217
479 1222
480 1234
481 1221
482 1235
483 1222
484 1242
485 1235
486 1227
487 1224
488 1228
489 1247
490 1240
491 1237
492 1254
493 1247
494 1246
495 1262
496 1274
497 1282
498 1264
499 1270
500 1264
501 1273
