0 0
1 2
2 15
3 13
4 23
5 18
6 32
7 43
8 29
9 30
10 40
11 30
12 31
13 39
14 45
15 52
16 49
17 37
18 48
19 45
20 51
21 47
22 58
23 51
24 63
25 61
26 55
27 73
28 79
29 84
30 98
31 81
32 99
33 83
34 98
35 99
36 96
37 110
38 107
39 110
40 127
41 140
42 131
43 117
44 127
45 124
46 134
47 126
48 118
49 134
50 134
51 144
52 138
53 124
54 125
55 144
56 135
57 136
58 144
59 155
60 160
61 146
62 150
63 153
64 172
65 178
66 179
67 157
68 159
69 176
70 176
71 196
72 194
73 192
74 206
75 208
76 220
77 223
78 195
79 197
80 198
81 201
82 200
83 202
84 213
85 232
86 224
87 231
88 237
89 237
90 249
91 236
92 254
93 240
94 252
95 247
96 246
97 260
98 278
99 264
100 248
101 261
102 256
103 274
104 261
105 268
106 257
107 272
108 283
109 259
110 274
111 282
112 277
113 281
114 273
115 281
116 284
117 288
118 283
119 282
120 287
121 285
122 299
123 312
124 291
125 294
126 287
127 296
128 303
129 300
130 302
131 301
132 312
133 307
134 318
135 316
136 303
137 318
138 316
139 330
140 322
141 331
142 342
143 337
144 337
145 338
146 332
147 347
148 333
149 343
150 334
151 335
152 350
153 351
154 362
155 358
156 354
157 352
158 372
159 362
160 370
161 382
162 357
163 369
164 362
165 364
166 380
167 361
168 363
169 379
170 368
171 386
172 380
173 383
174 394
175 389
176 403
177 384
178 398
179 387
180 385
181 387
182 390
183 390
184 390
185 400
186 396
187 398
188 413
189 414
190 408
191 412
192 401
193 419
194 416
195 432
196 429
197 435
198 438
199 424
200 429
201 432
202 425
203 441
204 432
205 432
206 437
207 440
208 445
209 438
210 444
211 444
212 448
213 465
214 450
215 453
216 445
217 450
218 458
219 459
220 463
221 481
222 492
223 475
224 476
225 496
226 491
227 476
228 483
229 492
230 480
231 489
232 494
233 490
234 492
235 502
236 504
237 495
238 505
239 503
240 523
241 533
242 537
243 555
244 521
245 529
246 544
247 540
248 544
249 549
250 533
251 542
252 548
253 544
254 553
255 553
256 566
257 568
258 571
259 588
260 578
261 585
262 602
263 614
264 587
265 603
266 596
267 600
268 620
269 606
270 616
271 626
272 629
273 619
274 637
275 622
276 632
277 624
278 620
279 635
280 637
281 655
282 651
283 664
284 668
285 656
286 652
287 664
288 660
289 671
290 678
291 698
292 686
293 699
294 702
295 707
296 703
297 707
298 706
299 726
300 730
301 708
302 728
303 742
304 744
305 720
306 713
307 719
308 736
309 717
310 737
311 757
312 730
313 736
314 741
315 736
316 751
317 744
318 747
319 767
320 765
321 760
322 764
323 770
324 774
325 767
326 766
327 778
328 780
329 780
330 791
331 807
332 791
333 788
334 794
335 797
336 809
337 791
338 811
339 802
340 805
341 800
342 807
343 819
344 819
345 821
346 840
347 825
348 824
349 827
350 833
351 846
352 842
353 842
354 855
355 852
356 844
357 860
358 852
359 858
360 850
361 853
362 864
363 864
364 866
365 882
366 870
367 874
368 872
369 868
370 880
371 886
372 882
373 890
374 897
375 885
376 886
377 901
378 890
379 896
380 904
381 902
382 902
383 896
384 897
385 905
386 904
387 919
388 906
389 913
390 912
391 913
392 910
393 917
394 924
395 928
396 945
397 936
398 940
399 951
400 942
401 962
402 945
403 944
404 955
405 957
406 951
407 964
408 952
409 965
410 959
411 952
412 961
413 962
414 960
415 980
416 970
417 977
418 996
419 1006
420 982
421 986
422 989
423 984
424 987
425 998
426 1004
427 991
428 1010
429 988
430 992
431 997
432 1001
433 997
434 1003
435 1000
436 1007
437 1004
438 1012
439 1017
440 1007
441 1008
442 1015
443 1016
444 1018
445 1026
446 1042
447 1030
448 1026
449 1034
450 1032
451 1042
452 1035
453 1050
454 1040
455 1054
456 1036
457 1054
458 1046
459 1046
460 1045
461 1063
462 1061
463 1074
464 1051
465 1064
466 1067
467 1070
468 1057
469 1065
470 1075
471 1075
472 1069
473 1074
474 1084
475 1093
476 1073
477 1077
478 1090
479 1110
480 1074
481 1090
482 1088
483 1093
484 1092
485 1075
486 1077
487 1095
488 1082
489 1076
490 1096
491 1095
492 1085
493 1091
494 1098
495 1094
496 1087
497 1094
498 1108
499 1091
500 1096
501 1099
