0 0
1 13
2 20
3 7
4 18
5 31
6 28
7 19
8 33
9 29
10 43
11 25
12 41
13 35
14 55
15 69
16 46
17 43
18 54
19 53
20 55
21 68
22 63
23 62
24 66
25 69
26 76
27 79
28 85
29 67
30 78
31 91
32 110
33 113
34 75
35 81
36 85
37 80
38 93
39 110
40 129
41 90
42 91
43 107
44 108
45 94
46 110
47 113
48 105
49 120
50 121
51 111
52 127
53 131
54 151
55 148
56 153
57 163
58 167
59 177
60 184
61 177
62 192
63 179
64 180
65 196
66 183
67 192
68 185
69 183
70 200
71 187
72 192
73 190
74 206
75 197
76 194
77 198
78 198
79 209
80 206
81 206
82 205
83 208
84 215
85 209
86 207
87 217
88 210
89 213
90 210
91 228
92 225
93 219
94 237
95 224
96 227
97 236
98 251
99 270
100 233
101 239
102 248
103 252
104 248
105 241
106 252
107 250
108 259
109 260
110 264
111 261
112 269
113 280
114 278
115 288
116 304
117 292
118 303
119 322
120 304
121 310
122 300
123 310
124 308
125 318
126 319
127 333
128 322
129 335
130 329
131 335
132 341
133 340
134 347
135 350
136 349
137 351
138 363
139 366
140 350
141 367
142 365
143 383
144 376
145 368
146 375
147 375
148 383
149 393
150 401
151 388
152 400
153 407
154 401
155 393
156 406
157 397
158 400
159 402
160 416
161 426
162 431
163 433
164 429
165 435
166 452
167 449
168 454
169 455
170 461
171 478
172 459
173 456
174 465
175 469
176 478
177 461
178 474
179 488
180 464
181 471
182 476
183 483
184 483
185 498
186 487
187 500
188 502
189 518
190 493
191 513
192 508
193 502
194 498
195 518
196 513
197 508
198 504
199 522
200 521
201 539
202 543
203 557
204 562
205 570
206 565
207 581
208 582
209 575
210 579
211 580
212 587
213 586
214 599
215 596
216 608
217 605
218 592
219 611
220 617
221 628
222 595
223 601
224 619
225 632
226 602
227 607
228 617
229 614
230 621
231 609
232 623
233 617
234 632
235 631
236 635
237 618
238 638
239 632
240 622
241 624
242 634
243 641
244 635
245 625
246 628
247 635
248 648
249 654
250 650
251 662
252 644
253 652
254 663
255 656
256 658
257 663
258 655
259 660
260 664
261 663
262 676
263 663
264 682
265 701
266 676
267 677
268 666
269 677
270 674
271 670
272 671
273 682
274 673
275 686
276 692
277 674
278 687
279 688
280 677
281 676
282 685
283 696
284 698
285 715
286 733
287 700
288 717
289 702
290 713
291 701
292 714
293 717
294 707
295 718
296 708
297 728
298 708
299 718
300 726
301 710
302 715
303 728
304 712
305 711
306 719
307 718
308 716
309 729
310 726
311 731
312 729
313 741
314 740
315 754
316 758
317 773
318 780
319 758
320 771
321 779
322 764
323 778
324 778
325 783
326 785
327 777
328 780
329 786
330 789
331 795
332 791
333 810
334 792
335 807
336 799
337 810
338 801
339 808
340 815
341 811
342 821
343 830
344 827
345 818
346 832
347 829
348 844
349 840
350 850
351 853
352 851
353 869
354 858
355 862
356 877
357 877
358 874
359 871
360 885
361 886
362 898
363 899
364 910
365 896
366 897
367 908
368 922
369 902
370 919
371 912
372 910
373 927
374 913
375 917
376 925
377 925
378 922
379 934
380 934
381 926
382 939
383 931
384 927
385 941
386 944
387 951
388 961
389 961
390 945
391 962
392 963
393 954
394 955
395 949
396 965
397 975
398 951
399 953
400 966
401 967
402 964
403 966
404 984
405 980
406 999
407 991
408 985
409 1000
410 996
411 1000
412 1007
413 1026
414 1014
415 1009
416 1023
417 1026
418 1017
419 1030
420 1037
421 1033
422 1046
423 1058
424 1039
425 1037
426 1053
427 1047
428 1064
429 1051
430 1054
431 1068
432 1067
433 1086
434 1078
435 1078
436 1095
437 1086
438 1080
439 1087
440 1107
441 1090
442 1091
443 1095
444 1108
445 1124
446 1096
447 1100
448 1116
449 1097
450 1097
451 1100
452 1112
453 1111
454 1122
455 1107
456 1126
457 1120
458 1117
459 1121
460 1131
461 1132
462 1127
463 1129
464 1131
465 1142
466 1141
467 1133
468 1135
469 1147
470 1163
471 1167
472 1176
473 1168
474 1177
475 1194
476 1190
477 1204
478 1212
479 1217
480 1195
481 1196
482 1213
483 1212
484 1198
485 1210
486 1214
487 1223
488 1228
489 1226
490 1224
491 1234
492 1236
493 1239
494 1241
495 1232
496 1233
497 1237
498 1244
499 1235
500 1243
501 1237
