0 0
1 9
2 28
3 14
4 22
5 20
6 25
7 42
8 39
9 54
10 66
11 40
12 57
13 49
14 53
15 58
16 67
17 52
18 69
19 67
20 54
21 62
22 58
23 67
24 72
25 84
26 67
27 87
28 81
29 97
30 68
31 79
32 71
33 81
34 91
35 71
36 82
37 81
38 88
39 87
40 92
41 85
42 92
43 94
44 99
45 95
46 106
47 110
48 118
49 113
50 118
51 123
52 127
53 132
54 129
55 138
56 140
57 147
58 137
59 138
60 152
61 160
62 149
63 143
64 155
65 144
66 150
67 144
68 146
69 159
70 160
71 159
72 172
73 164
74 174
75 184
76 176
77 176
78 177
79 179
80 188
81 199
82 190
83 199
84 201
85 196
86 213
87 210
88 213
89 223
90 204
91 208
92 223
93 227
94 215
95 209
96 217
97 226
98 224
99 218
100 224
101 238
102 235
103 229
104 239
105 225
106 243
107 235
108 244
109 257
110 241
111 251
112 245
113 248
114 256
115 254
116 260
117 279
118 288
119 291
120 310
121 307
122 291
123 299
124 316
125 296
126 299
127 299
128 303
129 316
130 312
131 315
132 312
133 323
134 323
135 338
136 355
137 340
138 359
139 374
140 346
141 359
142 354
143 348
144 354
145 358
146 365
147 367
148 362
149 381
150 371
151 389
152 375
153 390
154 392
155 381
156 391
157 395
158 398
159 409
160 392
161 395
162 407
163 406
164 405
165 422
166 435
167 422
168 420
169 434
170 450
171 421
172 427
173 426
174 433
175 446
176 433
177 442
178 436
179 443
180 441
181 451
182 441
183 456
184 452
185 462
186 444
187 457
188 474
189 445
190 453
191 463
192 462
193 464
194 468
195 467
196 474
197 480
198 476
199 488
200 504
201 477
202 486
203 490
204 497
205 478
206 496
207 498
208 480
209 485
210 486
211 497
212 497
213 500
214 504
215 502
216 512
217 516
218 519
219 522
220 530
221 515
222 520
223 517
224 537
225 521
226 522
227 526
228 528
229 529
230 533
231 527
232 530
233 531
234 544
235 551
236 533
237 545
238 535
239 550
240 549
241 558
242 572
243 580
244 584
245 598
246 585
247 602
248 590
249 594
250 606
251 611
252 606
253 626
254 622
255 636
256 645
257 642
258 647
259 655
260 657
261 674
262 662
263 673
264 666
265 669
266 678
267 693
268 698
269 708
270 671
271 683
272 676
273 677
274 681
275 688
276 693
277 698
278 705
279 711
280 700
281 719
282 704
283 705
284 719
285 713
286 727
287 729
288 736
289 742
290 731
291 742
292 759
293 744
294 750
295 751
296 756
297 753
298 756
299 773
300 752
301 753
302 767
303 753
304 769
305 765
306 756
307 759
308 771
309 759
310 766
311 776
312 761
313 764
314 775
315 786
316 766
317 775
318 793
319 794
320 781
321 785
322 800
323 795
324 788
325 802
326 807
327 806
328 789
329 804
330 793
331 808
332 809
333 805
334 806
335 825
336 811
337 822
338 812
339 816
340 829
341 833
342 831
343 822
344 835
345 837
346 857
347 846
348 860
349 863
350 860
351 854
352 854
353 855
354 863
355 873
356 874
357 873
358 856
359 873
360 863
361 864
362 857
363 860
364 871
365 884
366 900
367 875
368 893
369 892
370 903
371 897
372 885
373 904
374 911
375 893
376 895
377 899
378 907
379 901
380 906
381 902
382 912
383 913
384 921
385 903
386 917
387 905
388 923
389 916
390 920
391 919
392 916
393 922
394 919
395 936
396 955
397 970
398 926
399 930
400 932
401 943
402 934
403 943
404 936
405 954
406 944
407 954
408 958
409 967
410 979
411 961
412 973
413 966
414 977
415 973
416 976
417 978
418 972
419 974
420 981
421 988
422 984
423 998
424 992
425 1007
426 1005
427 997
428 1015
429 1009
430 1007
431 1026
432 1014
433 1031
434 1027
435 1032
436 1036
437 1023
438 1033
439 1032
440 1052
441 1042
442 1056
443 1051
444 1054
445 1066
446 1053
447 1062
448 1059
449 1068
450 1071
451 1067
452 1078
453 1082
454 1094
455 1068
456 1080
457 1083
458 1099
459 1098
460 1095
461 1115
462 1109
463 1111
464 1131
465 1151
466 1124
467 1141
468 1134
469 1148
470 1164
471 1138
472 1147
473 1148
474 1151
475 1164
476 1178
477 1157
478 1155
479 1159
480 1166
481 1174
482 1189
483 1192
484 1207
485 1208
486 1211
487 1218
488 1223
489 1233
490 1219
491 1224
492 1231
493 1220
494 1223
495 1222
496 1229
497 1229
498 1236
499 1231
500 1236
501 1237
