0 0
1 5
2 6
3 9
4 23
5 22
6 27
7 16
8 17
9 31
10 32
11 32
12 43
13 49
14 53
15 42
16 56
17 76
18 45
19 59
20 62
21 64
22 70
23 53
24 56
25 57
26 65
27 61
28 64
29 62
30 73
31 74
32 78
33 80
34 95
35 88
36 81
37 90
38 98
39 87
40 99
41 96
42 96
43 109
44 102
45 115
46 110
47 109
48 120
49 117
50 115
51 127
52 129
53 133
54 130
55 130
56 137
57 140
58 132
59 135
60 131
61 134
62 146
63 134
64 142
65 153
66 171
67 143
68 146
69 148
70 161
71 159
72 156
73 154
74 161
75 161
76 163
77 170
78 173
79 171
80 184
81 182
82 171
83 184
84 204
85 185
86 193
87 204
88 200
89 199
90 212
91 203
92 222
93 208
94 220
95 214
96 221
97 213
98 219
99 233
100 232
101 239
102 249
103 243
104 243
105 262
106 249
107 246
108 244
109 252
110 248
111 267
112 251
113 254
114 264
115 267
116 267
117 285
118 266
119 286
120 302
121 287
122 286
123 305
124 290
125 302
126 298
127 304
128 306
129 308
130 305
131 307
132 311
133 314
134 325
135 327
136 311
137 316
138 326
139 333
140 320
141 322
142 329
143 335
144 333
145 346
146 352
147 362
148 339
149 350
150 344
151 363
152 360
153 365
154 357
155 353
156 369
157 355
158 372
159 363
160 372
161 367
162 377
163 377
164 379
165 379
166 392
167 394
168 383
169 389
170 397
171 395
172 402
173 397
174 411
175 407
176 411
177 424
178 403
179 406
180 416
181 433
182 438
183 446
184 431
185 425
186 436
187 437
188 440
189 437
190 440
191 449
192 446
193 455
194 455
195 460
196 477
197 454
198 460
199 465
200 478
201 458
202 477
203 470
204 472
205 473
206 484
207 485
208 480
209 497
210 494
211 496
212 492
213 494
214 494
215 511
216 507
217 511
218 497
219 508
220 499
221 518
222 516
223 500
224 516
225 507
226 517
227 533
228 501
229 510
230 503
231 508
232 505
233 511
234 514
235 519
236 507
237 524
238 509
239 512
240 525
241 530
242 540
243 525
244 529
245 533
246 530
247 529
248 540
249 533
250 552
251 542
252 552
253 551
254 562
255 563
256 544
257 561
258 555
259 558
260 570
261 558
262 573
263 564
264 565
265 576
266 580
267 576
268 569
269 589
270 588
271 605
272 608
273 589
274 606
275 602
276 591
277 603
278 599
279 595
280 610
281 608
282 615
283 602
284 610
285 627
286 647
287 615
288 617
289 628
290 621
291 630
292 628
293 618
294 623
295 636
296 624
297 626
298 629
299 641
300 640
301 633
302 643
303 650
304 651
305 656
306 664
307 684
308 698
309 706
310 711
311 701
312 716
313 721
314 728
315 723
316 726
317 740
318 730
319 738
320 738
321 740
322 748
323 740
324 752
325 741
326 749
327 742
328 760
329 762
330 761
331 776
332 772
333 771
334 784
335 791
336 779
337 784
338 792
339 798
340 784
341 790
342 791
343 800
344 801
345 797
346 801
347 818
348 811
349 822
350 816
351 812
352 823
353 827
354 823
355 833
356 834
357 832
358 840
359 849
360 850
361 835
362 844
363 853
364 852
365 861
366 845
367 854
368 873
369 863
370 847
371 851
372 858
373 878
374 865
375 861
376 876
377 878
378 873
379 871
380 883
381 897
382 877
383 889
384 891
385 897
386 896
387 894
388 895
389 910
390 900
391 902
392 904
393 896
394 906
395 914
396 916
397 916
398 909
399 927
400 923
401 929
402 936
403 952
404 936
405 942
406 935
407 941
408 955
409 951
410 936
411 952
412 961
413 953
414 946
415 938
416 945
417 958
418 958
419 959
420 964
421 959
422 960
423 969
424 964
425 972
426 977
427 966
428 981
429 982
430 976
431 980
432 999
433 1018
434 993
435 1013
436 1014
437 1030
438 996
439 1012
440 1012
441 1011
442 1009
443 1026
444 1011
445 1026
446 1015
447 1020
448 1031
449 1047
450 1039
451 1033
452 1044
453 1041
454 1050
455 1045
456 1045
457 1052
458 1054
459 1055
460 1063
461 1069
462 1075
463 1063
464 1082
465 1079
466 1073
467 1087
468 1082
469 1089
470 1074
471 1090
472 1093
473 1077
474 1087
475 1106
476 1094
477 1093
478 1103
479 1094
480 1106
481 1097
482 1103
483 1117
484 1112
485 1118
486 1131
487 1144
488 1133
489 1146
490 1136
491 1138
492 1150
493 1144
494 1151
495 1150
496 1161
497 1151
498 1170
499 1157
500 1166
501 1163
