0 0
1 7
2 2
3 11
4 20
5 20
6 37
7 17
8 33
9 27
10 26
11 45
12 26
13 27
14 34
15 43
16 46
17 51
18 57
19 51
20 63
21 54
22 64
23 55
24 75
25 61
26 65
27 67
28 70
29 76
30 77
31 77
32 88
33 79
34 95
35 100
36 113
37 109
38 88
39 97
40 100
41 104
42 123
43 133
44 112
45 113
46 124
47 125
48 126
49 135
50 127
51 138
52 131
53 133
54 139
55 152
56 156
57 139
58 144
59 158
60 149
61 166
62 155
63 152
64 162
65 168
66 180
67 176
68 188
69 184
70 191
71 210
72 192
73 203
74 191
75 203
76 197
77 211
78 203
79 222
80 208
81 205
82 217
83 223
84 215
85 219
86 236
87 220
88 216
89 226
90 236
91 229
92 231
93 229
94 249
95 244
96 248
97 250
98 259
99 269
100 258
101 261
102 268
103 259
104 268
105 270
106 279
107 288
108 285
109 282
110 293
111 298
112 299
113 296
114 306
115 318
116 298
117 306
118 318
119 330
120 316
121 328
122 343
123 325
124 328
125 331
126 347
127 343
128 335
129 333
130 353
131 341
132 358
133 336
134 349
135 346
136 356
137 345
138 346
139 362
140 374
141 357
142 359
143 377
144 375
145 392
146 396
147 394
148 401
149 379
150 397
151 407
152 425
153 384
154 388
155 393
156 393
157 399
158 399
159 403
160 405
161 408
162 414
163 408
164 421
165 437
166 443
167 413
168 423
169 426
170 433
171 414
172 425
173 434
174 441
175 430
176 438
177 457
178 458
179 436
180 448
181 450
182 451
183 454
184 469
185 475
186 487
187 459
188 473
189 474
190 479
191 488
192 471
193 482
194 490
195 503
196 502
197 508
198 510
199 522
200 518
201 529
202 533
203 536
204 546
205 534
206 536
207 536
208 540
209 543
210 546
211 552
212 554
213 559
214 561
215 567
216 573
217 581
218 572
219 578
220 586
221 581
222 576
223 577
224 578
225 581
226 592
227 580
228 599
229 590
230 603
231 604
232 591
233 598
234 606
235 608
236 611
237 599
238 606
239 607
240 607
241 619
242 612
243 623
244 630
245 613
246 614
247 617
248 630
249 624
250 629
251 640
252 625
253 637
254 644
255 645
256 649
257 649
258 661
259 663
260 655
261 651
262 667
263 679
264 657
265 669
266 676
267 659
268 662
269 679
270 665
271 660
272 670
273 679
274 664
275 673
276 684
277 687
278 703
279 701
280 694
281 714
282 709
283 706
284 708
285 712
286 712
287 711
288 730
289 729
290 740
291 755
292 731
293 747
294 767
295 747
296 738
297 743
298 757
299 745
300 746
301 739
302 743
303 753
304 748
305 754
306 753
307 762
308 750
309 752
310 766
311 778
312 760
313 765
314 755
315 771
316 767
317 773
318 776
319 776
320 784
321 804
322 809
323 783
324 784
325 802
326 817
327 794
328 799
329 812
330 797
331 803
332 801
333 804
334 808
335 809
336 819
337 822
338 819
339 814
340 822
341 821
342 835
343 826
344 826
345 842
346 831
347 837
348 827
349 842
350 840
351 828
352 834
353 830
354 842
355 840
356 841
357 859
358 834
359 848
360 840
361 840
362 842
363 857
364 844
365 858
366 857
367 863
368 850
369 870
370 862
371 875
372 856
373 872
374 858
375 869
376 867
377 862
378 879
379 866
380 873
381 878
382 880
383 875
384 877
385 894
386 893
387 884
388 893
389 896
390 900
391 900
392 920
393 917
394 916
395 908
396 912
397 927
398 932
399 932
400 912
401 919
402 931
403 942
404 943
405 961
406 943
407 943
408 952
409 952
410 950
411 955
412 952
413 951
414 956
415 971
416 984
417 971
418 981
419 986
420 990
421 973
422 982
423 981
424 979
425 995
426 992
427 988
428 996
429 1008
430 994
431 1007
432 1009
433 1005
434 1008
435 1024
436 1019
437 1031
438 1036
439 1027
440 1029
441 1046
442 1042
443 1059
444 1049
445 1060
446 1055
447 1062
448 1059
449 1061
450 1063
451 1066
452 1066
453 1060
454 1068
455 1064
456 1071
457 1065
458 1076
459 1084
460 1088
461 1091
462 1093
463 1089
464 1099
465 1093
466 1103
467 1109
468 1123
469 1111
470 1131
471 1127
472 1129
473 1129
474 1135
475 1131
476 1143
477 1143
478 1132
479 1139
480 1146
481 1142
482 1143
483 1139
484 1145
485 1145
486 1147
487 1158
488 1157
489 1152
490 1160
491 1155
492 1168
493 1182
494 1159
495 1179
496 1172
497 1174
498 1175
499 1188
500 1190
501 1189
