0 0
1 4
2 22
3 31
4 18
5 8
6 18
7 23
8 32
9 26
10 32
11 43
12 43
13 56
14 38
15 50
16 39
17 49
18 51
19 52
20 54
21 52
22 58
23 68
24 77
25 57
26 59
27 74
28 69
29 63
30 70
31 79
32 72
33 68
34 81
35 74
36 80
37 77
38 91
39 90
40 94
41 101
42 112
43 121
44 133
45 118
46 129
47 131
48 134
49 120
50 121
51 123
52 124
53 138
54 135
55 136
56 139
57 138
58 138
59 148
60 144
61 142
62 147
63 158
64 153
65 164
66 154
67 161
68 161
69 171
70 191
71 209
72 181
73 191
74 192
75 202
76 182
77 192
78 197
79 190
80 206
81 202
82 210
83 203
84 209
85 220
86 221
87 220
88 222
89 232
90 230
91 233
92 240
93 227
94 239
95 232
96 238
97 249
98 239
99 237
100 256
101 254
102 251
103 263
104 251
105 271
106 286
107 262
108 258
109 278
110 269
111 271
112 287
113 286
114 289
115 274
116 292
117 281
118 292
119 298
120 291
121 301
122 319
123 327
124 328
125 336
126 328
127 333
128 353
129 362
130 347
131 367
132 371
133 388
134 358
135 361
136 359
137 375
138 369
139 374
140 370
141 386
142 376
143 382
144 382
145 386
146 381
147 399
148 397
149 408
150 426
151 437
152 413
153 423
154 426
155 415
156 433
157 426
158 430
159 422
160 425
161 437
162 457
163 437
164 443
165 443
166 448
167 454
168 453
169 459
170 471
171 483
172 466
173 486
174 476
175 472
176 487
177 478
178 479
179 490
180 481
181 492
182 496
183 488
184 500
185 489
186 509
187 502
188 494
189 510
190 493
191 502
192 503
193 506
194 504
195 510
196 506
197 519
198 522
199 530
200 515
201 521
202 537
203 534
204 539
205 525
206 542
207 531
208 533
209 544
210 538
211 548
212 539
213 542
214 543
215 547
216 544
217 552
218 553
219 544
220 561
221 568
222 549
223 553
224 565
225 558
226 561
227 561
228 562
229 571
230 585
231 581
232 588
233 595
234 596
235 598
236 606
237 612
238 631
239 615
240 631
241 630
242 633
243 640
244 640
245 652
246 651
247 658
248 663
249 680
250 671
251 676
252 690
253 689
254 690
255 696
256 679
257 690
258 696
259 688
260 698
261 707
262 710
263 725
264 722
265 724
266 739
267 737
268 754
269 736
270 738
271 737
272 741
273 740
274 748
275 745
276 751
277 743
278 751
279 762
280 748
281 756
282 753
283 757
284 776
285 762
286 766
287 765
288 782
289 781
290 798
291 780
292 800
293 791
294 787
295 784
296 794
297 806
298 808
299 796
300 807
301 800
302 819
303 815
304 797
305 805
306 825
307 808
308 824
309 802
310 820
311 822
312 831
313 815
314 827
315 834
316 831
317 828
318 833
319 837
320 839
321 857
322 839
323 852
324 856
325 858
326 866
327 850
328 853
329 865
330 861
331 863
332 876
333 873
334 890
335 887
336 897
337 898
338 906
339 897
340 913
341 910
342 913
343 910
344 921
345 927
346 944
347 923
348 917
349 931
350 925
351 918
352 929
353 936
354 924
355 927
356 931
357 932
358 945
359 937
360 947
361 944
362 960
363 968
364 948
365 963
366 969
367 958
368 968
369 953
370 972
371 985
372 970
373 985
374 982
375 985
376 974
377 981
378 976
379 983
380 985
381 998
382 1009
383 990
384 1003
385 1000
386 999
387 1015
388 1016
389 1023
390 1027
391 1037
392 1043
393 1024
394 1033
395 1036
396 1032
397 1033
398 1047
399 1047
400 1047
401 1042
402 1045
403 1047
404 1053
405 1047
406 1064
407 1064
408 1067
409 1067
410 1085
411 1083
412 1084
413 1085
414 1089
415 1093
416 1085
417 1096
418 1101
419 1098
420 1097
421 1116
422 1134
423 1116
424 1113
425 1118
426 1118
427 1136
428 1151
429 1123
430 1142
431 1138
432 1140
433 1160
434 1162
435 1180
436 1196
437 1161
438 1178
439 1165
440 1169
441 1173
442 1187
443 1187
444 1182
445 1186
446 1176
447 1189
448 1190
449 1181
450 1187
451 1197
452 1182
453 1194
454 1202
455 1194
456 1210
457 1198
458 1218
459 1237
460 1205
461 1210
462 1220
463 1221
464 1223
465 1226
466 1229
467 1238
468 1242
469 1254
470 1255
471 1237
472 1248
473 1243
474 1254
475 1252
476 1249
477 1253
478 1254
479 1267
480 1258
481 1272
482 1278
483 1277
484 1270
485 1278
486 1284
487 1288
488 1293
489 1290
490 1286
491 1289
492 1291
493 1291
494 1309
495 1292
496 1306
497 1297
498 1306
499 1306
500 1298
501 1303
