0 0
1 4
2 13
3 18
4 19
5 6
6 12
7 14
8 7
9 22
10 27
11 47
12 21
13 30
14 32
15 33
16 44
17 49
18 43
19 42
20 55
21 43
22 61
23 51
24 69
25 45
26 63
27 56
28 50
29 51
30 58
31 52
32 72
33 63
34 66
35 69
36 82
37 72
38 75
39 72
40 84
41 89
42 98
43 117
44 123
45 132
46 101
47 108
48 118
49 118
50 102
51 121
52 118
53 104
54 124
55 120
56 107
57 118
58 117
59 110
60 116
61 134
62 118
63 128
64 128
65 129
66 126
67 141
68 135
69 140
70 135
71 155
72 141
73 150
74 161
75 152
76 151
77 158
78 170
79 171
80 175
81 181
82 184
83 187
84 176
85 178
86 193
87 177
88 194
89 213
90 178
91 193
92 203
93 192
94 201
95 200
96 218
97 209
98 201
99 217
100 218
101 229
102 219
103 224
104 233
105 250
106 220
107 236
108 233
109 221
110 225
111 225
112 239
113 249
114 245
115 240
116 260
117 274
118 247
119 252
120 262
121 272
122 252
123 249
124 251
125 250
126 256
127 254
128 267
129 268
130 271
131 284
132 271
133 275
134 282
135 283
136 287
137 289
138 301
139 289
140 303
141 295
142 301
143 307
144 309
145 311
146 327
147 334
148 326
149 346
150 330
151 332
152 348
153 346
154 345
155 346
156 360
157 352
158 347
159 357
160 348
161 355
162 349
163 349
164 359
165 361
166 362
167 379
168 367
169 374
170 379
171 378
172 398
173 385
174 396
175 383
176 390
177 403
178 387
179 399
180 399
181 401
182 397
183 396
184 403
185 402
186 397
187 410
188 413
189 410
190 406
191 411
192 426
193 420
194 417
195 408
196 409
197 423
198 427
199 426
200 433
201 441
202 432
203 430
204 449
205 466
206 450
207 440
208 443
209 454
210 459
211 461
212 458
213 477
214 470
215 466
216 485
217 503
218 516
219 510
220 515
221 519
222 525
223 539
224 528
225 522
226 531
227 527
228 528
229 523
230 524
231 534
232 542
233 556
234 527
235 533
236 543
237 538
238 547
239 558
240 575
241 565
242 574
243 549
244 554
245 560
246 551
247 562
248 553
249 561
250 562
251 562
252 563
253 570
254 567
255 572
256 574
257 580
258 582
259 585
260 588
261 597
262 596
263 606
264 598
265 607
266 618
267 624
268 605
269 617
270 620
271 617
272 626
273 620
274 630
275 631
276 620
277 626
278 646
279 627
280 635
281 643
282 648
283 628
284 635
285 648
286 633
287 641
288 638
289 657
290 639
291 649
292 654
293 657
294 650
295 657
296 656
297 676
298 663
299 676
300 667
301 684
302 669
303 689
304 683
305 677
306 674
307 690
308 692
309 678
310 692
311 684
312 683
313 689
314 707
315 703
316 702
317 699
318 698
319 713
320 718
321 716
322 706
323 718
324 726
325 713
326 732
327 721
328 722
329 722
330 725
331 724
332 734
333 742
334 735
335 753
336 747
337 759
338 765
339 758
340 766
341 763
342 771
343 789
344 784
345 803
346 798
347 792
348 794
349 787
350 791
351 806
352 797
353 795
354 801
355 810
356 799
357 805
358 812
359 818
360 820
361 829
362 831
363 834
364 844
365 837
366 840
367 838
368 856
369 869
370 844
371 858
372 848
373 862
374 858
375 873
376 855
377 874
378 874
379 893
380 880
381 893
382 893
383 883
384 885
385 887
386 892
387 908
388 903
389 896
390 904
391 910
392 921
393 923
394 922
395 923
396 926
397 931
398 938
399 939
400 937
401 947
402 966
403 962
404 943
405 948
406 952
407 953
408 958
409 946
410 954
411 953
412 958
413 964
414 961
415 976
416 961
417 981
418 965
419 978
420 983
421 966
422 980
423 984
424 982
425 994
426 1002
427 982
428 992
429 995
430 1012
431 1006
432 984
433 1001
434 1005
435 985
436 992
437 993
438 1004
439 998
440 994
441 999
442 999
443 999
444 1000
445 1009
446 1018
447 1006
448 1011
449 1010
450 1029
451 1018
452 1034
453 1023
454 1032
455 1049
456 1042
457 1038
458 1045
459 1042
460 1040
461 1047
462 1055
463 1041
464 1050
465 1061
466 1058
467 1059
468 1067
469 1069
470 1068
471 1073
472 1077
473 1083
474 1091
475 1092
476 1096
477 1092
478 1109
479 1125
480 1109
481 1111
482 1119
483 1135
484 1122
485 1127
486 1130
487 1126
488 1145
489 1141
490 1151
491 1160
492 1138
493 1143
494 1157
495 1158
496 1158
497 1152
498 1162
499 1163
500 1169
501 1171
