0 0
1 9
2 10
3 22
4 18
5 14
6 11
7 25
8 18
9 31
10 23
11 35
12 25
13 30
14 36
15 39
16 32
17 39
18 50
19 68
20 66
21 68
22 50
23 53
24 66
25 68
26 67
27 84
28 100
29 78
30 86
31 79
32 86
33 88
34 99
35 104
36 96
37 116
38 103
39 103
40 114
41 130
42 128
43 106
44 125
45 144
46 157
47 122
48 131
49 129
50 136
51 144
52 126
53 132
54 143
55 127
56 129
57 146
58 145
59 156
60 168
61 164
62 177
63 154
64 159
65 171
66 161
67 164
68 180
69 170
70 176
71 173
72 186
73 191
74 197
75 206
76 193
77 198
78 199
79 208
80 213
81 225
82 199
83 208
84 220
85 219
86 219
87 219
88 238
89 244
90 226
91 232
92 241
93 231
94 233
95 244
96 247
97 235
98 240
99 243
100 260
101 252
102 258
103 253
104 272
105 290
106 269
107 273
108 256
109 259
110 265
111 270
112 285
113 288
114 299
115 310
116 304
117 301
118 311
119 304
120 302
121 314
122 322
123 315
124 333
125 316
126 329
127 327
128 343
129 331
130 333
131 345
132 350
133 357
134 348
135 364
136 368
137 353
138 369
139 373
140 361
141 362
142 362
143 375
144 385
145 367
146 378
147 364
148 383
149 381
150 392
151 399
152 411
153 410
154 389
155 398
156 397
157 394
158 401
159 419
160 419
161 415
162 431
163 420
164 433
165 428
166 430
167 439
168 434
169 434
170 448
171 434
172 452
173 444
174 451
175 452
176 462
177 447
178 456
179 456
180 473
181 454
182 458
183 458
184 464
185 462
186 466
187 480
188 469
189 469
190 489
191 486
192 475
193 472
194 492
195 477
196 497
197 517
198 502
199 522
200 516
201 499
202 507
203 508
204 509
205 525
206 507
207 514
208 524
209 544
210 562
211 561
212 518
213 522
214 531
215 531
216 543
217 538
218 535
219 538
220 543
221 550
222 551
223 560
224 546
225 549
226 555
227 563
228 550
229 560
230 554
231 566
232 566
233 567
234 586
235 585
236 589
237 600
238 595
239 606
240 615
241 622
242 617
243 625
244 624
245 635
246 623
247 628
248 632
249 625
250 628
251 632
252 638
253 642
254 633
255 634
256 643
257 651
258 642
259 648
260 666
261 645
262 647
263 661
264 654
265 656
266 660
267 671
268 657
269 668
270 673
271 680
272 676
273 671
274 685
275 690
276 679
277 680
278 689
279 686
280 689
281 682
282 696
283 697
284 704
285 702
286 707
287 711
288 708
289 723
290 739
291 712
292 726
293 730
294 728
295 725
296 741
297 735
298 726
299 728
300 737
301 751
302 736
303 751
304 738
305 742
306 755
307 751
308 746
309 752
310 759
311 760
312 763
313 762
314 782
315 764
316 772
317 769
318 768
319 779
320 781
321 779
322 791
323 809
324 794
325 799
326 784
327 787
328 795
329 793
330 790
331 790
332 793
333 802
334 805
335 795
336 810
337 813
338 821
339 802
340 804
341 811
342 820
343 805
344 806
345 817
346 823
347 807
348 810
349 819
350 810
351 827
352 822
353 824
354 821
355 830
356 831
357 834
358 850
359 835
360 841
361 847
362 854
363 846
364 857
365 858
366 866
367 869
368 867
369 870
370 874
371 872
372 877
373 887
374 885
375 887
376 883
377 887
378 903
379 889
380 907
381 888
382 902
383 906
384 912
385 931
386 907
387 926
388 944
389 964
390 914
391 918
392 935
393 920
394 938
395 929
396 932
397 931
398 934
399 939
400 947
401 954
402 967
403 953
404 960
405 969
406 975
407 988
408 995
409 999
410 1004
411 991
412 1010
413 993
414 1000
415 1000
416 1000
417 1015
418 1030
419 1004
420 1008
421 1014
422 1012
423 1027
424 1031
425 1036
426 1031
427 1032
428 1047
429 1048
430 1052
431 1052
432 1058
433 1065
434 1059
435 1070
436 1064
437 1078
438 1063
439 1083
440 1073
441 1086
442 1091
443 1078
444 1081
445 1095
446 1089
447 1096
448 1113
449 1082
450 1087
451 1083
452 1093
453 1085
454 1089
455 1096
456 1098
457 1103
458 1100
459 1113
460 1115
461 1113
462 1114
463 1125
464 1116
465 1115
466 1119
467 1126
468 1121
469 1124
470 1126
471 1145
472 1130
473 1134
474 1140
475 1145
476 1139
477 1148
478 1140
479 1159
480 1159
481 1166
482 1158
483 1172
484 1175
485 1172
486 1183
487 1176
488 1176
489 1190
490 1196
491 1207
492 1179
493 1180
494 1180
495 1194
496 1191
497 1185
498 1191
499 1186
500 1189
501 1203
