0 0
1 4
2 4
3 6
4 1
5 18
6 10
7 17
8 2
9 10
10 21
11 10
12 13
13 15
14 14
15 26
16 12
17 30
18 50
19 69
20 26
21 40
22 45
23 30
24 31
25 34
26 44
27 50
28 44
29 47
30 63
31 54
32 49
33 45
34 52
35 61
36 69
37 47
38 66
39 62
40 81
41 59
42 65
43 74
44 60
45 71
46 78
47 74
48 79
49 78
50 90
51 91
52 86
53 104
54 97
55 104
56 101
57 102
58 115
59 102
60 120
61 105
62 121
63 125
64 144
65 132
66 113
67 121
68 126
69 131
70 146
71 151
72 151
73 139
74 149
75 144
76 146
77 151
78 158
79 161
80 173
81 174
82 157
83 160
84 159
85 172
86 170
87 177
88 179
89 172
90 181
91 176
92 182
93 196
94 206
95 198
96 201
97 208
98 213
99 205
100 217
101 217
102 225
103 214
104 224
105 225
106 234
107 234
108 237
109 250
110 242
111 243
112 262
113 282
114 268
115 249
116 252
117 265
118 282
119 281
120 274
121 278
122 288
123 276
124 281
125 277
126 291
127 305
128 284
129 285
130 299
131 303
132 299
133 314
134 313
135 311
136 330
137 331
138 338
139 312
140 313
141 316
142 323
143 334
144 330
145 350
146 326
147 336
148 334
149 339
150 329
151 331
152 335
153 346
154 337
155 337
156 343
157 356
158 356
159 356
160 367
161 361
162 365
163 377
164 379
165 380
166 388
167 398
168 395
169 399
170 412
171 414
172 432
173 399
174 403
175 406
176 420
177 403
178 404
179 406
180 404
181 415
182 422
183 422
184 422
185 424
186 430
187 425
188 427
189 431
190 435
191 434
192 448
193 461
194 442
195 457
196 459
197 446
198 455
199 456
200 475
201 464
202 464
203 467
204 473
205 465
206 471
207 471
208 482
209 479
210 480
211 491
212 484
213 495
214 491
215 494
216 494
217 508
218 512
219 515
220 531
221 540
222 532
223 540
224 553
225 541
226 533
227 537
228 556
229 561
230 549
231 566
232 564
233 584
234 600
235 582
236 596
237 598
238 602
239 602
240 622
241 636
242 605
243 611
244 618
245 628
246 610
247 618
248 612
249 628
250 629
251 621
252 614
253 631
254 634
255 652
256 625
257 618
258 626
259 630
260 642
261 657
262 639
263 658
264 632
265 637
266 638
267 648
268 638
269 658
270 677
271 654
272 648
273 668
274 663
275 659
276 667
277 666
278 668
279 682
280 660
281 679
282 664
283 662
284 674
285 677
286 697
287 668
288 663
289 673
290 693
291 670
292 679
293 689
294 687
295 677
296 694
297 695
298 679
299 685
300 694
301 692
302 707
303 695
304 704
305 709
306 703
307 718
308 706
309 707
310 714
311 720
312 722
313 715
314 716
315 731
316 720
317 734
318 744
319 750
320 755
321 767
322 769
323 759
324 769
325 760
326 769
327 775
328 776
329 789
330 788
331 791
332 786
333 790
334 790
335 803
336 788
337 793
338 803
339 798
340 804
341 801
342 812
343 819
344 818
345 819
346 838
347 826
348 843
349 846
350 825
351 838
352 850
353 870
354 843
355 851
356 846
357 848
358 862
359 861
360 854
361 849
362 856
363 861
364 871
365 859
366 861
367 857
368 868
369 858
370 876
371 869
372 870
373 880
374 887
375 891
376 899
377 888
378 895
379 902
380 889
381 906
382 913
383 897
384 902
385 910
386 921
387 916
388 919
389 921
390 916
391 931
392 924
393 926
394 933
395 930
396 942
397 933
398 951
399 933
400 940
401 935
402 946
403 954
404 949
405 941
406 954
407 949
408 943
409 957
410 947
411 955
412 964
413 964
414 961
415 963
416 963
417 974
418 965
419 969
420 980
421 969
422 969
423 967
424 977
425 977
426 978
427 996
428 983
429 991
430 997
431 996
432 1008
433 1011
434 1025
435 1025
436 1041
437 1054
438 1050
439 1047
440 1062
441 1080
442 1069
443 1063
444 1080
445 1075
446 1078
447 1082
448 1077
449 1095
450 1091
451 1092
452 1109
453 1096
454 1102
455 1102
456 1113
457 1108
458 1109
459 1118
460 1115
461 1126
462 1137
463 1154
464 1162
465 1145
466 1128
467 1138
468 1145
469 1133
470 1140
471 1158
472 1152
473 1147
474 1149
475 1156
476 1155
477 1152
478 1156
479 1162
480 1154
481 1162
482 1170
483 1172
484 1175
485 1180
486 1194
487 1182
488 1193
489 1201
490 1200
491 1202
492 1204
493 1220
494 1214
495 1221
496 1211
497 1230
498 1228
499 1221
500 1223
501 1241
