0 0
1 1
2 20
3 20
4 35
5 9
6 24
7 27
8 10
9 25
10 19
11 24
12 26
13 44
14 52
15 21
16 24
17 28
18 34
19 33
20 52
21 42
22 52
23 56
24 38
25 48
26 51
27 57
28 45
29 53
30 52
31 54
32 61
33 63
34 67
35 78
36 77
37 75
38 69
39 88
40 73
41 80
42 71
43 75
44 93
45 110
46 76
47 78
48 86
49 101
50 84
51 86
52 102
53 114
54 103
55 111
56 122
57 115
58 132
59 117
60 112
61 117
62 125
63 124
64 133
65 146
66 141
67 133
68 137
69 141
70 137
71 142
72 153
73 162
74 142
75 147
76 155
77 161
78 150
79 159
80 160
81 158
82 164
83 166
84 166
85 169
86 170
87 173
88 171
89 172
90 174
91 175
92 187
93 187
94 181
95 186
96 184
97 182
98 201
99 193
100 206
101 209
102 209
103 224
104 197
105 199
106 218
107 205
108 219
109 221
110 215
111 235
112 221
113 222
114 225
115 225
116 231
117 247
118 225
119 243
120 236
121 249
122 237
123 240
124 251
125 257
126 238
127 240
128 244
129 259
130 270
131 282
132 250
133 264
134 253
135 260
136 263
137 257
138 265
139 275
140 268
141 271
142 264
143 266
144 267
145 279
146 273
147 278
148 280
149 275
150 279
151 283
152 290
153 295
154 303
155 301
156 312
157 303
158 310
159 312
160 328
161 334
162 304
163 305
164 315
165 321
166 305
167 320
168 316
169 325
170 324
171 328
172 332
173 334
174 338
175 340
176 345
177 346
178 338
179 355
180 368
181 353
182 348
183 350
184 368
185 354
186 361
187 369
188 381
189 371
190 383
191 377
192 385
193 378
194 391
195 379
196 383
197 380
198 379
199 397
200 384
201 400
202 417
203 402
204 419
205 418
206 430
207 448
208 413
209 415
210 425
211 429
212 432
213 436
214 456
215 440
216 439
217 447
218 451
219 448
220 466
221 446
222 461
223 463
224 460
225 474
226 478
227 478
228 489
229 469
230 477
231 479
232 473
233 474
234 474
235 476
236 487
237 494
238 503
239 499
240 509
241 513
242 506
243 520
244 520
245 514
246 526
247 515
248 527
249 518
250 526
251 532
252 538
253 528
254 529
255 543
256 536
257 538
258 544
259 554
260 546
261 543
262 548
263 544
264 559
265 548
266 559
267 564
268 564
269 584
270 572
271 581
272 586
273 595
274 573
275 591
276 578
277 578
278 597
279 592
280 610
281 594
282 604
283 611
284 610
285 608
286 621
287 612
288 610
289 620
290 625
291 623
292 633
293 613
294 614
295 633
296 621
297 629
298 627
299 630
300 639
301 644
302 644
303 640
304 650
305 651
306 645
307 649
308 650
309 664
310 669
311 668
312 680
313 691
314 691
315 683
316 696
317 696
318 716
319 689
320 703
321 692
322 702
323 707
324 698
325 700
326 714
327 716
328 728
329 722
330 740
331 722
332 725
333 729
334 735
335 727
336 742
337 742
338 739
339 735
340 741
341 743
342 763
343 778
344 782
345 767
346 774
347 782
348 772
349 783
350 774
351 784
352 781
353 778
354 797
355 785
356 796
357 815
358 798
359 802
360 804
361 819
362 815
363 819
364 826
365 827
366 820
367 833
368 821
369 833
370 826
371 840
372 832
373 834
374 847
375 839
376 843
377 841
378 856
379 852
380 845
381 850
382 860
383 870
384 852
385 871
386 864
387 878
388 861
389 879
390 874
391 871
392 882
393 868
394 871
395 887
396 891
397 890
398 874
399 887
400 889
401 877
402 883
403 882
404 890
405 891
406 903
407 921
408 910
409 892
410 898
411 898
412 903
413 914
414 919
415 926
416 901
417 913
418 909
419 921
420 912
421 931
422 921
423 916
424 930
425 929
426 935
427 949
428 934
429 931
430 942
431 943
432 936
433 941
434 950
435 943
436 949
437 959
438 979
439 954
440 962
441 974
442 955
443 962
444 971
445 972
446 958
447 962
448 971
449 976
450 960
451 960
452 970
453 964
454 981
455 980
456 981
457 994
458 969
459 982
460 985
461 985
462 987
463 992
464 990
465 1000
466 996
467 1004
468 1007
469 1005
470 1012
471 1012
472 1019
473 1024
474 1027
475 1031
476 1034
477 1050
478 1046
479 1036
480 1052
481 1053
482 1043
483 1039
484 1057
485 1059
486 1068
487 1058
488 1063
489 1078
490 1065
491 1076
492 1094
493 1091
494 1068
495 1081
496 1069
497 1074
498 1075
499 1070
500 1076
501 1071
