0 0
1 7
2 16
3 24
4 12
5 22
6 22
7 23
8 32
9 45
10 29
11 36
12 32
13 34
14 35
15 37
16 50
17 35
18 53
19 39
20 52
21 36
22 54
23 37
24 46
25 58
26 66
27 46
28 51
29 63
30 66
31 79
32 54
33 67
34 64
35 67
36 73
37 65
38 74
39 78
40 80
41 93
42 100
43 109
44 95
45 104
46 105
47 113
48 99
49 105
50 104
51 111
52 110
53 122
54 131
55 111
56 125
57 129
58 128
59 133
60 112
61 122
62 128
63 120
64 136
65 124
66 141
67 121
68 134
69 138
70 136
71 148
72 137
73 141
74 140
75 141
76 144
77 156
78 168
79 180
80 148
81 157
82 165
83 163
84 174
85 181
86 180
87 187
88 185
89 200
90 185
91 188
92 201
93 196
94 188
95 192
96 189
97 205
98 207
99 207
100 208
101 220
102 227
103 217
104 231
105 229
106 232
107 240
108 245
109 249
110 251
111 255
112 256
113 254
114 264
115 272
116 256
117 269
118 263
119 281
120 269
121 263
122 273
123 267
124 287
125 269
126 280
127 272
128 274
129 289
130 284
131 277
132 285
133 275
134 286
135 283
136 282
137 289
138 287
139 300
140 301
141 301
142 291
143 290
144 295
145 304
146 312
147 298
148 301
149 311
150 309
151 306
152 325
153 313
154 314
155 322
156 321
157 318
158 318
159 319
160 338
161 319
162 330
163 336
164 326
165 337
166 340
167 339
168 342
169 353
170 350
171 357
172 353
173 369
174 365
175 379
176 357
177 356
178 366
179 365
180 364
181 360
182 372
183 380
184 375
185 378
186 387
187 382
188 380
189 385
190 383
191 387
192 388
193 390
194 396
195 403
196 397
197 416
198 407
199 408
200 415
201 409
202 418
203 429
204 420
205 421
206 429
207 425
208 427
209 428
210 425
211 433
212 445
213 437
214 452
215 444
216 440
217 460
218 470
219 459
220 471
221 460
222 462
223 465
224 478
225 491
226 487
227 504
228 469
229 476
230 477
231 479
232 488
233 497
234 487
235 482
236 485
237 500
238 514
239 517
240 499
241 506
242 526
243 528
244 544
245 539
246 550
247 544
248 558
249 550
250 552
251 554
252 553
253 568
254 587
255 569
256 554
257 574
258 576
259 574
260 563
261 569
262 566
263 582
264 581
265 592
266 593
267 595
268 614
269 591
270 601
271 611
272 617
273 609
274 611
275 611
276 613
277 615
278 625
279 645
280 647
281 659
282 664
283 657
284 654
285 666
286 672
287 674
288 661
289 680
290 673
291 674
292 680
293 686
294 690
295 708
296 715
297 695
298 696
299 699
300 709
301 709
302 712
303 706
304 708
305 720
306 723
307 736
308 715
309 712
310 713
311 719
312 717
313 732
314 721
315 730
316 737
317 735
318 737
319 735
320 748
321 746
322 736
323 754
324 752
325 754
326 754
327 760
328 765
329 753
330 762
331 756
332 757
333 772
334 782
335 776
336 796
337 774
338 776
339 781
340 776
341 793
342 783
343 792
344 811
345 813
346 817
347 815
348 797
349 798
350 800
351 802
352 817
353 820
354 806
355 809
356 814
357 825
358 812
359 822
360 817
361 837
362 819
363 823
364 822
365 842
366 825
367 824
368 833
369 831
370 837
371 835
372 843
373 841
374 853
375 845
376 859
377 851
378 849
379 847
380 852
381 851
382 858
383 858
384 862
385 863
386 876
387 872
388 876
389 876
390 888
391 880
392 882
393 895
394 893
395 895
396 896
397 902
398 911
399 915
400 901
401 910
402 906
403 915
404 908
405 910
406 924
407 930
408 937
409 941
410 939
411 946
412 946
413 954
414 958
415 962
416 950
417 965
418 957
419 964
420 963
421 964
422 972
423 974
424 974
425 984
426 992
427 991
428 995
429 995
430 1011
431 1016
432 997
433 1016
434 1008
435 1024
436 1032
437 1038
438 1041
439 1035
440 1052
441 1048
442 1043
443 1053
444 1044
445 1057
446 1059
447 1052
448 1045
449 1054
450 1050
451 1063
452 1070
453 1072
454 1081
455 1056
456 1072
457 1075
458 1091
459 1092
460 1108
461 1127
462 1145
463 1100
464 1111
465 1102
466 1120
467 1118
468 1107
469 1127
470 1127
471 1118
472 1125
473 1120
474 1137
475 1134
476 1128
477 1130
478 1139
479 1131
480 1136
481 1142
482 1131
483 1142
484 1146
485 1132
486 1135
487 1148
488 1144
489 1138
490 1141
491 1142
492 1148
493 1149
494 1154
495 1166
496 1148
497 1149
498 1163
499 1163
500 1163
501 1180
