0 0
1 6
2 19
3 23
4 38
5 56
6 44
7 46
8 48
9 48
10 55
11 59
12 49
13 68
14 58
15 69
16 72
17 70
18 64
19 79
20 71
21 79
22 88
23 94
24 86
25 99
26 97
27 102
28 89
29 92
30 105
31 98
32 117
33 129
34 98
35 111
36 111
37 123
38 129
39 132
40 152
41 172
42 136
43 150
44 137
45 137
46 141
47 142
48 159
49 147
50 155
51 159
52 151
53 152
54 163
55 160
56 154
57 167
58 176
59 182
60 196
61 182
62 198
63 189
64 192
65 204
66 197
67 199
68 201
69 202
70 205
71 209
72 212
73 208
74 210
75 219
76 210
77 215
78 216
79 211
80 214
81 230
82 231
83 231
84 235
85 218
86 238
87 251
88 220
89 234
90 242
91 245
92 262
93 259
94 275
95 294
96 257
97 267
98 285
99 266
100 275
101 280
102 273
103 268
104 283
105 294
106 285
107 280
108 271
109 273
110 289
111 297
112 289
113 290
114 298
115 296
116 307
117 302
118 299
119 319
120 316
121 325
122 309
123 320
124 324
125 317
126 330
127 333
128 345
129 352
130 363
131 349
132 358
133 360
134 353
135 360
136 351
137 367
138 356
139 375
140 358
141 372
142 361
143 377
144 381
145 370
146 385
147 379
148 380
149 379
150 391
151 385
152 388
153 388
154 398
155 406
156 412
157 413
158 406
159 415
160 408
161 419
162 409
163 411
164 416
165 432
166 428
167 422
168 428
169 446
170 439
171 441
172 453
173 450
174 452
175 461
176 457
177 470
178 472
179 487
180 468
181 472
182 486
183 488
184 481
185 490
186 501
187 502
188 519
189 499
190 512
191 519
192 519
193 528
194 523
195 515
196 526
197 530
198 544
199 525
200 529
201 543
202 537
203 533
204 551
205 545
206 538
207 551
208 556
209 571
210 570
211 581
212 587
213 581
214 577
215 594
216 594
217 592
218 612
219 593
220 605
221 620
222 625
223 608
224 623
225 617
226 624
227 631
228 634
229 621
230 635
231 643
232 641
233 623
234 629
235 628
236 626
237 643
238 638
239 640
240 627
241 637
242 647
243 650
244 637
245 639
246 658
247 641
248 654
249 656
250 643
251 661
252 645
253 648
254 658
255 657
256 652
257 654
258 661
259 654
260 656
261 671
262 662
263 664
264 668
265 668
266 681
267 673
268 688
269 684
270 681
271 686
272 689
273 690
274 690
275 687
276 698
277 705
278 717
279 732
280 749
281 728
282 723
283 740
284 731
285 751
286 741
287 758
288 776
289 788
290 781
291 782
292 795
293 788
294 790
295 792
296 794
297 803
298 796
299 812
300 794
301 805
302 806
303 813
304 797
305 812
306 807
307 827
308 816
309 821
310 818
311 825
312 828
313 837
314 823
315 827
316 830
317 850
318 831
319 835
320 852
321 835
322 854
323 845
324 850
325 848
326 846
327 856
328 861
329 857
330 871
331 866
332 864
333 865
334 870
335 879
336 871
337 877
338 876
339 883
340 878
341 888
342 901
343 893
344 894
345 893
346 893
347 899
348 906
349 908
350 905
351 913
352 908
353 910
354 911
355 919
356 924
357 934
358 927
359 920
360 939
361 959
362 935
363 955
364 944
365 941
366 951
367 950
368 943
369 959
370 945
371 956
372 963
373 958
374 974
375 967
376 982
377 984
378 975
379 974
380 993
381 1005
382 988
383 976
384 984
385 983
386 993
387 998
388 1000
389 1007
390 1007
391 1013
392 1016
393 1017
394 1027
395 1033
396 1052
397 1038
398 1030
399 1047
400 1061
401 1042
402 1047
403 1055
404 1065
405 1063
406 1073
407 1066
408 1081
409 1100
410 1112
411 1107
412 1077
413 1081
414 1100
415 1080
416 1085
417 1087
418 1097
419 1115
420 1098
421 1118
422 1105
423 1116
424 1106
425 1107
426 1114
427 1115
428 1120
429 1111
430 1111
431 1115
432 1113
433 1117
434 1125
435 1116
436 1129
437 1124
438 1126
439 1125
440 1144
441 1137
442 1156
443 1127
444 1146
445 1128
446 1133
447 1144
448 1140
449 1142
450 1148
451 1160
452 1173
453 1156
454 1166
455 1164
456 1162
457 1168
458 1169
459 1181
460 1169
461 1182
462 1183
463 1179
464 1189
465 1188
466 1185
467 1205
468 1181
469 1189
470 1185
471 1188
472 1190
473 1197
474 1201
475 1202
476 1212
477 1193
478 1203
479 1212
480 1228
481 1239
482 1224
483 1225
484 1225
485 1229
486 1231
487 1234
488 1241
489 1232
490 1235
491 1240
492 1246
493 1245
494 1246
495 1248
496 1250
497 1255
498 1267
499 1251
500 1265
501 1275
