0 0
1 14
2 18
3 17
4 20
5 27
6 45
7 35
8 33
9 49
10 36
11 56
12 44
13 46
14 44
15 48
16 47
17 59
18 54
19 58
20 63
21 66
22 78
23 85
24 69
25 77
26 83
27 82
28 85
29 82
30 100
31 100
32 102
33 92
34 100
35 101
36 100
37 109
38 95
39 109
40 117
41 115
42 127
43 128
44 136
45 147
46 141
47 160
48 159
49 161
50 171
51 179
52 180
53 188
54 186
55 200
56 206
57 198
58 204
59 206
60 221
61 216
62 206
63 210
64 217
65 225
66 221
67 225
68 226
69 222
70 241
71 231
72 237
73 238
74 244
75 233
76 245
77 258
78 249
79 250
80 250
81 255
82 257
83 261
84 263
85 252
86 259
87 268
88 277
89 268
90 272
91 274
92 273
93 289
94 284
95 282
96 298
97 284
98 296
99 301
100 311
101 301
102 285
103 288
104 287
105 305
106 302
107 311
108 306
109 322
110 311
111 313
112 326
113 314
114 329
115 332
116 330
117 348
118 332
119 339
120 348
121 353
122 352
123 347
124 367
125 350
126 361
127 365
128 355
129 363
130 353
131 359
132 356
133 356
134 354
135 366
136 367
137 363
138 366
139 369
140 368
141 383
142 367
143 373
144 378
145 386
146 377
147 386
148 397
149 387
150 396
151 402
152 409
153 390
154 397
155 405
156 408
157 399
158 407
159 413
160 417
161 405
162 419
163 414
164 429
165 411
166 418
167 428
168 448
169 467
170 446
171 445
172 429
173 439
174 446
175 452
176 443
177 462
178 451
179 465
180 464
181 480
182 466
183 476
184 481
185 478
186 494
187 504
188 485
189 491
190 487
191 492
192 495
193 493
194 506
195 497
196 496
197 515
198 505
199 517
200 508
201 507
202 509
203 511
204 531
205 521
206 525
207 515
208 525
209 516
210 520
211 523
212 528
213 535
214 528
215 530
216 540
217 549
218 533
219 534
220 539
221 541
222 536
223 553
224 543
225 547
226 546
227 556
228 547
229 551
230 552
231 565
232 556
233 569
234 571
235 581
236 589
237 575
238 583
239 580
240 598
241 607
242 594
243 597
244 599
245 605
246 609
247 595
248 603
249 613
250 607
251 621
252 612
253 604
254 610
255 616
256 621
257 613
258 616
259 620
260 621
261 632
262 623
263 632
264 623
265 631
266 639
267 648
268 655
269 648
270 652
271 666
272 665
273 682
274 684
275 682
276 679
277 691
278 684
279 686
280 700
281 712
282 695
283 690
284 707
285 698
286 705
287 725
288 742
289 733
290 737
291 721
292 722
293 727
294 734
295 724
296 729
297 730
298 726
299 727
300 746
301 733
302 733
303 747
304 750
305 762
306 756
307 758
308 764
309 774
310 786
311 805
312 772
313 771
314 779
315 789
316 780
317 787
318 798
319 806
320 790
321 804
322 800
323 809
324 808
325 797
326 799
327 803
328 804
329 807
330 806
331 808
332 814
333 824
334 821
335 834
336 821
337 839
338 842
339 862
340 840
341 822
342 832
343 837
344 832
345 847
346 830
347 847
348 838
349 840
350 838
351 840
352 839
353 852
354 853
355 866
356 877
357 854
358 861
359 867
360 868
361 868
362 869
363 887
364 882
365 892
366 901
367 892
368 895
369 892
370 898
371 901
372 904
373 906
374 919
375 916
376 912
377 922
378 929
379 932
380 916
381 917
382 928
383 947
384 943
385 930
386 939
387 938
388 945
389 957
390 963
391 958
392 976
393 966
394 975
395 986
396 968
397 975
398 978
399 980
400 982
401 983
402 981
403 990
404 999
405 996
406 1002
407 1000
408 1010
409 1003
410 1017
411 1019
412 1011
413 1007
414 1020
415 1040
416 1045
417 1015
418 1035
419 1048
420 1040
421 1019
422 1024
423 1024
424 1039
425 1043
426 1059
427 1058
428 1049
429 1066
430 1048
431 1052
432 1058
433 1053
434 1058
435 1066
436 1058
437 1063
438 1071
439 1068
440 1074
441 1080
442 1080
443 1092
444 1100
445 1081
446 1086
447 1106
448 1097
449 1096
450 1091
451 1100
452 1105
453 1096
454 1106
455 1108
456 1100
457 1104
458 1117
459 1112
460 1119
461 1113
462 1113
463 1116
464 1119
465 1133
466 1128
467 1140
468 1126
469 1137
470 1133
471 1131
472 1145
473 1150
474 1149
475 1142
476 1132
477 1139
478 1139
479 1146
480 1146
481 1143
482 1153
483 1147
484 1146
485 1165
486 1145
487 1154
488 1150
489 1154
490 1152
491 1151
492 1158
493 1168
494 1159
495 1161
496 1180
497 1167
498 1178
499 1194
500 1195
501 1197
