0 0
1 14
2 15
3 13
4 10
5 22
6 28
7 20
8 29
9 30
10 25
11 26
12 35
13 27
14 42
15 28
16 32
17 49
18 30
19 50
20 42
21 45
22 40
23 56
24 46
25 56
26 66
27 62
28 74
29 50
30 69
31 65
32 85
33 53
34 56
35 63
36 63
37 66
38 63
39 76
40 94
41 82
42 72
43 83
44 76
45 80
46 86
47 80
48 82
49 92
50 89
51 93
52 91
53 95
54 104
55 102
56 111
57 110
58 118
59 115
60 134
61 140
62 138
63 146
64 131
65 135
66 136
67 138
68 144
69 141
70 143
71 149
72 156
73 157
74 158
75 169
76 165
77 169
78 158
79 175
80 160
81 177
82 189
83 163
84 180
85 175
86 179
87 166
88 179
89 176
90 188
91 168
92 176
93 175
94 188
95 176
96 179
97 180
98 187
99 186
100 181
101 193
102 194
103 203
104 195
105 185
106 202
107 197
108 187
109 191
110 202
111 190
112 205
113 199
114 207
115 212
116 206
117 210
118 226
119 226
120 212
121 217
122 228
123 228
124 247
125 247
126 224
127 240
128 235
129 228
130 231
131 242
132 232
133 249
134 251
135 266
136 257
137 258
138 275
139 261
140 267
141 258
142 278
143 272
144 261
145 278
146 272
147 268
148 274
149 282
150 283
151 297
152 275
153 290
154 279
155 293
156 287
157 289
158 291
159 292
160 293
161 310
162 298
163 299
164 298
165 313
166 329
167 308
168 313
169 299
170 309
171 305
172 308
173 317
174 321
175 319
176 317
177 322
178 335
179 324
180 344
181 325
182 336
183 330
184 331
185 338
186 339
187 336
188 347
189 356
190 358
191 344
192 363
193 351
194 353
195 353
196 357
197 359
198 367
199 363
200 379
201 377
202 377
203 371
204 364
205 374
206 367
207 376
208 384
209 379
210 377
211 392
212 389
213 381
214 399
215 396
216 395
217 397
218 412
219 404
220 412
221 414
222 420
223 422
224 436
225 422
226 423
227 439
228 452
229 434
230 450
231 437
232 438
233 439
234 441
235 459
236 451
237 454
238 461
239 453
240 456
241 471
242 470
243 458
244 468
245 474
246 460
247 478
248 468
249 464
250 470
251 482
252 481
253 483
254 470
255 487
256 503
257 491
258 496
259 501
260 499
261 494
262 504
263 512
264 496
265 510
266 515
267 505
268 514
269 520
270 539
271 507
272 515
273 519
274 516
275 520
276 531
277 518
278 522
279 533
280 523
281 540
282 559
283 540
284 530
285 548
286 538
287 531
288 542
289 537
290 554
291 544
292 550
293 562
294 570
295 555
296 562
297 568
298 563
299 573
300 575
301 575
302 584
303 584
304 593
305 587
306 585
307 600
308 589
309 605
310 591
311 592
312 609
313 600
314 612
315 600
316 611
317 617
318 602
319 607
320 610
321 615
322 620
323 616
324 623
325 619
326 633
327 637
328 624
329 621
330 622
331 622
332 638
333 639
334 641
335 647
336 636
337 639
338 641
339 653
340 659
341 650
342 669
343 662
344 659
345 675
346 664
347 671
348 660
349 662
350 672
351 673
352 676
353 685
354 681
355 689
356 696
357 697
358 697
359 692
360 708
361 703
362 706
363 716
364 712
365 722
366 718
367 722
368 727
369 736
370 740
371 760
372 756
373 737
374 740
375 740
376 753
377 756
378 758
379 757
380 758
381 765
382 767
383 768
384 782
385 777
386 766
387 784
388 773
389 793
390 773
391 779
392 787
393 784
394 776
395 791
396 808
397 795
398 792
399 804
400 793
401 812
402 806
403 818
404 806
405 798
406 814
407 812
408 804
409 814
410 807
411 809
412 817
413 824
414 816
415 821
416 811
417 828
418 820
419 819
420 827
421 826
422 832
423 836
424 841
425 846
426 858
427 858
428 878
429 848
430 853
431 861
432 861
433 874
434 878
435 877
436 893
437 881
438 897
439 911
440 898
441 882
442 886
443 900
444 890
445 893
446 906
447 900
448 920
449 919
450 910
451 915
452 918
453 915
454 926
455 918
456 924
457 935
458 930
459 934
460 942
461 939
462 936
463 945
464 948
465 954
466 942
467 956
468 955
469 968
470 959
471 979
472 974
473 979
474 984
475 990
476 993
477 975
478 981
479 999
480 991
481 984
482 998
483 997
484 987
485 989
486 1008
487 1013
488 993
489 1003
490 1001
491 1014
492 1003
493 1004
494 1015
495 1007
496 1020
497 1015
498 1022
499 1020
500 1024
501 1029
