0 0
1 20
2 39
3 25
4 27
5 43
6 35
7 27
8 33
9 42
10 30
11 47
12 32
13 48
14 35
15 49
16 49
17 62
18 56
19 62
20 66
21 70
22 86
23 91
24 103
25 86
26 90
27 96
28 90
29 104
30 117
31 91
32 101
33 97
34 105
35 98
36 116
37 103
38 108
39 99
40 105
41 110
42 117
43 107
44 117
45 114
46 125
47 126
48 127
49 118
50 122
51 125
52 145
53 145
54 131
55 140
56 139
57 146
58 140
59 144
60 159
61 170
62 162
63 145
64 162
65 167
66 150
67 148
68 157
69 158
70 160
71 166
72 166
73 164
74 165
75 166
76 182
77 176
78 193
79 199
80 176
81 183
82 186
83 205
84 178
85 197
86 197
87 180
88 184
89 193
90 183
91 198
92 216
93 206
94 200
95 190
96 193
97 209
98 204
99 197
100 199
101 208
102 201
103 208
104 203
105 203
106 217
107 209
108 213
109 214
110 226
111 225
112 220
113 226
114 235
115 240
116 229
117 245
118 235
119 237
120 241
121 256
122 246
123 255
124 250
125 267
126 277
127 281
128 258
129 257
130 268
131 275
132 283
133 287
134 297
135 315
136 325
137 321
138 323
139 341
140 330
141 343
142 341
143 326
144 346
145 343
146 335
147 343
148 350
149 341
150 347
151 349
152 351
153 350
154 362
155 352
156 358
157 362
158 372
159 372
160 360
161 366
162 370
163 374
164 375
165 384
166 385
167 379
168 381
169 389
170 390
171 404
172 399
173 418
174 411
175 416
176 413
177 429
178 424
179 433
180 415
181 428
182 423
183 438
184 426
185 441
186 428
187 443
188 455
189 443
190 438
191 443
192 462
193 439
194 449
195 454
196 459
197 469
198 474
199 469
200 486
201 461
202 464
203 471
204 462
205 469
206 472
207 471
208 477
209 474
210 480
211 489
212 494
213 485
214 490
215 500
216 516
217 524
218 507
219 504
220 504
221 513
222 522
223 510
224 521
225 515
226 525
227 539
228 546
229 562
230 554
231 559
232 569
233 561
234 578
235 578
236 569
237 563
238 570
239 565
240 577
241 571
242 566
243 569
244 568
245 572
246 575
247 579
248 594
249 584
250 582
251 592
252 585
253 585
254 600
255 593
256 604
257 601
258 598
259 599
260 609
261 623
262 610
263 606
264 626
265 609
266 609
267 610
268 615
269 623
270 620
271 629
272 642
273 633
274 625
275 644
276 640
277 641
278 646
279 631
280 641
281 639
282 655
283 634
284 641
285 638
286 647
287 648
288 655
289 658
290 668
291 662
292 671
293 670
294 675
295 669
296 678
297 698
298 672
299 684
300 680
301 678
302 697
303 689
304 686
305 695
306 681
307 682
308 695
309 707
310 702
311 704
312 712
313 707
314 722
315 726
316 711
317 713
318 715
319 726
320 732
321 747
322 743
323 739
324 743
325 756
326 754
327 759
328 759
329 766
330 758
331 759
332 769
333 772
334 765
335 776
336 782
337 770
338 780
339 798
340 783
341 790
342 797
343 793
344 791
345 797
346 808
347 792
348 804
349 800
350 808
351 798
352 800
353 805
354 809
355 824
356 838
357 804
358 823
359 816
360 835
361 805
362 810
363 825
364 807
365 813
366 832
367 826
368 830
369 830
370 844
371 850
372 833
373 845
374 848
375 853
376 858
377 848
378 858
379 849
380 854
381 860
382 877
383 865
384 872
385 876
386 873
387 875
388 893
389 907
390 892
391 894
392 899
393 902
394 906
395 895
396 903
397 913
398 896
399 903
400 909
401 922
402 908
403 904
404 908
405 912
406 912
407 913
408 913
409 917
410 925
411 928
412 929
413 930
414 933
415 936
416 945
417 945
418 950
419 945
420 946
421 953
422 962
423 959
424 960
425 966
426 983
427 979
428 985
429 999
430 989
431 1000
432 1011
433 1009
434 1011
435 1008
436 1021
437 1022
438 1035
439 1048
440 1027
441 1044
442 1033
443 1040
444 1040
445 1044
446 1051
447 1045
448 1054
449 1055
450 1058
451 1056
452 1064
453 1072
454 1064
455 1077
456 1094
457 1081
458 1066
459 1071
460 1072
461 1077
462 1074
463 1073
464 1090
465 1082
466 1092
467 1085
468 1105
469 1083
470 1097
471 1099
472 1109
473 1127
474 1101
475 1098
476 1107
477 1112
478 1111
479 1116
480 1115
481 1118
482 1131
483 1116
484 1118
485 1124
486 1124
487 1129
488 1136
489 1126
490 1134
491 1136
492 1136
493 1156
494 1174
495 1176
496 1184
497 1138
498 1148
499 1157
500 1163
501 1154
