0 0
1 18
2 11
3 13
4 32
5 28
6 29
7 46
8 59
9 65
10 72
11 62
12 78
13 83
14 97
15 97
16 66
17 78
18 82
19 74
20 85
21 92
22 92
23 94
24 114
25 108
26 105
27 120
28 129
29 108
30 113
31 121
32 126
33 142
34 124
35 131
36 130
37 129
38 132
39 133
40 139
41 139
42 152
43 141
44 135
45 152
46 170
47 151
48 156
49 160
50 164
51 170
52 170
53 163
54 168
55 165
56 184
57 180
58 169
59 172
60 180
61 184
62 174
63 191
64 176
65 180
66 179
67 184
68 184
69 203
70 188
71 204
72 203
73 206
74 197
75 207
76 201
77 203
78 209
79 218
80 221
81 212
82 218
83 225
84 230
85 227
86 219
87 230
88 226
89 238
90 234
91 240
92 232
93 237
94 245
95 244
96 245
97 258
98 259
99 248
100 253
101 266
102 273
103 264
104 277
105 270
106 279
107 282
108 285
109 282
110 295
111 284
112 301
113 288
114 296
115 287
116 296
117 305
118 312
119 316
120 320
121 323
122 333
123 321
124 334
125 329
126 332
127 348
128 354
129 340
130 338
131 355
132 354
133 373
134 347
135 365
136 369
137 362
138 351
139 370
140 370
141 368
142 388
143 358
144 370
145 367
146 362
147 382
148 368
149 365
150 372
151 385
152 388
153 367
154 369
155 372
156 370
157 376
158 385
159 387
160 402
161 380
162 393
163 383
164 385
165 389
166 398
167 384
168 387
169 401
170 396
171 389
172 392
173 392
174 403
175 410
176 413
177 418
178 415
179 432
180 420
181 431
182 443
183 424
184 434
185 440
186 437
187 447
188 450
189 470
190 489
191 454
192 459
193 473
194 469
195 473
196 480
197 469
198 485
199 484
200 480
201 494
202 488
203 499
204 506
205 508
206 494
207 505
208 508
209 508
210 505
211 512
212 514
213 520
214 517
215 526
216 520
217 525
218 528
219 539
220 557
221 570
222 566
223 584
224 558
225 564
226 577
227 562
228 579
229 582
230 567
231 582
232 579
233 592
234 608
235 595
236 604
237 606
238 621
239 606
240 607
241 614
242 617
243 623
244 621
245 639
246 636
247 645
248 656
249 650
250 651
251 657
252 661
253 666
254 670
255 673
256 672
257 674
258 684
259 676
260 688
261 679
262 697
263 690
264 685
265 687
266 693
267 690
268 705
269 692
270 705
271 694
272 711
273 724
274 720
275 708
276 723
277 714
278 719
279 712
280 714
281 723
282 730
283 732
284 738
285 741
286 744
287 764
288 755
289 756
290 775
291 752
292 755
293 763
294 771
295 766
296 777
297 765
298 779
299 783
300 792
301 776
302 781
303 781
304 788
305 788
306 778
307 796
308 780
309 792
310 797
311 815
312 790
313 784
314 796
315 793
316 794
317 801
318 811
319 811
320 807
321 827
322 847
323 818
324 833
325 826
326 832
327 837
328 827
329 844
330 841
331 855
332 868
333 877
334 858
335 849
336 855
337 859
338 861
339 868
340 868
341 863
342 876
343 877
344 878
345 894
346 885
347 894
348 910
349 887
350 905
351 900
352 906
353 920
354 923
355 912
356 918
357 923
358 930
359 923
360 932
361 937
362 934
363 933
364 949
365 941
366 934
367 935
368 935
369 953
370 951
371 938
372 954
373 947
374 947
375 958
376 950
377 952
378 954
379 964
380 971
381 961
382 969
383 963
384 973
385 963
386 972
387 973
388 964
389 981
390 981
391 967
392 979
393 975
394 976
395 977
396 977
397 983
398 996
399 996
400 996
401 1006
402 984
403 990
404 997
405 997
406 1014
407 1022
408 1032
409 1003
410 1019
411 1007
412 1004
413 1021
414 1018
415 1013
416 1018
417 1021
418 1030
419 1036
420 1049
421 1050
422 1060
423 1065
424 1053
425 1065
426 1067
427 1070
428 1069
429 1082
430 1083
431 1070
432 1075
433 1071
434 1080
435 1079
436 1090
437 1091
438 1097
439 1115
440 1102
441 1107
442 1106
443 1116
444 1113
445 1122
446 1113
447 1121
448 1122
449 1120
450 1121
451 1118
452 1132
453 1128
454 1120
455 1132
456 1133
457 1134
458 1145
459 1136
460 1140
461 1143
462 1137
463 1150
464 1143
465 1141
466 1148
467 1159
468 1147
469 1147
470 1154
471 1162
472 1151
473 1153
474 1154
475 1163
476 1156
477 1159
478 1158
479 1165
480 1174
481 1181
482 1194
483 1200
484 1198
485 1189
486 1209
487 1205
488 1195
489 1208
490 1202
491 1197
492 1213
493 1212
494 1218
495 1218
496 1226
497 1232
498 1248
499 1267
500 1246
501 1239
