0 0
1 5
2 23
3 20
4 20
5 37
6 15
7 31
8 22
9 17
10 27
11 37
12 38
13 34
14 51
15 46
16 56
17 49
18 47
19 64
20 53
21 61
22 58
23 58
24 71
25 65
26 68
27 63
28 77
29 76
30 71
31 83
32 70
33 79
34 89
35 84
36 84
37 92
38 95
39 96
40 97
41 104
42 111
43 111
44 115
45 114
46 127
47 112
48 115
49 118
50 129
51 134
52 126
53 127
54 126
55 133
56 141
57 134
58 152
59 163
60 152
61 168
62 168
63 156
64 175
65 169
66 176
67 175
68 179
69 184
70 177
71 192
72 189
73 192
74 189
75 206
76 210
77 223
78 217
79 222
80 232
81 224
82 243
83 261
84 230
85 232
86 249
87 238
88 241
89 261
90 263
91 278
92 277
93 267
94 270
95 276
96 273
97 274
98 278
99 286
100 284
101 297
102 292
103 297
104 293
105 309
106 300
107 299
108 304
109 314
110 317
111 333
112 325
113 323
114 331
115 333
116 345
117 341
118 342
119 360
120 358
121 350
122 365
123 359
124 367
125 354
126 361
127 359
128 361
129 362
130 366
131 378
132 371
133 372
134 378
135 371
136 386
137 378
138 384
139 395
140 401
141 402
142 405
143 409
144 415
145 423
146 420
147 440
148 414
149 428
150 426
151 429
152 433
153 434
154 451
155 451
156 463
157 465
158 454
159 472
160 457
161 471
162 458
163 478
164 474
165 491
166 485
167 501
168 494
169 497
170 513
171 502
172 508
173 520
174 511
175 510
176 506
177 521
178 508
179 518
180 524
181 533
182 529
183 525
184 525
185 539
186 528
187 543
188 547
189 532
190 542
191 540
192 550
193 552
194 553
195 560
196 571
197 561
198 568
199 558
200 577
201 576
202 586
203 579
204 597
205 580
206 582
207 599
208 584
209 589
210 582
211 595
212 595
213 604
214 611
215 600
216 600
217 606
218 610
219 620
220 603
221 612
222 616
223 620
224 606
225 623
226 611
227 625
228 630
229 627
230 622
231 638
232 631
233 636
234 631
235 628
236 632
237 644
238 655
239 642
240 645
241 656
242 656
243 663
244 670
245 667
246 673
247 669
248 670
249 684
250 683
251 674
252 681
253 680
254 693
255 684
256 695
257 687
258 689
259 695
260 705
261 691
262 701
263 703
264 713
265 724
266 729
267 741
268 761
269 743
270 755
271 758
272 773
273 762
274 762
275 764
276 769
277 787
278 779
279 792
280 798
281 801
282 802
283 807
284 823
285 808
286 826
287 821
288 830
289 825
290 811
291 831
292 843
293 812
294 829
295 813
296 813
297 830
298 817
299 827
300 836
301 829
302 837
303 834
304 838
305 854
306 862
307 835
308 837
309 855
310 840
311 837
312 842
313 838
314 840
315 848
316 861
317 850
318 850
319 864
320 862
321 859
322 866
323 868
324 863
325 871
326 875
327 864
328 874
329 874
330 867
331 878
332 869
333 887
334 887
335 904
336 904
337 904
338 915
339 907
340 919
341 933
342 921
343 915
344 917
345 933
346 926
347 918
348 926
349 927
350 937
351 927
352 924
353 925
354 935
355 932
356 939
357 941
358 960
359 945
360 950
361 954
362 957
363 959
364 968
365 977
366 973
367 975
368 967
369 976
370 976
371 985
372 987
373 1004
374 983
375 987
376 985
377 990
378 1000
379 1018
380 987
381 1004
382 1003
383 1008
384 988
385 989
386 999
387 1009
388 997
389 1008
390 1022
391 1006
392 1008
393 1023
394 1010
395 1010
396 1017
397 1027
398 1025
399 1035
400 1042
401 1052
402 1038
403 1057
404 1044
405 1058
406 1039
407 1056
408 1060
409 1060
410 1076
411 1059
412 1070
413 1090
414 1069
415 1084
416 1079
417 1073
418 1083
419 1086
420 1100
421 1110
422 1128
423 1129
424 1106
425 1123
426 1123
427 1124
428 1117
429 1126
430 1136
431 1131
432 1149
433 1138
434 1140
435 1148
436 1154
437 1165
438 1151
439 1152
440 1169
441 1155
442 1167
443 1152
444 1170
445 1162
446 1161
447 1180
448 1169
449 1177
450 1167
451 1166
452 1173
453 1186
454 1184
455 1176
456 1196
457 1174
458 1187
459 1191
460 1194
461 1196
462 1195
463 1195
464 1212
465 1219
466 1214
467 1197
468 1209
469 1210
470 1224
471 1210
472 1215
473 1229
474 1213
475 1222
476 1237
477 1217
478 1217
479 1229
480 1221
481 1223
482 1228
483 1231
484 1245
485 1223
486 1239
487 1242
488 1238
489 1255
490 1255
491 1264
492 1248
493 1262
494 1267
495 1261
496 1258
497 1258
498 1265
499 1278
500 1284
501 1297
