0 0
1 19
2 32
3 39
4 42
5 58
6 67
7 76
8 84
9 90
10 87
11 87
12 96
13 97
14 95
15 103
16 99
17 100
18 116
19 108
20 121
21 123
22 132
23 139
24 138
25 149
26 156
27 152
28 164
29 159
30 179
31 168
32 183
33 174
34 174
35 176
36 186
37 177
38 177
39 186
40 198
41 186
42 196
43 194
44 197
45 205
46 207
47 206
48 202
49 204
50 210
51 211
52 229
53 221
54 207
55 218
56 221
57 219
58 217
59 224
60 222
61 237
62 227
63 241
64 237
65 239
66 237
67 247
68 242
69 255
70 252
71 260
72 266
73 271
74 260
75 271
76 273
77 274
78 277
79 288
80 289
81 302
82 290
83 299
84 295
85 299
86 305
87 313
88 309
89 315
90 310
91 324
92 334
93 320
94 340
95 349
96 352
97 355
98 354
99 364
100 381
101 354
102 359
103 362
104 372
105 379
106 372
107 377
108 373
109 380
110 373
111 382
112 392
113 375
114 394
115 380
116 377
117 389
118 403
119 396
120 412
121 423
122 394
123 408
124 404
125 405
126 419
127 409
128 411
129 425
130 435
131 447
132 442
133 441
134 442
135 452
136 452
137 455
138 463
139 451
140 467
141 456
142 463
143 469
144 468
145 461
146 479
147 481
148 498
149 485
150 491
151 502
152 511
153 525
154 509
155 513
156 521
157 537
158 531
159 546
160 551
161 544
162 551
163 568
164 560
165 562
166 550
167 566
168 558
169 561
170 561
171 578
172 562
173 580
174 569
175 589
176 573
177 582
178 570
179 577
180 586
181 606
182 605
183 575
184 583
185 592
186 598
187 588
188 601
189 600
190 614
191 614
192 615
193 616
194 623
195 622
196 618
197 636
198 633
199 638
200 626
201 646
202 640
203 654
204 657
205 672
206 656
207 662
208 666
209 665
210 674
211 666
212 671
213 677
214 694
215 684
216 689
217 683
218 700
219 700
220 704
221 713
222 694
223 697
224 706
225 708
226 718
227 718
228 719
229 724
230 728
231 721
232 740
233 741
234 723
235 736
236 743
237 741
238 750
239 764
240 783
241 796
242 767
243 776
244 783
245 785
246 774
247 792
248 776
249 788
250 793
251 781
252 787
253 796
254 789
255 789
256 792
257 795
258 802
259 809
260 797
261 813
262 832
263 804
264 813
265 820
266 824
267 818
268 828
269 834
270 831
271 828
272 824
273 843
274 826
275 838
276 832
277 839
278 840
279 842
280 845
281 853
282 857
283 854
284 853
285 869
286 883
287 867
288 861
289 867
290 869
291 879
292 892
293 881
294 897
295 878
296 883
297 903
298 887
299 890
300 880
301 897
302 889
303 883
304 891
305 891
306 894
307 899
308 896
309 899
310 909
311 917
312 899
313 904
314 910
315 910
316 920
317 919
318 930
319 938
320 934
321 936
322 950
323 953
324 949
325 961
326 955
327 957
328 964
329 968
330 974
331 960
332 961
333 976
334 972
335 961
336 965
337 982
338 982
339 977
340 997
341 974
342 979
343 992
344 989
345 980
346 990
347 990
348 1002
349 996
350 1016
351 997
352 1002
353 1013
354 1013
355 1031
356 1029
357 1039
358 1031
359 1018
360 1024
361 1020
362 1023
363 1027
364 1029
365 1034
366 1035
367 1047
368 1059
369 1073
370 1067
371 1077
372 1051
373 1057
374 1065
375 1058
376 1053
377 1056
378 1059
379 1061
380 1070
381 1063
382 1068
383 1078
384 1075
385 1094
386 1084
387 1091
388 1103
389 1114
390 1129
391 1115
392 1121
393 1123
394 1128
395 1142
396 1137
397 1127
398 1138
399 1158
400 1145
401 1163
402 1142
403 1155
404 1156
405 1157
406 1166
407 1169
408 1178
409 1163
410 1176
411 1179
412 1196
413 1178
414 1182
415 1183
416 1191
417 1191
418 1210
419 1219
420 1204
421 1216
422 1221
423 1233
424 1250
425 1210
426 1230
427 1214
428 1218
429 1220
430 1222
431 1233
432 1248
433 1228
434 1232
435 1238
436 1239
437 1252
438 1237
439 1241
440 1261
441 1272
442 1272
443 1244
444 1262
445 1248
446 1257
447 1264
448 1260
449 1268
450 1269
451 1270
452 1271
453 1283
454 1285
455 1299
456 1282
457 1291
458 1283
459 1300
460 1313
461 1303
462 1284
463 1300
464 1302
465 1302
466 1308
467 1311
468 1321
469 1324
470 1315
471 1314
472 1326
473 1344
474 1358
475 1362
476 1368
477 1353
478 1359
479 1367
480 1369
481 1373
482 1361
483 1367
484 1371
485 1381
486 1371
487 1380
488 1390
489 1394
490 1394
491 1396
492 1385
493 1390
494 1392
495 1393
496 1389
497 1394
498 1407
499 1402
500 1402
501 1418
