0 0
1 10
2 14
3 8
4 15
5 27
6 19
7 38
8 28
9 27
10 33
11 37
12 31
13 45
14 50
15 63
16 70
17 37
18 41
19 55
20 49
21 62
22 50
23 62
24 65
25 57
26 62
27 64
28 64
29 84
30 66
31 80
32 65
33 84
34 73
35 69
36 78
37 81
38 89
39 82
40 77
41 96
42 93
43 94
44 111
45 107
46 101
47 111
48 105
49 110
50 122
51 120
52 125
53 130
54 130
55 133
56 132
57 134
58 146
59 150
60 153
61 156
62 158
63 149
64 166
65 172
66 182
67 176
68 185
69 194
70 188
71 203
72 183
73 198
74 186
75 191
76 190
77 192
78 191
79 196
80 215
81 211
82 202
83 215
84 210
85 211
86 217
87 219
88 237
89 220
90 238
91 224
92 222
93 229
94 226
95 236
96 238
97 252
98 227
99 242
100 240
101 249
102 244
103 244
104 257
105 269
106 272
107 260
108 266
109 279
110 264
111 280
112 279
113 287
114 298
115 289
116 291
117 305
118 323
119 298
120 304
121 315
122 322
123 314
124 320
125 330
126 340
127 330
128 337
129 340
130 346
131 349
132 347
133 350
134 361
135 352
136 366
137 359
138 364
139 379
140 370
141 379
142 374
143 383
144 379
145 399
146 375
147 389
148 382
149 385
150 378
151 381
152 390
153 379
154 389
155 392
156 390
157 395
158 401
159 398
160 396
161 413
162 416
163 431
164 420
165 424
166 426
167 436
168 433
169 439
170 456
171 466
172 444
173 454
174 450
175 467
176 448
177 449
178 457
179 452
180 461
181 475
182 470
183 453
184 470
185 472
186 473
187 483
188 492
189 487
190 498
191 506
192 495
193 498
194 499
195 502
196 514
197 506
198 517
199 531
200 545
201 548
202 532
203 534
204 546
205 545
206 543
207 547
208 549
209 545
210 560
211 550
212 570
213 590
214 559
215 552
216 570
217 584
218 589
219 604
220 589
221 585
222 595
223 590
224 603
225 603
226 613
227 604
228 622
229 609
230 615
231 623
232 626
233 617
234 627
235 631
236 637
237 643
238 643
239 651
240 643
241 663
242 646
243 653
244 645
245 657
246 669
247 662
248 677
249 670
250 671
251 687
252 677
253 696
254 691
255 686
256 684
257 688
258 689
259 689
260 699
261 696
262 708
263 690
264 692
265 698
266 705
267 713
268 701
269 700
270 711
271 716
272 713
273 732
274 723
275 725
276 720
277 732
278 740
279 736
280 731
281 744
282 734
283 735
284 739
285 751
286 759
287 755
288 756
289 775
290 773
291 766
292 768
293 786
294 796
295 814
296 771
297 775
298 784
299 788
300 803
301 812
302 792
303 806
304 806
305 811
306 815
307 814
308 826
309 835
310 848
311 836
312 825
313 826
314 839
315 831
316 833
317 849
318 869
319 838
320 839
321 853
322 843
323 839
324 848
325 865
326 853
327 855
328 868
329 853
330 854
331 874
332 859
333 873
334 860
335 871
336 882
337 886
338 876
339 861
340 862
341 871
342 866
343 870
344 873
345 885
346 881
347 881
348 883
349 876
350 885
351 877
352 890
353 887
354 886
355 901
356 906
357 906
358 889
359 890
360 903
361 917
362 896
363 900
364 916
365 916
366 898
367 908
368 917
369 932
370 934
371 912
372 922
373 920
374 940
375 926
376 932
377 952
378 929
379 940
380 929
381 933
382 941
383 941
384 959
385 961
386 948
387 953
388 950
389 965
390 968
391 965
392 982
393 969
394 967
395 977
396 971
397 969
398 989
399 985
400 972
401 978
402 992
403 1003
404 990
405 993
406 984
407 995
408 1000
409 991
410 992
411 994
412 994
413 1006
414 1004
415 1007
416 999
417 1008
418 1005
419 1019
420 1017
421 1001
422 1005
423 1012
424 1021
425 1004
426 1015
427 1013
428 1016
429 1010
430 1021
431 1022
432 1012
433 1017
434 1017
435 1015
436 1032
437 1050
438 1060
439 1052
440 1055
441 1054
442 1065
443 1074
444 1068
445 1074
446 1078
447 1091
448 1108
449 1112
450 1089
451 1099
452 1104
453 1104
454 1113
455 1100
456 1118
457 1107
458 1101
459 1120
460 1117
461 1126
462 1133
463 1125
464 1134
465 1138
466 1127
467 1132
468 1142
469 1129
470 1141
471 1139
472 1142
473 1135
474 1137
475 1152
476 1152
477 1143
478 1161
479 1155
480 1147
481 1154
482 1157
483 1172
484 1158
485 1176
486 1164
487 1183
488 1174
489 1171
490 1165
491 1180
492 1194
493 1175
494 1180
495 1190
496 1183
497 1195
498 1201
499 1196
500 1211
501 1201
