0 0
1 15
2 12
3 24
4 14
5 16
6 31
7 17
8 18
9 30
10 44
11 52
12 59
13 48
14 58
15 73
16 60
17 59
18 72
19 67
20 80
21 70
22 70
23 76
24 79
25 78
26 95
27 96
28 105
29 105
30 116
31 109
32 110
33 122
34 128
35 127
36 133
37 144
38 149
39 145
40 148
41 147
42 152
43 160
44 161
45 177
46 181
47 161
48 165
49 168
50 163
51 182
52 183
53 194
54 197
55 183
56 190
57 189
58 201
59 198
60 208
61 228
62 209
63 225
64 243
65 220
66 219
67 234
68 237
69 229
70 242
71 242
72 248
73 258
74 246
75 261
76 266
77 283
78 280
79 262
80 272
81 281
82 276
83 292
84 292
85 308
86 302
87 284
88 289
89 294
90 296
91 295
92 297
93 303
94 307
95 307
96 312
97 308
98 315
99 314
100 331
101 341
102 340
103 316
104 319
105 321
106 335
107 332
108 336
109 351
110 353
111 341
112 344
113 346
114 343
115 355
116 368
117 359
118 357
119 364
120 360
121 370
122 365
123 379
124 377
125 383
126 389
127 379
128 391
129 389
130 400
131 386
132 392
133 400
134 387
135 389
136 392
137 389
138 400
139 402
140 406
141 396
142 398
143 402
144 407
145 411
146 412
147 425
148 408
149 412
150 423
151 431
152 421
153 437
154 427
155 435
156 428
157 446
158 443
159 441
160 458
161 444
162 446
163 443
164 460
165 449
166 453
167 457
168 466
169 460
170 450
171 456
172 452
173 462
174 460
175 468
176 477
177 479
178 488
179 472
180 484
181 487
182 507
183 499
184 509
185 512
186 527
187 537
188 525
189 536
190 529
191 539
192 533
193 544
194 544
195 547
196 540
197 557
198 560
199 569
200 561
201 568
202 573
203 578
204 569
205 585
206 584
207 571
208 583
209 583
210 584
211 594
212 601
213 601
214 607
215 596
216 599
217 601
218 602
219 615
220 602
221 610
222 612
223 625
224 612
225 631
226 627
227 629
228 631
229 639
230 646
231 640
232 645
233 642
234 646
235 655
236 660
237 649
238 658
239 663
240 662
241 666
242 668
243 662
244 680
245 667
246 671
247 687
248 693
249 678
250 687
251 689
252 689
253 692
254 711
255 724
256 708
257 719
258 739
259 747
260 738
261 744
262 756
263 740
264 751
265 747
266 754
267 766
268 765
269 758
270 765
271 764
272 771
273 771
274 784
275 766
276 786
277 785
278 775
279 781
280 787
281 779
282 780
283 795
284 809
285 780
286 794
287 783
288 798
289 801
290 814
291 801
292 818
293 805
294 806
295 815
296 808
297 824
298 815
299 826
300 824
301 825
302 837
303 826
304 840
305 827
306 831
307 834
308 828
309 833
310 829
311 847
312 841
313 842
314 846
315 844
316 848
317 864
318 881
319 847
320 867
321 864
322 852
323 861
324 875
325 879
326 866
327 863
328 874
329 868
330 871
331 869
332 865
333 873
334 866
335 882
336 868
337 879
338 885
339 882
340 889
341 903
342 916
343 929
344 935
345 922
346 936
347 942
348 923
349 937
350 931
351 935
352 948
353 947
354 945
355 958
356 958
357 952
358 948
359 946
360 950
361 949
362 960
363 966
364 977
365 987
366 992
367 979
368 994
369 982
370 998
371 998
372 1006
373 1017
374 996
375 1008
376 1021
377 1010
378 1015
379 1026
380 1031
381 1035
382 1044
383 1042
384 1062
385 1045
386 1061
387 1058
388 1052
389 1064
390 1068
391 1061
392 1066
393 1079
394 1076
395 1081
396 1073
397 1078
398 1087
399 1084
400 1088
401 1089
402 1092
403 1093
404 1085
405 1089
406 1089
407 1094
408 1094
409 1107
410 1121
411 1137
412 1112
413 1112
414 1126
415 1115
416 1126
417 1131
418 1137
419 1122
420 1129
421 1149
422 1140
423 1141
424 1138
425 1144
426 1154
427 1160
428 1167
429 1168
430 1155
431 1171
432 1156
433 1175
434 1161
435 1180
436 1170
437 1186
438 1185
439 1197
440 1197
441 1202
442 1202
443 1198
444 1204
445 1209
446 1229
447 1210
448 1224
449 1214
450 1211
451 1228
452 1228
453 1240
454 1228
455 1222
456 1226
457 1246
458 1259
459 1252
460 1231
461 1245
462 1236
463 1255
464 1246
465 1256
466 1264
467 1276
468 1279
469 1292
470 1270
471 1274
472 1287
473 1282
474 1274
475 1281
476 1282
477 1294
478 1296
479 1286
480 1292
481 1310
482 1303
483 1294
484 1300
485 1314
486 1305
487 1320
488 1331
489 1329
490 1339
491 1333
492 1332
493 1336
494 1348
495 1355
496 1343
497 1356
498 1340
499 1354
500 1356
501 1368
