0 0
1 3
2 4
3 9
4 23
5 22
6 18
7 6
8 15
9 33
10 21
11 28
12 33
13 38
14 34
15 48
16 45
17 46
18 36
19 43
20 61
21 74
22 51
23 63
24 55
25 64
26 68
27 73
28 84
29 60
30 78
31 76
32 80
33 78
34 92
35 106
36 88
37 82
38 101
39 94
40 110
41 84
42 99
43 101
44 91
45 96
46 93
47 99
48 103
49 113
50 106
51 111
52 118
53 114
54 115
55 126
56 118
57 138
58 122
59 127
60 134
61 145
62 135
63 142
64 154
65 148
66 161
67 158
68 166
69 178
70 177
71 191
72 195
73 182
74 199
75 178
76 184
77 185
78 198
79 199
80 200
81 199
82 186
83 190
84 204
85 200
86 212
87 208
88 218
89 215
90 223
91 225
92 227
93 241
94 240
95 246
96 239
97 253
98 258
99 269
100 259
101 271
102 278
103 269
104 272
105 280
106 287
107 274
108 281
109 294
110 294
111 311
112 320
113 301
114 319
115 313
116 305
117 324
118 313
119 329
120 332
121 314
122 326
123 332
124 327
125 340
126 331
127 337
128 337
129 334
130 353
131 335
132 343
133 342
134 338
135 338
136 341
137 342
138 354
139 350
140 360
141 359
142 354
143 355
144 365
145 369
146 369
147 382
148 377
149 372
150 373
151 377
152 385
153 383
154 376
155 388
156 387
157 391
158 396
159 392
160 395
161 410
162 399
163 406
164 412
165 412
166 432
167 407
168 421
169 424
170 425
171 426
172 441
173 438
174 458
175 447
176 465
177 452
178 462
179 463
180 456
181 455
182 473
183 471
184 473
185 461
186 469
187 489
188 496
189 489
190 464
191 472
192 488
193 469
194 488
195 481
196 485
197 499
198 498
199 486
200 494
201 503
202 494
203 493
204 507
205 508
206 504
207 519
208 523
209 512
210 532
211 523
212 525
213 529
214 531
215 539
216 542
217 552
218 556
219 543
220 552
221 556
222 563
223 575
224 571
225 590
226 586
227 564
228 575
229 578
230 593
231 587
232 595
233 585
234 587
235 592
236 605
237 594
238 605
239 622
240 620
241 612
242 604
243 624
244 607
245 619
246 630
247 621
248 637
249 629
250 633
251 632
252 638
253 646
254 639
255 640
256 641
257 656
258 671
259 658
260 664
261 669
262 667
263 669
264 677
265 686
266 687
267 690
268 702
269 693
270 709
271 702
272 722
273 712
274 729
275 711
276 713
277 727
278 726
279 731
280 739
281 730
282 746
283 736
284 731
285 737
286 738
287 735
288 737
289 738
290 742
291 740
292 747
293 756
294 746
295 747
296 747
297 760
298 766
299 765
300 774
301 762
302 767
303 780
304 787
305 777
306 774
307 794
308 784
309 804
310 822
311 789
312 808
313 791
314 796
315 793
316 794
317 796
318 797
319 812
320 812
321 813
322 812
323 820
324 821
325 813
326 813
327 830
328 830
329 832
330 814
331 821
332 827
333 845
334 839
335 826
336 836
337 844
338 850
339 838
340 840
341 845
342 849
343 853
344 871
345 849
346 862
347 868
348 861
349 859
350 867
351 871
352 869
353 872
354 868
355 876
356 876
357 886
358 895
359 913
360 900
361 896
362 902
363 912
364 907
365 919
366 935
367 926
368 936
369 934
370 954
371 939
372 938
373 939
374 952
375 955
376 957
377 958
378 971
379 964
380 969
381 974
382 972
383 986
384 980
385 984
386 993
387 998
388 982
389 986
390 986
391 994
392 1006
393 998
394 1017
395 998
396 1001
397 1015
398 1007
399 1023
400 1027
401 1016
402 1010
403 1014
404 1027
405 1017
406 1012
407 1017
408 1023
409 1026
410 1037
411 1054
412 1027
413 1044
414 1032
415 1045
416 1047
417 1049
418 1055
419 1058
420 1055
421 1065
422 1057
423 1070
424 1064
425 1061
426 1067
427 1075
428 1074
429 1084
430 1072
431 1081
432 1084
433 1077
434 1079
435 1096
436 1093
437 1092
438 1104
439 1095
440 1093
441 1096
442 1105
443 1098
444 1116
445 1101
446 1098
447 1099
448 1109
449 1107
450 1117
451 1124
452 1123
453 1119
454 1123
455 1137
456 1143
457 1122
458 1123
459 1127
460 1133
461 1124
462 1133
463 1144
464 1140
465 1141
466 1150
467 1155
468 1149
469 1151
470 1157
471 1151
472 1158
473 1171
474 1168
475 1169
476 1178
477 1198
478 1205
479 1208
480 1217
481 1233
482 1245
483 1226
484 1241
485 1237
486 1236
487 1239
488 1244
489 1249
490 1256
491 1259
492 1276
493 1264
494 1268
495 1267
496 1270
497 1270
498 1282
499 1280
500 1300
501 1279
