0 0
1 5
2 24
3 16
4 31
5 50
6 25
7 38
8 28
9 27
10 30
11 37
12 44
13 61
14 38
15 40
16 45
17 57
18 45
19 59
20 50
21 60
22 48
23 55
24 61
25 60
26 52
27 60
28 68
29 54
30 58
31 72
32 61
33 81
34 92
35 62
36 73
37 63
38 70
39 63
40 80
41 84
42 80
43 98
44 108
45 91
46 91
47 94
48 112
49 100
50 101
51 111
52 116
53 134
54 115
55 112
56 125
57 119
58 120
59 129
60 122
61 128
62 120
63 138
64 126
65 137
66 140
67 148
68 156
69 141
70 156
71 160
72 171
73 173
74 191
75 172
76 189
77 191
78 183
79 201
80 198
81 215
82 203
83 219
84 215
85 222
86 218
87 223
88 226
89 235
90 221
91 219
92 229
93 225
94 241
95 261
96 262
97 239
98 253
99 248
100 255
101 256
102 259
103 275
104 295
105 267
106 272
107 269
108 270
109 285
110 274
111 280
112 278
113 290
114 291
115 292
116 298
117 294
118 295
119 307
120 312
121 297
122 315
123 316
124 305
125 316
126 306
127 309
128 317
129 314
130 328
131 319
132 330
133 322
134 325
135 325
136 325
137 332
138 331
139 343
140 340
141 343
142 363
143 354
144 355
145 374
146 358
147 360
148 365
149 373
150 373
151 370
152 381
153 383
154 372
155 389
156 377
157 375
158 387
159 377
160 387
161 397
162 387
163 379
164 383
165 393
166 403
167 415
168 403
169 404
170 394
171 407
172 407
173 408
174 410
175 412
176 425
177 423
178 433
179 432
180 440
181 427
182 434
183 441
184 435
185 431
186 446
187 459
188 468
189 439
190 445
191 454
192 455
193 443
194 446
195 453
196 463
197 466
198 445
199 460
200 457
201 464
202 484
203 469
204 474
205 481
206 475
207 484
208 478
209 493
210 489
211 506
212 497
213 495
214 503
215 499
216 502
217 517
218 503
219 507
220 523
221 520
222 522
223 534
224 532
225 535
226 546
227 525
228 538
229 546
230 566
231 554
232 555
233 556
234 567
235 569
236 586
237 605
238 570
239 578
240 591
241 596
242 598
243 608
244 618
245 622
246 612
247 628
248 614
249 619
250 631
251 619
252 621
253 633
254 637
255 643
256 635
257 648
258 641
259 652
260 647
261 654
262 655
263 675
264 649
265 650
266 664
267 654
268 667
269 660
270 671
271 669
272 677
273 674
274 687
275 692
276 689
277 696
278 690
279 708
280 693
281 705
282 703
283 712
284 732
285 743
286 753
287 744
288 752
289 750
290 751
291 763
292 746
293 752
294 764
295 781
296 763
297 766
298 762
299 764
300 772
301 769
302 770
303 779
304 785
305 799
306 778
307 782
308 794
309 806
310 811
311 826
312 843
313 845
314 813
315 831
316 833
317 837
318 819
319 819
320 835
321 834
322 839
323 828
324 835
325 841
326 854
327 855
328 835
329 845
330 860
331 866
332 845
333 861
334 849
335 856
336 847
337 857
338 852
339 865
340 857
341 852
342 871
343 889
344 865
345 871
346 862
347 864
348 872
349 865
350 881
351 874
352 894
353 884
354 894
355 887
356 899
357 889
358 892
359 899
360 902
361 904
362 908
363 906
364 920
365 921
366 925
367 925
368 936
369 938
370 941
371 945
372 950
373 944
374 942
375 956
376 958
377 959
378 966
379 961
380 973
381 973
382 977
383 968
384 987
385 987
386 988
387 975
388 979
389 991
390 991
391 997
392 993
393 992
394 1001
395 1002
396 1004
397 1011
398 1008
399 1017
400 1029
401 1039
402 1045
403 1062
404 1033
405 1053
406 1034
407 1046
408 1044
409 1042
410 1057
411 1060
412 1077
413 1097
414 1080
415 1070
416 1073
417 1089
418 1079
419 1083
420 1090
421 1099
422 1107
423 1103
424 1108
425 1107
426 1105
427 1114
428 1117
429 1116
430 1127
431 1132
432 1126
433 1133
434 1136
435 1141
436 1145
437 1135
438 1141
439 1153
440 1165
441 1161
442 1178
443 1195
444 1196
445 1171
446 1178
447 1178
448 1190
449 1183
450 1187
451 1189
452 1195
453 1206
454 1211
455 1223
456 1196
457 1200
458 1211
459 1213
460 1206
461 1214
462 1234
463 1210
464 1216
465 1229
466 1229
467 1239
468 1241
469 1241
470 1233
471 1238
472 1241
473 1244
474 1253
475 1243
476 1240
477 1248
478 1241
479 1247
480 1243
481 1256
482 1262
483 1275
484 1260
485 1271
486 1268
487 1270
488 1287
489 1287
490 1288
491 1289
492 1305
493 1289
494 1299
495 1318
496 1338
497 1309
498 1300
499 1318
500 1305
501 1323
