0 0
1 17
2 20
3 10
4 7
5 13
6 11
7 20
8 23
9 27
10 35
11 25
12 44
13 43
14 39
15 58
16 64
17 74
18 75
19 85
20 76
21 82
22 99
23 76
24 77
25 86
26 77
27 86
28 95
29 103
30 91
31 102
32 111
33 105
34 118
35 134
36 109
37 115
38 114
39 122
40 142
41 115
42 133
43 122
44 131
45 125
46 132
47 127
48 145
49 142
50 140
51 148
52 150
53 156
54 171
55 155
56 168
57 165
58 157
59 172
60 162
61 176
62 169
63 175
64 191
65 178
66 171
67 177
68 180
69 187
70 193
71 201
72 221
73 241
74 198
75 213
76 210
77 228
78 224
79 230
80 227
81 240
82 233
83 242
84 241
85 241
86 244
87 246
88 255
89 248
90 257
91 257
92 264
93 282
94 277
95 260
96 277
97 281
98 283
99 286
100 297
101 301
102 295
103 295
104 313
105 311
106 303
107 306
108 322
109 328
110 325
111 326
112 309
113 324
114 321
115 331
116 327
117 339
118 336
119 333
120 333
121 335
122 351
123 336
124 337
125 350
126 347
127 359
128 347
129 364
130 363
131 366
132 369
133 368
134 376
135 387
136 372
137 382
138 383
139 379
140 379
141 384
142 403
143 415
144 391
145 382
146 388
147 401
148 399
149 402
150 394
151 396
152 412
153 399
154 409
155 416
156 415
157 433
158 419
159 424
160 428
161 427
162 424
163 435
164 440
165 444
166 448
167 437
168 439
169 447
170 451
171 457
172 458
173 460
174 457
175 459
176 464
177 458
178 471
179 465
180 475
181 489
182 467
183 482
184 474
185 491
186 480
187 496
188 494
189 486
190 484
191 493
192 492
193 509
194 518
195 495
196 508
197 508
198 523
199 511
200 516
201 526
202 515
203 528
204 523
205 527
206 518
207 531
208 532
209 523
210 519
211 520
212 521
213 529
214 533
215 522
216 539
217 526
218 541
219 532
220 544
221 538
222 539
223 540
224 552
225 549
226 550
227 552
228 562
229 558
230 559
231 576
232 571
233 564
234 563
235 578
236 581
237 570
238 578
239 584
240 577
241 579
242 586
243 592
244 606
245 594
246 587
247 605
248 602
249 617
250 599
251 615
252 607
253 611
254 603
255 623
256 619
257 614
258 622
259 632
260 616
261 624
262 634
263 630
264 622
265 628
266 641
267 641
268 642
269 652
270 670
271 652
272 659
273 665
274 666
275 657
276 671
277 665
278 659
279 670
280 671
281 676
282 672
283 690
284 690
285 689
286 684
287 691
288 696
289 708
290 704
291 692
292 712
293 705
294 712
295 711
296 695
297 707
298 704
299 711
300 698
301 715
302 726
303 746
304 702
305 707
306 704
307 721
308 721
309 707
310 724
311 719
312 712
313 722
314 734
315 728
316 739
317 744
318 751
319 730
320 749
321 761
322 779
323 790
324 763
325 770
326 783
327 782
328 782
329 789
330 796
331 812
332 806
333 819
334 800
335 816
336 808
337 823
338 819
339 836
340 828
341 844
342 833
343 834
344 843
345 838
346 853
347 850
348 839
349 854
350 862
351 843
352 852
353 848
354 850
355 865
356 861
357 863
358 857
359 854
360 873
361 855
362 871
363 860
364 861
365 863
366 864
367 869
368 877
369 888
370 896
371 915
372 884
373 897
374 903
375 892
376 897
377 893
378 900
379 902
380 894
381 903
382 923
383 933
384 937
385 957
386 947
387 952
388 964
389 960
390 955
391 963
392 969
393 967
394 974
395 977
396 977
397 987
398 995
399 997
400 989
401 1009
402 991
403 994
404 1006
405 994
406 1011
407 1004
408 1001
409 1013
410 998
411 1004
412 1005
413 1006
414 1024
415 1014
416 1012
417 1026
418 1028
419 1046
420 1033
421 1044
422 1048
423 1036
424 1045
425 1040
426 1052
427 1050
428 1045
429 1058
430 1050
431 1070
432 1065
433 1056
434 1063
435 1064
436 1083
437 1094
438 1104
439 1094
440 1084
441 1091
442 1088
443 1098
444 1092
445 1111
446 1095
447 1093
448 1096
449 1109
450 1097
451 1102
452 1112
453 1110
454 1113
455 1115
456 1119
457 1128
458 1132
459 1119
460 1134
461 1126
462 1131
463 1137
464 1143
465 1137
466 1144
467 1144
468 1154
469 1153
470 1163
471 1173
472 1192
473 1211
474 1198
475 1177
476 1188
477 1195
478 1184
479 1186
480 1200
481 1189
482 1193
483 1188
484 1203
485 1194
486 1202
487 1195
488 1197
489 1199
490 1212
491 1204
492 1209
493 1204
494 1205
495 1221
496 1217
497 1206
498 1223
499 1238
500 1216
501 1228
