0 0
1 12
2 9
3 27
4 12
5 24
6 28
7 30
8 15
9 24
10 29
11 16
12 25
13 33
14 32
15 23
16 43
17 45
18 35
19 39
20 59
21 41
22 43
23 56
24 76
25 77
26 56
27 62
28 75
29 71
30 72
31 75
32 77
33 79
34 82
35 86
36 92
37 84
38 86
39 95
40 91
41 85
42 94
43 92
44 95
45 105
46 96
47 108
48 112
49 111
50 100
51 112
52 117
53 110
54 117
55 123
56 121
57 122
58 134
59 137
60 149
61 139
62 157
63 148
64 148
65 161
66 144
67 149
68 158
69 164
70 170
71 152
72 160
73 167
74 162
75 166
76 154
77 174
78 161
79 177
80 177
81 194
82 172
83 191
84 184
85 192
86 189
87 188
88 186
89 193
90 199
91 193
92 197
93 200
94 197
95 205
96 207
97 212
98 217
99 216
100 227
101 218
102 228
103 238
104 240
105 237
106 245
107 241
108 242
109 251
110 242
111 255
112 243
113 248
114 245
115 252
116 250
117 256
118 254
119 257
120 258
121 266
122 280
123 259
124 259
125 272
126 277
127 292
128 308
129 292
130 295
131 308
132 293
133 311
134 305
135 306
136 298
137 307
138 316
139 305
140 307
141 314
142 320
143 320
144 329
145 325
146 340
147 343
148 341
149 346
150 355
151 351
152 354
153 361
154 347
155 363
156 372
157 354
158 366
159 356
160 365
161 363
162 372
163 371
164 380
165 389
166 391
167 374
168 383
169 376
170 389
171 403
172 387
173 388
174 394
175 401
176 401
177 419
178 396
179 413
180 414
181 405
182 413
183 423
184 440
185 424
186 436
187 455
188 445
189 431
190 446
191 441
192 448
193 458
194 451
195 460
196 461
197 458
198 465
199 455
200 470
201 490
202 474
203 472
204 486
205 490
206 487
207 485
208 480
209 485
210 484
211 483
212 488
213 507
214 504
215 492
216 503
217 511
218 512
219 518
220 514
221 512
222 531
223 540
224 521
225 536
226 529
227 537
228 548
229 543
230 544
231 538
232 538
233 539
234 557
235 542
236 552
237 546
238 549
239 560
240 562
241 578
242 549
243 564
244 554
245 553
246 569
247 557
248 555
249 568
250 573
251 578
252 585
253 587
254 577
255 578
256 588
257 607
258 620
259 597
260 596
261 612
262 598
263 607
264 603
265 611
266 612
267 615
268 622
269 627
270 642
271 635
272 631
273 645
274 632
275 647
276 647
277 653
278 646
279 650
280 660
281 655
282 660
283 673
284 668
285 673
286 683
287 676
288 691
289 694
290 677
291 682
292 694
293 680
294 696
295 700
296 706
297 709
298 686
299 705
300 695
301 703
302 696
303 697
304 710
305 710
306 715
307 705
308 706
309 724
310 710
311 730
312 709
313 718
314 710
315 710
316 714
317 728
318 725
319 726
320 721
321 731
322 737
323 726
324 744
325 727
326 745
327 729
328 735
329 739
330 740
331 749
332 762
333 752
334 745
335 764
336 782
337 793
338 792
339 805
340 783
341 800
342 796
343 787
344 805
345 786
346 805
347 806
348 797
349 798
350 789
351 797
352 798
353 799
354 791
355 805
356 818
357 799
358 797
359 801
360 812
361 817
362 807
363 813
364 808
365 813
366 812
367 813
368 828
369 813
370 819
371 822
372 823
373 831
374 830
375 834
376 836
377 838
378 856
379 854
380 836
381 849
382 854
383 856
384 858
385 868
386 873
387 877
388 862
389 872
390 868
391 872
392 887
393 879
394 896
395 906
396 890
397 904
398 893
399 893
400 910
401 922
402 901
403 903
404 912
405 910
406 918
407 922
408 921
409 916
410 921
411 941
412 930
413 919
414 923
415 939
416 927
417 936
418 930
419 946
420 954
421 948
422 953
423 960
424 952
425 966
426 967
427 972
428 981
429 976
430 980
431 989
432 976
433 994
434 990
435 979
436 986
437 997
438 998
439 998
440 1018
441 1004
442 1006
443 1016
444 1018
445 1014
446 1009
447 1018
448 1022
449 1028
450 1023
451 1023
452 1020
453 1036
454 1051
455 1055
456 1054
457 1050
458 1058
459 1068
460 1059
461 1062
462 1067
463 1063
464 1065
465 1074
466 1077
467 1079
468 1096
469 1078
470 1090
471 1090
472 1093
473 1106
474 1117
475 1110
476 1116
477 1129
478 1130
479 1120
480 1131
481 1121
482 1128
483 1123
484 1137
485 1127
486 1143
487 1132
488 1145
489 1138
490 1136
491 1134
492 1152
493 1153
494 1166
495 1140
496 1149
497 1141
498 1147
499 1156
500 1161
501 1157
