0 0
1 6
2 19
3 5
4 6
5 19
6 24
7 9
8 20
9 11
10 24
11 38
12 35
13 41
14 38
15 41
16 52
17 52
18 52
19 51
20 57
21 74
22 71
23 88
24 77
25 86
26 93
27 79
28 96
29 79
30 87
31 93
32 90
33 90
34 108
35 96
36 105
37 104
38 104
39 116
40 116
41 115
42 120
43 125
44 121
45 137
46 128
47 126
48 123
49 134
50 127
51 134
52 133
53 149
54 142
55 141
56 158
57 153
58 160
59 142
60 150
61 162
62 153
63 145
64 152
65 153
66 163
67 166
68 158
69 164
70 171
71 160
72 173
73 179
74 185
75 171
76 180
77 181
78 189
79 195
80 196
81 190
82 195
83 194
84 200
85 199
86 208
87 196
88 198
89 217
90 212
91 206
92 222
93 217
94 230
95 210
96 215
97 226
98 214
99 219
100 215
101 219
102 226
103 227
104 237
105 218
106 220
107 228
108 232
109 223
110 227
111 235
112 247
113 241
114 248
115 259
116 241
117 244
118 249
119 261
120 260
121 264
122 269
123 270
124 271
125 279
126 291
127 270
128 290
129 274
130 282
131 281
132 298
133 306
134 287
135 298
136 298
137 307
138 303
139 302
140 317
141 312
142 303
143 305
144 308
145 313
146 319
147 314
148 319
149 332
150 321
151 322
152 325
153 331
154 324
155 328
156 338
157 329
158 346
159 345
160 339
161 342
162 345
163 354
164 346
165 363
166 354
167 367
168 359
169 349
170 355
171 356
172 359
173 359
174 378
175 369
176 370
177 371
178 381
179 397
180 411
181 417
182 413
183 419
184 433
185 424
186 430
187 437
188 434
189 427
190 445
191 433
192 434
193 442
194 441
195 450
196 455
197 467
198 468
199 471
200 482
201 496
202 485
203 476
204 489
205 491
206 484
207 479
208 495
209 494
210 490
211 508
212 481
213 501
214 511
215 500
216 501
217 514
218 529
219 519
220 532
221 530
222 534
223 538
224 548
225 533
226 538
227 550
228 540
229 546
230 538
231 541
232 545
233 545
234 547
235 560
236 565
237 552
238 550
239 562
240 560
241 557
242 570
243 562
244 564
245 566
246 581
247 589
248 579
249 573
250 581
251 589
252 581
253 576
254 584
255 584
256 590
257 588
258 602
259 599
260 609
261 618
262 612
263 617
264 627
265 617
266 629
267 640
268 633
269 638
270 625
271 637
272 641
273 645
274 649
275 665
276 660
277 663
278 665
279 672
280 661
281 663
282 667
283 669
284 677
285 686
286 671
287 691
288 697
289 672
290 688
291 705
292 683
293 691
294 697
295 714
296 704
297 720
298 699
299 718
300 707
301 724
302 715
303 727
304 737
305 740
306 745
307 748
308 748
309 767
310 762
311 750
312 755
313 765
314 779
315 790
316 763
317 767
318 769
319 774
320 773
321 777
322 774
323 776
324 780
325 787
326 778
327 794
328 787
329 798
330 792
331 810
332 804
333 795
334 805
335 809
336 815
337 809
338 815
339 815
340 822
341 819
342 832
343 824
344 824
345 830
346 827
347 839
348 831
349 839
350 839
351 856
352 845
353 851
354 855
355 864
356 855
357 866
358 871
359 866
360 859
361 869
362 872
363 863
364 879
365 872
366 867
367 879
368 885
369 898
370 893
371 887
372 903
373 906
374 901
375 898
376 900
377 918
378 903
379 917
380 911
381 925
382 908
383 914
384 932
385 937
386 931
387 945
388 915
389 924
390 933
391 932
392 930
393 942
394 934
395 943
396 959
397 960
398 948
399 968
400 960
401 960
402 980
403 977
404 963
405 982
406 964
407 965
408 981
409 971
410 971
411 981
412 977
413 991
414 983
415 989
416 998
417 1003
418 1007
419 1015
420 991
421 994
422 993
423 1009
424 1017
425 1009
426 1025
427 1022
428 1025
429 1027
430 1040
431 1039
432 1028
433 1044
434 1030
435 1045
436 1057
437 1062
438 1044
439 1045
440 1050
441 1060
442 1066
443 1067
444 1058
445 1066
446 1070
447 1060
448 1065
449 1076
450 1070
451 1078
452 1069
453 1080
454 1074
455 1079
456 1080
457 1095
458 1091
459 1082
460 1094
461 1110
462 1130
463 1137
464 1146
465 1153
466 1144
467 1160
468 1138
469 1149
470 1144
471 1139
472 1142
473 1146
474 1146
475 1154
476 1150
477 1154
478 1161
479 1150
480 1170
481 1154
482 1159
483 1160
484 1163
485 1162
486 1171
487 1165
488 1182
489 1167
490 1177
491 1178
492 1194
493 1192
494 1208
495 1193
496 1186
497 1206
498 1203
499 1204
500 1206
501 1206
