0 0
1 5
2 8
3 17
4 15
5 20
6 27
7 18
8 27
9 19
10 35
11 20
12 25
13 28
14 38
15 34
16 36
17 54
18 39
19 46
20 54
21 54
22 65
23 59
24 61
25 72
26 74
27 74
28 90
29 65
30 69
31 81
32 74
33 94
34 72
35 85
36 79
37 96
38 80
39 88
40 98
41 81
42 89
43 99
44 99
45 88
46 90
47 97
48 100
49 103
50 107
51 108
52 125
53 112
54 125
55 119
56 110
57 120
58 119
59 130
60 123
61 123
62 139
63 138
64 140
65 131
66 151
67 143
68 142
69 134
70 151
71 144
72 145
73 144
74 151
75 171
76 158
77 163
78 183
79 162
80 165
81 173
82 182
83 180
84 184
85 193
86 192
87 189
88 202
89 193
90 200
91 192
92 207
93 203
94 201
95 206
96 209
97 210
98 220
99 224
100 220
101 237
102 244
103 231
104 239
105 235
106 253
107 241
108 243
109 262
110 274
111 266
112 280
113 259
114 278
115 260
116 273
117 276
118 264
119 268
120 279
121 274
122 294
123 269
124 276
125 287
126 279
127 278
128 289
129 290
130 296
131 280
132 298
133 309
134 290
135 299
136 300
137 309
138 293
139 303
140 306
141 309
142 309
143 309
144 323
145 332
146 336
147 346
148 311
149 329
150 325
151 331
152 333
153 336
154 339
155 344
156 360
157 353
158 359
159 371
160 354
161 357
162 364
163 363
164 370
165 370
166 373
167 370
168 382
169 376
170 390
171 398
172 373
173 375
174 390
175 377
176 385
177 393
178 399
179 387
180 403
181 423
182 404
183 390
184 389
185 406
186 390
187 408
188 398
189 399
190 412
191 408
192 410
193 419
194 414
195 425
196 425
197 440
198 449
199 444
200 456
201 458
202 447
203 453
204 457
205 451
206 465
207 458
208 464
209 473
210 469
211 470
212 480
213 475
214 494
215 472
216 479
217 489
218 490
219 489
220 509
221 490
222 491
223 499
224 492
225 500
226 506
227 507
228 505
229 519
230 514
231 519
232 536
233 519
234 515
235 524
236 527
237 529
238 524
239 526
240 531
241 530
242 549
243 539
244 545
245 535
246 544
247 536
248 551
249 548
250 557
251 558
252 574
253 564
254 575
255 583
256 561
257 571
258 578
259 578
260 580
261 583
262 597
263 581
264 594
265 584
266 601
267 609
268 589
269 594
270 594
271 593
272 590
273 600
274 611
275 626
276 592
277 605
278 610
279 601
280 604
281 612
282 619
283 603
284 614
285 619
286 609
287 616
288 623
289 620
290 625
291 632
292 628
293 630
294 627
295 630
296 632
297 640
298 644
299 657
300 672
301 659
302 661
303 670
304 678
305 672
306 679
307 663
308 676
309 672
310 680
311 667
312 678
313 684
314 679
315 683
316 673
317 688
318 675
319 678
320 678
321 698
322 677
323 684
324 694
325 689
326 695
327 698
328 712
329 731
330 729
331 718
332 715
333 721
334 731
335 727
336 725
337 734
338 739
339 732
340 748
341 766
342 764
343 758
344 777
345 769
346 781
347 763
348 764
349 773
350 764
351 776
352 777
353 783
354 778
355 793
356 795
357 789
358 784
359 787
360 800
361 786
362 787
363 802
364 814
365 826
366 825
367 839
368 843
369 846
370 851
371 853
372 845
373 864
374 846
375 852
376 859
377 865
378 869
379 876
380 870
381 866
382 886
383 875
384 884
385 874
386 884
387 899
388 905
389 917
390 917
391 902
392 921
393 939
394 921
395 928
396 937
397 939
398 938
399 956
400 966
401 951
402 962
403 956
404 972
405 960
406 980
407 974
408 980
409 975
410 991
411 982
412 980
413 984
414 994
415 997
416 1011
417 991
418 995
419 994
420 996
421 1004
422 1014
423 1003
424 1020
425 1013
426 1024
427 1016
428 1020
429 1036
430 1038
431 1055
432 1056
433 1037
434 1039
435 1040
436 1049
437 1052
438 1041
439 1053
440 1052
441 1059
442 1060
443 1049
444 1060
445 1066
446 1054
447 1073
448 1062
449 1069
450 1070
451 1075
452 1087
453 1067
454 1086
455 1073
456 1079
457 1086
458 1099
459 1104
460 1123
461 1086
462 1097
463 1089
464 1109
465 1087
466 1090
467 1097
468 1098
469 1101
470 1100
471 1105
472 1106
473 1108
474 1121
475 1117
476 1129
477 1116
478 1126
479 1146
480 1131
481 1137
482 1151
483 1128
484 1136
485 1131
486 1148
487 1145
488 1136
489 1139
490 1147
491 1141
492 1138
493 1153
494 1149
495 1145
496 1156
497 1161
498 1173
499 1170
500 1168
501 1171
