0 0
1 17
2 35
3 42
4 62
5 40
6 56
7 58
8 55
9 55
10 65
11 72
12 70
13 75
14 59
15 63
16 76
17 75
18 87
19 101
20 75
21 85
22 77
23 80
24 99
25 97
26 103
27 117
28 86
29 90
30 99
31 96
32 97
33 103
34 107
35 115
36 114
37 120
38 139
39 131
40 121
41 123
42 123
43 142
44 152
45 161
46 142
47 140
48 154
49 143
50 146
51 153
52 159
53 145
54 148
55 162
56 172
57 150
58 163
59 166
60 168
61 157
62 160
63 160
64 166
65 165
66 166
67 170
68 178
69 183
70 175
71 167
72 176
73 194
74 178
75 183
76 178
77 188
78 193
79 180
80 179
81 185
82 183
83 200
84 185
85 201
86 199
87 189
88 205
89 198
90 202
91 197
92 216
93 198
94 213
95 199
96 209
97 212
98 219
99 206
100 209
101 222
102 219
103 223
104 237
105 231
106 247
107 243
108 244
109 246
110 250
111 251
112 256
113 254
114 264
115 264
116 266
117 262
118 272
119 270
120 274
121 287
122 287
123 289
124 304
125 305
126 292
127 309
128 292
129 312
130 298
131 303
132 306
133 312
134 303
135 304
136 305
137 320
138 310
139 321
140 327
141 313
142 319
143 315
144 326
145 328
146 333
147 332
148 340
149 338
150 331
151 344
152 345
153 361
154 349
155 348
156 354
157 362
158 355
159 361
160 378
161 360
162 380
163 400
164 379
165 398
166 399
167 418
168 385
169 396
170 388
171 394
172 393
173 392
174 397
175 398
176 399
177 405
178 413
179 411
180 424
181 423
182 406
183 417
184 423
185 416
186 427
187 425
188 417
189 427
190 429
191 428
192 435
193 432
194 431
195 444
196 440
197 446
198 444
199 454
200 460
201 449
202 448
203 465
204 465
205 463
206 465
207 483
208 481
209 471
210 476
211 491
212 482
213 496
214 473
215 475
216 492
217 503
218 474
219 494
220 485
221 479
222 476
223 493
224 497
225 477
226 490
227 494
228 506
229 484
230 496
231 501
232 502
233 495
234 486
235 504
236 491
237 509
238 525
239 536
240 499
241 505
242 518
243 501
244 521
245 506
246 505
247 516
248 535
249 520
250 531
251 532
252 523
253 538
254 542
255 539
256 528
257 541
258 536
259 541
260 530
261 539
262 534
263 549
264 539
265 547
266 550
267 552
268 541
269 544
270 561
271 564
272 545
273 561
274 555
275 572
276 564
277 574
278 573
279 593
280 587
281 587
282 603
283 600
284 592
285 602
286 608
287 622
288 608
289 600
290 602
291 614
292 620
293 631
294 608
295 609
296 618
297 636
298 622
299 634
300 627
301 642
302 634
303 643
304 652
305 632
306 645
307 633
308 649
309 650
310 662
311 669
312 656
313 666
314 658
315 669
316 683
317 672
318 692
319 685
320 685
321 703
322 694
323 693
324 705
325 709
326 713
327 713
328 715
329 715
330 716
331 721
332 724
333 739
334 752
335 735
336 744
337 736
338 756
339 741
340 743
341 742
342 755
343 757
344 768
345 760
346 754
347 764
348 762
349 756
350 772
351 759
352 776
353 763
354 775
355 783
356 795
357 787
358 803
359 807
360 826
361 831
362 816
363 823
364 834
365 834
366 843
367 823
368 839
369 830
370 838
371 843
372 838
373 842
374 851
375 854
376 864
377 857
378 871
379 882
380 884
381 862
382 871
383 865
384 871
385 869
386 877
387 886
388 883
389 880
390 886
391 900
392 889
393 905
394 901
395 907
396 917
397 926
398 902
399 914
400 922
401 907
402 913
403 932
404 943
405 962
406 932
407 946
408 936
409 938
410 948
411 956
412 968
413 938
414 941
415 947
416 949
417 956
418 953
419 967
420 977
421 966
422 979
423 975
424 975
425 974
426 988
427 980
428 986
429 988
430 988
431 988
432 988
433 1002
434 1001
435 1004
436 1005
437 1010
438 1007
439 1022
440 1016
441 1008
442 1011
443 1027
444 1009
445 1015
446 1014
447 1025
448 1027
449 1016
450 1018
451 1033
452 1029
453 1034
454 1039
455 1034
456 1046
457 1047
458 1046
459 1065
460 1060
461 1080
462 1065
463 1066
464 1081
465 1080
466 1082
467 1081
468 1086
469 1091
470 1098
471 1088
472 1096
473 1103
474 1112
475 1114
476 1111
477 1113
478 1119
479 1126
480 1112
481 1124
482 1118
483 1125
484 1117
485 1132
486 1136
487 1145
488 1151
489 1159
490 1152
491 1165
492 1147
493 1151
494 1162
495 1148
496 1164
497 1162
498 1166
499 1173
500 1180
501 1180
