0 0
1 14
2 17
3 20
4 19
5 17
6 29
7 26
8 33
9 38
10 35
11 37
12 44
13 37
14 46
15 50
16 42
17 56
18 60
19 66
20 61
21 74
22 67
23 74
24 78
25 80
26 71
27 70
28 84
29 88
30 84
31 95
32 89
33 104
34 103
35 112
36 114
37 93
38 113
39 98
40 102
41 110
42 117
43 106
44 107
45 118
46 118
47 123
48 110
49 129
50 126
51 127
52 134
53 141
54 135
55 150
56 153
57 135
58 136
59 148
60 153
61 137
62 143
63 144
64 157
65 152
66 148
67 155
68 165
69 161
70 154
71 166
72 172
73 155
74 172
75 181
76 192
77 172
78 190
79 202
80 183
81 195
82 175
83 177
84 188
85 206
86 191
87 203
88 194
89 203
90 207
91 200
92 217
93 208
94 220
95 221
96 225
97 235
98 222
99 232
100 229
101 237
102 229
103 236
104 249
105 232
106 238
107 249
108 251
109 241
110 252
111 254
112 246
113 260
114 250
115 249
116 252
117 254
118 255
119 260
120 250
121 255
122 264
123 270
124 284
125 290
126 267
127 273
128 287
129 288
130 283
131 295
132 293
133 297
134 306
135 309
136 311
137 327
138 317
139 310
140 313
141 328
142 324
143 329
144 340
145 327
146 328
147 338
148 345
149 341
150 344
151 351
152 357
153 368
154 350
155 353
156 355
157 365
158 379
159 368
160 371
161 356
162 373
163 389
164 372
165 373
166 386
167 395
168 380
169 384
170 396
171 386
172 382
173 396
174 394
175 394
176 386
177 388
178 408
179 388
180 390
181 403
182 392
183 395
184 405
185 402
186 414
187 427
188 428
189 417
190 423
191 428
192 438
193 434
194 447
195 441
196 455
197 462
198 450
199 459
200 452
201 460
202 459
203 466
204 479
205 486
206 505
207 486
208 482
209 498
210 498
211 502
212 506
213 511
214 515
215 505
216 521
217 507
218 516
219 517
220 518
221 526
222 535
223 549
224 541
225 554
226 551
227 559
228 550
229 556
230 552
231 567
232 580
233 570
234 556
235 576
236 579
237 558
238 578
239 570
240 572
241 577
242 564
243 582
244 577
245 582
246 577
247 588
248 595
249 588
250 582
251 584
252 586
253 602
254 599
255 618
256 616
257 601
258 611
259 624
260 619
261 622
262 624
263 624
264 641
265 643
266 639
267 643
268 657
269 653
270 647
271 655
272 661
273 654
274 669
275 649
276 663
277 663
278 670
279 668
280 669
281 668
282 682
283 677
284 685
285 693
286 689
287 703
288 686
289 702
290 701
291 695
292 701
293 705
294 703
295 706
296 709
297 710
298 714
299 724
300 721
301 721
302 723
303 730
304 726
305 730
306 740
307 750
308 729
309 745
310 733
311 738
312 741
313 746
314 737
315 740
316 738
317 743
318 747
319 763
320 746
321 755
322 765
323 767
324 775
325 786
326 776
327 772
328 773
329 781
330 789
331 789
332 800
333 778
334 791
335 800
336 783
337 797
338 794
339 795
340 787
341 806
342 808
343 790
344 789
345 806
346 801
347 802
348 808
349 806
350 826
351 836
352 852
353 808
354 807
355 809
356 808
357 821
358 840
359 831
360 851
361 863
362 832
363 848
364 838
365 842
366 845
367 862
368 867
369 877
370 877
371 887
372 868
373 888
374 883
375 888
376 893
377 886
378 905
379 887
380 898
381 913
382 904
383 890
384 898
385 910
386 911
387 914
388 906
389 909
390 920
391 915
392 924
393 925
394 916
395 921
396 922
397 932
398 941
399 932
400 922
401 932
402 933
403 952
404 951
405 956
406 941
407 945
408 961
409 955
410 952
411 958
412 957
413 961
414 972
415 976
416 996
417 964
418 967
419 968
420 987
421 977
422 971
423 977
424 981
425 987
426 997
427 999
428 1002
429 998
430 1004
431 1016
432 1007
433 1008
434 1022
435 1015
436 1022
437 1034
438 1033
439 1052
440 1040
441 1042
442 1054
443 1049
444 1050
445 1052
446 1057
447 1051
448 1059
449 1070
450 1070
451 1082
452 1062
453 1066
454 1077
455 1081
456 1071
457 1084
458 1081
459 1082
460 1082
461 1101
462 1083
463 1089
464 1092
465 1095
466 1096
467 1094
468 1109
469 1107
470 1108
471 1118
472 1133
473 1121
474 1123
475 1123
476 1130
477 1126
478 1138
479 1143
480 1128
481 1142
482 1146
483 1138
484 1140
485 1145
486 1143
487 1154
488 1162
489 1156
490 1160
491 1170
492 1172
493 1159
494 1171
495 1163
496 1161
497 1164
498 1168
499 1180
500 1172
501 1177
