0 0
1 8
2 9
3 2
4 20
5 11
6 27
7 10
8 17
9 28
10 32
11 44
12 62
13 30
14 34
15 48
16 37
17 49
18 44
19 55
20 70
21 63
22 64
23 68
24 79
25 77
26 78
27 74
28 91
29 98
30 96
31 81
32 100
33 97
34 99
35 117
36 104
37 111
38 110
39 103
40 112
41 122
42 110
43 111
44 124
45 120
46 126
47 111
48 122
49 133
50 125
51 141
52 125
53 129
54 138
55 152
56 150
57 147
58 148
59 145
60 150
61 149
62 161
63 154
64 155
65 151
66 168
67 173
68 159
69 160
70 162
71 169
72 170
73 172
74 178
75 183
76 193
77 198
78 213
79 211
80 209
81 229
82 213
83 221
84 231
85 219
86 226
87 230
88 231
89 229
90 249
91 256
92 262
93 232
94 234
95 234
96 238
97 248
98 246
99 264
100 268
101 257
102 248
103 252
104 270
105 261
106 260
107 268
108 263
109 269
110 274
111 282
112 275
113 281
114 284
115 292
116 298
117 297
118 309
119 301
120 303
121 318
122 313
123 319
124 338
125 317
126 320
127 326
128 337
129 352
130 344
131 362
132 330
133 346
134 347
135 331
136 333
137 346
138 352
139 349
140 347
141 365
142 367
143 379
144 381
145 358
146 363
147 376
148 368
149 376
150 384
151 392
152 388
153 406
154 390
155 393
156 392
157 409
158 419
159 395
160 408
161 394
162 407
163 404
164 413
165 403
166 408
167 418
168 421
169 410
170 422
171 423
172 420
173 425
174 415
175 419
176 420
177 427
178 430
179 432
180 427
181 428
182 433
183 439
184 446
185 445
186 435
187 447
188 446
189 461
190 455
191 462
192 447
193 461
194 457
195 467
196 461
197 478
198 466
199 479
200 481
201 469
202 477
203 471
204 482
205 488
206 486
207 500
208 498
209 494
210 509
211 514
212 520
213 511
214 518
215 515
216 529
217 522
218 524
219 529
220 547
221 530
222 528
223 538
224 546
225 532
226 546
227 559
228 533
229 547
230 536
231 539
232 542
233 538
234 553
235 555
236 554
237 539
238 544
239 558
240 547
241 548
242 551
243 567
244 568
245 559
246 561
247 578
248 564
249 572
250 572
251 584
252 578
253 598
254 605
255 603
256 619
257 615
258 620
259 632
260 627
261 636
262 628
263 646
264 631
265 632
266 651
267 640
268 649
269 640
270 658
271 670
272 656
273 651
274 660
275 666
276 679
277 658
278 662
279 672
280 660
281 670
282 678
283 672
284 666
285 680
286 679
287 686
288 693
289 692
290 685
291 693
292 696
293 701
294 704
295 708
296 714
297 729
298 730
299 721
300 731
301 733
302 732
303 738
304 732
305 751
306 733
307 741
308 739
309 751
310 756
311 752
312 742
313 746
314 750
315 753
316 757
317 753
318 755
319 772
320 761
321 773
322 775
323 774
324 764
325 775
326 773
327 769
328 782
329 788
330 789
331 777
332 779
333 787
334 795
335 792
336 796
337 801
338 791
339 798
340 806
341 820
342 840
343 813
344 823
345 827
346 818
347 817
348 833
349 820
350 825
351 821
352 838
353 851
354 841
355 859
356 857
357 851
358 858
359 868
360 856
361 864
362 864
363 864
364 880
365 879
366 867
367 868
368 872
369 892
370 902
371 876
372 884
373 875
374 885
375 884
376 891
377 890
378 898
379 903
380 922
381 891
382 909
383 897
384 902
385 902
386 909
387 929
388 914
389 922
390 911
391 913
392 921
393 931
394 941
395 958
396 936
397 953
398 937
399 946
400 945
401 947
402 954
403 950
404 968
405 959
406 961
407 956
408 966
409 972
410 957
411 962
412 966
413 978
414 984
415 969
416 973
417 988
418 974
419 986
420 989
421 988
422 980
423 987
424 995
425 1014
426 998
427 1007
428 1005
429 1007
430 1001
431 1021
432 1016
433 1017
434 1011
435 1017
436 1019
437 1037
438 1026
439 1037
440 1035
441 1045
442 1045
443 1030
444 1047
445 1039
446 1031
447 1047
448 1045
449 1050
450 1047
451 1058
452 1051
453 1062
454 1081
455 1099
456 1052
457 1060
458 1067
459 1064
460 1062
461 1082
462 1077
463 1080
464 1081
465 1082
466 1101
467 1120
468 1139
469 1111
470 1118
471 1123
472 1113
473 1114
474 1117
475 1121
476 1130
477 1129
478 1131
479 1138
480 1141
481 1137
482 1142
483 1145
484 1146
485 1154
486 1163
487 1168
488 1166
489 1167
490 1161
491 1164
492 1175
493 1168
494 1170
495 1179
496 1186
497 1186
498 1186
499 1193
500 1193
501 1206
