0 0
1 7
2 18
3 20
4 17
5 23
6 9
7 28
8 14
9 18
10 18
11 28
12 18
13 18
14 33
15 23
16 37
17 37
18 52
19 26
20 30
21 31
22 31
23 32
24 45
25 36
26 47
27 49
28 43
29 47
30 48
31 51
32 68
33 63
34 83
35 62
36 77
37 68
38 78
39 85
40 71
41 90
42 110
43 90
44 98
45 105
46 100
47 119
48 138
49 133
50 143
51 150
52 146
53 146
54 163
55 150
56 163
57 151
58 157
59 166
60 166
61 176
62 176
63 168
64 185
65 173
66 172
67 180
68 191
69 197
70 184
71 201
72 197
73 211
74 185
75 188
76 195
77 197
78 203
79 213
80 210
81 219
82 216
83 219
84 215
85 215
86 216
87 220
88 221
89 223
90 224
91 224
92 236
93 240
94 245
95 243
96 237
97 244
98 253
99 249
100 256
101 243
102 258
103 262
104 260
105 262
106 269
107 271
108 275
109 261
110 277
111 269
112 280
113 278
114 285
115 288
116 295
117 305
118 308
119 311
120 319
121 299
122 310
123 308
124 306
125 322
126 315
127 315
128 331
129 326
130 328
131 316
132 322
133 330
134 320
135 324
136 337
137 354
138 322
139 326
140 327
141 342
142 336
143 330
144 347
145 367
146 385
147 379
148 366
149 372
150 384
151 372
152 367
153 380
154 386
155 379
156 372
157 388
158 402
159 378
160 384
161 388
162 379
163 390
164 383
165 386
166 384
167 394
168 402
169 397
170 386
171 386
172 406
173 389
174 403
175 399
176 407
177 419
178 412
179 413
180 401
181 411
182 413
183 414
184 417
185 404
186 407
187 417
188 432
189 435
190 409
191 414
192 424
193 424
194 429
195 420
196 433
197 448
198 439
199 440
200 449
201 457
202 447
203 453
204 450
205 450
206 457
207 453
208 457
209 454
210 464
211 465
212 467
213 470
214 470
215 468
216 485
217 486
218 485
219 489
220 488
221 496
222 500
223 498
224 507
225 509
226 501
227 510
228 503
229 513
230 518
231 508
232 514
233 519
234 516
235 534
236 532
237 546
238 547
239 544
240 547
241 560
242 564
243 573
244 579
245 554
246 567
247 560
248 569
249 561
250 569
251 570
252 585
253 571
254 573
255 573
256 576
257 583
258 590
259 590
260 586
261 584
262 591
263 586
264 602
265 588
266 597
267 601
268 607
269 609
270 629
271 621
272 623
273 633
274 627
275 629
276 629
277 643
278 647
279 663
280 652
281 665
282 648
283 668
284 666
285 654
286 662
287 681
288 686
289 691
290 658
291 673
292 666
293 667
294 676
295 679
296 673
297 685
298 675
299 684
300 691
301 709
302 711
303 702
304 711
305 718
306 716
307 725
308 745
309 746
310 750
311 753
312 766
313 761
314 771
315 767
316 768
317 779
318 769
319 778
320 782
321 785
322 794
323 783
324 784
325 792
326 805
327 797
328 788
329 789
330 805
331 825
332 828
333 843
334 794
335 797
336 811
337 801
338 805
339 819
340 816
341 803
342 805
343 813
344 827
345 822
346 825
347 839
348 838
349 824
350 840
351 844
352 847
353 834
354 845
355 847
356 844
357 847
358 847
359 861
360 845
361 857
362 856
363 862
364 871
365 858
366 867
367 877
368 863
369 871
370 873
371 882
372 865
373 866
374 866
375 883
376 872
377 882
378 876
379 879
380 889
381 895
382 880
383 891
384 883
385 900
386 892
387 899
388 901
389 893
390 911
391 895
392 909
393 905
394 924
395 906
396 925
397 920
398 939
399 941
400 914
401 919
402 932
403 929
404 930
405 918
406 926
407 927
408 929
409 920
410 921
411 939
412 947
413 954
414 957
415 923
416 929
417 938
418 934
419 935
420 939
421 941
422 950
423 940
424 941
425 942
426 956
427 954
428 952
429 955
430 949
431 954
432 965
433 970
434 980
435 971
436 991
437 997
438 984
439 980
440 998
441 989
442 991
443 998
444 1009
445 1020
446 1035
447 1041
448 1006
449 1023
450 1008
451 1008
452 1020
453 1017
454 1037
455 1027
456 1018
457 1033
458 1037
459 1029
460 1041
461 1060
462 1034
463 1043
464 1043
465 1036
466 1051
467 1044
468 1048
469 1051
470 1063
471 1052
472 1061
473 1081
474 1065
475 1061
476 1077
477 1065
478 1076
479 1073
480 1066
481 1069
482 1082
483 1085
484 1074
485 1075
486 1091
487 1093
488 1093
489 1090
490 1108
491 1096
492 1109
493 1110
494 1102
495 1116
496 1103
497 1105
498 1104
499 1110
500 1107
501 1121
