0 0
1 20
2 29
3 9
4 13
5 14
6 19
7 24
8 20
9 33
10 28
11 39
12 35
13 29
14 38
15 49
16 30
17 46
18 34
19 39
20 44
21 54
22 48
23 49
24 62
25 60
26 52
27 54
28 58
29 70
30 61
31 74
32 80
33 91
34 78
35 78
36 89
37 91
38 97
39 98
40 97
41 94
42 104
43 100
44 110
45 104
46 119
47 103
48 116
49 105
50 121
51 116
52 121
53 128
54 130
55 124
56 130
57 130
58 140
59 128
60 134
61 137
62 147
63 155
64 139
65 156
66 158
67 152
68 160
69 153
70 154
71 170
72 157
73 158
74 172
75 172
76 174
77 192
78 194
79 202
80 182
81 190
82 199
83 192
84 199
85 206
86 226
87 219
88 211
89 215
90 216
91 231
92 230
93 219
94 237
95 230
96 228
97 248
98 268
99 239
100 247
101 255
102 246
103 244
104 262
105 264
106 248
107 246
108 261
109 258
110 263
111 260
112 272
113 265
114 266
115 280
116 283
117 287
118 289
119 302
120 294
121 294
122 295
123 303
124 298
125 311
126 329
127 346
128 302
129 317
130 316
131 331
132 319
133 322
134 322
135 342
136 321
137 328
138 327
139 337
140 339
141 333
142 336
143 342
144 343
145 339
146 353
147 345
148 353
149 348
150 362
151 372
152 359
153 377
154 368
155 371
156 375
157 371
158 389
159 381
160 383
161 391
162 397
163 407
164 427
165 409
166 416
167 427
168 411
169 431
170 420
171 427
172 424
173 432
174 450
175 440
176 437
177 435
178 442
179 437
180 456
181 457
182 454
183 457
184 469
185 455
186 456
187 471
188 462
189 471
190 481
191 467
192 464
193 465
194 483
195 475
196 485
197 473
198 486
199 479
200 489
201 496
202 484
203 494
204 482
205 491
206 485
207 492
208 503
209 496
210 512
211 504
212 502
213 508
214 522
215 504
216 509
217 511
218 524
219 507
220 513
221 512
222 521
223 521
224 530
225 540
226 549
227 557
228 555
229 535
230 549
231 559
232 551
233 568
234 540
235 560
236 544
237 561
238 541
239 557
240 560
241 579
242 575
243 578
244 569
245 580
246 584
247 590
248 607
249 616
250 594
251 601
252 600
253 608
254 609
255 623
256 637
257 639
258 657
259 623
260 630
261 642
262 634
263 637
264 648
265 642
266 643
267 657
268 648
269 652
270 667
271 667
272 669
273 663
274 668
275 676
276 675
277 688
278 671
279 672
280 684
281 685
282 693
283 687
284 700
285 705
286 687
287 693
288 712
289 711
290 724
291 699
292 696
293 700
294 709
295 718
296 723
297 730
298 721
299 740
300 739
301 735
302 739
303 758
304 774
305 749
306 743
307 754
308 762
309 775
310 794
311 782
312 766
313 777
314 794
315 797
316 792
317 801
318 814
319 807
320 814
321 821
322 825
323 814
324 815
325 815
326 830
327 844
328 833
329 833
330 849
331 858
332 840
333 853
334 846
335 849
336 862
337 845
338 861
339 864
340 846
341 860
342 864
343 847
344 857
345 863
346 868
347 877
348 892
349 894
350 903
351 879
352 898
353 890
354 899
355 892
356 900
357 899
358 910
359 900
360 909
361 912
362 919
363 932
364 918
365 926
366 932
367 937
368 932
369 945
370 949
371 949
372 941
373 959
374 946
375 957
376 967
377 965
378 964
379 975
380 970
381 990
382 996
383 972
384 987
385 973
386 976
387 976
388 978
389 986
390 981
391 992
392 987
393 1000
394 1018
395 1028
396 1004
397 1023
398 1019
399 1014
400 1030
401 1031
402 1016
403 1017
404 1024
405 1031
406 1026
407 1031
408 1031
409 1038
410 1047
411 1049
412 1066
413 1045
414 1041
415 1045
416 1054
417 1052
418 1065
419 1065
420 1057
421 1068
422 1073
423 1086
424 1064
425 1073
426 1074
427 1080
428 1076
429 1092
430 1091
431 1103
432 1115
433 1118
434 1126
435 1121
436 1113
437 1130
438 1119
439 1134
440 1130
441 1133
442 1148
443 1168
444 1138
445 1131
446 1148
447 1146
448 1165
449 1157
450 1173
451 1174
452 1147
453 1150
454 1160
455 1159
456 1160
457 1165
458 1183
459 1188
460 1164
461 1184
462 1203
463 1165
464 1178
465 1186
466 1168
467 1180
468 1182
469 1188
470 1183
471 1171
472 1174
473 1182
474 1194
475 1178
476 1180
477 1196
478 1198
479 1190
480 1201
481 1196
482 1209
483 1211
484 1207
485 1214
486 1224
487 1225
488 1243
489 1210
490 1213
491 1213
492 1221
493 1230
494 1219
495 1230
496 1225
497 1236
498 1221
499 1234
500 1243
501 1239
