0 0
1 15
2 9
3 10
4 25
5 4
6 8
7 24
8 9
9 21
10 25
11 41
12 32
13 36
14 43
15 42
16 42
17 43
18 45
19 54
20 50
21 48
22 52
23 61
24 60
25 75
26 73
27 84
28 90
29 92
30 92
31 93
32 112
33 94
34 102
35 95
36 95
37 112
38 104
39 110
40 110
41 110
42 116
43 123
44 130
45 132
46 135
47 145
48 141
49 147
50 159
51 144
52 142
53 156
54 163
55 150
56 162
57 167
58 157
59 170
60 168
61 161
62 160
63 165
64 164
65 181
66 168
67 180
68 168
69 177
70 177
71 173
72 189
73 174
74 178
75 184
76 180
77 183
78 185
79 189
80 203
81 201
82 203
83 221
84 229
85 221
86 218
87 221
88 238
89 231
90 235
91 244
92 245
93 251
94 260
95 240
96 249
97 246
98 254
99 265
100 273
101 272
102 292
103 273
104 272
105 287
106 285
107 273
108 282
109 285
110 287
111 279
112 286
113 294
114 288
115 298
116 301
117 304
118 315
119 290
120 304
121 298
122 315
123 292
124 309
125 304
126 317
127 317
128 307
129 325
130 311
131 317
132 327
133 327
134 330
135 328
136 339
137 341
138 345
139 357
140 356
141 348
142 365
143 358
144 360
145 374
146 363
147 364
148 369
149 377
150 377
151 394
152 386
153 391
154 403
155 390
156 399
157 401
158 391
159 396
160 405
161 400
162 403
163 418
164 414
165 433
166 407
167 417
168 420
169 432
170 412
171 416
172 418
173 421
174 422
175 426
176 429
177 436
178 424
179 436
180 441
181 433
182 433
183 449
184 450
185 461
186 437
187 442
188 456
189 454
190 466
191 447
192 457
193 452
194 463
195 460
196 461
197 463
198 465
199 476
200 479
201 487
202 480
203 487
204 488
205 493
206 486
207 496
208 504
209 503
210 496
211 507
212 516
213 512
214 500
215 515
216 502
217 518
218 516
219 509
220 511
221 527
222 527
223 544
224 546
225 565
226 562
227 559
228 573
229 564
230 560
231 568
232 563
233 562
234 566
235 569
236 582
237 578
238 596
239 580
240 584
241 590
242 586
243 599
244 591
245 587
246 588
247 598
248 604
249 602
250 602
251 608
252 608
253 619
254 615
255 616
256 626
257 631
258 635
259 617
260 620
261 630
262 625
263 645
264 645
265 647
266 630
267 649
268 650
269 638
270 647
271 649
272 652
273 648
274 658
275 663
276 677
277 670
278 684
279 676
280 666
281 671
282 685
283 672
284 669
285 678
286 672
287 687
288 688
289 686
290 687
291 702
292 704
293 690
294 704
295 706
296 718
297 730
298 715
299 729
300 725
301 732
302 728
303 736
304 730
305 746
306 748
307 749
308 748
309 740
310 753
311 746
312 748
313 766
314 768
315 762
316 772
317 781
318 787
319 790
320 808
321 788
322 793
323 805
324 801
325 812
326 808
327 824
328 818
329 816
330 816
331 818
332 829
333 824
334 832
335 836
336 848
337 831
338 845
339 838
340 844
341 843
342 859
343 857
344 843
345 860
346 852
347 857
348 853
349 855
350 862
351 865
352 881
353 864
354 869
355 872
356 878
357 870
358 877
359 877
360 871
361 882
362 880
363 874
364 872
365 891
366 892
367 893
368 910
369 921
370 894
371 898
372 906
373 904
374 904
375 909
376 916
377 921
378 906
379 918
380 916
381 925
382 927
383 930
384 927
385 942
386 934
387 940
388 950
389 960
390 965
391 949
392 963
393 952
394 956
395 967
396 955
397 967
398 966
399 969
400 979
401 992
402 980
403 990
404 997
405 996
406 1009
407 994
408 998
409 1004
410 997
411 1012
412 1000
413 1006
414 1012
415 1011
416 1007
417 1018
418 1011
419 1020
420 1014
421 1024
422 1020
423 1027
424 1021
425 1031
426 1023
427 1035
428 1040
429 1042
430 1032
431 1047
432 1064
433 1049
434 1044
435 1050
436 1062
437 1054
438 1055
439 1052
440 1063
441 1058
442 1071
443 1076
444 1072
445 1090
446 1088
447 1083
448 1088
449 1094
450 1088
451 1084
452 1091
453 1102
454 1106
455 1110
456 1110
457 1121
458 1125
459 1133
460 1141
461 1129
462 1132
463 1137
464 1130
465 1142
466 1150
467 1142
468 1132
469 1142
470 1149
471 1151
472 1143
473 1140
474 1142
475 1161
476 1142
477 1147
478 1150
479 1158
480 1145
481 1156
482 1165
483 1151
484 1167
485 1164
486 1155
487 1163
488 1168
489 1157
490 1174
491 1165
492 1174
493 1177
494 1173
495 1187
496 1171
497 1187
498 1190
499 1201
500 1217
501 1180
