0 0
1 10
2 28
3 27
4 41
5 39
6 37
7 35
8 51
9 48
10 49
11 44
12 51
13 47
14 53
15 60
16 45
17 61
18 56
19 63
20 76
21 88
22 85
23 79
24 84
25 104
26 101
27 92
28 87
29 107
30 102
31 100
32 119
33 117
34 119
35 132
36 128
37 129
38 132
39 132
40 141
41 149
42 167
43 134
44 149
45 153
46 141
47 159
48 144
49 159
50 157
51 147
52 164
53 184
54 176
55 152
56 160
57 162
58 158
59 160
60 178
61 175
62 186
63 164
64 184
65 197
66 190
67 199
68 197
69 201
70 209
71 204
72 198
73 210
74 205
75 206
76 206
77 221
78 211
79 215
80 226
81 215
82 223
83 219
84 220
85 234
86 231
87 239
88 251
89 224
90 237
91 238
92 244
93 241
94 257
95 246
96 262
97 263
98 264
99 258
100 271
101 273
102 269
103 272
104 289
105 289
106 291
107 306
108 309
109 302
110 309
111 316
112 324
113 311
114 306
115 321
116 325
117 313
118 324
119 323
120 338
121 325
122 329
123 327
124 337
125 329
126 333
127 331
128 336
129 334
130 345
131 345
132 339
133 342
134 343
135 352
136 356
137 365
138 345
139 361
140 355
141 351
142 365
143 370
144 383
145 390
146 389
147 394
148 411
149 398
150 406
151 419
152 414
153 402
154 407
155 414
156 418
157 418
158 410
159 408
160 422
161 432
162 434
163 423
164 431
165 434
166 436
167 446
168 443
169 436
170 445
171 445
172 453
173 448
174 459
175 449
176 464
177 450
178 461
179 458
180 467
181 474
182 458
183 473
184 467
185 485
186 481
187 462
188 466
189 482
190 475
191 495
192 498
193 516
194 527
195 499
196 514
197 502
198 518
199 535
200 542
201 547
202 528
203 532
204 544
205 536
206 545
207 553
208 570
209 562
210 561
211 555
212 562
213 574
214 560
215 574
216 569
217 570
218 569
219 562
220 570
221 575
222 572
223 577
224 580
225 574
226 581
227 574
228 575
229 590
230 585
231 592
232 595
233 595
234 597
235 601
236 596
237 596
238 607
239 615
240 597
241 603
242 609
243 611
244 613
245 616
246 619
247 618
248 636
249 637
250 621
251 633
252 637
253 636
254 644
255 661
256 640
257 647
258 652
259 657
260 653
261 661
262 664
263 672
264 654
265 668
266 668
267 655
268 657
269 673
270 672
271 659
272 667
273 659
274 665
275 671
276 667
277 679
278 690
279 672
280 686
281 688
282 704
283 703
284 673
285 689
286 681
287 695
288 705
289 689
290 700
291 683
292 689
293 703
294 694
295 690
296 701
297 720
298 731
299 735
300 745
301 736
302 742
303 750
304 756
305 763
306 761
307 776
308 794
309 792
310 803
311 780
312 791
313 796
314 809
315 806
316 809
317 820
318 822
319 816
320 810
321 827
322 820
323 827
324 815
325 828
326 819
327 839
328 818
329 834
330 844
331 824
332 837
333 834
334 830
335 839
336 846
337 857
338 835
339 836
340 843
341 845
342 847
343 850
344 846
345 858
346 862
347 847
348 849
349 850
350 853
351 867
352 863
353 868
354 874
355 873
356 875
357 884
358 891
359 875
360 882
361 884
362 884
363 891
364 894
365 891
366 902
367 909
368 900
369 919
370 914
371 920
372 910
373 916
374 925
375 927
376 927
377 935
378 947
379 948
380 938
381 939
382 940
383 949
384 952
385 952
386 959
387 958
388 966
389 964
390 959
391 960
392 961
393 973
394 970
395 974
396 972
397 975
398 974
399 987
400 991
401 988
402 993
403 991
404 1008
405 995
406 1002
407 1009
408 1019
409 1021
410 1039
411 1006
412 1024
413 1043
414 1015
415 1032
416 1041
417 1045
418 1044
419 1044
420 1054
421 1059
422 1059
423 1062
424 1075
425 1070
426 1083
427 1085
428 1086
429 1090
430 1097
431 1111
432 1092
433 1101
434 1100
435 1093
436 1096
437 1105
438 1104
439 1116
440 1112
441 1129
442 1109
443 1127
444 1124
445 1141
446 1126
447 1130
448 1140
449 1137
450 1156
451 1145
452 1150
453 1162
454 1165
455 1151
456 1159
457 1156
458 1163
459 1153
460 1164
461 1170
462 1184
463 1172
464 1173
465 1192
466 1173
467 1189
468 1174
469 1182
470 1183
471 1179
472 1194
473 1180
474 1188
475 1180
476 1188
477 1192
478 1196
479 1208
480 1201
481 1207
482 1223
483 1201
484 1208
485 1219
486 1238
487 1217
488 1227
489 1231
490 1228
491 1233
492 1235
493 1248
494 1243
495 1254
496 1246
497 1251
498 1261
499 1256
500 1259
501 1257
