0 0
1 17
2 7
3 8
4 23
5 40
6 12
7 17
8 24
9 31
10 31
11 34
12 40
13 46
14 44
15 58
16 51
17 66
18 71
19 58
20 65
21 75
22 64
23 71
24 81
25 92
26 82
27 99
28 111
29 114
30 130
31 92
32 96
33 107
34 95
35 98
36 98
37 105
38 108
39 101
40 100
41 107
42 117
43 111
44 104
45 122
46 108
47 108
48 111
49 131
50 142
51 147
52 163
53 160
54 151
55 151
56 156
57 165
58 162
59 164
60 180
61 178
62 188
63 198
64 190
65 192
66 199
67 218
68 225
69 207
70 208
71 220
72 217
73 221
74 210
75 229
76 218
77 217
78 219
79 215
80 230
81 217
82 217
83 223
84 220
85 225
86 234
87 228
88 233
89 230
90 233
91 244
92 247
93 257
94 255
95 260
96 256
97 257
98 257
99 263
100 259
101 276
102 289
103 271
104 279
105 286
106 305
107 276
108 279
109 289
110 282
111 281
112 295
113 299
114 284
115 295
116 287
117 296
118 296
119 301
120 321
121 320
122 298
123 310
124 303
125 311
126 305
127 309
128 306
129 322
130 330
131 344
132 344
133 338
134 349
135 367
136 357
137 356
138 373
139 367
140 374
141 387
142 375
143 377
144 393
145 391
146 394
147 408
148 411
149 404
150 409
151 410
152 419
153 409
154 410
155 424
156 438
157 437
158 430
159 435
160 443
161 440
162 452
163 455
164 446
165 447
166 453
167 462
168 454
169 469
170 471
171 484
172 482
173 480
174 493
175 513
176 492
177 509
178 508
179 499
180 501
181 510
182 503
183 511
184 510
185 527
186 520
187 531
188 543
189 541
190 549
191 554
192 563
193 564
194 552
195 560
196 565
197 563
198 561
199 564
200 574
201 570
202 589
203 604
204 577
205 588
206 589
207 595
208 590
209 594
210 598
211 610
212 610
213 612
214 625
215 614
216 620
217 625
218 630
219 623
220 625
221 628
222 629
223 637
224 635
225 631
226 650
227 634
228 640
229 634
230 647
231 654
232 649
233 642
234 645
235 656
236 653
237 651
238 658
239 670
240 688
241 661
242 667
243 670
244 667
245 677
246 680
247 678
248 685
249 682
250 696
251 691
252 690
253 702
254 707
255 709
256 701
257 713
258 703
259 721
260 704
261 708
262 720
263 716
264 718
265 720
266 726
267 732
268 729
269 726
270 746
271 765
272 745
273 729
274 739
275 735
276 749
277 739
278 745
279 758
280 759
281 748
282 763
283 755
284 761
285 761
286 758
287 767
288 774
289 761
290 772
291 771
292 777
293 775
294 777
295 787
296 785
297 783
298 789
299 800
300 802
301 804
302 801
303 812
304 805
305 814
306 817
307 809
308 819
309 823
310 833
311 847
312 827
313 832
314 843
315 839
316 836
317 854
318 856
319 838
320 847
321 845
322 848
323 860
324 852
325 857
326 872
327 863
328 858
329 860
330 859
331 876
332 866
333 868
334 878
335 885
336 867
337 886
338 887
339 895
340 899
341 905
342 897
343 899
344 905
345 907
346 912
347 915
348 934
349 910
350 916
351 919
352 938
353 917
354 914
355 926
356 928
357 927
358 934
359 934
360 944
361 945
362 955
363 968
364 971
365 953
366 954
367 956
368 971
369 961
370 971
371 980
372 968
373 975
374 979
375 984
376 979
377 983
378 992
379 997
380 993
381 988
382 993
383 993
384 996
385 1003
386 1010
387 1022
388 1013
389 1014
390 1017
391 1014
392 1028
393 1022
394 1019
395 1029
396 1039
397 1024
398 1041
399 1022
400 1030
401 1042
402 1041
403 1034
404 1048
405 1064
406 1047
407 1050
408 1041
409 1048
410 1049
411 1052
412 1064
413 1050
414 1054
415 1073
416 1067
417 1073
418 1059
419 1062
420 1063
421 1067
422 1071
423 1072
424 1086
425 1069
426 1079
427 1070
428 1078
429 1088
430 1088
431 1085
432 1090
433 1103
434 1099
435 1106
436 1102
437 1109
438 1108
439 1119
440 1122
441 1128
442 1131
443 1113
444 1124
445 1129
446 1130
447 1149
448 1148
449 1135
450 1139
451 1147
452 1152
453 1155
454 1150
455 1166
456 1182
457 1167
458 1163
459 1165
460 1179
461 1165
462 1167
463 1179
464 1178
465 1195
466 1180
467 1188
468 1194
469 1209
470 1192
471 1202
472 1212
473 1211
474 1207
475 1206
476 1216
477 1218
478 1210
479 1211
480 1219
481 1219
482 1220
483 1237
484 1243
485 1259
486 1259
487 1245
488 1258
489 1275
490 1263
491 1250
492 1260
493 1260
494 1262
495 1262
496 1266
497 1278
498 1271
499 1284
500 1274
501 1287
