0 0
1 14
2 32
3 34
4 51
5 33
6 46
7 33
8 38
9 34
10 51
11 44
12 48
13 54
14 36
15 42
16 55
17 37
18 53
19 40
20 46
21 43
22 57
23 45
24 53
25 47
26 58
27 59
28 65
29 71
30 65
31 75
32 66
33 82
34 70
35 69
36 83
37 88
38 85
39 73
40 90
41 84
42 104
43 94
44 114
45 98
46 115
47 133
48 142
49 126
50 139
51 131
52 147
53 134
54 148
55 145
56 159
57 136
58 155
59 146
60 148
61 161
62 166
63 158
64 162
65 161
66 171
67 165
68 172
69 167
70 185
71 198
72 213
73 229
74 173
75 184
76 191
77 178
78 180
79 197
80 179
81 191
82 192
83 210
84 210
85 226
86 233
87 229
88 219
89 212
90 219
91 228
92 230
93 220
94 239
95 232
96 233
97 253
98 249
99 256
100 257
101 242
102 244
103 254
104 256
105 254
106 270
107 271
108 269
109 257
110 263
111 275
112 260
113 275
114 274
115 292
116 273
117 289
118 286
119 294
120 284
121 294
122 295
123 306
124 313
125 309
126 305
127 314
128 317
129 318
130 307
131 324
132 334
133 340
134 311
135 326
136 313
137 326
138 318
139 334
140 315
141 316
142 332
143 324
144 343
145 333
146 318
147 324
148 325
149 336
150 331
151 331
152 341
153 353
154 356
155 370
156 351
157 361
158 357
159 364
160 374
161 372
162 377
163 376
164 375
165 375
166 389
167 386
168 390
169 392
170 391
171 398
172 410
173 415
174 427
175 393
176 406
177 415
178 403
179 413
180 422
181 423
182 416
183 436
184 425
185 422
186 424
187 419
188 427
189 447
190 432
191 429
192 439
193 444
194 442
195 439
196 445
197 442
198 447
199 440
200 454
201 443
202 447
203 449
204 458
205 463
206 466
207 463
208 473
209 484
210 482
211 497
212 471
213 474
214 482
215 490
216 494
217 490
218 478
219 479
220 494
221 511
222 490
223 501
224 496
225 494
226 495
227 499
228 505
229 499
230 510
231 510
232 510
233 506
234 512
235 514
236 522
237 521
238 523
239 524
240 535
241 541
242 531
243 537
244 539
245 546
246 537
247 555
248 555
249 556
250 542
251 541
252 552
253 551
254 555
255 555
256 552
257 565
258 560
259 574
260 588
261 585
262 598
263 604
264 595
265 606
266 596
267 611
268 607
269 613
270 615
271 614
272 619
273 625
274 631
275 632
276 647
277 628
278 629
279 645
280 634
281 647
282 652
283 668
284 661
285 678
286 685
287 668
288 675
289 677
290 671
291 687
292 690
293 691
294 702
295 722
296 709
297 697
298 695
299 712
300 705
301 723
302 733
303 721
304 716
305 720
306 729
307 717
308 723
309 726
310 736
311 729
312 745
313 736
314 740
315 750
316 748
317 755
318 767
319 769
320 771
321 773
322 757
323 775
324 759
325 770
326 776
327 773
328 765
329 769
330 784
331 780
332 770
333 775
334 780
335 784
336 790
337 787
338 790
339 800
340 793
341 808
342 803
343 801
344 814
345 816
346 813
347 829
348 823
349 814
350 828
351 832
352 818
353 817
354 823
355 829
356 841
357 837
358 838
359 854
360 837
361 838
362 847
363 851
364 854
365 848
366 850
367 862
368 863
369 860
370 875
371 865
372 870
373 869
374 865
375 879
376 894
377 880
378 880
379 887
380 883
381 889
382 891
383 896
384 905
385 911
386 908
387 918
388 937
389 929
390 916
391 917
392 927
393 929
394 921
395 922
396 924
397 925
398 942
399 938
400 954
401 942
402 954
403 944
404 952
405 948
406 960
407 952
408 956
409 958
410 970
411 964
412 970
413 968
414 977
415 972
416 975
417 988
418 978
419 980
420 989
421 997
422 981
423 991
424 990
425 1001
426 1005
427 993
428 1003
429 1002
430 1011
431 1023
432 1009
433 1010
434 1008
435 1013
436 1009
437 1020
438 1011
439 1013
440 1018
441 1018
442 1038
443 1015
444 1034
445 1027
446 1034
447 1036
448 1049
449 1047
450 1047
451 1044
452 1049
453 1057
454 1068
455 1050
456 1058
457 1063
458 1058
459 1060
460 1064
461 1071
462 1068
463 1075
464 1073
465 1065
466 1080
467 1078
468 1098
469 1079
470 1067
471 1080
472 1074
473 1082
474 1080
475 1076
476 1080
477 1079
478 1086
479 1088
480 1101
481 1082
482 1093
483 1090
484 1092
485 1095
486 1094
487 1107
488 1099
489 1100
490 1108
491 1105
492 1107
493 1117
494 1120
495 1124
496 1140
497 1123
498 1125
499 1136
500 1142
501 1161
502 1139
503 1133
504 1143
505 1149
506 1146
507 1151
508 1163
509 1167
510 1183
511 1195
512 1197
513 1180
514 1190
515 1207
516 1182
517 1196
518 1188
519 1202
520 1193
521 1201
522 1196
523 1199
524 1206
525 1200
526 1207
527 1203
528 1210
529 1212
530 1231
531 1213
532 1233
533 1221
534 1218
535 1225
536 1229
537 1238
538 1246
539 1252
540 1237
541 1245
542 1241
543 1257
544 1249
545 1251
546 1263
547 1269
548 1264
549 1269
550 1264
551 1271
552 1281
553 1285
554 1275
555 1274
556 1278
557 1287
558 1278
559 1288
560 1291
561 1293
562 1302
563 1299
564 1302
565 1306
566 1311
567 1309
568 1306
569 1326
570 1333
571 1323
572 1324
573 1335
574 1340
575 1349
576 1328
577 1338
578 1346
579 1335
580 1329
581 1344
582 1342
583 1348
584 1343
585 1353
586 1349
587 1367
588 1361
589 1359
590 1362
591 1362
592 1374
593 1374
594 1373
595 1383
596 1393
597 1375
598 1386
599 1384
600 1391
601 1386
602 1392
603 1388
604 1391
605 1390
606 1404
607 1407
608 1415
609 1424
610 1434
611 1442
612 1426
613 1428
614 1437
615 1445
616 1430
617 1435
618 1447
619 1449
620 1458
621 1438
622 1436
623 1449
624 1443
625 1443
626 1456
627 1459
628 1453
629 1461
630 1454
631 1457
632 1465
633 1473
634 1468
635 1469
636 1472
637 1476
638 1471
639 1477
640 1478
641 1478
642 1480
643 1496
644 1508
645 1511
646 1513
647 1516
648 1527
649 1526
650 1530
651 1537
652 1530
653 1532
654 1532
655 1533
656 1535
657 1547
658 1539
659 1538
660 1547
661 1540
662 1549
663 1549
664 1545
665 1553
666 1554
667 1555
668 1548
669 1561
670 1568
671 1554
672 1574
673 1567
674 1586
675 1584
676 1569
677 1587
678 1586
679 1604
680 1576
681 1586
682 1588
683 1592
684 1608
685 1612
686 1606
687 1624
688 1594
689 1600
690 1599
691 1600
692 1614
693 1601
694 1618
695 1613
696 1618
697 1638
698 1629
699 1635
700 1635
701 1648
702 1648
703 1663
704 1649
705 1665
706 1652
707 1661
708 1676
709 1664
710 1669
711 1662
712 1665
713 1672
714 1678
715 1691
716 1673
717 1671
718 1680
719 1672
720 1684
721 1686
722 1694
723 1690
724 1683
725 1687
726 1692
727 1697
728 1702
729 1694
730 1700
731 1701
732 1708
733 1702
734 1709
735 1705
736 1703
737 1720
738 1710
739 1720
740 1738
741 1715
742 1727
743 1733
744 1730
745 1734
746 1731
747 1732
748 1738
749 1744
750 1762
751 1752
752 1756
753 1740
754 1747
755 1756
756 1757
757 1767
758 1761
759 1771
760 1782
761 1778
762 1780
763 1789
764 1782
765 1796
766 1792
767 1805
768 1811
769 1794
770 1804
771 1795
772 1801
773 1815
774 1812
775 1799
776 1819
777 1837
778 1801
779 1814
780 1807
781 1819
782 1823
783 1823
784 1818
785 1834
786 1831
787 1838
788 1823
789 1822
790 1828
791 1836
792 1835
793 1849
794 1851
795 1840
796 1844
797 1838
798 1848
799 1847
800 1852
801 1861
802 1869
803 1851
804 1865
805 1870
806 1888
807 1889
808 1895
809 1896
810 1899
811 1901
812 1905
813 1908
814 1922
815 1920
816 1940
817 1907
818 1915
819 1914
820 1925
821 1942
822 1945
823 1960
824 1946
825 1961
826 1965
827 1954
828 1958
829 1962
830 1961
831 1977
832 1970
833 1977
834 1988
835 1979
836 1985
837 1981
838 1994
839 1994
840 2010
841 1992
842 1989
843 1995
844 2008
845 1996
846 1999
847 2016
848 2026
849 2044
850 2007
851 2019
852 2035
853 2008
854 2024
855 2025
856 2044
857 2046
858 2038
859 2058
860 2055
861 2074
862 2091
863 2076
864 2063
865 2074
866 2074
867 2076
868 2077
869 2092
870 2081
871 2080
872 2084
873 2090
874 2097
875 2099
876 2091
877 2103
878 2108
879 2108
880 2123
881 2110
882 2122
883 2113
884 2116
885 2118
886 2122
887 2119
888 2117
889 2118
890 2118
891 2136
892 2137
893 2124
894 2143
895 2142
896 2130
897 2149
898 2135
899 2147
900 2160
901 2162
902 2148
903 2149
904 2162
905 2164
906 2162
907 2157
908 2150
909 2151
910 2161
911 2154
912 2170
913 2163
914 2156
915 2166
916 2173
917 2180
918 2162
919 2168
920 2181
921 2196
922 2188
923 2197
924 2185
925 2201
926 2186
927 2201
928 2203
929 2212
930 2188
931 2201
932 2208
933 2220
934 2215
935 2229
936 2230
937 2224
938 2222
939 2227
940 2236
941 2247
942 2228
943 2247
944 2259
945 2247
946 2264
947 2254
948 2267
949 2262
950 2273
951 2274
952 2289
953 2269
954 2277
955 2289
956 2297
957 2286
958 2284
959 2289
960 2292
961 2303
962 2311
963 2325
964 2313
965 2317
966 2318
967 2327
968 2329
969 2322
970 2327
971 2340
972 2330
973 2333
974 2342
975 2339
976 2352
977 2341
978 2334
979 2350
980 2340
981 2345
982 2348
983 2349
984 2351
985 2356
986 2362
987 2364
988 2360
989 2352
990 2366
991 2360
992 2377
993 2375
994 2361
995 2377
996 2363
997 2365
998 2366
999 2383
1000 2383
1001 2384
1002 2376
1003 2384
1004 2384
1005 2392
1006 2398
1007 2390
1008 2385
1009 2404
1010 2389
1011 2396
1012 2402
1013 2399
1014 2408
1015 2411
1016 2403
1017 2409
1018 2414
1019 2414
1020 2408
1021 2423
1022 2443
1023 2409
1024 2419
1025 2416
1026 2431
1027 2420
1028 2424
1029 2421
1030 2422
1031 2424
1032 2435
1033 2436
1034 2437
1035 2423
1036 2426
1037 2439
1038 2431
1039 2428
1040 2430
1041 2434
1042 2444
1043 2439
1044 2444
1045 2439
1046 2458
1047 2452
1048 2462
1049 2452
1050 2455
1051 2463
1052 2466
1053 2462
1054 2459
1055 2465
1056 2477
1057 2469
1058 2486
1059 2490
1060 2477
1061 2482
1062 2481
1063 2491
1064 2478
1065 2490
1066 2480
1067 2495
1068 2494
1069 2483
1070 2491
1071 2492
1072 2509
1073 2494
1074 2496
1075 2510
1076 2528
1077 2509
1078 2522
1079 2524
1080 2521
1081 2527
1082 2512
1083 2531
1084 2537
1085 2516
1086 2525
1087 2538
1088 2527
1089 2528
1090 2538
1091 2527
1092 2545
1093 2531
1094 2541
1095 2530
1096 2541
1097 2555
1098 2545
1099 2551
1100 2560
1101 2557
1102 2551
1103 2559
1104 2557
1105 2561
1106 2571
1107 2571
1108 2590
1109 2561
1110 2567
1111 2572
1112 2579
1113 2567
1114 2572
1115 2571
1116 2583
1117 2584
1118 2579
1119 2580
1120 2590
1121 2608
1122 2592
1123 2599
1124 2597
1125 2610
1126 2621
1127 2616
1128 2621
1129 2607
1130 2617
1131 2611
1132 2610
1133 2628
1134 2637
1135 2638
1136 2648
1137 2623
1138 2635
1139 2625
1140 2641
1141 2643
1142 2627
1143 2643
1144 2643
1145 2629
1146 2640
1147 2630
1148 2641
1149 2638
1150 2636
1151 2644
1152 2650
1153 2658
1154 2653
1155 2651
1156 2667
1157 2662
1158 2652
1159 2661
1160 2671
1161 2653
1162 2661
1163 2667
1164 2672
1165 2676
1166 2680
1167 2677
1168 2680
1169 2689
1170 2697
1171 2695
1172 2707
1173 2702
1174 2691
1175 2696
1176 2712
1177 2708
1178 2719
1179 2738
1180 2714
1181 2727
1182 2716
1183 2718
1184 2726
1185 2719
1186 2717
1187 2727
1188 2735
1189 2730
1190 2731
1191 2718
1192 2737
1193 2734
1194 2749
1195 2749
1196 2753
1197 2765
1198 2784
1199 2758
1200 2772
1201 2780
1202 2767
1203 2782
1204 2783
1205 2772
1206 2785
1207 2784
1208 2794
1209 2786
1210 2798
1211 2788
1212 2805
1213 2818
1214 2822
1215 2795
1216 2810
1217 2815
1218 2819
1219 2827
1220 2804
1221 2824
1222 2806
1223 2815
1224 2807
1225 2812
1226 2811
1227 2811
1228 2822
1229 2826
1230 2817
1231 2814
1232 2824
1233 2816
1234 2831
1235 2832
1236 2846
1237 2822
1238 2833
1239 2830
1240 2836
1241 2833
1242 2846
1243 2847
1244 2842
1245 2852
1246 2846
1247 2858
1248 2862
1249 2848
1250 2862
1251 2853
1252 2866
1253 2864
1254 2861
1255 2854
1256 2860
1257 2878
1258 2894
1259 2857
1260 2877
1261 2867
1262 2884
1263 2885
1264 2872
1265 2891
1266 2878
1267 2884
1268 2884
1269 2881
1270 2879
1271 2897
1272 2913
1273 2886
1274 2899
1275 2887
1276 2903
1277 2905
1278 2911
1279 2896
1280 2904
1281 2911
1282 2905
1283 2908
1284 2913
1285 2913
1286 2912
1287 2913
1288 2921
1289 2925
1290 2923
1291 2931
1292 2925
1293 2933
1294 2940
1295 2939
1296 2956
1297 2945
1298 2948
1299 2952
1300 2956
1301 2954
1302 2966
1303 2968
1304 2982
1305 2977
1306 2979
1307 2969
1308 2973
1309 2975
1310 2991
1311 2979
1312 2982
1313 2982
1314 2987
1315 3000
1316 3006
1317 3024
1318 3019
1319 2993
1320 3000
1321 3005
1322 3018
1323 3019
1324 3007
1325 3016
1326 3016
1327 3018
1328 3032
1329 3023
1330 3043
1331 3029
1332 3038
1333 3038
1334 3044
1335 3051
1336 3048
1337 3039
1338 3046
1339 3045
1340 3048
1341 3061
1342 3060
1343 3063
1344 3053
1345 3055
1346 3056
1347 3064
1348 3058
1349 3074
1350 3062
1351 3070
1352 3076
1353 3086
1354 3087
1355 3088
1356 3072
1357 3077
1358 3080
1359 3082
1360 3073
1361 3075
1362 3086
1363 3095
1364 3091
1365 3098
1366 3115
1367 3107
1368 3109
1369 3127
1370 3106
1371 3107
1372 3118
1373 3136
1374 3109
1375 3121
1376 3128
1377 3125
1378 3139
1379 3128
1380 3128
1381 3139
1382 3143
1383 3150
1384 3139
1385 3147
1386 3155
1387 3159
1388 3154
1389 3174
1390 3166
1391 3163
1392 3174
1393 3183
1394 3173
1395 3167
1396 3182
1397 3175
1398 3195
1399 3189
1400 3198
1401 3200
1402 3202
1403 3214
1404 3211
1405 3220
1406 3211
1407 3220
1408 3214
1409 3224
1410 3216
1411 3218
1412 3216
1413 3232
1414 3218
1415 3235
1416 3242
1417 3253
1418 3237
1419 3226
1420 3230
1421 3236
1422 3234
1423 3231
1424 3235
1425 3243
1426 3246
1427 3249
1428 3259
1429 3265
1430 3258
1431 3274
1432 3250
1433 3269
1434 3264
1435 3267
1436 3268
1437 3285
1438 3283
1439 3285
1440 3294
1441 3289
1442 3291
1443 3295
1444 3303
1445 3295
1446 3304
1447 3292
1448 3305
1449 3306
1450 3294
1451 3296
1452 3308
1453 3309
1454 3316
1455 3331
1456 3312
1457 3325
1458 3313
1459 3328
1460 3331
1461 3324
1462 3330
1463 3332
1464 3336
1465 3331
1466 3347
1467 3354
1468 3340
1469 3341
1470 3356
1471 3342
1472 3353
1473 3347
1474 3355
1475 3355
1476 3363
1477 3358
1478 3359
1479 3377
1480 3367
1481 3359
1482 3373
1483 3367
1484 3369
1485 3367
1486 3368
1487 3381
1488 3382
1489 3371
1490 3370
1491 3388
1492 3387
1493 3379
1494 3385
1495 3387
1496 3392
1497 3394
1498 3393
1499 3395
1500 3392
1501 3399
1502 3404
1503 3419
1504 3419
1505 3407
1506 3410
1507 3427
1508 3421
1509 3418
1510 3421
1511 3421
1512 3427
1513 3432
1514 3437
1515 3429
1516 3446
1517 3431
1518 3442
1519 3431
1520 3444
1521 3437
1522 3457
1523 3444
1524 3443
1525 3458
1526 3456
1527 3476
1528 3496
1529 3457
1530 3464
1531 3466
1532 3459
1533 3476
1534 3479
1535 3472
1536 3479
1537 3474
1538 3475
1539 3487
1540 3493
1541 3485
1542 3492
1543 3505
1544 3494
1545 3488
1546 3493
1547 3504
1548 3494
1549 3512
1550 3499
1551 3505
1552 3509
1553 3502
1554 3520
1555 3513
1556 3507
1557 3518
1558 3524
1559 3526
1560 3524
1561 3537
1562 3527
1563 3527
1564 3537
1565 3528
1566 3537
1567 3550
1568 3552
1569 3563
1570 3567
1571 3572
1572 3571
1573 3560
1574 3571
1575 3573
1576 3573
1577 3566
1578 3567
1579 3576
1580 3592
1581 3582
1582 3577
1583 3578
1584 3586
1585 3606
1586 3584
1587 3594
1588 3594
1589 3591
1590 3588
1591 3595
1592 3600
1593 3604
1594 3603
1595 3605
1596 3618
1597 3626
1598 3619
1599 3636
1600 3638
1601 3626
1602 3638
1603 3636
1604 3652
1605 3627
1606 3636
1607 3643
1608 3641
1609 3632
1610 3640
1611 3645
1612 3645
1613 3633
1614 3644
1615 3649
1616 3637
1617 3641
1618 3642
1619 3647
1620 3651
1621 3647
1622 3655
1623 3651
1624 3653
1625 3669
1626 3662
1627 3675
1628 3677
1629 3668
1630 3670
1631 3676
1632 3683
1633 3697
1634 3691
1635 3688
1636 3702
1637 3697
1638 3699
1639 3693
1640 3696
1641 3700
1642 3705
1643 3722
1644 3709
1645 3706
1646 3710
1647 3714
1648 3722
1649 3740
1650 3742
1651 3749
1652 3743
1653 3726
1654 3738
1655 3758
1656 3743
1657 3763
1658 3762
1659 3775
1660 3744
1661 3744
1662 3759
1663 3755
1664 3752
1665 3765
1666 3763
1667 3767
1668 3759
1669 3768
1670 3770
1671 3774
1672 3775
1673 3784
1674 3793
1675 3788
1676 3793
1677 3810
1678 3802
1679 3804
1680 3818
1681 3801
1682 3819
1683 3815
1684 3808
1685 3810
1686 3814
1687 3811
1688 3822
1689 3815
1690 3820
1691 3826
1692 3825
1693 3842
1694 3819
1695 3822
1696 3838
1697 3829
1698 3837
1699 3825
1700 3835
1701 3836
1702 3841
1703 3839
1704 3841
1705 3852
1706 3850
1707 3845
1708 3859
1709 3860
1710 3866
1711 3873
1712 3873
1713 3877
1714 3874
1715 3883
1716 3893
1717 3874
1718 3882
1719 3882
1720 3881
1721 3891
1722 3885
1723 3903
1724 3897
1725 3890
1726 3896
1727 3906
1728 3910
1729 3907
1730 3912
1731 3909
1732 3915
1733 3924
1734 3917
1735 3917
1736 3932
1737 3936
1738 3934
1739 3946
1740 3951
1741 3968
1742 3953
1743 3967
1744 3962
1745 3965
1746 3977
1747 3991
1748 3982
1749 3997
1750 3983
1751 3997
1752 3998
1753 3997
1754 3985
1755 3987
1756 3989
1757 3994
1758 4004
1759 3991
1760 4003
1761 4021
1762 4022
1763 3995
1764 4012
1765 4013
1766 4014
1767 4032
1768 4034
1769 4033
1770 4032
1771 4052
1772 4037
1773 4033
1774 4050
1775 4063
1776 4072
1777 4063
1778 4072
1779 4083
1780 4074
1781 4089
1782 4089
1783 4090
1784 4109
1785 4115
1786 4116
1787 4123
1788 4118
1789 4135
1790 4139
1791 4149
1792 4131
1793 4136
1794 4149
1795 4142
1796 4145
1797 4163
1798 4145
1799 4159
1800 4170
1801 4186
1802 4198
1803 4169
1804 4171
1805 4174
1806 4171
1807 4182
1808 4175
1809 4182
1810 4194
1811 4178
1812 4196
1813 4216
1814 4192
1815 4206
1816 4195
1817 4198
1818 4200
1819 4203
1820 4207
1821 4211
1822 4206
1823 4208
1824 4223
1825 4219
1826 4208
1827 4214
1828 4222
1829 4227
1830 4242
1831 4209
1832 4227
1833 4222
1834 4222
1835 4218
1836 4220
1837 4226
1838 4230
1839 4228
1840 4236
1841 4225
1842 4228
1843 4239
1844 4241
1845 4233
1846 4243
1847 4239
1848 4254
1849 4258
1850 4258
1851 4278
1852 4260
1853 4267
1854 4278
1855 4272
1856 4278
1857 4298
1858 4283
1859 4301
1860 4293
1861 4290
1862 4303
1863 4296
1864 4294
1865 4307
1866 4308
1867 4315
1868 4331
1869 4314
1870 4316
1871 4317
1872 4332
1873 4332
1874 4338
1875 4325
1876 4334
1877 4342
1878 4357
1879 4352
1880 4355
1881 4374
1882 4380
1883 4353
1884 4371
1885 4375
1886 4366
1887 4373
1888 4363
1889 4372
1890 4379
1891 4383
1892 4365
1893 4382
1894 4378
1895 4371
1896 4382
1897 4387
1898 4386
1899 4388
1900 4387
1901 4405
1902 4424
1903 4417
1904 4429
1905 4446
1906 4434
1907 4443
1908 4440
1909 4460
1910 4438
1911 4440
1912 4444
1913 4449
1914 4461
1915 4455
1916 4465
1917 4459
1918 4460
1919 4462
1920 4475
1921 4480
1922 4475
1923 4479
1924 4495
1925 4480
1926 4493
1927 4505
1928 4485
1929 4487
1930 4503
1931 4497
1932 4515
1933 4500
1934 4509
1935 4516
1936 4528
1937 4512
1938 4509
1939 4527
1940 4513
1941 4515
1942 4518
1943 4519
1944 4522
1945 4538
1946 4523
1947 4531
1948 4529
1949 4546
1950 4537
1951 4533
1952 4530
1953 4532
1954 4537
1955 4533
1956 4539
1957 4546
1958 4543
1959 4559
1960 4537
1961 4548
1962 4542
1963 4540
1964 4542
1965 4561
1966 4577
1967 4542
1968 4554
1969 4544
1970 4562
1971 4552
1972 4561
1973 4567
1974 4558
1975 4562
1976 4553
1977 4569
1978 4573
1979 4562
1980 4580
1981 4564
1982 4572
1983 4574
1984 4583
1985 4591
1986 4599
1987 4607
1988 4608
1989 4587
1990 4588
1991 4599
1992 4593
1993 4604
1994 4594
1995 4597
1996 4613
1997 4603
1998 4612
1999 4601
2000 4609
2001 4624
2002 4609
2003 4613
2004 4620
2005 4624
2006 4628
2007 4624
2008 4628
2009 4644
2010 4639
2011 4630
2012 4632
2013 4640
2014 4642
2015 4659
2016 4661
2017 4674
2018 4661
2019 4671
2020 4670
2021 4670
2022 4679
2023 4672
2024 4684
2025 4673
2026 4693
2027 4678
2028 4678
2029 4681
2030 4694
2031 4683
2032 4694
2033 4698
2034 4705
2035 4705
2036 4723
2037 4713
2038 4699
2039 4707
2040 4716
2041 4706
2042 4721
2043 4718
2044 4737
2045 4715
2046 4718
2047 4721
2048 4725
2049 4734
2050 4746
2051 4726
2052 4728
2053 4731
2054 4738
2055 4731
2056 4743
2057 4745
2058 4757
2059 4754
2060 4769
2061 4766
2062 4773
2063 4774
2064 4779
2065 4794
2066 4781
2067 4784
2068 4778
2069 4791
2070 4788
2071 4805
2072 4794
2073 4789
2074 4803
2075 4807
2076 4790
2077 4793
2078 4801
2079 4802
2080 4807
2081 4809
2082 4820
2083 4819
2084 4838
2085 4834
2086 4810
2087 4830
2088 4818
2089 4814
2090 4822
2091 4825
2092 4826
2093 4826
2094 4839
2095 4842
2096 4836
2097 4844
2098 4839
2099 4856
2100 4867
2101 4842
2102 4862
2103 4849
2104 4851
2105 4855
2106 4856
2107 4863
2108 4859
2109 4860
2110 4858
2111 4864
2112 4871
2113 4860
2114 4869
2115 4864
2116 4882
2117 4870
2118 4877
2119 4894
2120 4901
2121 4909
2122 4880
2123 4896
2124 4899
2125 4887
2126 4907
2127 4897
2128 4901
2129 4894
2130 4905
2131 4923
2132 4925
2133 4906
2134 4908
2135 4925
2136 4915
2137 4913
2138 4924
2139 4918
2140 4932
2141 4931
2142 4930
2143 4940
2144 4924
2145 4939
2146 4952
2147 4926
2148 4944
2149 4940
2150 4949
2151 4957
2152 4941
2153 4956
2154 4961
2155 4951
2156 4945
2157 4950
2158 4960
2159 4957
2160 4949
2161 4965
2162 4956
2163 4950
2164 4954
2165 4958
2166 4970
2167 4970
2168 4956
2169 4962
2170 4959
2171 4963
2172 4958
2173 4971
2174 4975
2175 4986
2176 4976
2177 4995
2178 4988
2179 4978
2180 4985
2181 4988
2182 4989
2183 4997
2184 4984
2185 4992
2186 4990
2187 4985
2188 4988
2189 5002
2190 5006
2191 4988
2192 5005
2193 4996
2194 5007
2195 5001
2196 5006
2197 5015
2198 5015
2199 5019
2200 5025
2201 5016
2202 5027
2203 5023
2204 5029
2205 5027
2206 5038
2207 5051
2208 5029
2209 5034
2210 5043
2211 5046
2212 5042
2213 5035
2214 5035
2215 5042
2216 5037
2217 5051
2218 5054
2219 5047
2220 5059
2221 5065
2222 5056
2223 5076
2224 5062
2225 5071
2226 5068
2227 5081
2228 5085
2229 5094
2230 5101
2231 5117
2232 5116
2233 5112
2234 5106
2235 5110
2236 5119
2237 5116
2238 5134
2239 5126
2240 5127
2241 5139
2242 5132
2243 5139
2244 5138
2245 5144
2246 5153
2247 5158
2248 5147
2249 5158
2250 5165
2251 5150
2252 5153
2253 5168
2254 5172
2255 5160
2256 5163
2257 5169
2258 5173
2259 5178
2260 5193
2261 5195
2262 5207
2263 5181
2264 5184
2265 5201
2266 5201
2267 5215
2268 5230
2269 5222
2270 5216
2271 5210
2272 5225
2273 5213
2274 5229
2275 5229
2276 5223
2277 5228
2278 5240
2279 5234
2280 5233
2281 5227
2282 5245
2283 5236
2284 5237
2285 5244
2286 5252
2287 5249
2288 5262
2289 5251
2290 5261
2291 5260
2292 5252
2293 5267
2294 5268
2295 5266
2296 5261
2297 5264
2298 5266
2299 5262
2300 5278
2301 5276
2302 5285
2303 5290
2304 5290
2305 5294
2306 5278
2307 5279
2308 5282
2309 5282
2310 5290
2311 5309
2312 5291
2313 5294
2314 5311
2315 5299
2316 5302
2317 5317
2318 5313
2319 5304
2320 5310
2321 5307
2322 5318
2323 5325
2324 5313
2325 5321
2326 5332
2327 5337
2328 5322
2329 5329
2330 5343
2331 5323
2332 5328
2333 5341
2334 5331
2335 5337
2336 5335
2337 5347
2338 5348
2339 5345
2340 5344
2341 5339
2342 5350
2343 5347
2344 5361
2345 5379
2346 5355
2347 5361
2348 5373
2349 5362
2350 5358
2351 5369
2352 5359
2353 5365
2354 5368
2355 5379
2356 5388
2357 5376
2358 5378
2359 5383
2360 5387
2361 5400
2362 5389
2363 5404
2364 5407
2365 5396
2366 5404
2367 5412
2368 5424
2369 5415
2370 5412
2371 5417
2372 5432
2373 5452
2374 5453
2375 5435
2376 5438
2377 5439
2378 5445
2379 5446
2380 5449
2381 5460
2382 5463
2383 5461
2384 5474
2385 5483
2386 5490
2387 5481
2388 5481
2389 5488
2390 5486
2391 5497
2392 5490
2393 5509
2394 5502
2395 5519
2396 5537
2397 5513
2398 5522
2399 5514
2400 5516
2401 5517
2402 5520
2403 5529
2404 5535
2405 5536
2406 5540
2407 5549
2408 5540
2409 5549
2410 5554
2411 5552
2412 5552
2413 5562
2414 5567
2415 5564
2416 5580
2417 5575
2418 5581
2419 5591
2420 5585
2421 5590
2422 5585
2423 5603
2424 5609
2425 5600
2426 5590
2427 5607
2428 5601
2429 5609
2430 5617
2431 5608
2432 5615
2433 5625
2434 5635
2435 5613
2436 5618
2437 5623
2438 5620
2439 5630
2440 5649
2441 5643
2442 5643
2443 5633
2444 5638
2445 5646
2446 5649
2447 5661
2448 5662
2449 5665
2450 5676
2451 5679
2452 5678
2453 5682
2454 5689
2455 5690
2456 5693
2457 5712
2458 5730
2459 5707
2460 5708
2461 5704
2462 5708
2463 5718
2464 5712
2465 5707
2466 5724
2467 5722
2468 5729
2469 5738
2470 5747
2471 5737
2472 5733
2473 5741
2474 5753
2475 5749
2476 5747
2477 5757
2478 5750
2479 5756
2480 5764
2481 5762
2482 5769
2483 5778
2484 5775
2485 5773
2486 5787
2487 5791
2488 5791
2489 5805
2490 5784
2491 5795
2492 5787
2493 5798
2494 5807
2495 5805
2496 5821
2497 5802
2498 5815
2499 5817
2500 5809
2501 5806
2502 5807
2503 5823
2504 5818
2505 5825
2506 5845
2507 5818
2508 5824
2509 5821
2510 5837
2511 5835
2512 5837
2513 5852
2514 5865
2515 5872
2516 5853
2517 5854
2518 5863
2519 5854
2520 5860
2521 5858
2522 5867
2523 5864
2524 5865
2525 5884
2526 5872
2527 5888
2528 5875
2529 5888
2530 5891
2531 5882
2532 5876
2533 5892
2534 5893
2535 5893
2536 5899
2537 5904
2538 5908
2539 5906
2540 5919
2541 5920
2542 5922
2543 5933
2544 5911
2545 5928
2546 5926
2547 5927
2548 5934
2549 5917
2550 5930
2551 5938
2552 5931
2553 5936
2554 5947
2555 5944
2556 5948
2557 5953
2558 5953
2559 5954
2560 5956
2561 5959
2562 5967
2563 5968
2564 5976
2565 5987
2566 6007
2567 6009
2568 5997
2569 5989
2570 6004
2571 6004
2572 6017
2573 6002
2574 6014
2575 6020
2576 6021
2577 6021
2578 6032
2579 6026
2580 6036
2581 6047
2582 6033
2583 6048
2584 6041
2585 6042
2586 6050
2587 6060
2588 6070
2589 6059
2590 6068
2591 6069
2592 6079
2593 6089
2594 6081
2595 6088
2596 6096
2597 6090
2598 6089
2599 6103
2600 6093
2601 6098
2602 6112
2603 6113
2604 6114
2605 6125
2606 6099
2607 6107
2608 6110
2609 6106
2610 6117
2611 6122
2612 6113
2613 6109
2614 6126
2615 6112
2616 6123
2617 6128
2618 6114
2619 6124
2620 6124
2621 6119
2622 6129
2623 6138
2624 6125
2625 6135
2626 6147
2627 6127
2628 6130
2629 6134
2630 6147
2631 6149
2632 6159
2633 6138
2634 6145
2635 6149
2636 6151
2637 6153
2638 6158
2639 6169
2640 6170
2641 6184
2642 6170
2643 6168
2644 6179
2645 6170
2646 6178
2647 6177
2648 6180
2649 6181
2650 6190
2651 6194
2652 6190
2653 6196
2654 6215
2655 6228
2656 6237
2657 6205
2658 6217
2659 6216
2660 6218
2661 6233
2662 6213
2663 6228
2664 6224
2665 6219
2666 6222
2667 6224
2668 6244
2669 6228
2670 6233
2671 6225
2672 6233
2673 6243
2674 6240
2675 6252
2676 6249
2677 6247
2678 6243
2679 6263
2680 6274
2681 6251
2682 6254
2683 6260
2684 6258
2685 6259
2686 6266
2687 6262
2688 6272
2689 6272
2690 6276
2691 6279
2692 6278
2693 6275
2694 6294
2695 6314
2696 6305
2697 6290
2698 6301
2699 6307
2700 6318
2701 6316
2702 6331
2703 6340
2704 6331
2705 6324
2706 6325
2707 6329
2708 6341
2709 6329
2710 6349
2711 6360
2712 6354
2713 6338
2714 6351
2715 6358
2716 6350
2717 6352
2718 6361
2719 6362
2720 6359
2721 6362
2722 6368
2723 6371
2724 6388
2725 6389
2726 6378
2727 6396
2728 6398
2729 6405
2730 6398
2731 6407
2732 6418
2733 6424
2734 6418
2735 6430
2736 6410
2737 6427
2738 6429
2739 6428
2740 6444
2741 6411
2742 6431
2743 6451
2744 6415
2745 6424
2746 6431
2747 6421
2748 6429
2749 6423
2750 6437
2751 6436
2752 6439
2753 6431
2754 6432
2755 6435
2756 6437
2757 6446
2758 6447
2759 6449
2760 6462
2761 6457
2762 6459
2763 6465
2764 6462
2765 6473
2766 6464
2767 6466
2768 6467
2769 6476
2770 6484
2771 6485
2772 6502
2773 6500
2774 6496
2775 6486
2776 6504
2777 6490
2778 6496
2779 6492
2780 6508
2781 6505
2782 6520
2783 6503
2784 6505
2785 6517
2786 6523
2787 6524
2788 6518
2789 6522
2790 6534
2791 6536
2792 6528
2793 6527
2794 6532
2795 6530
2796 6528
2797 6548
2798 6543
2799 6547
2800 6545
2801 6561
2802 6561
2803 6554
2804 6564
2805 6556
2806 6562
2807 6564
2808 6564
2809 6582
2810 6567
2811 6575
2812 6568
2813 6586
2814 6595
2815 6602
2816 6602
2817 6620
2818 6612
2819 6603
2820 6620
2821 6611
2822 6616
2823 6623
2824 6606
2825 6621
2826 6627
2827 6637
2828 6620
2829 6628
2830 6629
2831 6622
2832 6632
2833 6629
2834 6636
2835 6624
2836 6641
2837 6636
2838 6641
2839 6638
2840 6648
2841 6651
2842 6649
2843 6648
2844 6661
2845 6653
2846 6650
2847 6653
2848 6653
2849 6666
2850 6656
2851 6659
2852 6669
2853 6656
2854 6669
2855 6680
2856 6674
2857 6681
2858 6691
2859 6688
2860 6691
2861 6681
2862 6683
2863 6686
2864 6698
2865 6693
2866 6699
2867 6707
2868 6717
2869 6706
2870 6708
2871 6711
2872 6723
2873 6717
2874 6723
2875 6720
2876 6728
2877 6722
2878 6734
2879 6751
2880 6735
2881 6732
2882 6744
2883 6740
2884 6758
2885 6749
2886 6746
2887 6749
2888 6764
2889 6783
2890 6798
2891 6757
2892 6753
2893 6762
2894 6778
2895 6755
2896 6775
2897 6784
2898 6756
2899 6775
2900 6770
2901 6786
2902 6770
2903 6784
2904 6777
2905 6785
2906 6794
2907 6787
2908 6786
2909 6803
2910 6792
2911 6802
2912 6805
2913 6788
2914 6789
2915 6789
2916 6802
2917 6808
2918 6808
2919 6797
2920 6816
2921 6822
2922 6810
2923 6813
2924 6822
2925 6840
2926 6824
2927 6839
2928 6830
2929 6825
2930 6828
2931 6842
2932 6833
2933 6848
2934 6835
2935 6835
2936 6846
2937 6852
2938 6855
2939 6861
2940 6855
2941 6859
2942 6863
2943 6875
2944 6874
2945 6868
2946 6886
2947 6876
2948 6883
2949 6887
2950 6896
2951 6878
2952 6890
2953 6894
2954 6884
2955 6898
2956 6898
2957 6890
2958 6906
2959 6900
2960 6894
2961 6897
2962 6898
2963 6907
2964 6924
2965 6915
2966 6923
2967 6913
2968 6927
2969 6932
2970 6917
2971 6935
2972 6934
2973 6934
2974 6948
2975 6926
2976 6929
2977 6942
2978 6933
2979 6945
2980 6932
2981 6943
2982 6944
2983 6958
2984 6974
2985 6942
2986 6957
2987 6951
2988 6944
2989 6954
2990 6964
2991 6961
2992 6961
2993 6950
2994 6965
2995 6971
2996 6962
2997 6961
2998 6952
2999 6968
3000 6955
3001 6963
3002 6955
3003 6960
3004 6963
3005 6962
3006 6974
3007 6969
3008 6963
3009 6967
3010 6963
3011 6964
3012 6983
3013 6964
3014 6981
3015 6966
3016 6970
3017 6982
3018 6967
3019 6981
3020 6987
3021 6983
3022 6987
3023 6993
3024 6987
3025 6990
3026 6993
3027 7006
3028 7011
3029 7021
3030 6996
3031 7003
3032 7010
3033 7026
3034 7003
3035 7010
3036 7021
3037 7024
3038 7031
3039 7038
3040 7034
3041 7034
3042 7045
3043 7042
3044 7046
3045 7045
3046 7053
3047 7053
3048 7059
3049 7068
3050 7055
3051 7074
3052 7056
3053 7073
3054 7076
3055 7081
3056 7066
3057 7073
3058 7084
3059 7076
3060 7074
3061 7088
3062 7090
3063 7078
3064 7097
3065 7081
3066 7100
3067 7116
3068 7095
3069 7091
3070 7096
3071 7110
3072 7100
3073 7110
3074 7107
3075 7103
3076 7110
3077 7116
3078 7104
3079 7111
3080 7116
3081 7132
3082 7112
3083 7122
3084 7119
3085 7130
3086 7128
3087 7147
3088 7128
3089 7121
3090 7135
3091 7135
3092 7144
3093 7134
3094 7152
3095 7153
3096 7140
3097 7157
3098 7154
3099 7162
3100 7177
3101 7158
3102 7173
3103 7175
3104 7171
3105 7184
3106 7181
3107 7178
3108 7196
3109 7182
3110 7201
3111 7219
3112 7205
3113 7219
3114 7225
3115 7233
3116 7217
3117 7211
3118 7215
3119 7234
3120 7234
3121 7228
3122 7242
3123 7231
3124 7248
3125 7239
3126 7234
3127 7241
3128 7260
3129 7278
3130 7247
3131 7267
3132 7250
3133 7252
3134 7261
3135 7264
3136 7284
3137 7287
3138 7256
3139 7273
3140 7273
3141 7285
3142 7276
3143 7275
3144 7279
3145 7280
3146 7292
3147 7286
3148 7293
3149 7310
3150 7297
3151 7295
3152 7306
3153 7300
3154 7309
3155 7305
3156 7300
3157 7307
3158 7316
3159 7311
3160 7302
3161 7317
3162 7327
3163 7328
3164 7322
3165 7340
3166 7335
3167 7354
3168 7344
3169 7355
3170 7361
3171 7377
3172 7364
3173 7366
3174 7357
3175 7367
3176 7364
3177 7364
3178 7366
3179 7373
3180 7376
3181 7368
3182 7381
3183 7379
3184 7377
3185 7387
3186 7387
3187 7382
3188 7390
3189 7393
3190 7396
3191 7398
3192 7398
3193 7403
3194 7396
3195 7400
3196 7401
3197 7406
3198 7416
3199 7421
3200 7436
3201 7428
3202 7433
3203 7424
3204 7444
3205 7451
3206 7436
3207 7425
3208 7426
3209 7432
3210 7445
3211 7433
3212 7452
3213 7438
3214 7440
3215 7451
3216 7447
3217 7449
3218 7453
3219 7454
3220 7457
3221 7449
3222 7466
3223 7462
3224 7473
3225 7471
3226 7490
3227 7466
3228 7477
3229 7483
3230 7490
3231 7485
3232 7500
3233 7485
3234 7486
3235 7486
3236 7501
3237 7505
3238 7488
3239 7491
3240 7490
3241 7496
3242 7505
3243 7504
3244 7508
3245 7495
3246 7515
3247 7510
3248 7517
3249 7516
3250 7510
3251 7521
3252 7524
3253 7525
3254 7536
3255 7518
3256 7523
3257 7542
3258 7521
3259 7522
3260 7528
3261 7539
3262 7523
3263 7526
3264 7538
3265 7537
3266 7540
3267 7543
3268 7544
3269 7552
3270 7549
3271 7554
3272 7548
3273 7550
3274 7549
3275 7553
3276 7556
3277 7554
3278 7560
3279 7566
3280 7572
3281 7586
3282 7585
3283 7565
3284 7585
3285 7567
3286 7573
3287 7585
3288 7586
3289 7589
3290 7598
3291 7580
3292 7593
3293 7592
3294 7594
3295 7590
3296 7603
3297 7623
3298 7610
3299 7616
3300 7611
3301 7629
3302 7618
3303 7620
3304 7617
3305 7623
3306 7629
3307 7637
3308 7642
3309 7661
3310 7660
3311 7657
3312 7648
3313 7658
3314 7660
3315 7665
3316 7664
3317 7668
3318 7672
3319 7674
3320 7683
3321 7672
3322 7677
3323 7674
3324 7690
3325 7676
3326 7689
3327 7685
3328 7681
3329 7677
3330 7684
3331 7691
3332 7688
3333 7705
3334 7697
3335 7693
3336 7693
3337 7707
3338 7718
3339 7709
3340 7721
3341 7712
3342 7722
3343 7738
3344 7725
3345 7724
3346 7729
3347 7736
3348 7730
3349 7739
3350 7727
3351 7731
3352 7734
3353 7741
3354 7735
3355 7741
3356 7739
3357 7754
3358 7752
3359 7757
3360 7742
3361 7747
3362 7756
3363 7746
3364 7754
3365 7764
3366 7750
3367 7768
3368 7756
3369 7770
3370 7773
3371 7768
3372 7778
3373 7792
3374 7779
3375 7792
3376 7784
3377 7794
3378 7786
3379 7794
3380 7788
3381 7799
3382 7797
3383 7808
3384 7809
3385 7793
3386 7799
3387 7804
3388 7805
3389 7817
3390 7821
3391 7800
3392 7806
3393 7816
3394 7823
3395 7808
3396 7812
3397 7816
3398 7815
3399 7831
3400 7825
3401 7835
3402 7851
3403 7827
3404 7837
3405 7837
3406 7842
3407 7845
3408 7843
3409 7857
3410 7857
3411 7858
3412 7865
3413 7875
3414 7879
3415 7879
3416 7867
3417 7872
3418 7886
3419 7869
3420 7885
3421 7884
3422 7881
3423 7883
3424 7887
3425 7885
3426 7901
3427 7911
3428 7888
3429 7898
3430 7894
3431 7907
3432 7891
3433 7907
3434 7923
3435 7924
3436 7895
3437 7904
3438 7904
3439 7919
3440 7904
3441 7910
3442 7920
3443 7911
3444 7919
3445 7918
3446 7921
3447 7936
3448 7940
3449 7936
3450 7937
3451 7922
3452 7927
3453 7938
3454 7954
3455 7946
3456 7946
3457 7958
3458 7969
3459 7976
3460 7959
3461 7979
3462 7967
3463 7966
3464 7965
3465 7970
3466 7984
3467 7985
3468 7986
3469 7998
3470 8002
3471 8013
3472 7991
3473 8006
3474 8008
3475 8000
3476 8012
3477 8011
3478 8018
3479 8026
3480 8039
3481 8054
3482 8068
3483 8068
3484 8066
3485 8047
3486 8067
3487 8066
3488 8068
3489 8051
3490 8053
3491 8060
3492 8065
3493 8075
3494 8069
3495 8066
3496 8069
3497 8085
3498 8080
3499 8077
3500 8083
3501 8082
3502 8082
3503 8094
3504 8078
3505 8089
3506 8088
3507 8089
3508 8098
3509 8094
3510 8093
3511 8101
3512 8096
3513 8107
3514 8099
3515 8115
3516 8113
3517 8124
3518 8140
3519 8119
3520 8130
3521 8142
3522 8136
3523 8156
3524 8154
3525 8138
3526 8141
3527 8141
3528 8145
3529 8142
3530 8148
3531 8154
3532 8143
3533 8156
3534 8161
3535 8147
3536 8158
3537 8153
3538 8169
3539 8172
3540 8154
3541 8171
3542 8171
3543 8188
3544 8183
3545 8179
3546 8192
3547 8207
3548 8212
3549 8180
3550 8181
3551 8189
3552 8181
3553 8192
3554 8186
3555 8194
3556 8189
3557 8195
3558 8207
3559 8214
3560 8195
3561 8214
3562 8196
3563 8196
3564 8197
3565 8205
3566 8206
3567 8218
3568 8199
3569 8204
3570 8205
3571 8220
3572 8240
3573 8210
3574 8221
3575 8222
3576 8217
3577 8218
3578 8220
3579 8232
3580 8223
3581 8235
3582 8221
3583 8232
3584 8227
3585 8247
3586 8256
3587 8274
3588 8286
3589 8291
3590 8288
3591 8294
3592 8276
3593 8283
3594 8277
3595 8286
3596 8281
3597 8289
3598 8291
3599 8308
3600 8293
3601 8295
3602 8312
3603 8299
3604 8314
3605 8304
3606 8298
3607 8305
3608 8318
3609 8319
3610 8302
3611 8310
3612 8320
3613 8308
3614 8316
3615 8331
3616 8312
3617 8313
3618 8325
3619 8316
3620 8326
3621 8331
3622 8325
3623 8333
3624 8324
3625 8335
3626 8341
3627 8327
3628 8332
3629 8330
3630 8349
3631 8330
3632 8349
3633 8341
3634 8335
3635 8339
3636 8339
3637 8353
3638 8338
3639 8341
3640 8342
3641 8351
3642 8369
3643 8371
3644 8377
3645 8373
3646 8387
3647 8377
3648 8394
3649 8390
3650 8407
3651 8385
3652 8395
3653 8401
3654 8402
3655 8409
3656 8415
3657 8413
3658 8410
3659 8423
3660 8415
3661 8417
3662 8422
3663 8431
3664 8432
3665 8424
3666 8443
3667 8429
3668 8432
3669 8429
3670 8439
3671 8456
3672 8473
3673 8440
3674 8449
3675 8454
3676 8456
3677 8476
3678 8457
3679 8467
3680 8461
3681 8466
3682 8470
3683 8478
3684 8487
3685 8479
3686 8475
3687 8487
3688 8482
3689 8479
3690 8496
3691 8510
3692 8518
3693 8513
3694 8511
3695 8524
3696 8525
3697 8520
3698 8537
3699 8538
3700 8521
3701 8540
3702 8528
3703 8525
3704 8542
3705 8538
3706 8553
3707 8556
3708 8563
3709 8574
3710 8573
3711 8578
3712 8595
3713 8584
3714 8582
3715 8600
3716 8579
3717 8587
3718 8580
3719 8582
3720 8595
3721 8585
3722 8581
3723 8600
3724 8590
3725 8592
3726 8600
3727 8596
3728 8611
3729 8595
3730 8611
3731 8608
3732 8613
3733 8617
3734 8627
3735 8611
3736 8614
3737 8619
3738 8628
3739 8619
3740 8625
3741 8634
3742 8632
3743 8634
3744 8644
3745 8643
3746 8639
3747 8648
3748 8638
3749 8649
3750 8639
3751 8651
3752 8640
3753 8648
3754 8649
3755 8649
3756 8653
3757 8653
3758 8652
3759 8659
3760 8663
3761 8675
3762 8677
3763 8675
3764 8678
3765 8687
3766 8694
3767 8695
3768 8696
3769 8695
3770 8705
3771 8710
3772 8717
3773 8710
3774 8728
3775 8738
3776 8711
3777 8712
3778 8725
3779 8712
3780 8729
3781 8729
3782 8738
3783 8733
3784 8740
3785 8749
3786 8735
3787 8746
3788 8742
3789 8748
3790 8747
3791 8757
3792 8744
3793 8750
3794 8749
3795 8762
3796 8758
3797 8769
3798 8788
3799 8775
3800 8766
3801 8762
3802 8776
3803 8777
3804 8766
3805 8764
3806 8780
3807 8768
3808 8769
3809 8781
3810 8786
3811 8771
3812 8779
3813 8781
3814 8773
3815 8781
3816 8780
3817 8788
3818 8792
3819 8789
3820 8797
3821 8792
3822 8798
3823 8811
3824 8808
3825 8811
3826 8817
3827 8813
3828 8815
3829 8810
3830 8826
3831 8828
3832 8826
3833 8836
3834 8827
3835 8834
3836 8838
3837 8835
3838 8844
3839 8850
3840 8845
3841 8865
3842 8856
3843 8857
3844 8857
3845 8863
3846 8874
3847 8865
3848 8880
3849 8880
3850 8899
3851 8902
3852 8890
3853 8893
3854 8900
3855 8898
3856 8899
3857 8916
3858 8904
3859 8918
3860 8920
3861 8922
3862 8930
3863 8926
3864 8922
3865 8931
3866 8925
3867 8932
3868 8928
3869 8940
3870 8944
3871 8952
3872 8934
3873 8944
3874 8954
3875 8953
3876 8950
3877 8963
3878 8957
3879 8970
3880 8975
3881 8971
3882 8961
3883 8971
3884 8967
3885 8980
3886 8984
3887 8997
3888 8973
3889 8988
3890 8982
3891 8996
3892 8984
3893 8988
3894 9001
3895 8999
3896 9005
3897 9015
3898 9017
3899 9012
3900 9022
3901 9040
3902 9032
3903 9026
3904 9024
3905 9039
3906 9041
3907 9033
3908 9025
3909 9044
3910 9032
3911 9041
3912 9056
3913 9034
3914 9047
3915 9048
3916 9038
3917 9045
3918 9040
3919 9043
3920 9046
3921 9048
3922 9068
3923 9051
3924 9054
3925 9062
3926 9066
3927 9057
3928 9073
3929 9088
3930 9066
3931 9080
3932 9068
3933 9072
3934 9072
3935 9089
3936 9088
3937 9095
3938 9106
3939 9102
3940 9103
3941 9114
3942 9130
3943 9140
3944 9124
3945 9122
3946 9132
3947 9143
3948 9126
3949 9135
3950 9147
3951 9136
3952 9145
3953 9130
3954 9137
3955 9143
3956 9149
3957 9150
3958 9137
3959 9151
3960 9150
3961 9152
3962 9163
3963 9169
3964 9152
3965 9160
3966 9160
3967 9165
3968 9162
3969 9174
3970 9179
3971 9192
3972 9206
3973 9163
3974 9172
3975 9183
3976 9180
3977 9175
3978 9176
3979 9189
3980 9191
3981 9176
3982 9182
3983 9193
3984 9192
3985 9211
3986 9200
3987 9191
3988 9205
3989 9200
3990 9211
3991 9201
3992 9212
3993 9219
3994 9224
3995 9219
3996 9222
3997 9224
3998 9233
3999 9225
4000 9235
4001 9230
4002 9231
4003 9249
4004 9232
4005 9234
4006 9234
4007 9240
4008 9238
4009 9238
4010 9251
4011 9254
4012 9272
4013 9270
4014 9271
4015 9278
4016 9272
4017 9271
4018 9285
4019 9284
4020 9276
4021 9278
4022 9284
4023 9288
4024 9308
4025 9296
4026 9281
4027 9287
4028 9294
4029 9309
4030 9321
4031 9314
4032 9329
4033 9316
4034 9326
4035 9321
4036 9341
4037 9340
4038 9356
4039 9364
4040 9326
4041 9334
4042 9329
4043 9337
4044 9342
4045 9337
4046 9348
4047 9338
4048 9354
4049 9356
4050 9361
4051 9357
4052 9375
4053 9368
4054 9366
4055 9369
4056 9388
4057 9382
4058 9393
4059 9385
4060 9385
4061 9397
4062 9396
4063 9411
4064 9401
4065 9420
4066 9421
4067 9406
4068 9404
4069 9409
4070 9417
4071 9427
4072 9417
4073 9413
4074 9421
4075 9415
4076 9430
4077 9450
4078 9432
4079 9434
4080 9438
4081 9450
4082 9441
4083 9436
4084 9453
4085 9459
4086 9444
4087 9444
4088 9456
4089 9447
4090 9447
4091 9449
4092 9458
4093 9465
4094 9475
4095 9485
4096 9473
4097 9492
4098 9486
4099 9477
4100 9482
4101 9479
4102 9479
4103 9478
4104 9485
4105 9488
4106 9488
4107 9492
4108 9504
4109 9513
4110 9504
4111 9506
4112 9506
4113 9518
4114 9513
4115 9522
4116 9515
4117 9507
4118 9516
4119 9524
4120 9510
4121 9508
4122 9526
4123 9534
4124 9509
4125 9510
4126 9520
4127 9527
4128 9532
4129 9515
4130 9530
4131 9516
4132 9522
4133 9522
4134 9535
4135 9538
4136 9547
4137 9555
4138 9542
4139 9546
4140 9562
4141 9559
4142 9569
4143 9544
4144 9552
4145 9556
4146 9557
4147 9547
4148 9552
4149 9566
4150 9558
4151 9561
4152 9556
4153 9571
4154 9573
4155 9573
4156 9582
4157 9596
4158 9584
4159 9577
4160 9587
4161 9593
4162 9596
4163 9580
4164 9600
4165 9593
4166 9590
4167 9603
4168 9609
4169 9608
4170 9596
4171 9601
4172 9615
4173 9608
4174 9609
4175 9616
4176 9620
4177 9618
4178 9618
4179 9635
4180 9624
4181 9639
4182 9619
4183 9622
4184 9638
4185 9633
4186 9625
4187 9631
4188 9632
4189 9639
4190 9638
4191 9658
4192 9665
4193 9633
4194 9644
4195 9646
4196 9637
4197 9641
4198 9641
4199 9645
4200 9639
4201 9656
4202 9647
4203 9650
4204 9643
4205 9657
4206 9647
4207 9661
4208 9661
4209 9676
4210 9670
4211 9681
4212 9663
4213 9678
4214 9682
4215 9683
4216 9664
4217 9675
4218 9683
4219 9669
4220 9667
4221 9682
4222 9679
4223 9684
4224 9677
4225 9687
4226 9694
4227 9682
4228 9684
4229 9691
4230 9696
4231 9715
4232 9693
4233 9707
4234 9699
4235 9717
4236 9700
4237 9703
4238 9711
4239 9720
4240 9702
4241 9703
4242 9707
4243 9714
4244 9718
4245 9728
4246 9731
4247 9733
4248 9740
4249 9757
4250 9735
4251 9751
4252 9742
4253 9755
4254 9738
4255 9746
4256 9765
4257 9778
4258 9754
4259 9764
4260 9774
4261 9772
4262 9762
4263 9777
4264 9768
4265 9776
4266 9773
4267 9788
4268 9785
4269 9777
4270 9787
4271 9795
4272 9785
4273 9791
4274 9795
4275 9805
4276 9798
4277 9799
4278 9794
4279 9814
4280 9809
4281 9813
4282 9820
4283 9795
4284 9800
4285 9802
4286 9798
4287 9816
4288 9809
4289 9818
4290 9812
4291 9832
4292 9811
4293 9813
4294 9829
4295 9846
4296 9825
4297 9837
4298 9840
4299 9841
4300 9859
4301 9856
4302 9861
4303 9860
4304 9860
4305 9876
4306 9858
4307 9871
4308 9875
4309 9881
4310 9882
4311 9891
4312 9888
4313 9901
4314 9892
4315 9891
4316 9906
4317 9892
4318 9910
4319 9902
4320 9907
4321 9912
4322 9911
4323 9926
4324 9917
4325 9933
4326 9949
4327 9932
4328 9930
4329 9921
4330 9923
4331 9941
4332 9954
4333 9960
4334 9942
4335 9949
4336 9964
4337 9954
4338 9957
4339 9955
4340 9959
4341 9969
4342 9962
4343 9969
4344 9960
4345 9980
4346 9973
4347 9978
4348 9981
4349 9982
4350 9982
4351 9990
4352 9994
4353 10008
4354 9990
4355 10006
4356 9996
4357 9996
4358 9999
4359 10003
4360 10004
4361 10000
4362 10008
4363 10006
4364 10012
4365 10020
4366 10028
4367 10031
4368 10039
4369 10037
4370 10048
4371 10029
4372 10032
4373 10043
4374 10057
4375 10040
4376 10049
4377 10043
4378 10056
4379 10058
4380 10067
4381 10047
4382 10044
4383 10047
4384 10057
4385 10050
4386 10056
4387 10067
4388 10063
4389 10075
4390 10076
4391 10079
4392 10090
4393 10074
4394 10081
4395 10100
4396 10118
4397 10086
4398 10098
4399 10090
4400 10108
4401 10117
4402 10121
4403 10136
4404 10143
4405 10129
4406 10130
4407 10140
4408 10147
4409 10132
4410 10138
4411 10158
4412 10139
4413 10153
4414 10148
4415 10141
4416 10150
4417 10155
4418 10167
4419 10157
4420 10158
4421 10178
4422 10186
4423 10159
4424 10176
4425 10189
4426 10182
4427 10185
4428 10187
4429 10177
4430 10189
4431 10183
4432 10202
4433 10214
4434 10227
4435 10202
4436 10220
4437 10220
4438 10222
4439 10230
4440 10223
4441 10226
4442 10230
4443 10241
4444 10233
4445 10237
4446 10238
4447 10252
4448 10249
4449 10265
4450 10285
4451 10258
4452 10265
4453 10265
4454 10268
4455 10275
4456 10267
4457 10281
4458 10278
4459 10279
4460 10279
4461 10299
4462 10297
4463 10296
4464 10293
4465 10310
4466 10321
4467 10329
4468 10347
4469 10300
4470 10306
4471 10306
4472 10324
4473 10326
4474 10329
4475 10347
4476 10339
4477 10340
4478 10337
4479 10330
4480 10333
4481 10347
4482 10351
4483 10347
4484 10337
4485 10347
4486 10353
4487 10346
4488 10360
4489 10352
4490 10347
4491 10366
4492 10358
4493 10365
4494 10372
4495 10364
4496 10361
4497 10376
4498 10373
4499 10381
4500 10370
4501 10381
4502 10387
4503 10386
4504 10392
4505 10384
4506 10395
4507 10394
4508 10398
4509 10385
4510 10393
4511 10389
4512 10390
4513 10394
4514 10404
4515 10405
4516 10395
4517 10402
4518 10396
4519 10398
4520 10414
4521 10403
4522 10400
4523 10401
4524 10410
4525 10418
4526 10408
4527 10428
4528 10422
4529 10436
4530 10423
4531 10427
4532 10436
4533 10441
4534 10436
4535 10448
4536 10445
4537 10446
4538 10455
4539 10449
4540 10461
4541 10465
4542 10450
4543 10451
4544 10460
4545 10459
4546 10478
4547 10453
4548 10458
4549 10457
4550 10457
4551 10470
4552 10468
4553 10468
4554 10469
4555 10481
4556 10475
4557 10487
4558 10495
4559 10510
4560 10521
4561 10535
4562 10542
4563 10536
4564 10552
4565 10544
4566 10544
4567 10557
4568 10558
4569 10562
4570 10579
4571 10594
4572 10577
4573 10564
4574 10573
4575 10578
4576 10598
4577 10576
4578 10590
4579 10586
4580 10601
4581 10617
4582 10584
4583 10589
4584 10589
4585 10606
4586 10587
4587 10602
4588 10596
4589 10595
4590 10611
4591 10630
4592 10637
4593 10599
4594 10611
4595 10618
4596 10624
4597 10625
4598 10637
4599 10640
4600 10638
4601 10629
4602 10631
4603 10650
4604 10645
4605 10660
4606 10669
4607 10643
4608 10647
4609 10649
4610 10649
4611 10664
4612 10662
4613 10681
4614 10665
4615 10676
4616 10663
4617 10681
4618 10678
4619 10698
4620 10712
4621 10713
4622 10729
4623 10749
4624 10728
4625 10726
4626 10732
4627 10727
4628 10730
4629 10733
4630 10737
4631 10737
4632 10751
4633 10764
4634 10737
4635 10757
4636 10777
4637 10784
4638 10771
4639 10783
4640 10774
4641 10778
4642 10785
4643 10792
4644 10794
4645 10795
4646 10802
4647 10800
4648 10795
4649 10812
4650 10815
4651 10804
4652 10815
4653 10821
4654 10817
4655 10818
4656 10816
4657 10829
4658 10828
4659 10844
4660 10830
4661 10826
4662 10841
4663 10833
4664 10846
4665 10835
4666 10851
4667 10846
4668 10852
4669 10867
4670 10853
4671 10858
4672 10866
4673 10869
4674 10876
4675 10881
4676 10867
4677 10876
4678 10881
4679 10899
4680 10887
4681 10897
4682 10890
4683 10910
4684 10915
4685 10908
4686 10910
4687 10913
4688 10926
4689 10917
4690 10931
4691 10936
4692 10949
4693 10949
4694 10959
4695 10953
4696 10964
4697 10960
4698 10973
4699 10966
4700 10963
4701 10961
4702 10977
4703 10972
4704 10972
4705 10986
4706 10986
4707 10982
4708 10994
4709 11001
4710 11007
4711 10993
4712 10999
4713 11003
4714 11012
4715 11013
4716 11017
4717 11021
4718 11015
4719 11022
4720 11024
4721 11035
4722 11027
4723 11038
4724 11033
4725 11027
4726 11033
4727 11043
4728 11045
4729 11044
4730 11050
4731 11063
4732 11055
4733 11074
4734 11064
4735 11057
4736 11061
4737 11061
4738 11071
4739 11091
4740 11065
4741 11063
4742 11077
4743 11071
4744 11078
4745 11085
4746 11078
4747 11088
4748 11105
4749 11087
4750 11095
4751 11098
4752 11095
4753 11097
4754 11106
4755 11101
4756 11103
4757 11117
4758 11121
4759 11124
4760 11125
4761 11131
4762 11125
4763 11142
4764 11141
4765 11149
4766 11155
4767 11159
4768 11148
4769 11150
4770 11162
4771 11155
4772 11158
4773 11157
4774 11165
4775 11175
4776 11166
4777 11177
4778 11168
4779 11186
4780 11206
4781 11173
4782 11185
4783 11178
4784 11190
4785 11189
4786 11190
4787 11193
4788 11182
4789 11194
4790 11192
4791 11186
4792 11194
4793 11187
4794 11193
4795 11202
4796 11203
4797 11218
4798 11221
4799 11209
4800 11206
4801 11216
4802 11221
4803 11223
4804 11226
4805 11223
4806 11240
4807 11239
4808 11225
4809 11232
4810 11245
4811 11260
4812 11231
4813 11230
4814 11248
4815 11243
4816 11244
4817 11246
4818 11258
4819 11274
4820 11251
4821 11248
4822 11259
4823 11254
4824 11253
4825 11269
4826 11271
4827 11276
4828 11282
4829 11285
4830 11301
4831 11290
4832 11287
4833 11289
4834 11290
4835 11307
4836 11310
4837 11318
4838 11310
4839 11324
4840 11320
4841 11337
4842 11315
4843 11326
4844 11320
4845 11317
4846 11333
4847 11331
4848 11342
4849 11338
4850 11327
4851 11333
4852 11337
4853 11345
4854 11352
4855 11355
4856 11369
4857 11371
4858 11372
4859 11375
4860 11380
4861 11376
4862 11378
4863 11379
4864 11396
4865 11405
4866 11404
4867 11419
4868 11387
4869 11394
4870 11398
4871 11399
4872 11396
4873 11405
4874 11395
4875 11404
4876 11410
4877 11404
4878 11413
4879 11408
4880 11414
4881 11413
4882 11413
4883 11422
4884 11419
4885 11428
4886 11432
4887 11433
4888 11422
4889 11434
4890 11433
4891 11440
4892 11432
4893 11434
4894 11443
4895 11443
4896 11437
4897 11440
4898 11451
4899 11465
4900 11444
4901 11446
4902 11462
4903 11459
4904 11468
4905 11458
4906 11464
4907 11476
4908 11460
4909 11468
4910 11483
4911 11468
4912 11486
4913 11471
4914 11479
4915 11484
4916 11488
4917 11504
4918 11496
4919 11482
4920 11486
4921 11490
4922 11496
4923 11496
4924 11498
4925 11499
4926 11491
4927 11506
4928 11501
4929 11511
4930 11529
4931 11502
4932 11514
4933 11507
4934 11515
4935 11521
4936 11522
4937 11526
4938 11536
4939 11537
4940 11541
4941 11528
4942 11541
4943 11553
4944 11545
4945 11564
4946 11539
4947 11549
4948 11561
4949 11543
4950 11548
4951 11561
4952 11558
4953 11555
4954 11556
4955 11550
4956 11567
4957 11552
4958 11557
4959 11556
4960 11552
4961 11556
4962 11559
4963 11560
4964 11572
4965 11586
4966 11596
4967 11567
4968 11569
4969 11586
4970 11590
4971 11576
4972 11575
4973 11590
4974 11605
4975 11595
4976 11577
4977 11582
4978 11592
4979 11595
4980 11598
4981 11599
4982 11610
4983 11612
4984 11606
4985 11600
4986 11616
4987 11620
4988 11628
4989 11609
4990 11618
4991 11619
4992 11621
4993 11625
4994 11637
4995 11644
4996 11638
4997 11644
4998 11663
4999 11648
5000 11664
5001 11657
5002 11654
5003 11669
5004 11683
5005 11703
5006 11708
5007 11719
5008 11682
5009 11684
5010 11687
5011 11690
5012 11709
5013 11692
5014 11699
5015 11702
5016 11707
5017 11710
5018 11730
5019 11729
5020 11727
5021 11734
5022 11730
5023 11737
5024 11731
5025 11737
5026 11743
5027 11750
5028 11752
5029 11739
5030 11759
5031 11753
5032 11758
5033 11760
5034 11756
5035 11774
5036 11766
5037 11775
5038 11781
5039 11785
5040 11781
5041 11778
5042 11788
5043 11787
5044 11797
5045 11788
5046 11786
5047 11794
5048 11788
5049 11798
5050 11797
5051 11798
5052 11806
5053 11796
5054 11805
5055 11813
5056 11832
5057 11800
5058 11811
5059 11816
5060 11830
5061 11831
5062 11820
5063 11838
5064 11829
5065 11847
5066 11837
5067 11840
5068 11830
5069 11848
5070 11847
5071 11851
5072 11840
5073 11849
5074 11856
5075 11863
5076 11859
5077 11861
5078 11870
5079 11859
5080 11860
5081 11875
5082 11879
5083 11874
5084 11884
5085 11890
5086 11893
5087 11882
5088 11885
5089 11898
5090 11902
5091 11913
5092 11913
5093 11909
5094 11911
5095 11921
5096 11926
5097 11919
5098 11929
5099 11935
5100 11936
5101 11932
5102 11935
5103 11934
5104 11951
5105 11968
5106 11944
5107 11951
5108 11958
5109 11954
5110 11963
5111 11971
5112 11960
5113 11963
5114 11974
5115 11973
5116 11991
5117 12006
5118 11987
5119 11996
5120 11997
5121 12017
5122 12015
5123 12011
5124 12020
5125 12036
5126 12023
5127 12026
5128 12033
5129 12027
5130 12043
5131 12029
5132 12037
5133 12047
5134 12035
5135 12040
5136 12047
5137 12036
5138 12044
5139 12037
5140 12040
5141 12044
5142 12053
5143 12049
5144 12062
5145 12076
5146 12063
5147 12068
5148 12071
5149 12074
5150 12083
5151 12070
5152 12072
5153 12089
5154 12082
5155 12100
5156 12079
5157 12087
5158 12092
5159 12098
5160 12107
5161 12085
5162 12103
5163 12096
5164 12101
5165 12108
5166 12102
5167 12105
5168 12112
5169 12109
5170 12118
5171 12111
5172 12125
5173 12143
5174 12117
5175 12114
5176 12120
5177 12133
5178 12132
5179 12133
5180 12151
5181 12135
5182 12135
5183 12136
5184 12137
5185 12152
5186 12150
5187 12170
5188 12157
5189 12157
5190 12172
5191 12169
5192 12175
5193 12172
5194 12180
5195 12188
5196 12179
5197 12183
5198 12198
5199 12217
5200 12195
5201 12180
5202 12200
5203 12184
5204 12203
5205 12218
5206 12226
5207 12237
5208 12235
5209 12242
5210 12253
5211 12256
5212 12240
5213 12244
5214 12258
5215 12263
5216 12242
5217 12249
5218 12258
5219 12253
5220 12256
5221 12254
5222 12267
5223 12269
5224 12263
5225 12282
5226 12277
5227 12273
5228 12289
5229 12274
5230 12288
5231 12301
5232 12311
5233 12313
5234 12282
5235 12290
5236 12285
5237 12300
5238 12303
5239 12302
5240 12317
5241 12321
5242 12314
5243 12307
5244 12320
5245 12326
5246 12329
5247 12322
5248 12329
5249 12337
5250 12324
5251 12343
5252 12334
5253 12345
5254 12343
5255 12325
5256 12330
5257 12335
5258 12333
5259 12338
5260 12336
5261 12332
5262 12333
5263 12344
5264 12350
5265 12346
5266 12349
5267 12360
5268 12359
5269 12364
5270 12357
5271 12366
5272 12364
5273 12374
5274 12379
5275 12373
5276 12384
5277 12383
5278 12391
5279 12411
5280 12387
5281 12397
5282 12404
5283 12424
5284 12443
5285 12409
5286 12410
5287 12426
5288 12414
5289 12427
5290 12419
5291 12415
5292 12435
5293 12425
5294 12427
5295 12426
5296 12430
5297 12430
5298 12437
5299 12440
5300 12446
5301 12466
5302 12450
5303 12457
5304 12461
5305 12464
5306 12467
5307 12464
5308 12479
5309 12483
5310 12490
5311 12490
5312 12503
5313 12507
5314 12501
5315 12519
5316 12510
5317 12520
5318 12525
5319 12544
5320 12536
5321 12522
5322 12535
5323 12545
5324 12526
5325 12540
5326 12534
5327 12545
5328 12535
5329 12541
5330 12551
5331 12542
5332 12548
5333 12554
5334 12561
5335 12554
5336 12570
5337 12578
5338 12582
5339 12566
5340 12560
5341 12561
5342 12570
5343 12569
5344 12572
5345 12584
5346 12582
5347 12586
5348 12600
5349 12584
5350 12588
5351 12593
5352 12589
5353 12608
5354 12609
5355 12594
5356 12611
5357 12595
5358 12606
5359 12597
5360 12616
5361 12624
5362 12630
5363 12609
5364 12627
5365 12615
5366 12622
5367 12617
5368 12617
5369 12625
5370 12637
5371 12652
5372 12635
5373 12640
5374 12645
5375 12649
5376 12659
5377 12644
5378 12648
5379 12661
5380 12662
5381 12660
5382 12672
5383 12677
5384 12688
5385 12666
5386 12668
5387 12667
5388 12683
5389 12686
5390 12681
5391 12699
5392 12689
5393 12698
5394 12699
5395 12698
5396 12706
5397 12707
5398 12720
5399 12740
5400 12717
5401 12726
5402 12730
5403 12732
5404 12731
5405 12726
5406 12739
5407 12738
5408 12754
5409 12746
5410 12757
5411 12753
5412 12756
5413 12755
5414 12765
5415 12771
5416 12772
5417 12772
5418 12772
5419 12778
5420 12782
5421 12792
5422 12790
5423 12797
5424 12812
5425 12809
5426 12812
5427 12804
5428 12805
5429 12825
5430 12820
5431 12835
5432 12814
5433 12823
5434 12828
5435 12826
5436 12815
5437 12822
5438 12831
5439 12826
5440 12827
5441 12838
5442 12833
5443 12831
5444 12841
5445 12837
5446 12854
5447 12835
5448 12843
5449 12850
5450 12855
5451 12854
5452 12845
5453 12857
5454 12851
5455 12864
5456 12864
5457 12870
5458 12872
5459 12861
5460 12876
5461 12875
5462 12864
5463 12873
5464 12865
5465 12883
5466 12871
5467 12878
5468 12891
5469 12900
5470 12896
5471 12900
5472 12893
5473 12902
5474 12910
5475 12906
5476 12905
5477 12910
5478 12909
5479 12908
5480 12911
5481 12919
5482 12923
5483 12913
5484 12921
5485 12940
5486 12950
5487 12941
5488 12943
5489 12946
5490 12942
5491 12947
5492 12945
5493 12957
5494 12948
5495 12962
5496 12955
5497 12971
5498 12987
5499 12965
5500 12968
5501 12975
5502 12966
5503 12967
5504 12977
5505 12980
5506 12980
5507 12968
5508 12975
5509 12983
5510 12971
5511 12986
5512 12984
5513 12979
5514 12982
5515 12997
5516 12999
5517 12984
5518 12990
5519 12985
5520 12991
5521 13001
5522 13002
5523 13013
5524 13020
5525 13024
5526 13029
5527 13014
5528 13025
5529 13033
5530 13043
5531 13029
5532 13041
5533 13054
5534 13063
5535 13080
5536 13096
5537 13107
5538 13070
5539 13082
5540 13074
5541 13087
5542 13084
5543 13097
5544 13093
5545 13085
5546 13098
5547 13093
5548 13099
5549 13107
5550 13087
5551 13094
5552 13094
5553 13105
5554 13110
5555 13116
5556 13135
5557 13116
5558 13128
5559 13114
5560 13133
5561 13152
5562 13133
5563 13142
5564 13151
5565 13155
5566 13168
5567 13178
5568 13172
5569 13186
5570 13189
5571 13201
5572 13209
5573 13223
5574 13204
5575 13216
5576 13212
5577 13218
5578 13217
5579 13218
5580 13236
5581 13220
5582 13232
5583 13236
5584 13226
5585 13227
5586 13244
5587 13228
5588 13229
5589 13236
5590 13247
5591 13260
5592 13264
5593 13280
5594 13245
5595 13253
5596 13250
5597 13264
5598 13267
5599 13267
5600 13281
5601 13263
5602 13266
5603 13266
5604 13277
5605 13295
5606 13276
5607 13281
5608 13285
5609 13288
5610 13302
5611 13303
5612 13303
5613 13296
5614 13307
5615 13298
5616 13311
5617 13299
5618 13306
5619 13314
5620 13332
5621 13317
5622 13317
5623 13314
5624 13321
5625 13339
5626 13328
5627 13330
5628 13333
5629 13332
5630 13330
5631 13335
5632 13354
5633 13349
5634 13364
5635 13381
5636 13367
5637 13376
5638 13372
5639 13376
5640 13377
5641 13371
5642 13384
5643 13385
5644 13403
5645 13376
5646 13391
5647 13395
5648 13393
5649 13404
5650 13406
5651 13417
5652 13421
5653 13411
5654 13417
5655 13422
5656 13425
5657 13429
5658 13437
5659 13442
5660 13439
5661 13441
5662 13447
5663 13458
5664 13441
5665 13457
5666 13460
5667 13464
5668 13453
5669 13460
5670 13469
5671 13471
5672 13476
5673 13488
5674 13478
5675 13492
5676 13498
5677 13493
5678 13490
5679 13495
5680 13491
5681 13504
5682 13501
5683 13503
5684 13506
5685 13516
5686 13522
5687 13525
5688 13540
5689 13538
5690 13544
5691 13553
5692 13573
5693 13545
5694 13564
5695 13555
5696 13563
5697 13561
5698 13574
5699 13589
5700 13598
5701 13573
5702 13589
5703 13586
5704 13592
5705 13583
5706 13592
5707 13586
5708 13591
5709 13606
5710 13596
5711 13600
5712 13593
5713 13594
5714 13594
5715 13606
5716 13603
5717 13608
5718 13621
5719 13613
5720 13617
5721 13607
5722 13627
5723 13626
5724 13627
5725 13636
5726 13623
5727 13643
5728 13624
5729 13638
5730 13638
5731 13654
5732 13631
5733 13643
5734 13651
5735 13636
5736 13650
5737 13644
5738 13657
5739 13668
5740 13648
5741 13660
5742 13661
5743 13656
5744 13670
5745 13678
5746 13677
5747 13673
5748 13677
5749 13681
5750 13679
5751 13687
5752 13699
5753 13678
5754 13680
5755 13697
5756 13696
5757 13708
5758 13695
5759 13683
5760 13697
5761 13697
5762 13708
5763 13721
5764 13725
5765 13733
5766 13749
5767 13755
5768 13743
5769 13739
5770 13748
5771 13747
5772 13752
5773 13760
5774 13757
5775 13759
5776 13752
5777 13753
5778 13761
5779 13757
5780 13776
5781 13760
5782 13762
5783 13777
5784 13778
5785 13796
5786 13779
5787 13778
5788 13780
5789 13787
5790 13784
5791 13793
5792 13797
5793 13795
5794 13802
5795 13811
5796 13820
5797 13813
5798 13807
5799 13815
5800 13832
5801 13821
5802 13816
5803 13821
5804 13829
5805 13831
5806 13837
5807 13846
5808 13851
5809 13831
5810 13835
5811 13850
5812 13848
5813 13864
5814 13878
5815 13872
5816 13865
5817 13871
5818 13876
5819 13869
5820 13881
5821 13873
5822 13880
5823 13877
5824 13884
5825 13896
5826 13885
5827 13894
5828 13899
5829 13902
5830 13901
5831 13913
5832 13901
5833 13906
5834 13911
5835 13911
5836 13919
5837 13923
5838 13920
5839 13919
5840 13914
5841 13917
5842 13928
5843 13922
5844 13939
5845 13929
5846 13943
5847 13932
5848 13929
5849 13934
5850 13936
5851 13956
5852 13965
5853 13941
5854 13954
5855 13942
5856 13955
5857 13944
5858 13954
5859 13948
5860 13946
5861 13949
5862 13950
5863 13966
5864 13951
5865 13965
5866 13980
5867 13961
5868 13962
5869 13978
5870 13980
5871 13966
5872 13982
5873 13980
5874 13989
5875 13972
5876 13983
5877 13982
5878 13987
5879 13974
5880 13993
5881 13981
5882 13990
5883 13991
5884 13997
5885 13983
5886 13989
5887 13991
5888 14001
5889 13989
5890 14002
5891 13993
5892 14000
5893 14017
5894 13998
5895 14008
5896 14012
5897 14025
5898 14001
5899 14018
5900 14008
5901 14005
5902 14021
5903 14016
5904 14023
5905 14043
5906 14020
5907 14025
5908 14023
5909 14034
5910 14034
5911 14036
5912 14053
5913 14027
5914 14030
5915 14042
5916 14047
5917 14058
5918 14050
5919 14052
5920 14057
5921 14062
5922 14062
5923 14066
5924 14059
5925 14075
5926 14072
5927 14077
5928 14086
5929 14090
5930 14076
5931 14087
5932 14089
5933 14104
5934 14109
5935 14092
5936 14099
5937 14113
5938 14116
5939 14114
5940 14127
5941 14122
5942 14134
5943 14141
5944 14135
5945 14126
5946 14136
5947 14154
5948 14141
5949 14144
5950 14145
5951 14161
5952 14154
5953 14161
5954 14159
5955 14166
5956 14162
5957 14156
5958 14162
5959 14157
5960 14163
5961 14175
5962 14184
5963 14187
5964 14179
5965 14180
5966 14199
5967 14198
5968 14208
5969 14209
5970 14204
5971 14212
5972 14221
5973 14208
5974 14221
5975 14218
5976 14234
5977 14242
5978 14235
5979 14225
5980 14228
5981 14231
5982 14238
5983 14228
5984 14233
5985 14230
5986 14236
5987 14230
5988 14249
5989 14246
5990 14237
5991 14232
5992 14234
5993 14239
5994 14234
5995 14240
5996 14254
5997 14236
5998 14245
5999 14256
6000 14259
6001 14238
6002 14239
6003 14254
6004 14259
6005 14246
6006 14245
6007 14245
6008 14261
6009 14255
6010 14257
6011 14253
6012 14255
6013 14255
6014 14262
6015 14268
6016 14258
6017 14259
6018 14267
6019 14280
6020 14262
6021 14278
6022 14282
6023 14298
6024 14305
6025 14285
6026 14300
6027 14287
6028 14295
6029 14291
6030 14290
6031 14298
6032 14304
6033 14291
6034 14311
6035 14299
6036 14307
6037 14296
6038 14299
6039 14298
6040 14303
6041 14306
6042 14316
6043 14313
6044 14326
6045 14317
6046 14324
6047 14325
6048 14332
6049 14332
6050 14339
6051 14326
6052 14341
6053 14361
6054 14343
6055 14338
6056 14345
6057 14346
6058 14358
6059 14347
6060 14344
6061 14362
6062 14353
6063 14363
6064 14368
6065 14366
6066 14367
6067 14386
6068 14386
6069 14388
6070 14387
6071 14402
6072 14398
6073 14391
6074 14398
6075 14406
6076 14402
6077 14407
6078 14411
6079 14400
6080 14409
6081 14409
6082 14412
6083 14415
6084 14422
6085 14441
6086 14421
6087 14441
6088 14434
6089 14422
6090 14427
6091 14430
6092 14439
6093 14430
6094 14433
6095 14441
6096 14443
6097 14461
6098 14449
6099 14447
6100 14459
6101 14449
6102 14462
6103 14454
6104 14451
6105 14454
6106 14470
6107 14458
6108 14462
6109 14479
6110 14470
6111 14488
6112 14468
6113 14482
6114 14469
6115 14485
6116 14482
6117 14499
6118 14489
6119 14507
6120 14516
6121 14519
6122 14501
6123 14508
6124 14525
6125 14526
6126 14511
6127 14521
6128 14515
6129 14528
6130 14530
6131 14539
6132 14541
6133 14549
6134 14563
6135 14557
6136 14568
6137 14553
6138 14567
6139 14563
6140 14557
6141 14565
6142 14571
6143 14567
6144 14569
6145 14569
6146 14572
6147 14586
6148 14583
6149 14590
6150 14588
6151 14573
6152 14584
6153 14576
6154 14591
6155 14605
6156 14613
6157 14595
6158 14607
6159 14611
6160 14614
6161 14615
6162 14606
6163 14623
6164 14618
6165 14630
6166 14618
6167 14627
6168 14630
6169 14640
6170 14640
6171 14635
6172 14640
6173 14658
6174 14667
6175 14644
6176 14657
6177 14641
6178 14650
6179 14658
6180 14666
6181 14655
6182 14666
6183 14668
6184 14662
6185 14668
6186 14670
6187 14663
6188 14667
6189 14670
6190 14678
6191 14679
6192 14671
6193 14686
6194 14673
6195 14673
6196 14684
6197 14677
6198 14695
6199 14688
6200 14677
6201 14684
6202 14695
6203 14695
6204 14700
6205 14711
6206 14710
6207 14724
6208 14728
6209 14725
6210 14732
6211 14750
6212 14726
6213 14731
6214 14731
6215 14737
6216 14740
6217 14737
6218 14737
6219 14749
6220 14756
6221 14755
6222 14773
6223 14755
6224 14768
6225 14771
6226 14769
6227 14775
6228 14780
6229 14788
6230 14799
6231 14776
6232 14779
6233 14787
6234 14794
6235 14809
6236 14828
6237 14825
6238 14831
6239 14843
6240 14834
6241 14847
6242 14843
6243 14838
6244 14857
6245 14853
6246 14852
6247 14850
6248 14856
6249 14852
6250 14866
6251 14870
6252 14882
6253 14872
6254 14879
6255 14892
6256 14887
6257 14884
6258 14899
6259 14899
6260 14888
6261 14887
6262 14885
6263 14897
6264 14886
6265 14896
6266 14904
6267 14902
6268 14913
6269 14925
6270 14919
6271 14913
6272 14929
6273 14917
6274 14924
6275 14929
6276 14930
6277 14918
6278 14926
6279 14937
6280 14953
6281 14962
6282 14947
6283 14950
6284 14940
6285 14953
6286 14956
6287 14944
6288 14963
6289 14980
6290 14978
6291 14990
6292 14980
6293 14986
6294 14993
6295 14981
6296 14993
6297 15011
6298 14988
6299 15001
6300 15014
6301 15012
6302 15004
6303 15013
6304 15026
6305 15008
6306 15010
6307 15027
6308 15022
6309 15021
6310 15028
6311 15024
6312 15029
6313 15040
6314 15032
6315 15036
6316 15052
6317 15058
6318 15051
6319 15059
6320 15060
6321 15080
6322 15087
6323 15077
6324 15090
6325 15110
6326 15091
6327 15097
6328 15096
6329 15116
6330 15106
6331 15114
6332 15101
6333 15110
6334 15125
6335 15137
6336 15137
6337 15112
6338 15128
6339 15115
6340 15121
6341 15117
6342 15113
6343 15118
6344 15130
6345 15150
6346 15116
6347 15133
6348 15136
6349 15121
6350 15135
6351 15149
6352 15134
6353 15148
6354 15141
6355 15145
6356 15156
6357 15154
6358 15161
6359 15157
6360 15168
6361 15185
6362 15166
6363 15178
6364 15165
6365 15167
6366 15172
6367 15176
6368 15182
6369 15196
6370 15215
6371 15215
6372 15181
6373 15193
6374 15196
6375 15192
6376 15182
6377 15191
6378 15191
6379 15202
6380 15191
6381 15211
6382 15204
6383 15192
6384 15212
6385 15220
6386 15200
6387 15212
6388 15223
6389 15210
6390 15216
6391 15214
6392 15226
6393 15231
6394 15222
6395 15237
6396 15226
6397 15232
6398 15240
6399 15240
6400 15227
6401 15232
6402 15232
6403 15230
6404 15247
6405 15253
6406 15271
6407 15245
6408 15261
6409 15265
6410 15269
6411 15252
6412 15253
6413 15269
6414 15265
6415 15254
6416 15268
6417 15262
6418 15255
6419 15275
6420 15280
6421 15260
6422 15268
6423 15264
6424 15284
6425 15280
6426 15265
6427 15272
6428 15284
6429 15290
6430 15279
6431 15288
6432 15303
6433 15284
6434 15283
6435 15295
6436 15289
6437 15308
6438 15297
6439 15309
6440 15322
6441 15333
6442 15312
6443 15332
6444 15315
6445 15326
6446 15328
6447 15336
6448 15351
6449 15323
6450 15325
6451 15334
6452 15341
6453 15345
6454 15344
6455 15355
6456 15365
6457 15375
6458 15346
6459 15359
6460 15362
6461 15374
6462 15355
6463 15360
6464 15369
6465 15364
6466 15375
6467 15382
6468 15383
6469 15371
6470 15378
6471 15381
6472 15379
6473 15396
6474 15396
6475 15389
6476 15403
6477 15381
6478 15389
6479 15389
6480 15397
6481 15387
6482 15392
6483 15393
6484 15395
6485 15397
6486 15401
6487 15405
6488 15424
6489 15413
6490 15416
6491 15412
6492 15426
6493 15414
6494 15431
6495 15421
6496 15432
6497 15416
6498 15422
6499 15441
6500 15451
6501 15431
6502 15418
6503 15431
6504 15441
6505 15436
6506 15419
6507 15435
6508 15431
6509 15445
6510 15449
6511 15447
6512 15462
6513 15451
6514 15463
6515 15461
6516 15481
6517 15464
6518 15460
6519 15462
6520 15469
6521 15480
6522 15489
6523 15495
6524 15504
6525 15505
6526 15506
6527 15492
6528 15504
6529 15512
6530 15493
6531 15513
6532 15531
6533 15502
6534 15511
6535 15524
6536 15533
6537 15512
6538 15531
6539 15525
6540 15533
6541 15541
6542 15541
6543 15549
6544 15557
6545 15546
6546 15556
6547 15561
6548 15549
6549 15556
6550 15565
6551 15553
6552 15563
6553 15573
6554 15577
6555 15556
6556 15564
6557 15570
6558 15573
6559 15583
6560 15575
6561 15586
6562 15592
6563 15585
6564 15589
6565 15604
6566 15593
6567 15604
6568 15607
6569 15599
6570 15597
6571 15599
6572 15615
6573 15602
6574 15617
6575 15616
6576 15602
6577 15615
6578 15613
6579 15608
6580 15622
6581 15626
6582 15619
6583 15635
6584 15620
6585 15639
6586 15622
6587 15633
6588 15641
6589 15634
6590 15635
6591 15653
6592 15656
6593 15646
6594 15662
6595 15663
6596 15661
6597 15673
6598 15664
6599 15681
6600 15680
6601 15684
6602 15691
6603 15704
6604 15699
6605 15686
6606 15691
6607 15687
6608 15699
6609 15695
6610 15712
6611 15718
6612 15698
6613 15702
6614 15717
6615 15715
6616 15720
6617 15728
6618 15720
6619 15728
6620 15734
