0 0
1 18
2 20
3 29
4 5
5 11
6 10
7 21
8 26
9 21
10 39
11 26
12 41
13 25
14 30
15 26
16 32
17 34
18 35
19 48
20 32
21 33
22 45
23 44
24 61
25 39
26 44
27 40
28 41
29 56
30 58
31 46
32 59
33 56
34 66
35 58
36 59
37 74
38 65
39 59
40 78
41 66
42 64
43 72
44 80
45 79
46 66
47 75
48 86
49 91
50 105
51 110
52 93
53 99
54 104
55 120
56 96
57 103
58 106
59 119
60 107
61 114
62 120
63 124
64 117
65 127
66 125
67 133
68 134
69 136
70 142
71 141
72 154
73 137
74 144
75 146
76 149
77 167
78 154
79 165
80 150
81 164
82 167
83 154
84 163
85 161
86 156
87 162
88 164
89 159
90 176
91 179
92 171
93 172
94 183
95 180
96 182
97 182
98 200
99 188
100 199
101 190
102 202
103 190
104 194
105 197
106 203
107 191
108 193
109 200
110 202
111 203
112 194
113 197
114 203
115 210
116 203
117 216
118 214
119 211
120 220
121 210
122 218
123 215
124 212
125 219
126 214
127 221
128 221
129 215
130 224
131 243
132 231
133 221
134 235
135 228
136 240
137 232
138 235
139 236
140 239
141 241
142 247
143 266
144 252
145 257
146 267
147 270
148 269
149 286
150 271
151 271
152 281
153 289
154 285
155 294
156 303
157 320
158 300
159 306
160 306
161 313
162 333
163 309
164 326
165 325
166 342
167 323
168 334
169 324
170 337
171 337
172 341
173 326
174 329
175 338
176 354
177 345
178 337
179 348
180 352
181 347
182 367
183 347
184 353
185 357
186 370
187 369
188 388
189 385
190 386
191 374
192 383
193 392
194 382
195 395
196 387
197 399
198 392
199 398
200 394
201 403
202 407
203 397
204 413
205 410
206 402
207 407
208 404
209 407
210 418
211 429
212 405
213 422
214 421
215 424
216 415
217 410
218 423
219 427
220 429
221 422
222 440
223 457
224 442
225 440
226 429
227 435
228 430
229 436
230 438
231 442
232 449
233 451
234 465
235 450
236 460
237 467
238 471
239 454
240 452
241 467
242 471
243 480
244 474
245 454
246 455
247 465
248 472
249 471
250 485
251 476
252 478
253 484
254 482
255 497
256 512
257 507
258 517
259 487
260 500
261 504
262 488
263 504
264 490
265 501
266 494
267 499
268 505
269 509
270 519
271 523
272 527
273 516
274 513
275 531
276 529
277 531
278 535
279 543
280 534
281 544
282 535
283 546
284 553
285 536
286 554
287 541
288 550
289 561
290 549
291 557
292 561
293 569
294 580
295 589
296 563
297 576
298 581
299 582
300 579
301 599
302 586
303 594
304 596
305 605
306 604
307 622
308 621
309 625
310 630
311 640
312 638
313 636
314 638
315 645
316 653
317 639
318 659
319 651
320 654
321 651
322 666
323 655
324 666
325 681
326 680
327 690
328 675
329 677
330 688
331 682
332 683
333 703
334 688
335 700
336 686
337 704
338 692
339 702
340 712
341 706
342 717
343 720
344 731
345 722
346 730
347 750
348 770
349 743
350 737
351 744
352 741
353 743
354 740
355 741
356 758
357 756
358 759
359 757
360 767
361 778
362 774
363 790
364 776
365 783
366 786
367 801
368 777
369 786
370 805
371 825
372 807
373 787
374 806
375 788
376 797
377 815
378 811
379 804
380 818
381 824
382 819
383 830
384 809
385 814
386 819
387 823
388 825
389 830
390 848
391 836
392 834
393 843
394 841
395 854
396 872
397 846
398 860
399 861
400 870
401 872
402 875
403 888
404 863
405 883
406 892
407 889
408 873
409 881
410 889
411 901
412 885
413 881
414 898
415 892
416 895
417 901
418 897
419 907
420 906
421 912
422 900
423 916
424 914
425 903
426 917
427 913
428 917
429 932
430 911
431 925
432 921
433 926
434 914
435 924
436 924
437 922
438 926
439 931
440 942
441 938
442 946
443 933
444 939
445 941
446 934
447 938
448 936
449 938
450 949
451 951
452 943
453 944
454 947
455 961
456 950
457 952
458 959
459 953
460 953
461 962
462 972
463 973
464 975
465 995
466 972
467 982
468 989
469 983
470 995
471 1002
472 996
473 1010
474 989
475 991
476 996
477 1005
478 999
479 1001
480 1001
481 1000
482 1014
483 1030
484 1034
485 1004
486 1008
487 1019
488 1016
489 1006
490 1015
491 1021
492 1010
493 1023
494 1033
495 1022
496 1020
497 1030
498 1022
499 1040
500 1044
501 1046
