0 0
1 11
2 17
3 22
4 17
5 20
6 36
7 26
8 41
9 27
10 36
11 35
12 38
13 48
14 39
15 40
16 57
17 53
18 59
19 65
20 58
21 59
22 62
23 71
24 63
25 77
26 63
27 64
28 81
29 81
30 83
31 83
32 99
33 92
34 90
35 104
36 88
37 107
38 91
39 106
40 107
41 124
42 97
43 98
44 117
45 100
46 112
47 103
48 112
49 107
50 124
51 111
52 121
53 124
54 137
55 132
56 136
57 130
58 131
59 132
60 148
61 152
62 141
63 154
64 151
65 148
66 143
67 147
68 155
69 161
70 174
71 159
72 165
73 157
74 163
75 177
76 173
77 170
78 181
79 177
80 181
81 191
82 186
83 190
84 191
85 192
86 200
87 201
88 206
89 212
90 208
91 202
92 208
93 204
94 214
95 228
96 206
97 216
98 231
99 214
100 219
101 222
102 231
103 242
104 230
105 242
106 246
107 248
108 263
109 260
110 260
111 269
112 256
113 260
114 273
115 276
116 277
117 290
118 269
119 275
120 289
121 277
122 289
123 293
124 284
125 296
126 280
127 293
128 292
129 287
130 307
131 293
132 297
133 306
134 317
135 318
136 319
137 323
138 320
139 331
140 330
141 338
142 336
143 346
144 356
145 348
146 351
147 337
148 352
149 349
150 352
151 341
152 354
153 355
154 348
155 347
156 350
157 352
158 367
159 354
160 362
161 357
162 373
163 368
164 377
165 382
166 366
167 369
168 368
169 369
170 376
171 386
172 397
173 382
174 382
175 398
176 385
177 402
178 408
179 405
180 389
181 408
182 404
183 409
184 414
185 422
186 424
187 437
188 420
189 427
190 438
191 445
192 448
193 457
194 448
195 456
196 461
197 462
198 455
199 459
200 468
201 462
202 481
203 463
204 482
205 479
206 481
207 480
208 493
209 500
210 515
211 501
212 497
213 499
214 519
215 503
216 509
217 510
218 508
219 510
220 520
221 519
222 520
223 516
224 529
225 527
226 534
227 524
228 526
229 532
230 530
231 537
232 542
233 539
234 542
235 555
236 558
237 545
238 548
239 562
240 560
241 569
242 573
243 552
244 568
245 585
246 565
247 555
248 557
249 572
250 563
251 574
252 558
253 565
254 575
255 577
256 574
257 590
258 579
259 581
260 594
261 602
262 589
263 602
264 603
265 597
266 602
267 602
268 615
269 619
270 608
271 617
272 616
273 616
274 627
275 634
276 623
277 636
278 631
279 624
280 639
281 640
282 640
283 656
284 666
285 658
286 670
287 676
288 694
289 689
290 680
291 695
292 695
293 699
294 719
295 707
296 698
297 717
298 711
299 702
300 706
301 713
302 720
303 736
304 709
305 709
306 727
307 718
308 718
309 726
310 738
311 732
312 748
313 765
314 730
315 749
316 747
317 756
318 760
319 765
320 764
321 766
322 778
323 761
324 780
325 780
326 771
327 781
328 768
329 770
330 774
331 769
332 778
333 784
334 791
335 789
336 792
337 801
338 808
339 800
340 806
341 807
342 825
343 845
344 822
345 824
346 841
347 829
348 832
349 848
350 856
351 845
352 847
353 838
354 844
355 856
356 861
357 844
358 850
359 853
360 858
361 867
362 868
363 863
364 863
365 868
366 880
367 880
368 880
369 884
370 889
371 887
372 902
373 883
374 895
375 884
376 897
377 908
378 922
379 922
380 886
381 904
382 898
383 903
384 910
385 914
386 911
387 916
388 906
389 920
390 925
391 925
392 933
393 945
394 926
395 928
396 927
397 943
398 938
399 929
400 940
401 937
402 949
403 954
404 942
405 957
406 957
407 958
408 977
409 962
410 964
411 972
412 973
413 963
414 981
415 982
416 980
417 964
418 984
419 990
420 984
421 982
422 999
423 993
424 983
425 997
426 999
427 989
428 996
429 1004
430 1008
431 1021
432 998
433 1009
434 1018
435 1011
436 1022
437 1029
438 1017
439 1026
440 1026
441 1043
442 1036
443 1041
444 1045
445 1040
446 1049
447 1048
448 1041
449 1046
450 1056
451 1046
452 1061
453 1052
454 1072
455 1048
456 1062
457 1054
458 1068
459 1071
460 1053
461 1067
462 1058
463 1064
464 1062
465 1064
466 1077
467 1069
468 1085
469 1081
470 1065
471 1081
472 1070
473 1071
474 1067
475 1080
476 1085
477 1087
478 1092
479 1088
480 1108
481 1103
482 1102
483 1104
484 1104
485 1108
486 1114
487 1116
488 1117
489 1122
490 1128
491 1147
492 1126
493 1127
494 1138
495 1145
496 1157
497 1141
498 1158
499 1157
500 1158
501 1161
