0 0
1 12
2 21
3 31
4 42
5 21
6 32
7 32
8 26
9 30
10 44
11 63
12 48
13 58
14 52
15 61
16 62
17 66
18 64
19 76
20 84
21 85
22 76
23 95
24 83
25 94
26 90
27 84
28 96
29 86
30 104
31 98
32 102
33 108
34 117
35 114
36 130
37 137
38 151
39 157
40 160
41 172
42 153
43 173
44 154
45 155
46 160
47 170
48 174
49 158
50 164
51 163
52 174
53 184
54 173
55 190
56 184
57 196
58 185
59 197
60 201
61 186
62 192
63 200
64 207
65 200
66 204
67 210
68 214
69 213
70 215
71 218
72 231
73 227
74 225
75 230
76 237
77 234
78 239
79 253
80 244
81 252
82 242
83 248
84 262
85 253
86 255
87 260
88 265
89 271
90 270
91 274
92 279
93 290
94 310
95 285
96 296
97 290
98 293
99 298
100 292
101 303
102 301
103 314
104 323
105 304
106 319
107 323
108 324
109 314
110 321
111 329
112 335
113 341
114 334
115 346
116 337
117 356
118 347
119 344
120 350
121 349
122 365
123 377
124 365
125 381
126 367
127 384
128 368
129 379
130 378
131 384
132 385
133 393
134 400
135 397
136 394
137 412
138 401
139 419
140 412
141 403
142 423
143 421
144 410
145 419
146 423
147 429
148 440
149 423
150 442
151 434
152 425
153 429
154 443
155 434
156 430
157 444
158 433
159 437
160 455
161 458
162 471
163 485
164 469
165 470
166 470
167 487
168 476
169 488
170 478
171 492
172 481
173 501
174 486
175 479
176 482
177 489
178 490
179 502
180 490
181 501
182 498
183 505
184 506
185 518
186 518
187 520
188 512
189 517
190 516
191 529
192 534
193 526
194 545
195 531
196 529
197 543
198 558
199 545
200 547
201 560
202 559
203 565
204 561
205 578
206 577
207 596
208 573
209 592
210 582
211 587
212 602
213 595
214 598
215 594
216 603
217 609
218 615
219 595
220 609
221 605
222 603
223 614
224 615
225 630
226 620
227 628
228 629
229 622
230 635
231 629
232 634
233 630
234 644
235 636
236 643
237 639
238 650
239 657
240 641
241 650
242 659
243 676
244 642
245 643
246 662
247 672
248 658
249 657
250 660
251 669
252 677
253 662
254 682
255 664
256 679
257 684
258 689
259 708
260 694
261 703
262 717
263 702
264 704
265 706
266 713
267 720
268 709
269 725
270 715
271 718
272 724
273 718
274 722
275 734
276 742
277 750
278 767
279 746
280 748
281 748
282 747
283 750
284 750
285 765
286 751
287 752
288 767
289 762
290 769
291 764
292 770
293 780
294 782
295 768
296 771
297 786
298 769
299 779
300 788
301 805
302 787
303 792
304 807
305 790
306 801
307 810
308 806
309 796
310 809
311 816
312 800
313 816
314 805
315 812
316 816
317 811
318 814
319 821
320 817
321 818
322 829
323 821
324 834
325 843
326 852
327 863
328 822
329 835
330 826
331 838
332 836
333 840
334 839
335 856
336 840
337 849
338 844
339 845
340 862
341 846
342 853
343 872
344 860
345 877
346 863
347 865
348 874
349 884
350 881
351 883
352 888
353 901
354 893
355 890
356 893
357 899
358 900
359 909
360 922
361 919
362 915
363 930
364 950
365 930
366 927
367 945
368 962
369 930
370 938
371 940
372 943
373 943
374 941
375 949
376 944
377 948
378 950
379 955
380 954
381 963
382 963
383 958
384 959
385 977
386 966
387 977
388 985
389 969
390 987
391 980
392 979
393 990
394 987
395 986
396 992
397 997
398 1015
399 1008
400 1012
401 1027
402 1006
403 1022
404 1025
405 1040
406 1007
407 1019
408 1024
409 1016
410 1025
411 1029
412 1020
413 1031
414 1046
415 1026
416 1031
417 1028
418 1043
419 1038
420 1054
421 1062
422 1059
423 1079
424 1051
425 1053
426 1064
427 1079
428 1058
429 1054
430 1062
431 1080
432 1062
433 1060
434 1062
435 1071
436 1069
437 1079
438 1088
439 1084
440 1097
441 1086
442 1096
443 1089
444 1101
445 1107
446 1102
447 1118
448 1104
449 1124
450 1130
451 1135
452 1114
453 1119
454 1130
455 1144
456 1145
457 1134
458 1144
459 1138
460 1155
461 1155
462 1140
463 1157
464 1140
465 1147
466 1155
467 1149
468 1167
469 1155
470 1151
471 1152
472 1165
473 1160
474 1166
475 1179
476 1187
477 1199
478 1185
479 1190
480 1195
481 1192
482 1202
483 1201
484 1218
485 1207
486 1219
487 1223
488 1213
489 1229
490 1228
491 1223
492 1227
493 1237
494 1238
495 1239
496 1245
497 1249
498 1256
499 1266
500 1270
501 1281
