0 0
1 18
2 18
3 21
4 1
5 21
6 3
7 17
8 19
9 26
10 23
11 33
12 25
13 36
14 29
15 31
16 43
17 33
18 30
19 47
20 42
21 43
22 48
23 41
24 53
25 43
26 49
27 56
28 53
29 53
30 59
31 61
32 57
33 54
34 73
35 73
36 68
37 83
38 84
39 103
40 75
41 81
42 85
43 82
44 76
45 88
46 97
47 93
48 109
49 94
50 102
51 94
52 100
53 109
54 125
55 108
56 125
57 124
58 114
59 125
60 123
61 122
62 127
63 123
64 133
65 132
66 133
67 139
68 143
69 159
70 135
71 152
72 143
73 155
74 163
75 151
76 166
77 149
78 152
79 168
80 152
81 159
82 153
83 159
84 164
85 170
86 175
87 154
88 162
89 171
90 165
91 181
92 175
93 173
94 192
95 190
96 200
97 182
98 175
99 195
100 201
101 186
102 178
103 192
104 189
105 194
106 200
107 206
108 196
109 197
110 213
111 214
112 229
113 230
114 231
115 248
116 227
117 239
118 240
119 231
120 238
121 235
122 235
123 241
124 249
125 246
126 258
127 260
128 279
129 273
130 262
131 273
132 287
133 267
134 273
135 274
136 274
137 287
138 279
139 281
140 280
141 289
142 290
143 285
144 288
145 297
146 299
147 292
148 296
149 306
150 309
151 311
152 312
153 321
154 324
155 320
156 326
157 333
158 339
159 341
160 347
161 344
162 354
163 362
164 360
165 360
166 368
167 380
168 372
169 369
170 375
171 379
172 377
173 382
174 386
175 399
176 388
177 389
178 383
179 391
180 402
181 401
182 398
183 400
184 401
185 418
186 424
187 412
188 418
189 423
190 432
191 433
192 430
193 446
194 444
195 445
196 436
197 445
198 453
199 449
200 442
201 449
202 444
203 450
204 450
205 456
206 452
207 454
208 462
209 474
210 473
211 486
212 477
213 486
214 486
215 490
216 506
217 486
218 494
219 506
220 501
221 508
222 492
223 502
224 499
225 506
226 494
227 504
228 495
229 496
230 507
231 509
232 526
233 517
234 535
235 511
236 523
237 522
238 513
239 522
240 524
241 527
242 533
243 536
244 534
245 544
246 533
247 534
248 552
249 564
250 547
251 565
252 571
253 557
254 551
255 555
256 563
257 564
258 568
259 556
260 573
261 575
262 589
263 560
264 562
265 570
266 590
267 572
268 583
269 593
270 577
271 588
272 593
273 588
274 596
275 600
276 601
277 597
278 606
279 605
280 609
281 610
282 619
283 625
284 627
285 645
286 658
287 626
288 645
289 662
290 629
291 643
292 640
293 647
294 657
295 650
296 657
297 660
298 660
299 669
300 674
301 664
302 680
303 670
304 673
305 666
306 686
307 667
308 679
309 677
310 672
311 671
312 678
313 672
314 687
315 675
316 676
317 683
318 689
319 694
320 689
321 683
322 694
323 699
324 713
325 712
326 716
327 705
328 717
329 718
330 724
331 727
332 737
333 753
334 746
335 745
336 756
337 764
338 774
339 783
340 801
341 792
342 811
343 799
344 794
345 801
346 800
347 811
348 822
349 820
350 832
351 837
352 826
353 829
354 849
355 844
356 862
357 857
358 871
359 862
360 871
361 876
362 883
363 878
364 898
365 880
366 884
367 880
368 884
369 899
370 903
371 900
372 912
373 894
374 902
375 914
376 912
377 918
378 914
379 934
380 918
381 934
382 944
383 921
384 925
385 927
386 934
387 932
388 935
389 946
390 935
391 939
392 946
393 962
394 964
395 968
396 977
397 978
398 967
399 969
400 973
401 979
402 972
403 978
404 976
405 973
406 990
407 988
408 995
409 985
410 989
411 992
412 995
413 1002
414 1017
415 1004
416 1009
417 1023
418 1015
419 1020
420 1016
421 1020
422 1030
423 1029
424 1038
425 1034
426 1037
427 1047
428 1045
429 1045
430 1057
431 1055
432 1061
433 1064
434 1062
435 1070
436 1075
437 1065
438 1074
439 1085
440 1067
441 1083
442 1095
443 1093
444 1086
445 1091
446 1101
447 1097
448 1101
449 1101
450 1116
451 1104
452 1117
453 1115
454 1129
455 1112
456 1124
457 1124
458 1117
459 1116
460 1123
461 1126
462 1138
463 1135
464 1129
465 1130
466 1134
467 1139
468 1133
469 1135
470 1140
471 1141
472 1151
473 1157
474 1148
475 1153
476 1161
477 1178
478 1155
479 1165
480 1171
481 1156
482 1159
483 1161
484 1174
485 1189
486 1173
487 1163
488 1171
489 1185
490 1168
491 1179
492 1180
493 1196
494 1175
495 1178
496 1191
497 1184
498 1190
499 1195
500 1198
501 1194
