0 0
1 14
2 15
3 33
4 24
5 7
6 19
7 10
8 20
9 33
10 39
11 59
12 59
13 60
14 57
15 76
16 64
17 83
18 76
19 94
20 88
21 101
22 90
23 98
24 100
25 99
26 115
27 96
28 113
29 107
30 125
31 132
32 110
33 108
34 117
35 122
36 119
37 132
38 136
39 137
40 138
41 154
42 143
43 148
44 155
45 161
46 157
47 172
48 176
49 187
50 179
51 194
52 185
53 191
54 191
55 200
56 195
57 189
58 194
59 203
60 194
61 206
62 198
63 203
64 212
65 213
66 214
67 208
68 213
69 210
70 216
71 228
72 213
73 227
74 228
75 216
76 232
77 215
78 217
79 217
80 222
81 229
82 223
83 220
84 238
85 240
86 223
87 240
88 226
89 238
90 234
91 246
92 241
93 250
94 245
95 235
96 251
97 237
98 239
99 248
100 254
101 259
102 258
103 267
104 278
105 277
106 291
107 281
108 296
109 299
110 316
111 284
112 296
113 301
114 289
115 301
116 290
117 298
118 290
119 298
120 296
121 313
122 296
123 306
124 309
125 326
126 321
127 332
128 341
129 337
130 326
131 339
132 327
133 344
134 352
135 357
136 333
137 344
138 345
139 348
140 346
141 347
142 348
143 362
144 350
145 357
146 366
147 364
148 354
149 369
150 362
151 370
152 377
153 370
154 372
155 373
156 389
157 373
158 381
159 392
160 375
161 381
162 383
163 379
164 384
165 403
166 397
167 404
168 412
169 413
170 423
171 413
172 416
173 429
174 432
175 449
176 416
177 427
178 432
179 430
180 444
181 436
182 435
183 438
184 458
185 445
186 454
187 445
188 454
189 456
190 467
191 473
192 484
193 480
194 472
195 489
196 473
197 485
198 477
199 475
200 486
201 487
202 502
203 491
204 492
205 487
206 495
207 498
208 508
209 503
210 520
211 505
212 507
213 524
214 505
215 521
216 517
217 523
218 523
219 530
220 529
221 542
222 540
223 554
224 556
225 558
226 558
227 576
228 569
229 567
230 579
231 595
232 601
233 570
234 576
235 584
236 584
237 578
238 576
239 589
240 589
241 590
242 600
243 609
244 604
245 607
246 598
247 613
248 605
249 623
250 614
251 628
252 616
253 636
254 636
255 632
256 621
257 638
258 634
259 639
260 647
261 648
262 656
263 664
264 657
265 667
266 654
267 656
268 655
269 657
270 663
271 667
272 677
273 659
274 673
275 667
276 674
277 666
278 670
279 678
280 667
281 684
282 669
283 684
284 670
285 672
286 687
287 689
288 693
289 685
290 686
291 690
292 687
293 698
294 703
295 709
296 697
297 698
298 701
299 712
300 717
301 720
302 722
303 711
304 717
305 719
306 714
307 729
308 713
309 718
310 714
311 725
312 724
313 725
314 727
315 723
316 731
317 750
318 748
319 743
320 749
321 759
322 750
323 753
324 756
325 766
326 757
327 767
328 772
329 776
330 786
331 786
332 786
333 789
334 795
335 804
336 797
337 787
338 807
339 790
340 802
341 790
342 797
343 795
344 804
345 798
346 805
347 799
348 817
349 821
350 808
351 813
352 830
353 820
354 829
355 829
356 830
357 840
358 835
359 831
360 832
361 844
362 849
363 848
364 863
365 835
366 841
367 843
368 851
369 854
370 842
371 843
372 862
373 848
374 848
375 857
376 862
377 878
378 858
379 859
380 864
381 860
382 869
383 864
384 879
385 872
386 875
387 879
388 880
389 893
390 888
391 894
392 885
393 903
394 904
395 913
396 932
397 919
398 929
399 949
400 947
401 924
402 931
403 934
404 944
405 928
406 942
407 931
408 947
409 951
410 938
411 955
412 942
413 949
414 955
415 951
416 956
417 958
418 958
419 954
420 959
421 959
422 962
423 964
424 968
425 975
426 979
427 966
428 982
429 968
430 987
431 975
432 985
433 983
434 991
435 988
436 986
437 997
438 1005
439 1004
440 1000
441 1017
442 1005
443 1011
444 1008
445 1013
446 1029
447 1026
448 1031
449 1030
450 1035
451 1046
452 1032
453 1052
454 1060
455 1062
456 1065
457 1047
458 1061
459 1059
460 1068
461 1067
462 1084
463 1062
464 1073
465 1067
466 1073
467 1087
468 1104
469 1091
470 1104
471 1107
472 1107
473 1123
474 1121
475 1118
476 1134
477 1137
478 1135
479 1149
480 1123
481 1127
482 1126
483 1135
484 1125
485 1132
486 1134
487 1134
488 1148
489 1153
490 1144
491 1159
492 1150
493 1162
494 1156
495 1150
496 1152
497 1165
498 1167
499 1151
500 1153
501 1168
