0 0
1 14
2 15
3 12
4 19
5 15
6 24
7 24
8 34
9 24
10 41
11 41
12 34
13 54
14 53
15 42
16 49
17 46
18 45
19 44
20 52
21 55
22 61
23 54
24 69
25 68
26 78
27 88
28 80
29 92
30 85
31 80
32 82
33 88
34 92
35 93
36 97
37 103
38 116
39 111
40 118
41 117
42 110
43 111
44 111
45 126
46 134
47 131
48 120
49 137
50 155
51 175
52 131
53 132
54 140
55 137
56 142
57 157
58 152
59 172
60 181
61 186
62 155
63 167
64 170
65 174
66 173
67 185
68 186
69 192
70 182
71 202
72 190
73 199
74 201
75 199
76 201
77 217
78 215
79 205
80 205
81 222
82 220
83 231
84 217
85 218
86 231
87 220
88 230
89 231
90 228
91 236
92 239
93 232
94 249
95 239
96 241
97 244
98 239
99 252
100 250
101 242
102 256
103 258
104 245
105 248
106 254
107 262
108 254
109 273
110 289
111 290
112 264
113 276
114 273
115 275
116 285
117 289
118 286
119 289
120 304
121 301
122 321
123 290
124 293
125 297
126 304
127 318
128 313
129 323
130 335
131 329
132 319
133 326
134 331
135 336
136 347
137 327
138 347
139 334
140 345
141 349
142 364
143 348
144 361
145 349
146 354
147 356
148 362
149 358
150 359
151 369
152 368
153 374
154 372
155 387
156 384
157 376
158 396
159 406
160 399
161 405
162 412
163 409
164 415
165 407
166 411
167 422
168 421
169 422
170 437
171 426
172 426
173 443
174 440
175 443
176 441
177 454
178 447
179 446
180 444
181 457
182 450
183 454
184 465
185 471
186 470
187 487
188 465
189 485
190 482
191 476
192 494
193 490
194 478
195 486
196 481
197 481
198 488
199 500
200 494
201 482
202 497
203 490
204 494
205 508
206 507
207 502
208 501
209 517
210 512
211 527
212 526
213 521
214 539
215 533
216 543
217 541
218 536
219 537
220 548
221 550
222 557
223 552
224 559
225 555
226 569
227 583
228 565
229 576
230 566
231 574
232 589
233 592
234 569
235 580
236 582
237 588
238 601
239 604
240 620
241 629
242 639
243 630
244 644
245 637
246 643
247 652
248 666
249 681
250 657
251 677
252 666
253 676
254 658
255 664
256 664
257 668
258 682
259 681
260 699
261 670
262 685
263 677
264 695
265 696
266 697
267 699
268 685
269 693
270 694
271 702
272 694
273 694
274 708
275 698
276 716
277 703
278 721
279 733
280 719
281 725
282 735
283 723
284 732
285 729
286 736
287 736
288 731
289 736
290 730
291 734
292 747
293 749
294 742
295 752
296 761
297 749
298 757
299 764
300 766
301 750
302 768
303 773
304 758
305 761
306 768
307 780
308 794
309 771
310 780
311 793
312 778
313 781
314 781
315 779
316 785
317 789
318 793
319 801
320 813
321 786
322 794
323 798
324 800
325 803
326 799
327 812
328 829
329 827
330 813
331 833
332 820
333 837
334 823
335 831
336 827
337 835
338 828
339 844
340 830
341 828
342 832
343 834
344 844
345 845
346 844
347 850
348 850
349 857
350 864
351 858
352 862
353 871
354 861
355 866
356 874
357 874
358 871
359 883
360 876
361 889
362 878
363 877
364 879
365 896
366 897
367 889
368 886
369 890
370 897
371 887
372 905
373 899
374 890
375 894
376 909
377 891
378 909
379 911
380 893
381 904
382 895
383 901
384 902
385 907
386 906
387 907
388 906
389 920
390 909
391 922
392 912
393 917
394 937
395 929
396 949
397 915
398 928
399 918
400 929
401 936
402 930
403 944
404 944
405 963
406 964
407 951
408 958
409 968
410 962
411 981
412 979
413 982
414 966
415 971
416 974
417 976
418 981
419 986
420 986
421 976
422 987
423 1005
424 1023
425 991
426 996
427 1006
428 1003
429 1007
430 996
431 1006
432 1016
433 1009
434 1025
435 1005
436 1019
437 1017
438 1020
439 1032
440 1030
441 1019
442 1020
443 1037
444 1032
445 1030
446 1032
447 1045
448 1042
449 1044
450 1039
451 1057
452 1045
453 1047
454 1064
455 1061
456 1063
457 1068
458 1066
459 1073
460 1085
461 1086
462 1097
463 1087
464 1101
465 1090
466 1098
467 1095
468 1092
469 1097
470 1107
471 1099
472 1098
473 1110
474 1113
475 1112
476 1108
477 1127
478 1119
479 1125
480 1125
481 1121
482 1123
483 1122
484 1132
485 1133
486 1124
487 1127
488 1128
489 1143
490 1137
491 1135
492 1145
493 1137
494 1156
495 1146
496 1150
497 1150
498 1138
499 1145
500 1158
501 1156
