0 0
1 15
2 30
3 9
4 23
5 13
6 18
7 23
8 24
9 19
10 21
11 37
12 22
13 20
14 40
15 34
16 38
17 49
18 43
19 48
20 42
21 55
22 58
23 69
24 86
25 62
26 64
27 70
28 80
29 83
30 80
31 73
32 90
33 92
34 80
35 91
36 84
37 95
38 102
39 91
40 90
41 92
42 101
43 120
44 110
45 111
46 118
47 135
48 129
49 117
50 128
51 137
52 133
53 140
54 137
55 148
56 144
57 137
58 148
59 167
60 177
61 177
62 184
63 180
64 200
65 191
66 188
67 199
68 190
69 205
70 201
71 194
72 214
73 206
74 208
75 209
76 197
77 206
78 214
79 213
80 204
81 224
82 215
83 205
84 208
85 214
86 216
87 216
88 218
89 234
90 235
91 242
92 252
93 244
94 245
95 243
96 254
97 263
98 269
99 265
100 261
101 273
102 278
103 280
104 292
105 294
106 290
107 294
108 284
109 287
110 300
111 306
112 294
113 297
114 302
115 303
116 321
117 325
118 338
119 340
120 336
121 329
122 341
123 337
124 357
125 352
126 353
127 349
128 351
129 355
130 359
131 353
132 361
133 360
134 368
135 370
136 357
137 366
138 369
139 384
140 401
141 371
142 385
143 391
144 403
145 410
146 376
147 385
148 381
149 391
150 383
151 387
152 390
153 387
154 398
155 394
156 406
157 395
158 398
159 408
160 428
161 448
162 446
163 424
164 437
165 442
166 431
167 442
168 433
169 439
170 439
171 454
172 439
173 449
174 449
175 458
176 460
177 460
178 461
179 478
180 472
181 476
182 473
183 465
184 467
185 474
186 468
187 476
188 477
189 488
190 496
191 484
192 496
193 503
194 498
195 513
196 515
197 497
198 501
199 503
200 499
201 500
202 510
203 516
204 522
205 519
206 528
207 547
208 539
209 540
210 547
211 554
212 553
213 565
214 552
215 563
216 559
217 556
218 565
219 572
220 591
221 574
222 587
223 592
224 582
225 585
226 589
227 602
228 599
229 602
230 610
231 605
232 618
233 616
234 624
235 608
236 622
237 624
238 615
239 629
240 618
241 623
242 624
243 635
244 621
245 634
246 639
247 637
248 632
249 649
250 649
251 650
252 666
253 671
254 660
255 662
256 673
257 675
258 678
259 689
260 693
261 689
262 700
263 698
264 700
265 707
266 706
267 724
268 711
269 718
270 713
271 732
272 751
273 746
274 723
275 733
276 738
277 752
278 737
279 745
280 756
281 748
282 751
283 744
284 758
285 753
286 757
287 762
288 767
289 757
290 768
291 787
292 765
293 784
294 766
295 777
296 796
297 775
298 781
299 780
300 784
301 792
302 787
303 802
304 796
305 798
306 808
307 816
308 805
309 818
310 801
311 804
312 820
313 814
314 819
315 822
316 829
317 840
318 844
319 833
320 844
321 835
322 844
323 839
324 849
325 851
326 868
327 860
328 863
329 879
330 889
331 885
332 886
333 904
334 909
335 903
336 890
337 891
338 893
339 907
340 896
341 900
342 896
343 912
344 914
345 900
346 898
347 907
348 909
349 910
350 919
351 913
352 912
353 920
354 917
355 920
356 930
357 948
358 923
359 941
360 928
361 947
362 931
363 945
364 950
365 945
366 932
367 950
368 944
369 963
370 936
371 950
372 954
373 944
374 961
375 952
376 953
377 951
378 960
379 953
380 962
381 958
382 957
383 975
384 976
385 971
386 986
387 978
388 978
389 998
390 973
391 986
392 989
393 999
394 993
395 989
396 1004
397 1019
398 991
399 1006
400 1009
401 1011
402 1009
403 1008
404 1022
405 1034
406 1011
407 1017
408 1011
409 1023
410 1035
411 1013
412 1028
413 1032
414 1021
415 1026
416 1023
417 1023
418 1037
419 1033
420 1049
421 1059
422 1039
423 1046
424 1051
425 1062
426 1081
427 1097
428 1093
429 1096
430 1101
431 1102
432 1096
433 1110
434 1114
435 1101
436 1105
437 1105
438 1116
439 1124
440 1106
441 1109
442 1118
443 1110
444 1116
445 1123
446 1112
447 1119
448 1125
449 1129
450 1131
451 1143
452 1146
453 1139
454 1140
455 1134
456 1142
457 1138
458 1151
459 1142
460 1151
461 1151
462 1153
463 1157
464 1169
465 1169
466 1177
467 1159
468 1167
469 1162
470 1178
471 1181
472 1177
473 1183
474 1174
475 1194
476 1183
477 1184
478 1196
479 1194
480 1206
481 1200
482 1185
483 1191
484 1187
485 1202
486 1199
487 1213
488 1193
489 1203
490 1206
491 1220
492 1205
493 1220
494 1217
495 1215
496 1235
497 1218
498 1234
499 1217
500 1220
501 1230
