0 0
1 17
2 12
3 32
4 48
5 43
6 37
7 38
8 48
9 50
10 59
11 57
12 50
13 59
14 52
15 62
16 73
17 54
18 64
19 80
20 90
21 72
22 85
23 74
24 75
25 92
26 88
27 89
28 83
29 95
30 93
31 90
32 94
33 105
34 96
35 97
36 107
37 107
38 106
39 104
40 110
41 116
42 120
43 125
44 139
45 156
46 118
47 136
48 134
49 150
50 157
51 124
52 140
53 129
54 134
55 141
56 131
57 145
58 146
59 162
60 140
61 153
62 146
63 161
64 148
65 157
66 165
67 151
68 170
69 172
70 188
71 177
72 168
73 170
74 169
75 174
76 175
77 177
78 180
79 177
80 187
81 190
82 203
83 196
84 188
85 200
86 204
87 215
88 214
89 228
90 220
91 222
92 217
93 231
94 224
95 222
96 240
97 239
98 259
99 245
100 255
101 246
102 256
103 252
104 267
105 259
106 260
107 265
108 270
109 279
110 283
111 278
112 287
113 295
114 291
115 303
116 308
117 305
118 300
119 294
120 307
121 313
122 328
123 299
124 302
125 317
126 337
127 306
128 314
129 314
130 333
131 352
132 370
133 332
134 339
135 341
136 351
137 342
138 350
139 361
140 345
141 361
142 369
143 347
144 357
145 367
146 361
147 375
148 352
149 367
150 355
151 353
152 367
153 377
154 379
155 378
156 380
157 384
158 395
159 399
160 385
161 388
162 403
163 393
164 410
165 406
166 393
167 410
168 423
169 396
170 400
171 410
172 416
173 433
174 429
175 441
176 430
177 436
178 448
179 441
180 452
181 457
182 446
183 449
184 459
185 476
186 485
187 453
188 467
189 472
190 481
191 493
192 504
193 468
194 485
195 488
196 503
197 500
198 496
199 502
200 511
201 497
202 506
203 507
204 511
205 513
206 503
207 522
208 505
209 510
210 506
211 517
212 513
213 516
214 520
215 527
216 524
217 535
218 532
219 547
220 541
221 540
222 543
223 549
224 553
225 541
226 546
227 556
228 559
229 558
230 570
231 557
232 560
233 572
234 567
235 567
236 571
237 571
238 591
239 575
240 574
241 578
242 592
243 585
244 603
245 580
246 596
247 584
248 586
249 594
250 598
251 603
252 592
253 596
254 600
255 605
256 619
257 614
258 616
259 613
260 624
261 625
262 640
263 645
264 651
265 662
266 655
267 660
268 665
269 668
270 685
271 673
272 680
273 672
274 676
275 673
276 678
277 691
278 681
279 695
280 700
281 716
282 701
283 699
284 700
285 719
286 721
287 704
288 707
289 716
290 724
291 726
292 711
293 726
294 725
295 727
296 745
297 740
298 743
299 744
300 756
301 742
302 755
303 763
304 755
305 752
306 766
307 767
308 767
309 771
310 774
311 775
312 793
313 813
314 828
315 809
316 815
317 819
318 816
319 825
320 834
321 837
322 832
323 833
324 848
325 842
326 837
327 855
328 843
329 843
330 863
331 860
332 851
333 857
334 863
335 869
336 874
337 870
338 877
339 866
340 875
341 886
342 883
343 896
344 876
345 893
346 879
347 888
348 892
349 912
350 913
351 926
352 921
353 933
354 928
355 923
356 935
357 934
358 938
359 955
360 947
361 954
362 952
363 963
364 961
365 966
366 975
367 971
368 978
369 975
370 988
371 979
372 995
373 990
374 983
375 985
376 999
377 995
378 1002
379 1014
380 1014
381 1031
382 1021
383 1026
384 1026
385 1041
386 1046
387 1037
388 1028
389 1048
390 1042
391 1059
392 1048
393 1062
394 1068
395 1049
396 1068
397 1059
398 1061
399 1056
400 1060
401 1064
402 1068
403 1058
404 1059
405 1072
406 1078
407 1090
408 1069
409 1078
410 1084
411 1071
412 1085
413 1082
414 1087
415 1099
416 1083
417 1086
418 1094
419 1093
420 1085
421 1104
422 1102
423 1112
424 1111
425 1116
426 1118
427 1120
428 1129
429 1121
430 1123
431 1136
432 1140
433 1134
434 1127
435 1136
436 1131
437 1129
438 1129
439 1133
440 1143
441 1134
442 1138
443 1152
444 1172
445 1156
446 1145
447 1152
448 1158
449 1152
450 1160
451 1165
452 1168
453 1175
454 1169
455 1189
456 1179
457 1186
458 1173
459 1171
460 1173
461 1185
462 1175
463 1186
464 1190
465 1193
466 1210
467 1185
468 1199
469 1196
470 1213
471 1218
472 1197
473 1205
474 1221
475 1217
476 1229
477 1211
478 1216
479 1229
480 1222
481 1219
482 1216
483 1234
484 1220
485 1224
486 1236
487 1255
488 1222
489 1234
490 1233
491 1245
492 1246
493 1231
494 1237
495 1251
496 1233
497 1238
498 1236
499 1236
500 1238
501 1246
