0 0
1 4
2 8
3 3
4 10
5 23
6 22
7 20
8 24
9 29
10 49
11 38
12 33
13 35
14 39
15 49
16 40
17 55
18 70
19 51
20 66
21 77
22 60
23 76
24 72
25 88
26 96
27 79
28 99
29 83
30 99
31 84
32 86
33 90
34 97
35 111
36 93
37 106
38 101
39 109
40 103
41 100
42 114
43 114
44 117
45 131
46 115
47 121
48 128
49 126
50 120
51 120
52 125
53 137
54 136
55 140
56 142
57 147
58 161
59 156
60 163
61 157
62 167
63 170
64 170
65 186
66 170
67 179
68 173
69 171
70 186
71 190
72 174
73 178
74 189
75 185
76 192
77 186
78 196
79 188
80 199
81 192
82 199
83 202
84 203
85 204
86 210
87 207
88 213
89 215
90 210
91 218
92 216
93 219
94 230
95 231
96 247
97 236
98 234
99 249
100 269
101 242
102 262
103 279
104 243
105 247
106 250
107 246
108 246
109 249
110 261
111 250
112 252
113 257
114 258
115 268
116 276
117 282
118 270
119 288
120 274
121 293
122 296
123 283
124 284
125 301
126 304
127 317
128 319
129 310
130 325
131 315
132 321
133 330
134 319
135 329
136 335
137 328
138 332
139 334
140 344
141 338
142 346
143 354
144 352
145 358
146 361
147 374
148 389
149 395
150 381
151 385
152 384
153 387
154 383
155 386
156 403
157 423
158 403
159 395
160 414
161 418
162 429
163 420
164 432
165 426
166 429
167 437
168 433
169 428
170 430
171 442
172 443
173 436
174 452
175 452
176 462
177 472
178 491
179 457
180 477
181 471
182 472
183 481
184 475
185 488
186 473
187 493
188 491
189 496
190 505
191 485
192 492
193 492
194 494
195 507
196 501
197 511
198 524
199 509
200 520
201 525
202 511
203 528
204 517
205 527
206 515
207 535
208 518
209 529
210 520
211 523
212 528
213 540
214 522
215 535
216 550
217 530
218 539
219 535
220 537
221 542
222 536
223 543
224 553
225 556
226 549
227 565
228 564
229 567
230 558
231 553
232 560
233 564
234 569
235 557
236 571
237 577
238 572
239 572
240 580
241 596
242 576
243 586
244 589
245 603
246 585
247 595
248 602
249 612
250 586
251 599
252 603
253 587
254 599
255 597
256 599
257 601
258 605
259 610
260 616
261 611
262 627
263 612
264 619
265 621
266 630
267 627
268 637
269 622
270 626
271 632
272 638
273 653
274 635
275 655
276 660
277 666
278 659
279 648
280 649
281 664
282 671
283 684
284 675
285 690
286 687
287 676
288 692
289 686
290 694
291 688
292 691
293 692
294 699
295 704
296 706
297 706
298 708
299 712
300 719
301 726
302 739
303 713
304 726
305 717
306 717
307 727
308 726
309 719
310 729
311 730
312 738
313 754
314 742
315 746
316 749
317 748
318 762
319 764
320 752
321 764
322 754
323 764
324 753
325 766
326 766
327 781
328 761
329 776
330 786
331 803
332 802
333 786
334 801
335 793
336 791
337 809
338 797
339 804
340 812
341 807
342 804
343 808
344 821
345 814
346 823
347 822
348 817
349 833
350 831
351 841
352 835
353 832
354 849
355 846
356 843
357 863
358 863
359 849
360 854
361 862
362 869
363 872
364 875
365 890
366 879
367 884
368 884
369 877
370 879
371 889
372 886
373 899
374 912
375 923
376 911
377 916
378 920
379 914
380 921
381 933
382 931
383 938
384 939
385 946
386 950
387 937
388 938
389 955
390 942
391 951
392 948
393 944
394 952
395 963
396 945
397 956
398 957
399 958
400 958
401 960
402 970
403 965
404 979
405 966
406 975
407 974
408 982
409 980
410 982
411 990
412 998
413 993
414 995
415 1012
416 1006
417 1025
418 1017
419 1007
420 1015
421 1015
422 1008
423 1019
424 1018
425 1030
426 1020
427 1025
428 1037
429 1053
430 1038
431 1053
432 1056
433 1072
434 1091
435 1058
436 1063
437 1082
438 1071
439 1078
440 1066
441 1071
442 1079
443 1091
444 1072
445 1074
446 1079
447 1077
448 1095
449 1096
450 1087
451 1102
452 1100
453 1092
454 1111
455 1097
456 1103
457 1107
458 1116
459 1123
460 1136
461 1108
462 1116
463 1112
464 1132
465 1120
466 1123
467 1129
468 1125
469 1127
470 1134
471 1126
472 1143
473 1135
474 1141
475 1149
476 1136
477 1140
478 1140
479 1150
480 1145
481 1149
482 1165
483 1173
484 1178
485 1168
486 1180
487 1174
488 1180
489 1178
490 1186
491 1193
492 1187
493 1185
494 1200
495 1193
496 1200
497 1208
498 1199
499 1205
500 1207
501 1203
