0 0
1 5
2 6
3 8
4 25
5 19
6 22
7 16
8 21
9 26
10 34
11 51
12 67
13 73
14 31
15 38
16 38
17 40
18 46
19 52
20 51
21 58
22 54
23 60
24 56
25 58
26 67
27 68
28 85
29 96
30 73
31 73
32 80
33 83
34 75
35 79
36 86
37 78
38 83
39 86
40 98
41 83
42 95
43 101
44 102
45 108
46 115
47 109
48 115
49 118
50 113
51 129
52 132
53 142
54 151
55 140
56 143
57 142
58 143
59 143
60 153
61 150
62 168
63 175
64 154
65 170
66 176
67 158
68 162
69 174
70 170
71 175
72 190
73 164
74 179
75 175
76 183
77 169
78 180
79 185
80 187
81 181
82 194
83 190
84 193
85 197
86 210
87 208
88 226
89 221
90 229
91 241
92 216
93 224
94 217
95 235
96 228
97 219
98 234
99 235
100 245
101 225
102 235
103 228
104 231
105 243
106 245
107 249
108 251
109 253
110 250
111 267
112 261
113 275
114 275
115 274
116 291
117 284
118 294
119 292
120 298
121 307
122 310
123 311
124 328
125 324
126 313
127 320
128 340
129 332
130 333
131 336
132 335
133 348
134 341
135 355
136 352
137 366
138 371
139 374
140 384
141 372
142 373
143 383
144 391
145 374
146 381
147 390
148 405
149 419
150 395
151 401
152 396
153 397
154 400
155 402
156 415
157 417
158 410
159 421
160 430
161 426
162 417
163 424
164 434
165 429
166 445
167 445
168 462
169 479
170 460
171 470
172 473
173 493
174 471
175 462
176 473
177 467
178 481
179 473
180 474
181 485
182 492
183 487
184 486
185 486
186 488
187 490
188 499
189 516
190 535
191 500
192 504
193 507
194 508
195 527
196 506
197 520
198 510
199 525
200 522
201 528
202 543
203 536
204 545
205 527
206 539
207 535
208 543
209 533
210 547
211 541
212 551
213 554
214 568
215 561
216 566
217 572
218 558
219 568
220 560
221 572
222 561
223 565
224 578
225 563
226 581
227 572
228 586
229 585
230 578
231 587
232 576
233 580
234 589
235 590
236 590
237 601
238 608
239 596
240 604
241 600
242 604
243 617
244 608
245 628
246 614
247 628
248 622
249 638
250 633
251 628
252 640
253 632
254 644
255 644
256 642
257 649
258 661
259 660
260 651
261 668
262 657
263 661
264 666
265 664
266 681
267 658
268 663
269 668
270 672
271 675
272 663
273 666
274 668
275 684
276 698
277 706
278 679
279 669
280 680
281 674
282 689
283 693
284 707
285 701
286 709
287 716
288 724
289 714
290 716
291 723
292 720
293 727
294 728
295 733
296 731
297 747
298 735
299 738
300 752
301 753
302 753
303 772
304 754
305 772
306 767
307 778
308 790
309 776
310 783
311 783
312 786
313 792
314 796
315 785
316 794
317 797
318 787
319 800
320 807
321 816
322 798
323 813
324 816
325 824
326 833
327 851
328 823
329 843
330 839
331 843
332 828
333 847
334 848
335 866
336 839
337 833
338 848
339 861
340 859
341 864
342 867
343 876
344 882
345 888
346 901
347 882
348 897
349 888
350 888
351 890
352 891
353 908
354 914
355 919
356 926
357 932
358 944
359 939
360 941
361 958
362 943
363 951
364 953
365 964
366 960
367 954
368 962
369 966
370 966
371 968
372 973
373 971
374 974
375 979
376 987
377 996
378 1004
379 1018
380 1035
381 1021
382 1022
383 1024
384 1028
385 1023
386 1039
387 1032
388 1042
389 1038
390 1036
391 1054
392 1048
393 1066
394 1048
395 1056
396 1054
397 1066
398 1068
399 1085
400 1059
401 1070
402 1061
403 1063
404 1079
405 1087
406 1079
407 1072
408 1092
409 1075
410 1075
411 1076
412 1092
413 1076
414 1084
415 1085
416 1095
417 1092
418 1103
419 1097
420 1107
421 1101
422 1112
423 1104
424 1116
425 1111
426 1118
427 1129
428 1115
429 1132
430 1127
431 1134
432 1122
433 1131
434 1132
435 1148
436 1138
437 1124
438 1126
439 1130
440 1144
441 1142
442 1137
443 1141
444 1148
445 1155
446 1160
447 1148
448 1165
449 1172
450 1168
451 1172
452 1156
453 1174
454 1164
455 1159
456 1175
457 1183
458 1163
459 1179
460 1170
461 1166
462 1175
463 1182
464 1174
465 1177
466 1175
467 1195
468 1200
469 1190
470 1200
471 1186
472 1199
473 1204
474 1200
475 1212
476 1203
477 1220
478 1219
479 1211
480 1229
481 1249
482 1223
483 1233
484 1240
485 1228
486 1244
487 1246
488 1257
489 1235
490 1242
491 1244
492 1243
493 1248
494 1257
495 1262
496 1250
497 1262
498 1268
499 1259
500 1263
501 1264
