0 0
1 13
2 11
3 16
4 28
5 15
6 26
7 26
8 29
9 27
10 29
11 41
12 35
13 50
14 37
15 51
16 53
17 48
18 47
19 48
20 54
21 50
22 48
23 55
24 68
25 79
26 85
27 93
28 102
29 71
30 87
31 84
32 101
33 102
34 105
35 85
36 87
37 103
38 88
39 102
40 111
41 94
42 95
43 99
44 103
45 113
46 101
47 120
48 115
49 110
50 107
51 123
52 131
53 146
54 124
55 125
56 135
57 129
58 142
59 146
60 136
61 145
62 145
63 163
64 147
65 137
66 149
67 150
68 155
69 167
70 159
71 175
72 153
73 168
74 170
75 157
76 177
77 194
78 158
79 173
80 177
81 167
82 169
83 170
84 182
85 187
86 189
87 202
88 178
89 194
90 183
91 197
92 213
93 192
94 189
95 194
96 198
97 193
98 210
99 194
100 195
101 203
102 202
103 208
104 227
105 212
106 229
107 237
108 244
109 256
110 246
111 264
112 249
113 269
114 278
115 279
116 282
117 282
118 290
119 289
120 289
121 291
122 299
123 307
124 311
125 312
126 311
127 308
128 315
129 316
130 319
131 312
132 317
133 331
134 332
135 332
136 330
137 334
138 344
139 336
140 337
141 338
142 353
143 373
144 340
145 343
146 355
147 372
148 349
149 351
150 352
151 360
152 366
153 386
154 367
155 363
156 365
157 372
158 368
159 387
160 371
161 382
162 376
163 375
164 390
165 392
166 376
167 388
168 387
169 379
170 387
171 404
172 394
173 395
174 404
175 403
176 403
177 417
178 435
179 404
180 405
181 411
182 411
183 427
184 429
185 427
186 440
187 434
188 430
189 431
190 448
191 455
192 445
193 439
194 443
195 448
196 458
197 441
198 447
199 456
200 452
201 462
202 468
203 462
204 457
205 462
206 469
207 460
208 471
209 480
210 493
211 488
212 490
213 505
214 508
215 497
216 502
217 508
218 511
219 503
220 512
221 532
222 513
223 517
224 513
225 524
226 521
227 526
228 523
229 526
230 542
231 526
232 532
233 533
234 527
235 536
236 550
237 537
238 543
239 558
240 553
241 563
242 568
243 576
244 587
245 581
246 591
247 576
248 595
249 590
250 604
251 607
252 619
253 615
254 611
255 618
256 617
257 615
258 627
259 629
260 619
261 627
262 634
263 627
264 642
265 635
266 643
267 652
268 652
269 646
270 640
271 641
272 656
273 643
274 645
275 661
276 657
277 676
278 656
279 664
280 664
281 668
282 674
283 670
284 669
285 679
286 677
287 693
288 690
289 687
290 688
291 681
292 685
293 688
294 687
295 700
296 692
297 694
298 707
299 701
300 712
301 720
302 717
303 721
304 703
305 723
306 706
307 720
308 722
309 731
310 714
311 720
312 721
313 739
314 724
315 722
316 738
317 742
318 731
319 741
320 737
321 751
322 758
323 743
324 754
325 756
326 762
327 762
328 760
329 760
330 773
331 763
332 783
333 766
334 786
335 779
336 798
337 811
338 779
339 781
340 799
341 786
342 793
343 790
344 791
345 794
346 802
347 799
348 805
349 801
350 815
351 821
352 808
353 819
354 825
355 839
356 844
357 835
358 837
359 839
360 847
361 836
362 846
363 862
364 873
365 857
366 858
367 873
368 872
369 862
370 865
371 871
372 868
373 871
374 873
375 889
376 869
377 870
378 878
379 881
380 876
381 883
382 891
383 883
384 894
385 883
386 891
387 897
388 884
389 891
390 899
391 898
392 901
393 900
394 918
395 909
396 910
397 910
398 911
399 923
400 928
401 940
402 942
403 937
404 941
405 930
406 931
407 935
408 934
409 940
410 946
411 961
412 974
413 950
414 960
415 960
416 980
417 967
418 961
419 975
420 973
421 986
422 974
423 981
424 989
425 1008
426 992
427 1011
428 1012
429 1025
430 1028
431 1025
432 1032
433 1025
434 1039
435 1036
436 1048
437 1041
438 1053
439 1050
440 1043
441 1055
442 1058
443 1063
444 1066
445 1064
446 1065
447 1073
448 1069
449 1070
450 1084
451 1089
452 1071
453 1088
454 1090
455 1106
456 1101
457 1082
458 1100
459 1083
460 1098
461 1114
462 1102
463 1112
464 1085
465 1105
466 1091
467 1109
468 1088
469 1099
470 1101
471 1106
472 1119
473 1109
474 1116
475 1124
476 1121
477 1122
478 1132
479 1126
480 1129
481 1131
482 1138
483 1135
484 1146
485 1148
486 1159
487 1150
488 1151
489 1162
490 1172
491 1151
492 1157
493 1161
494 1169
495 1168
496 1178
497 1189
498 1168
499 1187
500 1172
501 1177
