0 0
1 1
2 18
3 13
4 22
5 21
6 28
7 17
8 14
9 25
10 28
11 33
12 23
13 33
14 25
15 39
16 43
17 56
18 36
19 49
20 53
21 69
22 68
23 78
24 64
25 83
26 73
27 89
28 76
29 83
30 83
31 79
32 99
33 93
34 100
35 84
36 94
37 94
38 99
39 109
40 115
41 111
42 123
43 104
44 124
45 111
46 126
47 116
48 134
49 124
50 139
51 132
52 140
53 144
54 139
55 140
56 158
57 165
58 143
59 158
60 155
61 159
62 145
63 157
64 157
65 163
66 153
67 171
68 160
69 165
70 168
71 163
72 167
73 174
74 164
75 174
76 168
77 176
78 183
79 177
80 192
81 188
82 189
83 199
84 185
85 191
86 199
87 195
88 198
89 199
90 205
91 217
92 205
93 214
94 211
95 209
96 206
97 221
98 222
99 220
100 233
101 229
102 242
103 247
104 234
105 239
106 246
107 236
108 238
109 239
110 250
111 244
112 255
113 248
114 253
115 261
116 252
117 269
118 267
119 286
120 271
121 287
122 282
123 287
124 272
125 278
126 276
127 284
128 298
129 311
130 329
131 325
132 329
133 314
134 324
135 331
136 317
137 330
138 328
139 330
140 337
141 348
142 339
143 344
144 352
145 350
146 348
147 358
148 365
149 362
150 365
151 372
152 364
153 381
154 387
155 382
156 394
157 382
158 382
159 389
160 390
161 407
162 408
163 399
164 414
165 418
166 412
167 419
168 433
169 415
170 425
171 421
172 421
173 439
174 432
175 433
176 439
177 445
178 443
179 455
180 447
181 444
182 446
183 456
184 449
185 459
186 452
187 468
188 463
189 481
190 467
191 458
192 473
193 469
194 479
195 484
196 480
197 488
198 491
199 484
200 482
201 496
202 487
203 495
204 494
205 488
206 493
207 498
208 494
209 507
210 498
211 507
212 507
213 520
214 510
215 516
216 508
217 511
218 516
219 519
220 531
221 520
222 538
223 537
224 538
225 540
226 541
227 545
228 560
229 552
230 568
231 579
232 578
233 585
234 592
235 582
236 589
237 593
238 597
239 598
240 611
241 620
242 635
243 611
244 601
245 612
246 620
247 608
248 619
249 613
250 616
251 613
252 618
253 626
254 628
255 628
256 627
257 647
258 627
259 634
260 632
261 639
262 646
263 648
264 647
265 656
266 658
267 662
268 665
269 664
270 679
271 671
272 670
273 677
274 669
275 679
276 672
277 679
278 674
279 690
280 691
281 699
282 719
283 692
284 694
285 710
286 709
287 699
288 702
289 706
290 707
291 723
292 716
293 716
294 729
295 734
296 729
297 725
298 735
299 752
300 727
301 733
302 727
303 728
304 745
305 742
306 756
307 770
308 775
309 781
310 777
311 780
312 786
313 787
314 782
315 791
316 794
317 812
318 797
319 808
320 797
321 808
322 803
323 812
324 810
325 805
326 822
327 804
328 811
329 807
330 811
331 825
332 809
333 814
334 812
335 827
336 835
337 847
338 840
339 841
340 847
341 842
342 853
343 858
344 853
345 862
346 868
347 873
348 884
349 881
350 893
351 905
352 890
353 890
354 900
355 898
356 902
357 913
358 906
359 923
360 912
361 909
362 922
363 917
364 916
365 933
366 934
367 942
368 947
369 935
370 953
371 940
372 936
373 945
374 949
375 937
376 952
377 941
378 950
379 945
380 956
381 947
382 958
383 952
384 948
385 965
386 953
387 957
388 968
389 967
390 975
391 976
392 972
393 976
394 991
395 984
396 977
397 991
398 982
399 986
400 994
401 997
402 1001
403 1017
404 993
405 1001
406 1011
407 998
408 1016
409 1003
410 1012
411 1021
412 1023
413 1030
414 1007
415 1025
416 1025
417 1021
418 1018
419 1020
420 1029
421 1033
422 1038
423 1039
424 1042
425 1047
426 1055
427 1043
428 1054
429 1055
430 1057
431 1052
432 1056
433 1061
434 1070
435 1055
436 1072
437 1070
438 1073
439 1067
440 1074
441 1076
442 1082
443 1087
444 1095
445 1092
446 1093
447 1094
448 1097
449 1106
450 1113
451 1115
452 1126
453 1139
454 1128
455 1132
456 1132
457 1133
458 1152
459 1134
460 1147
461 1165
462 1174
463 1135
464 1138
465 1139
466 1158
467 1152
468 1155
469 1156
470 1160
471 1167
472 1160
473 1169
474 1173
475 1184
476 1161
477 1180
478 1192
479 1174
480 1180
481 1191
482 1185
483 1188
484 1191
485 1181
486 1188
487 1187
488 1192
489 1182
490 1184
491 1187
492 1202
493 1202
494 1194
495 1210
496 1198
497 1196
498 1214
499 1232
500 1200
501 1211
