0 0
1 12
2 30
3 13
4 24
5 21
6 34
7 37
8 31
9 47
10 60
11 55
12 48
13 50
14 62
15 52
16 62
17 70
18 63
19 64
20 75
21 81
22 85
23 70
24 82
25 96
26 98
27 74
28 84
29 91
30 77
31 77
32 83
33 85
34 93
35 103
36 113
37 112
38 109
39 113
40 110
41 123
42 129
43 126
44 111
45 122
46 129
47 133
48 139
49 137
50 130
51 143
52 157
53 144
54 145
55 160
56 163
57 172
58 167
59 163
60 181
61 191
62 175
63 186
64 184
65 186
66 197
67 205
68 186
69 187
70 204
71 191
72 196
73 194
74 201
75 202
76 200
77 205
78 217
79 232
80 224
81 220
82 226
83 232
84 235
85 232
86 243
87 234
88 245
89 243
90 256
91 242
92 254
93 259
94 279
95 248
96 264
97 253
98 253
99 267
100 260
101 277
102 270
103 265
104 274
105 283
106 280
107 280
108 289
109 294
110 301
111 282
112 294
113 288
114 287
115 290
116 291
117 292
118 301
119 303
120 302
121 304
122 310
123 320
124 321
125 328
126 337
127 335
128 340
129 352
130 340
131 355
132 369
133 375
134 360
135 366
136 380
137 390
138 363
139 366
140 379
141 393
142 379
143 365
144 368
145 367
146 381
147 377
148 384
149 380
150 386
151 383
152 382
153 402
154 381
155 401
156 392
157 382
158 393
159 384
160 384
161 393
162 399
163 413
164 404
165 422
166 406
167 407
168 422
169 423
170 424
171 427
172 440
173 431
174 448
175 449
176 439
177 432
178 442
179 446
180 457
181 436
182 456
183 462
184 474
185 474
186 494
187 466
188 467
189 469
190 468
191 477
192 477
193 473
194 486
195 489
196 475
197 491
198 492
199 491
200 478
201 489
202 482
203 489
204 489
205 487
206 503
207 497
208 502
209 514
210 512
211 525
212 545
213 521
214 531
215 528
216 541
217 543
218 531
219 536
220 550
221 537
222 542
223 547
224 553
225 559
226 551
227 544
228 547
229 564
230 546
231 545
232 548
233 558
234 562
235 565
236 558
237 566
238 577
239 560
240 577
241 570
242 585
243 561
244 564
245 578
246 591
247 569
248 588
249 591
250 599
251 601
252 588
253 604
254 598
255 604
256 589
257 595
258 606
259 602
260 605
261 602
262 604
263 604
264 610
265 608
266 610
267 620
268 622
269 624
270 642
271 622
272 629
273 639
274 650
275 639
276 649
277 653
278 668
279 641
280 655
281 668
282 658
283 663
284 674
285 666
286 676
287 681
288 681
289 701
290 705
291 708
292 703
293 718
294 718
295 726
296 713
297 723
298 715
299 724
300 728
301 747
302 732
303 726
304 745
305 734
306 727
307 745
308 737
309 742
310 730
311 749
312 733
313 747
314 733
315 750
316 738
317 739
318 751
319 745
320 756
321 753
322 749
323 755
324 752
325 762
326 764
327 757
328 763
329 767
330 764
331 769
332 773
333 773
334 774
335 784
336 787
337 793
338 776
339 795
340 780
341 779
342 786
343 785
344 788
345 801
346 805
347 787
348 795
349 805
350 812
351 812
352 814
353 805
354 820
355 818
356 811
357 829
358 833
359 836
360 847
361 836
362 855
363 843
364 845
365 839
366 840
367 858
368 855
369 847
370 859
371 867
372 870
373 873
374 865
375 867
376 883
377 888
378 868
379 877
380 876
381 872
382 878
383 884
384 880
385 890
386 892
387 894
388 911
389 903
390 899
391 906
392 915
393 908
394 918
395 937
396 947
397 954
398 962
399 938
400 942
401 955
402 971
403 955
404 961
405 971
406 973
407 971
408 980
409 976
410 995
411 992
412 993
413 993
414 990
415 1007
416 1005
417 995
418 998
419 1006
420 996
421 1006
422 1000
423 1010
424 1007
425 1020
426 1032
427 1023
428 1038
429 1054
430 1054
431 1063
432 1064
433 1055
434 1057
435 1057
436 1061
437 1077
438 1068
439 1075
440 1063
441 1067
442 1074
443 1070
444 1078
445 1074
446 1083
447 1072
448 1087
449 1073
450 1091
451 1101
452 1098
453 1108
454 1113
455 1118
456 1113
457 1124
458 1129
459 1138
460 1156
461 1142
462 1133
463 1135
464 1136
465 1154
466 1150
467 1161
468 1179
469 1152
470 1166
471 1168
472 1169
473 1156
474 1158
475 1163
476 1171
477 1191
478 1190
479 1170
480 1185
481 1186
482 1178
483 1187
484 1196
485 1193
486 1198
487 1203
488 1209
489 1205
490 1208
491 1215
492 1221
493 1217
494 1221
495 1215
496 1226
497 1225
498 1233
499 1245
500 1254
501 1269
