0 0
1 4
2 17
3 7
4 23
5 14
6 12
7 26
8 20
9 15
10 34
11 25
12 17
13 22
14 26
15 36
16 30
17 24
18 38
19 26
20 40
21 26
22 32
23 51
24 40
25 36
26 32
27 43
28 36
29 47
30 53
31 52
32 57
33 60
34 55
35 60
36 71
37 67
38 87
39 73
40 85
41 78
42 80
43 74
44 87
45 78
46 85
47 91
48 94
49 80
50 85
51 93
52 99
53 90
54 99
55 91
56 99
57 99
58 110
59 109
60 116
61 108
62 115
63 116
64 127
65 132
66 127
67 139
68 137
69 131
70 144
71 132
72 151
73 136
74 134
75 144
76 151
77 155
78 158
79 169
80 185
81 164
82 175
83 194
84 176
85 173
86 174
87 183
88 185
89 201
90 177
91 194
92 208
93 221
94 185
95 184
96 202
97 193
98 186
99 194
100 194
101 195
102 204
103 208
104 199
105 214
106 217
107 232
108 245
109 215
110 235
111 230
112 247
113 251
114 250
115 251
116 250
117 265
118 256
119 259
120 252
121 261
122 254
123 259
124 275
125 281
126 285
127 281
128 299
129 286
130 292
131 300
132 306
133 306
134 322
135 317
136 323
137 320
138 336
139 331
140 347
141 334
142 354
143 346
144 365
145 362
146 381
147 368
148 374
149 377
150 392
151 396
152 395
153 398
154 407
155 413
156 409
157 426
158 421
159 429
160 439
161 441
162 440
163 452
164 451
165 459
166 468
167 477
168 479
169 498
170 480
171 484
172 497
173 486
174 495
175 507
176 491
177 496
178 494
179 494
180 510
181 506
182 498
183 517
184 512
185 516
186 524
187 532
188 522
189 522
190 520
191 526
192 538
193 558
194 528
195 527
196 543
197 537
198 553
199 544
200 552
201 557
202 541
203 554
204 559
205 544
206 548
207 552
208 548
209 560
210 561
211 567
212 571
213 579
214 568
215 583
216 602
217 576
218 570
219 575
220 580
221 590
222 577
223 585
224 584
225 594
226 591
227 600
228 601
229 606
230 611
231 607
232 618
233 612
234 625
235 615
236 609
237 623
238 617
239 636
240 625
241 630
242 631
243 628
244 638
245 635
246 633
247 635
248 648
249 647
250 651
251 649
252 650
253 670
254 661
255 650
256 654
257 655
258 653
259 663
260 668
261 672
262 680
263 682
264 679
265 683
266 698
267 691
268 694
269 686
270 690
271 692
272 694
273 689
274 699
275 700
276 700
277 712
278 727
279 718
280 719
281 721
282 722
283 737
284 726
285 728
286 741
287 740
288 756
289 738
290 744
291 739
292 739
293 741
294 746
295 743
296 762
297 745
298 759
299 761
300 772
301 789
302 771
303 776
304 777
305 778
306 782
307 797
308 802
309 791
310 811
311 795
312 793
313 810
314 824
315 796
316 802
317 805
318 815
319 817
320 830
321 814
322 829
323 822
324 830
325 833
326 824
327 843
328 825
329 831
330 845
331 841
332 860
333 858
334 861
335 877
336 879
337 873
338 888
339 883
340 900
341 890
342 902
343 904
344 893
345 906
346 912
347 904
348 924
349 903
350 907
351 910
352 929
353 912
354 919
355 927
356 942
357 959
358 930
359 933
360 936
361 936
362 949
363 948
364 942
365 951
366 957
367 964
368 971
369 982
370 971
371 961
372 977
373 979
374 967
375 975
376 993
377 977
378 996
379 970
380 973
381 986
382 974
383 981
384 992
385 989
386 998
387 1003
388 1001
389 1015
390 1000
391 1015
392 1005
393 1015
394 1008
395 1020
396 1017
397 1022
398 1029
399 1019
400 1026
401 1031
402 1023
403 1022
404 1028
405 1032
406 1033
407 1028
408 1033
409 1037
410 1039
411 1051
412 1066
413 1051
414 1045
415 1053
416 1073
417 1059
418 1059
419 1063
420 1065
421 1065
422 1066
423 1075
424 1077
425 1085
426 1092
427 1098
428 1086
429 1097
430 1090
431 1102
432 1104
433 1104
434 1103
435 1104
436 1122
437 1123
438 1114
439 1114
440 1130
441 1128
442 1117
443 1134
444 1120
445 1134
446 1136
447 1153
448 1121
449 1140
450 1131
451 1138
452 1156
453 1139
454 1136
455 1149
456 1157
457 1156
458 1150
459 1167
460 1159
461 1167
462 1185
463 1202
464 1181
465 1173
466 1177
467 1175
468 1189
469 1177
470 1178
471 1195
472 1192
473 1181
474 1191
475 1210
476 1193
477 1198
478 1200
479 1211
480 1227
481 1202
482 1207
483 1213
484 1211
485 1204
486 1209
487 1212
488 1216
489 1205
490 1218
491 1216
492 1220
493 1214
494 1233
495 1231
496 1221
497 1217
498 1226
499 1220
500 1226
501 1240
