0 0
1 4
2 15
3 17
4 5
5 12
6 32
7 8
8 27
9 28
10 36
11 39
12 40
13 41
14 49
15 46
16 49
17 41
18 48
19 58
20 49
21 50
22 62
23 79
24 95
25 82
26 85
27 95
28 93
29 110
30 103
31 119
32 120
33 107
34 114
35 131
36 138
37 116
38 118
39 128
40 140
41 138
42 126
43 134
44 139
45 129
46 135
47 135
48 136
49 147
50 144
51 145
52 138
53 156
54 147
55 155
56 156
57 156
58 162
59 162
60 174
61 167
62 161
63 171
64 180
65 191
66 176
67 178
68 194
69 190
70 204
71 192
72 195
73 212
74 199
75 213
76 207
77 219
78 214
79 216
80 222
81 225
82 221
83 236
84 228
85 226
86 233
87 236
88 242
89 240
90 241
91 253
92 249
93 269
94 253
95 270
96 264
97 281
98 300
99 268
100 277
101 288
102 290
103 304
104 308
105 305
106 317
107 335
108 314
109 325
110 314
111 330
112 324
113 337
114 330
115 332
116 328
117 343
118 329
119 333
120 335
121 345
122 356
123 343
124 351
125 353
126 366
127 349
128 361
129 372
130 358
131 374
132 351
133 370
134 384
135 363
136 380
137 373
138 376
139 389
140 400
141 417
142 421
143 437
144 393
145 404
146 406
147 419
148 396
149 411
150 419
151 424
152 423
153 401
154 411
155 427
156 412
157 417
158 425
159 438
160 424
161 421
162 423
163 431
164 437
165 432
166 430
167 445
168 432
169 449
170 432
171 447
172 447
173 456
174 475
175 465
176 470
177 478
178 481
179 470
180 481
181 474
182 490
183 489
184 477
185 483
186 491
187 493
188 480
189 495
190 491
191 485
192 484
193 491
194 501
195 518
196 507
197 495
198 504
199 503
200 500
201 508
202 518
203 503
204 504
205 520
206 535
207 528
208 536
209 539
210 526
211 531
212 529
213 539
214 541
215 532
216 543
217 557
218 556
219 533
220 535
221 545
222 539
223 540
224 542
225 546
226 547
227 556
228 553
229 556
230 566
231 571
232 563
233 572
234 582
235 584
236 572
237 571
238 587
239 580
240 599
241 587
242 589
243 604
244 590
245 604
246 591
247 605
248 609
249 611
250 608
251 625
252 624
253 625
254 642
255 645
256 640
257 630
258 642
259 635
260 631
261 640
262 650
263 658
264 668
265 677
266 647
267 649
268 663
269 682
270 668
271 684
272 671
273 679
274 670
275 684
276 694
277 713
278 680
279 686
280 700
281 681
282 688
283 697
284 690
285 701
286 689
287 708
288 693
289 698
290 705
291 699
292 702
293 713
294 700
295 711
296 712
297 703
298 712
299 711
300 713
301 712
302 723
303 728
304 715
305 731
306 725
307 744
308 727
309 735
310 739
311 746
312 751
313 751
314 767
315 743
316 759
317 761
318 765
319 766
320 772
321 782
322 771
323 778
324 783
325 792
326 782
327 774
328 788
329 788
330 795
331 807
332 795
333 795
334 789
335 790
336 802
337 806
338 806
339 824
340 810
341 814
342 812
343 819
344 817
345 820
346 815
347 831
348 845
349 847
350 848
351 834
352 854
353 843
354 862
355 848
356 849
357 847
358 850
359 859
360 858
361 863
362 867
363 878
364 864
365 880
366 876
367 865
368 871
369 891
370 889
371 883
372 882
373 882
374 888
375 902
376 906
377 919
378 933
379 950
380 912
381 911
382 921
383 916
384 927
385 931
386 933
387 927
388 940
389 941
390 950
391 946
392 963
393 954
394 946
395 956
396 953
397 963
398 973
399 965
400 976
401 980
402 981
403 977
404 969
405 988
406 1006
407 1012
408 990
409 991
410 997
411 1006
412 999
413 999
414 1007
415 1000
416 1007
417 1018
418 1012
419 1010
420 1028
421 1025
422 1021
423 1013
424 1027
425 1025
426 1018
427 1028
428 1022
429 1037
430 1026
431 1030
432 1045
433 1046
434 1045
435 1065
436 1047
437 1056
438 1062
439 1061
440 1076
441 1073
442 1079
443 1091
444 1084
445 1076
446 1079
447 1083
448 1095
449 1078
450 1081
451 1096
452 1083
453 1100
454 1106
455 1118
456 1132
457 1110
458 1119
459 1139
460 1146
461 1114
462 1123
463 1126
464 1117
465 1130
466 1132
467 1143
468 1151
469 1121
470 1124
471 1126
472 1135
473 1128
474 1147
475 1155
476 1145
477 1130
478 1140
479 1142
480 1146
481 1162
482 1159
483 1163
484 1165
485 1185
486 1160
487 1168
488 1169
489 1171
490 1178
491 1193
492 1173
493 1185
494 1176
495 1186
496 1179
497 1185
498 1199
499 1195
500 1197
501 1193
