0 0
1 14
2 12
3 16
4 6
5 24
6 14
7 24
8 41
9 44
10 52
11 31
12 40
13 35
14 38
15 44
16 51
17 52
18 47
19 53
20 61
21 65
22 80
23 71
24 68
25 70
26 78
27 72
28 81
29 87
30 103
31 107
32 82
33 93
34 104
35 119
36 101
37 85
38 96
39 101
40 112
41 114
42 97
43 103
44 109
45 116
46 100
47 105
48 115
49 116
50 133
51 119
52 125
53 121
54 132
55 138
56 124
57 127
58 130
59 138
60 133
61 136
62 135
63 137
64 146
65 152
66 145
67 149
68 164
69 179
70 179
71 171
72 177
73 178
74 180
75 174
76 181
77 184
78 178
79 180
80 182
81 196
82 188
83 183
84 197
85 200
86 211
87 197
88 203
89 206
90 219
91 205
92 208
93 212
94 211
95 221
96 209
97 228
98 210
99 211
100 222
101 224
102 221
103 222
104 235
105 238
106 234
107 232
108 237
109 236
110 238
111 236
112 240
113 256
114 252
115 264
116 257
117 258
118 256
119 272
120 276
121 270
122 274
123 267
124 274
125 268
126 272
127 281
128 277
129 287
130 291
131 279
132 291
133 288
134 280
135 288
136 281
137 291
138 294
139 296
140 284
141 286
142 296
143 289
144 308
145 302
146 312
147 321
148 313
149 325
150 313
151 325
152 329
153 330
154 330
155 337
156 348
157 344
158 356
159 333
160 350
161 342
162 348
163 345
164 343
165 347
166 352
167 355
168 345
169 360
170 363
171 349
172 366
173 361
174 356
175 363
176 360
177 370
178 370
179 363
180 375
181 377
182 366
183 367
184 378
185 386
186 394
187 385
188 405
189 418
190 399
191 386
192 405
193 402
194 418
195 425
196 409
197 411
198 418
199 427
200 438
201 417
202 425
203 421
204 431
205 434
206 434
207 452
208 446
209 437
210 450
211 439
212 442
213 454
214 457
215 455
216 468
217 468
218 484
219 461
220 471
221 473
222 479
223 485
224 488
225 491
226 505
227 500
228 489
229 501
230 493
231 507
232 495
233 505
234 507
235 512
236 496
237 502
238 515
239 506
240 512
241 515
242 508
243 521
244 525
245 522
246 538
247 525
248 535
249 523
250 528
251 529
252 541
253 556
254 551
255 536
256 544
257 552
258 561
259 542
260 562
261 548
262 549
263 565
264 555
265 569
266 568
267 557
268 560
269 575
270 575
271 570
272 589
273 580
274 581
275 596
276 585
277 593
278 602
279 592
280 600
281 599
282 605
283 609
284 617
285 614
286 621
287 636
288 624
289 620
290 626
291 622
292 634
293 637
294 639
295 625
296 625
297 644
298 641
299 630
300 634
301 649
302 662
303 649
304 660
305 670
306 687
307 696
308 704
309 683
310 693
311 686
312 695
313 701
314 699
315 705
316 715
317 702
318 707
319 711
320 718
321 709
322 706
323 718
324 712
325 716
326 724
327 727
328 734
329 734
330 740
331 737
332 738
333 745
334 753
335 742
336 742
337 743
338 761
339 771
340 760
341 774
342 771
343 772
344 777
345 772
346 790
347 792
348 786
349 787
350 801
351 802
352 805
353 809
354 800
355 803
356 809
357 808
358 826
359 814
360 815
361 815
362 820
363 829
364 828
365 842
366 843
367 833
368 838
369 840
370 854
371 841
372 849
373 847
374 853
375 864
376 868
377 858
378 858
379 869
380 873
381 860
382 866
383 872
384 874
385 880
386 888
387 892
388 891
389 881
390 896
391 883
392 900
393 904
394 911
395 912
396 914
397 919
398 905
399 911
400 923
401 925
402 913
403 921
404 930
405 927
406 932
407 933
408 932
409 937
410 937
411 939
412 944
413 957
414 967
415 963
416 951
417 967
418 959
419 974
420 979
421 991
422 993
423 996
424 1002
425 993
426 994
427 1004
428 1010
429 1009
430 994
431 995
432 1006
433 1018
434 1012
435 1017
436 996
437 1009
438 1019
439 1021
440 1005
441 1010
442 1011
443 1022
444 1016
445 1017
446 1018
447 1020
448 1036
449 1032
450 1047
451 1037
452 1056
453 1068
454 1050
455 1056
456 1044
457 1063
458 1055
459 1056
460 1057
461 1070
462 1061
463 1071
464 1080
465 1058
466 1061
467 1074
468 1093
469 1075
470 1092
471 1102
472 1082
473 1090
474 1105
475 1121
476 1112
477 1122
478 1123
479 1119
480 1120
481 1126
482 1144
483 1157
484 1174
485 1177
486 1167
487 1182
488 1178
489 1198
490 1170
491 1188
492 1177
493 1186
494 1188
495 1189
496 1190
497 1179
498 1191
499 1184
500 1204
501 1187
