0 0
1 4
2 6
3 6
4 7
5 16
6 10
7 11
8 17
9 23
10 21
11 24
12 30
13 27
14 34
15 33
16 34
17 48
18 49
19 60
20 63
21 41
22 42
23 52
24 48
25 50
26 63
27 50
28 49
29 56
30 52
31 55
32 70
33 89
34 85
35 87
36 90
37 93
38 102
39 98
40 88
41 107
42 100
43 105
44 113
45 100
46 113
47 105
48 116
49 114
50 134
51 121
52 141
53 122
54 125
55 140
56 159
57 137
58 148
59 127
60 131
61 139
62 145
63 157
64 139
65 158
66 148
67 153
68 159
69 172
70 162
71 171
72 172
73 182
74 178
75 191
76 202
77 180
78 189
79 197
80 205
81 219
82 211
83 216
84 226
85 211
86 225
87 228
88 245
89 231
90 236
91 247
92 247
93 233
94 246
95 248
96 259
97 266
98 264
99 261
100 265
101 263
102 278
103 281
104 287
105 269
106 273
107 288
108 287
109 282
110 272
111 280
112 280
113 288
114 305
115 285
116 290
117 294
118 294
119 301
120 314
121 299
122 312
123 300
124 302
125 317
126 306
127 310
128 315
129 316
130 323
131 338
132 328
133 316
134 330
135 332
136 342
137 327
138 328
139 345
140 333
141 343
142 342
143 344
144 357
145 356
146 363
147 374
148 389
149 369
150 377
151 397
152 382
153 389
154 381
155 396
156 410
157 382
158 385
159 385
160 390
161 390
162 407
163 386
164 391
165 390
166 397
167 406
168 403
169 417
170 408
171 410
172 407
173 420
174 422
175 414
176 412
177 422
178 423
179 423
180 429
181 429
182 431
183 433
184 440
185 435
186 451
187 455
188 448
189 467
190 463
191 464
192 466
193 483
194 483
195 467
196 487
197 487
198 485
199 497
200 472
201 474
202 485
203 475
204 476
205 492
206 486
207 478
208 478
209 497
210 491
211 481
212 489
213 501
214 499
215 484
216 498
217 486
218 491
219 505
220 503
221 508
222 512
223 511
224 504
225 518
226 514
227 505
228 523
229 539
230 508
231 523
232 512
233 530
234 518
235 538
236 527
237 537
238 523
239 542
240 526
241 536
242 532
243 527
244 537
245 541
246 561
247 555
248 556
249 575
250 553
251 554
252 562
253 558
254 561
255 565
256 562
257 563
258 559
259 576
260 573
261 561
262 577
263 576
264 572
265 588
266 574
267 592
268 583
269 587
270 592
271 593
272 605
273 591
274 611
275 622
276 600
277 599
278 607
279 606
280 615
281 605
282 619
283 612
284 613
285 618
286 618
287 630
288 619
289 624
290 628
291 640
292 653
293 642
294 627
295 645
296 645
297 642
298 650
299 630
300 645
301 665
302 650
303 633
304 634
305 649
306 653
307 669
308 661
309 671
310 664
311 669
312 681
313 674
314 688
315 708
316 712
317 708
318 710
319 719
320 714
321 720
322 720
323 725
324 737
325 730
326 731
327 740
328 739
329 733
330 741
331 744
332 759
333 734
334 748
335 738
336 741
337 751
338 760
339 749
340 768
341 766
342 753
343 764
344 772
345 786
346 775
347 787
348 795
349 783
350 791
351 790
352 797
353 806
354 801
355 813
356 816
357 812
358 818
359 825
360 817
361 818
362 822
363 829
364 828
365 842
366 829
367 837
368 849
369 869
370 837
371 840
372 839
373 850
374 839
375 855
376 843
377 847
378 863
379 870
380 851
381 850
382 863
383 857
384 863
385 869
386 872
387 877
388 895
389 873
390 885
391 884
392 904
393 923
394 919
395 891
396 903
397 900
398 906
399 910
400 924
401 916
402 913
403 924
404 931
405 923
406 916
407 936
408 918
409 925
410 927
411 930
412 940
413 939
414 954
415 941
416 948
417 944
418 953
419 961
420 945
421 950
422 963
423 959
424 958
425 952
426 965
427 959
428 975
429 965
430 971
431 989
432 978
433 984
434 976
435 987
436 985
437 996
438 978
439 977
440 980
441 992
442 986
443 995
444 991
445 1002
446 1022
447 1006
448 1019
449 1007
450 1023
451 1031
452 1048
453 1009
454 1023
455 1028
456 1039
457 1042
458 1057
459 1041
460 1061
461 1047
462 1049
463 1052
464 1058
465 1064
466 1056
467 1064
468 1073
469 1076
470 1092
471 1090
472 1082
473 1086
474 1086
475 1084
476 1100
477 1103
478 1102
479 1119
480 1096
481 1111
482 1130
483 1132
484 1108
485 1124
486 1109
487 1110
488 1112
489 1126
490 1116
491 1112
492 1125
493 1132
494 1132
495 1144
496 1127
497 1137
498 1135
499 1146
500 1143
501 1159
