0 0
1 18
2 4
3 21
4 33
5 41
6 35
7 11
8 20
9 14
10 14
11 16
12 26
13 30
14 21
15 36
16 49
17 35
18 44
19 39
20 36
21 54
22 48
23 50
24 67
25 59
26 69
27 82
28 80
29 84
30 92
31 87
32 92
33 91
34 106
35 120
36 94
37 111
38 119
39 106
40 115
41 122
42 107
43 117
44 122
45 126
46 120
47 121
48 121
49 132
50 139
51 128
52 147
53 130
54 143
55 140
56 153
57 169
58 180
59 159
60 163
61 173
62 165
63 167
64 175
65 174
66 182
67 200
68 175
69 184
70 179
71 186
72 198
73 179
74 191
75 200
76 183
77 188
78 199
79 188
80 195
81 201
82 211
83 227
84 200
85 213
86 207
87 223
88 212
89 232
90 248
91 251
92 255
93 260
94 261
95 264
96 257
97 272
98 263
99 261
100 275
101 268
102 277
103 277
104 279
105 281
106 301
107 283
108 285
109 293
110 301
111 300
112 309
113 319
114 319
115 324
116 333
117 329
118 345
119 346
120 329
121 334
122 348
123 350
124 350
125 354
126 344
127 364
128 370
129 357
130 357
131 365
132 360
133 369
134 387
135 373
136 384
137 383
138 400
139 385
140 404
141 392
142 401
143 387
144 398
145 400
146 399
147 414
148 419
149 413
150 409
151 406
152 422
153 424
154 424
155 440
156 438
157 435
158 428
159 447
160 451
161 454
162 433
163 439
164 451
165 448
166 442
167 435
168 443
169 438
170 445
171 448
172 447
173 447
174 449
175 448
176 454
177 450
178 454
179 455
180 464
181 460
182 472
183 470
184 484
185 485
186 475
187 487
188 495
189 482
190 496
191 487
192 496
193 496
194 489
195 499
196 501
197 513
198 498
199 511
200 513
201 506
202 524
203 521
204 531
205 531
206 549
207 548
208 558
209 565
210 564
211 578
212 570
213 568
214 582
215 570
216 571
217 572
218 585
219 579
220 589
221 573
222 587
223 576
224 588
225 587
226 585
227 593
228 587
229 601
230 595
231 598
232 605
233 611
234 624
235 612
236 622
237 631
238 623
239 619
240 620
241 622
242 635
243 638
244 641
245 623
246 627
247 638
248 642
249 652
250 664
251 646
252 655
253 656
254 653
255 669
256 664
257 673
258 656
259 665
260 675
261 662
262 678
263 659
264 667
265 673
266 660
267 680
268 670
269 675
270 674
271 677
272 684
273 679
274 682
275 682
276 690
277 688
278 707
279 688
280 707
281 703
282 704
283 716
284 732
285 733
286 725
287 729
288 735
289 751
290 741
291 732
292 743
293 747
294 767
295 737
296 754
297 745
298 740
299 748
300 741
301 747
302 751
303 769
304 762
305 778
306 778
307 766
308 785
309 767
310 773
311 792
312 777
313 786
314 791
315 777
316 791
317 778
318 781
319 783
320 790
321 796
322 786
323 794
324 796
325 799
326 794
327 811
328 807
329 811
330 818
331 837
332 814
333 827
334 820
335 817
336 828
337 824
338 844
339 854
340 826
341 837
342 853
343 864
344 867
345 878
346 879
347 881
348 882
349 868
350 869
351 882
352 900
353 885
354 886
355 896
356 889
357 896
358 898
359 904
360 916
361 901
362 905
363 915
364 912
365 927
366 930
367 911
368 929
369 946
370 930
371 948
372 941
373 958
374 960
375 934
376 950
377 938
378 946
379 951
380 950
381 943
382 953
383 950
384 950
385 954
386 955
387 957
388 959
389 959
390 966
391 979
392 964
393 964
394 982
395 965
396 976
397 969
398 977
399 975
400 981
401 995
402 979
403 995
404 999
405 996
406 1001
407 1004
408 1017
409 1002
410 1018
411 1016
412 1021
413 1034
414 1039
415 1049
416 1027
417 1038
418 1032
419 1042
420 1036
421 1039
422 1040
423 1050
424 1048
425 1051
426 1054
427 1066
428 1081
429 1096
430 1067
431 1080
432 1069
433 1074
434 1074
435 1086
436 1102
437 1103
438 1100
439 1095
440 1089
441 1105
442 1091
443 1095
444 1105
445 1105
446 1104
447 1108
448 1121
449 1118
450 1107
451 1115
452 1112
453 1118
454 1121
455 1129
456 1113
457 1130
458 1123
459 1130
460 1136
461 1132
462 1141
463 1130
464 1144
465 1136
466 1134
467 1152
468 1137
469 1151
470 1145
471 1146
472 1154
473 1152
474 1154
475 1164
476 1172
477 1166
478 1169
479 1179
480 1188
481 1183
482 1184
483 1188
484 1202
485 1191
486 1206
487 1212
488 1208
489 1202
490 1205
491 1205
492 1216
493 1214
494 1228
495 1228
496 1233
497 1242
498 1252
499 1238
500 1237
501 1235
