0 0
1 5
2 13
3 23
4 10
5 29
6 26
7 44
8 23
9 24
10 30
11 44
12 54
13 48
14 51
15 51
16 66
17 65
18 79
19 71
20 81
21 80
22 66
23 82
24 77
25 85
26 105
27 111
28 124
29 120
30 122
31 125
32 113
33 128
34 122
35 126
36 129
37 133
38 130
39 139
40 135
41 149
42 165
43 149
44 165
45 181
46 157
47 173
48 167
49 173
50 170
51 177
52 184
53 198
54 181
55 193
56 211
57 183
58 197
59 198
60 210
61 212
62 211
63 221
64 206
65 214
66 225
67 228
68 240
69 207
70 220
71 221
72 209
73 215
74 223
75 231
76 219
77 227
78 227
79 244
80 246
81 228
82 236
83 243
84 245
85 255
86 241
87 245
88 246
89 253
90 260
91 260
92 276
93 279
94 267
95 275
96 295
97 285
98 296
99 299
100 308
101 293
102 305
103 303
104 313
105 333
106 316
107 335
108 321
109 335
110 338
111 332
112 342
113 322
114 325
115 333
116 328
117 324
118 334
119 325
120 342
121 343
122 353
123 347
124 334
125 341
126 349
127 353
128 358
129 367
130 347
131 355
132 349
133 355
134 368
135 358
136 360
137 364
138 377
139 362
140 377
141 363
142 376
143 374
144 375
145 373
146 383
147 385
148 398
149 388
150 403
151 405
152 415
153 407
154 422
155 414
156 432
157 415
158 425
159 417
160 424
161 424
162 419
163 438
164 451
165 466
166 431
167 442
168 446
169 464
170 437
171 445
172 455
173 465
174 463
175 463
176 481
177 477
178 493
179 468
180 484
181 482
182 487
183 470
184 481
185 488
186 500
187 483
188 496
189 491
190 489
191 509
192 491
193 501
194 495
195 493
196 508
197 506
198 515
199 526
200 506
201 524
202 516
203 517
204 523
205 536
206 520
207 540
208 528
209 548
210 521
211 526
212 534
213 524
214 543
215 557
216 564
217 539
218 559
219 573
220 572
221 569
222 585
223 564
224 566
225 576
226 571
227 576
228 582
229 575
230 580
231 588
232 607
233 576
234 590
235 594
236 599
237 603
238 596
239 599
240 598
241 610
242 606
243 609
244 600
245 611
246 628
247 635
248 616
249 618
250 625
251 620
252 636
253 626
254 635
255 642
256 630
257 643
258 657
259 647
260 647
261 634
262 642
263 644
264 653
265 658
266 638
267 640
268 645
269 653
270 651
271 643
272 654
273 653
274 660
275 659
276 652
277 668
278 661
279 656
280 662
281 664
282 665
283 669
284 685
285 682
286 674
287 675
288 689
289 691
290 683
291 694
292 699
293 711
294 705
295 714
296 717
297 733
298 707
299 716
300 717
301 720
302 739
303 722
304 720
305 730
306 739
307 730
308 733
309 741
310 735
311 735
312 740
313 741
314 737
315 743
316 748
317 753
318 757
319 760
320 766
321 766
322 771
323 771
324 780
325 778
326 797
327 779
328 781
329 783
330 798
331 814
332 797
333 796
334 800
335 816
336 810
337 804
338 805
339 811
340 813
341 807
342 815
343 812
344 813
345 813
346 827
347 816
348 828
349 827
350 820
351 834
352 831
353 837
354 833
355 843
356 849
357 859
358 866
359 867
360 844
361 855
362 851
363 867
364 854
365 861
366 862
367 871
368 866
369 863
370 875
371 871
372 872
373 868
374 870
375 884
376 883
377 900
378 893
379 906
380 888
381 903
382 897
383 908
384 905
385 908
386 914
387 907
388 912
389 918
390 933
391 925
392 920
393 928
394 928
395 928
396 921
397 938
398 928
399 933
400 927
401 930
402 941
403 929
404 941
405 949
406 948
407 946
408 964
409 965
410 973
411 984
412 980
413 982
414 998
415 999
416 988
417 992
418 1012
419 1006
420 993
421 997
422 994
423 1005
424 1007
425 1000
426 1008
427 1015
428 1012
429 1015
430 1021
431 1027
432 1015
433 1016
434 1020
435 1027
436 1028
437 1019
438 1031
439 1022
440 1040
441 1030
442 1029
443 1034
444 1049
445 1067
446 1035
447 1042
448 1042
449 1039
450 1050
451 1041
452 1041
453 1046
454 1052
455 1051
456 1046
457 1063
458 1055
459 1066
460 1071
461 1081
462 1081
463 1065
464 1071
465 1071
466 1080
467 1098
468 1081
469 1099
470 1095
471 1096
472 1102
473 1120
474 1111
475 1122
476 1124
477 1120
478 1133
479 1132
480 1125
481 1141
482 1140
483 1146
484 1133
485 1141
486 1137
487 1153
488 1153
489 1153
490 1159
491 1162
492 1159
493 1168
494 1179
495 1180
496 1197
497 1200
498 1180
499 1192
500 1181
501 1190
