0 0
1 2
2 16
3 6
4 15
5 22
6 21
7 30
8 23
9 31
10 25
11 25
12 44
13 31
14 46
15 42
16 56
17 45
18 49
19 57
20 59
21 50
22 65
23 78
24 97
25 53
26 65
27 69
28 83
29 71
30 59
31 62
32 78
33 72
34 74
35 83
36 74
37 80
38 84
39 87
40 89
41 83
42 96
43 92
44 106
45 93
46 103
47 101
48 95
49 112
50 106
51 117
52 114
53 96
54 104
55 100
56 119
57 112
58 120
59 120
60 113
61 132
62 120
63 121
64 130
65 129
66 133
67 132
68 132
69 141
70 139
71 142
72 151
73 157
74 173
75 157
76 159
77 159
78 167
79 177
80 172
81 181
82 181
83 175
84 185
85 198
86 194
87 188
88 190
89 189
90 190
91 209
92 212
93 205
94 191
95 199
96 206
97 219
98 219
99 203
100 211
101 222
102 215
103 210
104 211
105 217
106 222
107 223
108 212
109 218
110 223
111 213
112 217
113 234
114 228
115 242
116 246
117 242
118 250
119 246
120 259
121 248
122 266
123 255
124 258
125 272
126 273
127 285
128 284
129 287
130 273
131 289
132 285
133 282
134 293
135 307
136 324
137 294
138 303
139 301
140 313
141 320
142 299
143 300
144 309
145 306
146 313
147 319
148 332
149 333
150 328
151 318
152 336
153 356
154 340
155 323
156 339
157 343
158 333
159 336
160 340
161 335
162 350
163 341
164 350
165 345
166 354
167 372
168 349
169 346
170 354
171 352
172 356
173 371
174 370
175 374
176 371
177 380
178 387
179 381
180 397
181 396
182 388
183 401
184 403
185 389
186 398
187 398
188 413
189 391
190 407
191 418
192 396
193 398
194 414
195 410
196 423
197 429
198 418
199 423
200 432
201 442
202 430
203 434
204 431
205 447
206 439
207 435
208 446
209 446
210 440
211 443
212 441
213 443
214 446
215 464
216 444
217 453
218 459
219 456
220 470
221 461
222 480
223 464
224 480
225 483
226 471
227 480
228 474
229 484
230 481
231 486
232 501
233 521
234 485
235 504
236 496
237 502
238 505
239 509
240 498
241 499
242 514
243 516
244 501
245 517
246 529
247 535
248 537
249 533
250 547
251 542
252 544
253 558
254 565
255 555
256 575
257 574
258 571
259 567
260 577
261 581
262 573
263 571
264 579
265 573
266 581
267 590
268 601
269 600
270 607
271 602
272 614
273 622
274 634
275 621
276 612
277 625
278 616
279 628
280 624
281 618
282 623
283 630
284 631
285 650
286 658
287 636
288 645
289 657
290 655
291 647
292 653
293 660
294 666
295 665
296 661
297 677
298 678
299 683
300 695
301 698
302 689
303 690
304 698
305 695
306 698
307 693
308 706
309 695
310 698
311 706
312 708
313 728
314 712
315 709
316 716
317 710
318 717
319 713
320 712
321 725
322 730
323 740
324 729
325 740
326 741
327 761
328 763
329 773
330 764
331 779
332 765
333 784
334 765
335 780
336 779
337 783
338 794
339 791
340 790
341 783
342 794
343 789
344 792
345 785
346 804
347 789
348 803
349 802
350 820
351 811
352 815
353 808
354 819
355 822
356 818
357 824
358 829
359 833
360 838
361 853
362 851
363 832
364 838
365 838
366 845
367 847
368 859
369 857
370 852
371 863
372 871
373 865
374 867
375 871
376 883
377 871
378 881
379 872
380 875
381 876
382 883
383 895
384 877
385 896
386 894
387 896
388 892
389 909
390 923
391 912
392 901
393 907
394 921
395 910
396 926
397 929
398 936
399 945
400 949
401 942
402 936
403 938
404 949
405 960
406 943
407 963
408 954
409 953
410 964
411 972
412 974
413 957
414 969
415 965
416 963
417 974
418 994
419 976
420 974
421 987
422 989
423 1007
424 991
425 1003
426 994
427 991
428 992
429 1009
430 1007
431 1015
432 1021
433 1022
434 1026
435 1013
436 1017
437 1025
438 1025
439 1014
440 1019
441 1015
442 1015
443 1024
444 1030
445 1028
446 1047
447 1034
448 1043
449 1048
450 1050
451 1036
452 1044
453 1041
454 1049
455 1041
456 1058
457 1044
458 1056
459 1064
460 1065
461 1058
462 1056
463 1074
464 1067
465 1070
466 1077
467 1068
468 1087
469 1073
470 1079
471 1076
472 1090
473 1105
474 1098
475 1085
476 1086
477 1106
478 1105
479 1110
480 1117
481 1121
482 1119
483 1128
484 1131
485 1151
486 1168
487 1122
488 1133
489 1123
490 1123
491 1139
492 1155
493 1143
494 1159
495 1157
496 1162
497 1174
498 1193
499 1205
500 1163
501 1175
