0 0
1 13
2 26
3 28
4 20
5 24
6 40
7 36
8 38
9 28
10 33
11 41
12 44
13 46
14 48
15 43
16 44
17 63
18 61
19 59
20 72
21 91
22 82
23 63
24 74
25 72
26 80
27 76
28 96
29 87
30 92
31 92
32 106
33 122
34 141
35 107
36 118
37 138
38 151
39 125
40 134
41 139
42 142
43 133
44 141
45 142
46 145
47 154
48 145
49 159
50 163
51 176
52 147
53 163
54 177
55 158
56 172
57 163
58 167
59 183
60 186
61 194
62 205
63 210
64 207
65 216
66 206
67 210
68 212
69 216
70 214
71 224
72 233
73 246
74 258
75 250
76 247
77 250
78 264
79 249
80 264
81 265
82 272
83 262
84 269
85 276
86 282
87 285
88 279
89 273
90 282
91 289
92 288
93 290
94 282
95 299
96 299
97 307
98 287
99 288
100 293
101 305
102 296
103 289
104 292
105 291
106 299
107 307
108 327
109 305
110 303
111 323
112 331
113 311
114 321
115 327
116 313
117 318
118 332
119 333
120 341
121 337
122 341
123 344
124 342
125 361
126 356
127 365
128 379
129 396
130 360
131 370
132 372
133 376
134 377
135 397
136 410
137 383
138 398
139 387
140 391
141 399
142 403
143 414
144 419
145 434
146 410
147 421
148 413
149 432
150 415
151 419
152 427
153 432
154 431
155 443
156 458
157 440
158 454
159 459
160 464
161 458
162 460
163 479
164 490
165 470
166 488
167 491
168 500
169 520
170 507
171 511
172 516
173 535
174 539
175 548
176 559
177 522
178 525
179 534
180 538
181 530
182 543
183 535
184 539
185 555
186 548
187 559
188 550
189 553
190 562
191 554
192 566
193 555
194 571
195 567
196 565
197 557
198 575
199 558
200 566
201 576
202 590
203 563
204 578
205 568
206 582
207 580
208 579
209 585
210 581
211 593
212 595
213 610
214 582
215 591
216 604
217 589
218 584
219 601
220 587
221 589
222 599
223 599
224 612
225 602
226 606
227 608
228 619
229 621
230 629
231 610
232 613
233 627
234 611
235 628
236 621
237 622
238 627
239 624
240 626
241 627
242 636
243 637
244 642
245 638
246 654
247 642
248 648
249 662
250 656
251 669
252 657
253 671
254 673
255 686
256 667
257 673
258 671
259 674
260 668
261 677
262 685
263 696
264 686
265 691
266 696
267 695
268 714
269 714
270 720
271 727
272 729
273 731
274 730
275 743
276 757
277 763
278 744
279 759
280 763
281 751
282 756
283 761
284 763
285 760
286 767
287 768
288 773
289 770
290 783
291 787
292 782
293 796
294 784
295 784
296 786
297 794
298 787
299 792
300 808
301 799
302 798
303 807
304 805
305 810
306 800
307 807
308 815
309 814
310 829
311 849
312 827
313 822
314 838
315 829
316 849
317 829
318 840
319 834
320 838
321 842
322 847
323 841
324 851
325 854
326 865
327 850
328 861
329 854
330 861
331 876
332 876
333 868
334 874
335 864
336 879
337 881
338 865
339 873
340 872
341 875
342 876
343 889
344 898
345 887
346 900
347 891
348 888
349 889
350 894
351 895
352 902
353 897
354 901
355 917
356 919
357 903
358 905
359 913
360 919
361 924
362 931
363 943
364 930
365 929
366 934
367 943
368 934
369 938
370 949
371 944
372 955
373 946
374 955
375 950
376 962
377 963
378 972
379 978
380 981
381 992
382 988
383 981
384 997
385 1003
386 1000
387 988
388 1001
389 993
390 997
391 1008
392 1017
393 1015
394 1009
395 1017
396 1023
397 1030
398 1037
399 1019
400 1029
401 1032
402 1050
403 1051
404 1031
405 1047
406 1040
407 1034
408 1038
409 1047
410 1035
411 1049
412 1054
413 1042
414 1052
415 1055
416 1070
417 1073
418 1060
419 1064
420 1064
421 1078
422 1071
423 1071
424 1089
425 1089
426 1084
427 1094
428 1099
429 1102
430 1117
431 1108
432 1110
433 1125
434 1113
435 1124
436 1126
437 1120
438 1131
439 1137
440 1144
441 1123
442 1139
443 1142
444 1138
445 1143
446 1156
447 1148
448 1163
449 1152
450 1159
451 1159
452 1172
453 1169
454 1163
455 1169
456 1174
457 1174
458 1179
459 1174
460 1186
461 1175
462 1194
463 1187
464 1195
465 1201
466 1202
467 1203
468 1204
469 1209
470 1222
471 1216
472 1206
473 1206
474 1224
475 1244
476 1207
477 1224
478 1211
479 1231
480 1220
481 1237
482 1222
483 1224
484 1237
485 1239
486 1230
487 1232
488 1240
489 1250
490 1263
491 1245
492 1261
493 1263
494 1247
495 1263
496 1253
497 1264
498 1274
499 1273
500 1274
501 1270
