0 0
1 13
2 15
3 6
4 23
5 21
6 11
7 28
8 13
9 20
10 24
11 25
12 40
13 23
14 26
15 24
16 33
17 31
18 24
19 44
20 36
21 42
22 42
23 50
24 38
25 45
26 44
27 46
28 61
29 40
30 48
31 43
32 44
33 57
34 57
35 62
36 71
37 61
38 62
39 70
40 79
41 66
42 86
43 104
44 72
45 75
46 86
47 81
48 88
49 91
50 101
51 117
52 105
53 113
54 109
55 125
56 116
57 123
58 133
59 149
60 119
61 135
62 138
63 139
64 122
65 136
66 130
67 130
68 137
69 144
70 150
71 154
72 136
73 143
74 148
75 146
76 152
77 152
78 166
79 170
80 172
81 178
82 179
83 184
84 182
85 186
86 187
87 192
88 194
89 186
90 205
91 213
92 218
93 208
94 216
95 223
96 228
97 224
98 233
99 237
100 234
101 241
102 256
103 244
104 254
105 238
106 254
107 256
108 257
109 275
110 270
111 288
112 279
113 273
114 275
115 284
116 291
117 293
118 303
119 301
120 303
121 308
122 305
123 317
124 304
125 308
126 309
127 310
128 315
129 320
130 311
131 313
132 313
133 330
134 342
135 313
136 324
137 324
138 324
139 338
140 330
141 328
142 341
143 343
144 358
145 343
146 363
147 352
148 364
149 358
150 370
151 363
152 365
153 376
154 371
155 375
156 377
157 382
158 390
159 387
160 402
161 385
162 401
163 392
164 412
165 401
166 393
167 406
168 400
169 411
170 413
171 406
172 411
173 428
174 414
175 425
176 421
177 437
178 451
179 415
180 431
181 447
182 431
183 436
184 418
185 431
186 433
187 451
188 439
189 453
190 447
191 458
192 463
193 465
194 469
195 474
196 468
197 479
198 478
199 483
200 476
201 486
202 481
203 494
204 486
205 489
206 496
207 493
208 500
209 497
210 499
211 513
212 498
213 499
214 513
215 510
216 510
217 517
218 528
219 537
220 552
221 538
222 540
223 551
224 561
225 551
226 555
227 565
228 564
229 556
230 563
231 576
232 559
233 574
234 572
235 566
236 578
237 560
238 580
239 580
240 592
241 565
242 579
243 573
244 580
245 587
246 574
247 589
248 593
249 592
250 592
251 591
252 595
253 611
254 594
255 614
256 618
257 604
258 621
259 632
260 618
261 619
262 632
263 631
264 645
265 633
266 645
267 638
268 634
269 642
270 651
271 635
272 638
273 651
274 660
275 664
276 669
277 681
278 700
279 662
280 665
281 663
282 675
283 673
284 690
285 676
286 687
287 687
288 702
289 711
290 701
291 688
292 696
293 698
294 694
295 696
296 705
297 721
298 703
299 715
300 706
301 717
302 707
303 724
304 725
305 718
306 721
307 737
308 724
309 729
310 736
311 729
312 730
313 726
314 730
315 740
316 730
317 745
318 764
319 740
320 749
321 740
322 749
323 759
324 777
325 767
326 759
327 756
328 765
329 776
330 796
331 773
332 777
333 790
334 789
335 788
336 792
337 798
338 792
339 805
340 804
341 796
342 807
343 800
344 807
345 812
346 803
347 811
348 826
349 819
350 804
351 817
352 809
353 817
354 820
355 822
356 827
357 828
358 835
359 840
360 841
361 848
362 848
363 859
364 858
365 859
366 864
367 864
368 878
369 860
370 869
371 872
372 878
373 880
374 866
375 881
376 883
377 871
378 872
379 883
380 887
381 873
382 884
383 890
384 888
385 883
386 901
387 890
388 899
389 903
390 895
391 912
392 898
393 899
394 903
395 910
396 912
397 920
398 919
399 929
400 922
401 928
402 948
403 953
404 932
405 952
406 940
407 942
408 955
409 966
410 946
411 952
412 964
413 953
414 964
415 958
416 969
417 958
418 960
419 967
420 985
421 996
422 960
423 971
424 987
425 962
426 969
427 980
428 976
429 978
430 982
431 983
432 984
433 993
434 996
435 1007
436 1004
437 1008
438 1022
439 1010
440 1012
441 1016
442 1024
443 1015
444 1024
445 1029
446 1019
447 1030
448 1024
449 1043
450 1031
451 1026
452 1039
453 1043
454 1037
455 1057
456 1056
457 1055
458 1068
459 1051
460 1070
461 1078
462 1062
463 1056
464 1067
465 1082
466 1087
467 1088
468 1069
469 1082
470 1071
471 1083
472 1072
473 1079
474 1089
475 1105
476 1090
477 1087
478 1098
479 1098
480 1102
481 1104
482 1116
483 1110
484 1116
485 1112
486 1115
487 1122
488 1117
489 1132
490 1146
491 1128
492 1142
493 1142
494 1146
495 1149
496 1148
497 1152
498 1165
499 1164
500 1168
501 1185
