0 0
1 1
2 12
3 13
4 5
5 19
6 21
7 12
8 31
9 34
10 43
11 23
12 30
13 27
14 38
15 32
16 33
17 37
18 43
19 43
20 48
21 51
22 49
23 69
24 55
25 60
26 58
27 58
28 72
29 62
30 79
31 73
32 66
33 77
34 77
35 90
36 92
37 80
38 84
39 100
40 96
41 89
42 93
43 92
44 104
45 93
46 105
47 99
48 106
49 105
50 102
51 107
52 106
53 118
54 116
55 119
56 133
57 135
58 121
59 129
60 138
61 130
62 149
63 148
64 149
65 147
66 158
67 152
68 158
69 171
70 164
71 178
72 171
73 182
74 172
75 181
76 182
77 191
78 180
79 186
80 191
81 199
82 197
83 200
84 212
85 200
86 201
87 208
88 216
89 217
90 225
91 235
92 230
93 225
94 228
95 239
96 238
97 241
98 247
99 239
100 246
101 264
102 247
103 250
104 241
105 248
106 248
107 254
108 266
109 267
110 260
111 272
112 274
113 270
114 278
115 287
116 274
117 285
118 275
119 282
120 281
121 276
122 278
123 284
124 284
125 295
126 280
127 282
128 283
129 300
130 317
131 301
132 308
133 314
134 313
135 313
136 326
137 318
138 316
139 319
140 329
141 333
142 347
143 352
144 341
145 345
146 343
147 359
148 353
149 361
150 359
151 372
152 361
153 373
154 362
155 369
156 375
157 380
158 399
159 381
160 376
161 380
162 391
163 396
164 387
165 380
166 395
167 388
168 394
169 407
170 405
171 414
172 426
173 436
174 411
175 424
176 427
177 438
178 430
179 433
180 449
181 438
182 443
183 445
184 448
185 449
186 462
187 452
188 446
189 462
190 466
191 467
192 461
193 474
194 463
195 472
196 471
197 470
198 481
199 500
200 483
201 486
202 479
203 497
204 481
205 486
206 493
207 493
208 505
209 507
210 503
211 518
212 513
213 522
214 519
215 507
216 510
217 509
218 521
219 517
220 524
221 534
222 526
223 525
224 537
225 547
226 532
227 552
228 545
229 540
230 537
231 536
232 552
233 549
234 563
235 562
236 552
237 561
238 555
239 559
240 554
241 556
242 574
243 569
244 561
245 571
246 562
247 567
248 578
249 580
250 566
251 577
252 586
253 585
254 580
255 595
256 593
257 597
258 581
259 601
260 584
261 598
262 593
263 588
264 599
265 595
266 599
267 607
268 600
269 614
270 617
271 625
272 629
273 631
274 636
275 638
276 636
277 639
278 645
279 647
280 652
281 649
282 667
283 665
284 660
285 666
286 669
287 664
288 661
289 663
290 662
291 679
292 674
293 680
294 675
295 681
296 690
297 700
298 705
299 688
300 683
301 688
302 684
303 692
304 695
305 694
306 706
307 705
308 722
309 707
310 713
311 722
312 723
313 722
314 718
315 723
316 736
317 739
318 736
319 747
320 753
321 750
322 756
323 758
324 754
325 754
326 758
327 765
328 765
329 783
330 784
331 766
332 779
333 779
334 779
335 789
336 796
337 802
338 795
339 799
340 808
341 820
342 801
343 800
344 804
345 813
346 818
347 838
348 819
349 835
350 830
351 819
352 820
353 833
354 826
355 825
356 828
357 835
358 837
359 840
360 841
361 849
362 855
363 870
364 862
365 871
366 864
367 873
368 870
369 867
370 882
371 886
372 887
373 893
374 885
375 903
376 901
377 893
378 897
379 910
380 904
381 905
382 909
383 923
384 908
385 924
386 922
387 927
388 932
389 934
390 952
391 928
392 938
393 931
394 934
395 941
396 945
397 943
398 945
399 949
400 946
401 953
402 956
403 969
404 959
405 969
406 986
407 961
408 980
409 972
410 973
411 989
412 978
413 991
414 983
415 984
416 989
417 987
418 1000
419 1005
420 1014
421 1005
422 1014
423 1023
424 1015
425 1031
426 1049
427 1018
428 1024
429 1028
430 1025
431 1035
432 1045
433 1038
434 1028
435 1044
436 1037
437 1039
438 1029
439 1037
440 1038
441 1031
442 1033
443 1043
444 1037
445 1035
446 1042
447 1044
448 1052
449 1053
450 1065
451 1066
452 1062
453 1068
454 1068
455 1063
456 1081
457 1069
458 1066
459 1076
460 1076
461 1086
462 1077
463 1091
464 1080
465 1078
466 1084
467 1099
468 1085
469 1100
470 1096
471 1102
472 1104
473 1115
474 1121
475 1109
476 1118
477 1124
478 1127
479 1116
480 1132
481 1120
482 1126
483 1123
484 1137
485 1141
486 1132
487 1135
488 1151
489 1149
490 1144
491 1146
492 1155
493 1166
494 1183
495 1156
496 1172
497 1162
498 1166
499 1178
500 1179
501 1163
