0 0
1 11
2 2
3 14
4 21
5 22
6 25
7 30
8 25
9 29
10 37
11 35
12 45
13 38
14 44
15 46
16 54
17 48
18 41
19 44
20 57
21 43
22 62
23 48
24 51
25 62
26 54
27 55
28 58
29 73
30 75
31 79
32 78
33 78
34 81
35 93
36 90
37 92
38 93
39 96
40 91
41 99
42 104
43 110
44 96
45 113
46 130
47 97
48 108
49 105
50 106
51 101
52 108
53 107
54 114
55 119
56 117
57 111
58 117
59 119
60 122
61 121
62 124
63 127
64 135
65 139
66 131
67 149
68 132
69 140
70 144
71 141
72 148
73 159
74 165
75 145
76 164
77 154
78 151
79 165
80 166
81 159
82 171
83 172
84 166
85 167
86 170
87 169
88 174
89 185
90 175
91 177
92 178
93 184
94 192
95 203
96 213
97 224
98 201
99 205
100 208
101 203
102 221
103 240
104 217
105 209
106 217
107 229
108 222
109 219
110 224
111 227
112 222
113 223
114 230
115 239
116 233
117 249
118 248
119 253
120 273
121 289
122 265
123 265
124 285
125 272
126 271
127 275
128 281
129 288
130 284
131 299
132 301
133 282
134 299
135 300
136 309
137 301
138 315
139 331
140 351
141 306
142 325
143 341
144 353
145 314
146 330
147 326
148 330
149 315
150 325
151 330
152 337
153 340
154 351
155 339
156 344
157 349
158 359
159 359
160 364
161 360
162 364
163 376
164 362
165 367
166 363
167 377
168 377
169 377
170 381
171 384
172 385
173 382
174 398
175 398
176 399
177 418
178 410
179 418
180 428
181 403
182 410
183 422
184 434
185 409
186 421
187 421
188 428
189 437
190 444
191 425
192 426
193 443
194 426
195 439
196 428
197 445
198 457
199 443
200 446
201 458
202 466
203 477
204 462
205 477
206 473
207 466
208 465
209 471
210 479
211 476
212 491
213 485
214 474
215 487
216 479
217 486
218 498
219 490
220 481
221 486
222 487
223 491
224 498
225 495
226 499
227 501
228 513
229 501
230 504
231 524
232 521
233 505
234 523
235 522
236 510
237 517
238 526
239 517
240 520
241 519
242 532
243 536
244 524
245 531
246 532
247 541
248 550
249 546
250 548
251 558
252 558
253 569
254 559
255 551
256 565
257 557
258 564
259 561
260 580
261 576
262 593
263 565
264 567
265 566
266 575
267 569
268 579
269 583
270 600
271 585
272 578
273 594
274 589
275 601
276 585
277 603
278 604
279 602
280 602
281 622
282 622
283 635
284 647
285 658
286 637
287 628
288 634
289 638
290 649
291 656
292 662
293 673
294 676
295 689
296 678
297 665
298 685
299 683
300 673
301 681
302 685
303 698
304 690
305 697
306 686
307 691
308 705
309 725
310 704
311 720
312 736
313 718
314 734
315 709
316 722
317 718
318 711
319 715
320 729
321 731
322 748
323 741
324 735
325 737
326 736
327 754
328 740
329 754
330 768
331 739
332 758
333 743
334 749
335 746
336 748
337 765
338 753
339 751
340 756
341 767
342 784
343 779
344 767
345 781
346 785
347 797
348 777
349 776
350 779
351 786
352 779
353 796
354 809
355 780
356 799
357 792
358 786
359 796
360 794
361 805
362 799
363 806
364 812
365 818
366 810
367 811
368 820
369 815
370 823
371 826
372 824
373 819
374 833
375 822
376 842
377 842
378 861
379 841
380 829
381 831
382 843
383 833
384 849
385 849
386 841
387 849
388 860
389 867
390 868
391 854
392 858
393 863
394 870
395 875
396 880
397 886
398 904
399 923
400 900
401 903
402 915
403 920
404 923
405 926
406 927
407 933
408 943
409 937
410 937
411 943
412 947
413 955
414 954
415 972
416 972
417 989
418 967
419 982
420 974
421 986
422 1000
423 1019
424 1010
425 991
426 996
427 993
428 1007
429 1009
430 998
431 1005
432 1016
433 1013
434 1021
435 1014
436 1032
437 1032
438 1022
439 1033
440 1044
441 1026
442 1043
443 1046
444 1030
445 1035
446 1032
447 1045
448 1050
449 1043
450 1062
451 1079
452 1063
453 1070
454 1058
455 1063
456 1070
457 1070
458 1068
459 1086
460 1080
461 1099
462 1096
463 1101
464 1110
465 1116
466 1120
467 1127
468 1129
469 1121
470 1134
471 1130
472 1134
473 1144
474 1123
475 1137
476 1139
477 1138
478 1143
479 1146
480 1162
481 1173
482 1154
483 1158
484 1168
485 1169
486 1180
487 1191
488 1171
489 1182
490 1193
491 1196
492 1184
493 1194
494 1200
495 1185
496 1190
497 1191
498 1194
499 1198
500 1203
501 1198
