0 0
1 1
2 9
3 10
4 29
5 18
6 19
7 27
8 19
9 34
10 37
11 46
12 25
13 40
14 57
15 34
16 50
17 36
18 46
19 49
20 51
21 47
22 65
23 70
24 52
25 57
26 72
27 70
28 84
29 72
30 86
31 83
32 94
33 93
34 87
35 91
36 95
37 106
38 104
39 104
40 115
41 114
42 124
43 118
44 123
45 134
46 131
47 128
48 125
49 138
50 143
51 139
52 127
53 139
54 147
55 148
56 147
57 128
58 135
59 131
60 131
61 148
62 150
63 136
64 156
65 140
66 148
67 159
68 141
69 151
70 144
71 145
72 151
73 150
74 167
75 186
76 161
77 168
78 169
79 170
80 168
81 174
82 177
83 174
84 173
85 179
86 187
87 185
88 188
89 182
90 199
91 198
92 210
93 200
94 207
95 207
96 216
97 204
98 220
99 205
100 214
101 217
102 221
103 225
104 210
105 225
106 227
107 234
108 213
109 215
110 216
111 218
112 225
113 224
114 229
115 231
116 229
117 231
118 230
119 233
120 232
121 233
122 236
123 241
124 242
125 250
126 256
127 250
128 263
129 281
130 265
131 284
132 304
133 272
134 272
135 271
136 284
137 277
138 280
139 280
140 286
141 296
142 285
143 287
144 294
145 304
146 300
147 310
148 315
149 316
150 316
151 326
152 317
153 322
154 326
155 324
156 336
157 330
158 339
159 332
160 343
161 341
162 353
163 345
164 352
165 360
166 346
167 358
168 364
169 372
170 354
171 359
172 374
173 373
174 392
175 376
176 393
177 398
178 380
179 386
180 388
181 398
182 389
183 400
184 408
185 424
186 416
187 427
188 419
189 427
190 432
191 423
192 439
193 433
194 443
195 435
196 425
197 431
198 448
199 428
200 431
201 448
202 452
203 445
204 430
205 441
206 446
207 453
208 443
209 449
210 455
211 460
212 461
213 444
214 457
215 462
216 453
217 460
218 452
219 462
220 463
221 470
222 461
223 454
224 459
225 470
226 472
227 457
228 463
229 463
230 461
231 465
232 470
233 470
234 483
235 484
236 499
237 487
238 499
239 497
240 501
241 499
242 488
243 495
244 490
245 508
246 501
247 505
248 508
249 517
250 509
251 525
252 517
253 525
254 541
255 545
256 551
257 530
258 541
259 545
260 548
261 545
262 548
263 558
264 548
265 551
266 554
267 551
268 561
269 564
270 553
271 567
272 578
273 572
274 592
275 598
276 584
277 588
278 580
279 600
280 589
281 599
282 582
283 584
284 583
285 596
286 601
287 588
288 608
289 606
290 603
291 599
292 608
293 617
294 617
295 605
296 623
297 640
298 619
299 620
300 633
301 622
302 623
303 630
304 636
305 628
306 627
307 635
308 643
309 629
310 645
311 654
312 658
313 672
314 631
315 639
316 649
317 638
318 644
319 648
320 657
321 648
322 653
323 660
324 667
325 655
326 656
327 670
328 665
329 673
330 676
331 690
332 708
333 694
334 693
335 705
336 706
337 720
338 714
339 718
340 726
341 740
342 740
343 757
344 741
345 748
346 766
347 754
348 756
349 757
350 761
351 755
352 773
353 769
354 761
355 765
356 771
357 781
358 763
359 768
360 781
361 771
362 788
363 785
364 789
365 778
366 783
367 790
368 785
369 798
370 802
371 785
372 794
373 796
374 805
375 810
376 798
377 805
378 809
379 808
380 801
381 821
382 803
383 817
384 814
385 816
386 828
387 815
388 826
389 817
390 820
391 817
392 832
393 825
394 837
395 826
396 829
397 838
398 835
399 827
400 843
401 850
402 835
403 838
404 838
405 841
406 859
407 853
408 844
409 845
410 852
411 860
412 875
413 854
414 865
415 872
416 874
417 867
418 875
419 871
420 886
421 870
422 883
423 888
424 896
425 884
426 889
427 890
428 894
429 894
430 907
431 902
432 914
433 906
434 909
435 910
436 915
437 917
438 929
439 924
440 925
441 927
442 935
443 943
444 962
445 939
446 940
447 950
448 958
449 958
450 959
451 976
452 970
453 972
454 961
455 970
456 976
457 993
458 988
459 997
460 980
461 995
462 983
463 992
464 981
465 984
466 990
467 998
468 984
469 1004
470 997
471 1015
472 1008
473 1003
474 1010
475 1026
476 1023
477 1019
478 1026
479 1028
480 1046
481 1037
482 1034
483 1050
484 1062
485 1045
486 1052
487 1041
488 1042
489 1055
490 1050
491 1056
492 1045
493 1055
494 1065
495 1062
496 1074
497 1070
498 1061
499 1080
500 1094
501 1073
