0 0
1 7
2 25
3 27
4 47
5 18
6 27
7 33
8 41
9 48
10 48
11 63
12 55
13 53
14 65
15 59
16 75
17 64
18 74
19 82
20 66
21 72
22 81
23 92
24 78
25 95
26 91
27 79
28 94
29 92
30 95
31 110
32 113
33 112
34 98
35 114
36 118
37 118
38 106
39 114
40 110
41 128
42 117
43 128
44 121
45 119
46 138
47 129
48 127
49 135
50 133
51 138
52 147
53 144
54 155
55 150
56 157
57 146
58 160
59 159
60 179
61 164
62 165
63 179
64 167
65 175
66 175
67 183
68 190
69 188
70 179
71 185
72 193
73 201
74 199
75 184
76 193
77 193
78 196
79 192
80 207
81 206
82 213
83 201
84 213
85 209
86 220
87 214
88 232
89 223
90 211
91 216
92 226
93 220
94 219
95 216
96 217
97 236
98 225
99 233
100 232
101 237
102 245
103 243
104 261
105 249
106 263
107 261
108 267
109 287
110 274
111 285
112 277
113 296
114 308
115 290
116 287
117 299
118 292
119 292
120 294
121 298
122 302
123 311
124 328
125 297
126 302
127 314
128 310
129 299
130 300
131 301
132 308
133 313
134 317
135 327
136 314
137 324
138 342
139 330
140 322
141 340
142 341
143 351
144 329
145 333
146 349
147 346
148 339
149 331
150 346
151 349
152 346
153 352
154 360
155 355
156 367
157 368
158 386
159 403
160 383
161 403
162 397
163 388
164 399
165 398
166 404
167 397
168 410
169 398
170 411
171 407
172 408
173 422
174 411
175 419
176 415
177 429
178 420
179 422
180 435
181 451
182 433
183 446
184 457
185 453
186 447
187 452
188 449
189 463
190 468
191 487
192 502
193 496
194 498
195 497
196 506
197 516
198 517
199 505
200 517
201 521
202 527
203 525
204 544
205 545
206 533
207 535
208 536
209 534
210 552
211 542
212 554
213 555
214 566
215 558
216 575
217 569
218 557
219 571
220 588
221 571
222 583
223 585
224 588
225 588
226 579
227 586
228 598
229 599
230 588
231 604
232 597
233 606
234 590
235 609
236 598
237 617
238 637
239 647
240 651
241 665
242 633
243 638
244 648
245 639
246 653
247 662
248 651
249 646
250 652
251 654
252 659
253 671
254 666
255 677
256 671
257 679
258 677
259 667
260 674
261 683
262 681
263 698
264 687
265 680
266 690
267 688
268 691
269 698
270 689
271 690
272 693
273 700
274 703
275 705
276 706
277 720
278 737
279 713
280 719
281 728
282 747
283 762
284 724
285 727
286 737
287 743
288 731
289 737
290 740
291 751
292 760
293 766
294 768
295 747
296 760
297 753
298 754
299 765
300 777
301 796
302 802
303 793
304 770
305 788
306 773
307 789
308 779
309 790
310 786
311 781
312 794
313 784
314 795
315 800
316 793
317 788
318 804
319 805
320 801
321 821
322 822
323 818
324 818
325 818
326 837
327 856
328 849
329 843
330 837
331 850
332 844
333 857
334 848
335 859
336 876
337 857
338 861
339 864
340 863
341 868
342 871
343 878
344 891
345 887
346 876
347 880
348 894
349 892
350 895
351 893
352 911
353 900
354 918
355 908
356 899
357 917
358 903
359 918
360 912
361 916
362 920
363 912
364 913
365 925
366 933
367 931
368 938
369 949
370 935
371 942
372 947
373 936
374 952
375 938
376 953
377 957
378 951
379 954
380 971
381 970
382 960
383 964
384 984
385 1000
386 1020
387 1002
388 1014
389 1020
390 1003
391 1019
392 1012
393 1020
394 1013
395 1014
396 1032
397 1028
398 1037
399 1040
400 1025
401 1038
402 1033
403 1042
404 1043
405 1034
406 1045
407 1039
408 1050
409 1057
410 1059
411 1042
412 1043
413 1052
414 1051
415 1058
416 1050
417 1060
418 1052
419 1063
420 1068
421 1077
422 1071
423 1080
424 1086
425 1081
426 1081
427 1085
428 1087
429 1104
430 1110
431 1118
432 1123
433 1135
434 1124
435 1125
436 1137
437 1144
438 1152
439 1153
440 1129
441 1137
442 1140
443 1141
444 1152
445 1156
446 1161
447 1157
448 1157
449 1160
450 1177
451 1179
452 1172
453 1176
454 1180
455 1184
456 1182
457 1187
458 1199
459 1214
460 1199
461 1192
462 1199
463 1205
464 1209
465 1221
466 1221
467 1228
468 1223
469 1233
470 1242
471 1259
472 1238
473 1255
474 1249
475 1248
476 1246
477 1259
478 1266
479 1263
480 1271
481 1276
482 1277
483 1264
484 1279
485 1266
486 1281
487 1275
488 1278
489 1291
490 1307
491 1283
492 1289
493 1302
494 1319
495 1336
496 1313
497 1324
498 1323
499 1343
500 1319
501 1334
