0 0
1 15
2 11
3 22
4 39
5 48
6 40
7 49
8 42
9 62
10 50
11 51
12 55
13 49
14 64
15 65
16 59
17 61
18 70
19 78
20 82
21 63
22 78
23 76
24 76
25 80
26 85
27 93
28 90
29 83
30 99
31 88
32 100
33 84
34 102
35 91
36 95
37 108
38 100
39 111
40 115
41 115
42 113
43 103
44 120
45 117
46 123
47 105
48 110
49 111
50 123
51 123
52 124
53 125
54 139
55 133
56 132
57 140
58 138
59 151
60 148
61 155
62 155
63 155
64 166
65 172
66 185
67 174
68 175
69 181
70 189
71 182
72 191
73 198
74 216
75 230
76 188
77 199
78 208
79 228
80 217
81 224
82 233
83 236
84 245
85 252
86 256
87 236
88 246
89 238
90 256
91 257
92 242
93 250
94 244
95 259
96 247
97 261
98 266
99 256
100 267
101 259
102 273
103 274
104 281
105 289
106 278
107 290
108 290
109 279
110 280
111 293
112 299
113 281
114 283
115 287
116 294
117 301
118 314
119 298
120 297
121 312
122 307
123 299
124 310
125 309
126 316
127 306
128 308
129 324
130 316
131 321
132 314
133 327
134 317
135 323
136 322
137 327
138 328
139 339
140 333
141 341
142 348
143 350
144 360
145 360
146 378
147 368
148 387
149 377
150 382
151 382
152 388
153 383
154 386
155 385
156 403
157 387
158 394
159 396
160 414
161 398
162 418
163 411
164 424
165 429
166 409
167 414
168 427
169 425
170 417
171 430
172 422
173 423
174 440
175 451
176 436
177 450
178 446
179 449
180 465
181 455
182 463
183 451
184 465
185 461
186 459
187 458
188 465
189 466
190 461
191 469
192 481
193 489
194 480
195 471
196 472
197 476
198 478
199 488
200 498
201 478
202 493
203 486
204 487
205 500
206 494
207 504
208 505
209 506
210 516
211 520
212 540
213 526
214 535
215 537
216 544
217 538
218 553
219 554
220 562
221 542
222 547
223 549
224 565
225 548
226 557
227 559
228 555
229 557
230 553
231 569
232 565
233 563
234 559
235 566
236 579
237 565
238 580
239 577
240 597
241 583
242 585
243 592
244 585
245 593
246 602
247 594
248 604
249 598
250 604
251 607
252 611
253 619
254 638
255 625
256 627
257 644
258 628
259 637
260 642
261 645
262 660
263 657
264 650
265 665
266 665
267 671
268 673
269 653
270 671
271 664
272 661
273 665
274 668
275 681
276 662
277 670
278 674
279 675
280 691
281 699
282 687
283 676
284 681
285 679
286 684
287 681
288 678
289 695
290 698
291 695
292 695
293 700
294 698
295 702
296 705
297 722
298 700
299 714
300 712
301 723
302 725
303 710
304 730
305 725
306 721
307 713
308 722
309 733
310 719
311 726
312 733
313 732
314 733
315 731
316 740
317 737
318 753
319 735
320 752
321 737
322 754
323 738
324 751
325 771
326 752
327 754
328 756
329 765
330 766
331 765
332 768
333 769
334 775
335 792
336 774
337 783
338 781
339 789
340 791
341 783
342 803
343 782
344 789
345 799
346 808
347 791
348 796
349 803
350 810
351 815
352 823
353 813
354 813
355 833
356 828
357 827
358 845
359 847
360 847
361 865
362 859
363 859
364 869
365 877
366 870
367 887
368 885
369 887
370 879
371 885
372 880
373 882
374 899
375 916
376 894
377 896
378 902
379 913
380 907
381 899
382 913
383 905
384 917
385 927
386 939
387 923
388 941
389 918
390 922
391 922
392 933
393 938
394 939
395 958
396 944
397 957
398 955
399 963
400 959
401 974
402 962
403 965
404 967
405 960
406 964
407 978
408 978
409 965
410 971
411 991
412 978
413 983
414 994
415 1004
416 982
417 991
418 999
419 997
420 1007
421 997
422 1002
423 1010
424 999
425 1014
426 1009
427 1007
428 1010
429 1017
430 1017
431 1024
432 1014
433 1021
434 1036
435 1027
436 1032
437 1045
438 1042
439 1045
440 1060
441 1048
442 1056
443 1052
444 1051
445 1053
446 1068
447 1081
448 1083
449 1082
450 1069
451 1085
452 1088
453 1079
454 1082
455 1088
456 1088
457 1104
458 1107
459 1091
460 1098
461 1099
462 1111
463 1101
464 1117
465 1110
466 1117
467 1103
468 1107
469 1123
470 1116
471 1135
472 1125
473 1140
474 1153
475 1137
476 1147
477 1156
478 1156
479 1156
480 1164
481 1161
482 1169
483 1176
484 1174
485 1190
486 1191
487 1200
488 1193
489 1178
490 1193
491 1193
492 1194
493 1179
494 1192
495 1194
496 1211
497 1199
498 1181
499 1199
500 1208
501 1217
