0 0
1 16
2 31
3 26
4 29
5 40
6 26
7 37
8 36
9 39
10 28
11 48
12 31
13 46
14 50
15 38
16 46
17 50
18 41
19 56
20 61
21 73
22 47
23 55
24 58
25 54
26 52
27 59
28 67
29 63
30 62
31 79
32 78
33 75
34 85
35 91
36 83
37 97
38 89
39 96
40 115
41 123
42 123
43 106
44 109
45 118
46 110
47 113
48 119
49 117
50 119
51 129
52 118
53 134
54 131
55 144
56 125
57 132
58 144
59 133
60 141
61 143
62 154
63 142
64 157
65 159
66 155
67 170
68 180
69 156
70 162
71 168
72 175
73 193
74 182
75 176
76 177
77 179
78 199
79 192
80 188
81 205
82 219
83 199
84 204
85 206
86 210
87 206
88 222
89 225
90 215
91 223
92 225
93 234
94 239
95 236
96 249
97 238
98 244
99 256
100 244
101 241
102 245
103 248
104 249
105 252
106 245
107 246
108 259
109 267
110 254
111 267
112 261
113 260
114 255
115 266
116 269
117 272
118 272
119 284
120 291
121 290
122 295
123 300
124 303
125 323
126 298
127 307
128 307
129 314
130 318
131 329
132 324
133 338
134 342
135 343
136 347
137 349
138 353
139 363
140 353
141 357
142 370
143 358
144 369
145 372
146 374
147 371
148 377
149 381
150 376
151 389
152 394
153 380
154 386
155 392
156 404
157 419
158 403
159 420
160 411
161 412
162 422
163 430
164 416
165 433
166 436
167 456
168 439
169 435
170 436
171 455
172 450
173 447
174 442
175 437
176 443
177 450
178 451
179 448
180 450
181 458
182 463
183 467
184 465
185 466
186 485
187 477
188 476
189 490
190 510
191 515
192 521
193 539
194 542
195 562
196 582
197 558
198 547
199 556
200 558
201 557
202 569
203 573
204 562
205 571
206 573
207 585
208 577
209 591
210 599
211 602
212 588
213 586
214 588
215 590
216 593
217 598
218 612
219 598
220 605
221 610
222 620
223 617
224 600
225 614
226 606
227 621
228 605
229 624
230 619
231 636
232 638
233 648
234 642
235 627
236 644
237 630
238 631
239 643
240 636
241 645
242 647
243 663
244 654
245 654
246 667
247 664
248 674
249 677
250 664
251 674
252 682
253 695
254 684
255 680
256 692
257 697
258 698
259 690
260 684
261 697
262 692
263 709
264 715
265 708
266 705
267 719
268 721
269 728
270 710
271 722
272 725
273 743
274 732
275 738
276 731
277 739
278 744
279 738
280 746
281 741
282 754
283 759
284 742
285 758
286 748
287 760
288 762
289 756
290 774
291 767
292 776
293 770
294 772
295 773
296 781
297 785
298 793
299 778
300 798
301 785
302 797
303 779
304 797
305 815
306 816
307 788
308 791
309 801
310 800
311 797
312 804
313 806
314 824
315 804
316 821
317 812
318 825
319 824
320 826
321 837
322 827
323 830
324 839
325 845
326 841
327 842
328 846
329 855
330 850
331 854
332 869
333 848
334 852
335 867
336 864
337 857
338 860
339 853
340 868
341 854
342 873
343 865
344 863
345 880
346 857
347 875
348 880
349 864
350 877
351 874
352 882
353 884
354 883
355 893
356 902
357 902
358 913
359 898
360 910
361 904
362 917
363 912
364 914
365 908
366 926
367 914
368 927
369 921
370 918
371 932
372 928
373 943
374 921
375 933
376 924
377 922
378 941
379 927
380 929
381 926
382 938
383 928
384 929
385 943
386 948
387 931
388 941
389 934
390 948
391 952
392 943
393 945
394 949
395 957
396 956
397 950
398 957
399 964
400 954
401 970
402 962
403 959
404 972
405 963
406 970
407 984
408 991
409 967
410 981
411 987
412 978
413 987
414 982
415 996
416 991
417 986
418 998
419 1002
420 1000
421 999
422 1005
423 1019
424 1019
425 1023
426 1029
427 1034
428 1054
429 1040
430 1045
431 1044
432 1052
433 1045
434 1058
435 1052
436 1058
437 1051
438 1060
439 1055
440 1060
441 1065
442 1069
443 1077
444 1068
445 1065
446 1073
447 1081
448 1073
449 1087
450 1085
451 1099
452 1083
453 1084
454 1084
455 1087
456 1102
457 1103
458 1089
459 1100
460 1092
461 1093
462 1095
463 1094
464 1099
465 1098
466 1108
467 1103
468 1100
469 1112
470 1107
471 1104
472 1117
473 1116
474 1113
475 1116
476 1131
477 1121
478 1129
479 1119
480 1125
481 1126
482 1132
483 1142
484 1154
485 1171
486 1165
487 1139
488 1156
489 1141
490 1142
491 1159
492 1148
493 1159
494 1176
495 1161
496 1154
497 1161
498 1165
499 1176
500 1155
501 1164
