0 0
1 8
2 15
3 21
4 34
5 16
6 17
7 25
8 32
9 39
10 24
11 33
12 42
13 44
14 43
15 34
16 41
17 49
18 52
19 49
20 35
21 44
22 38
23 39
24 37
25 50
26 48
27 51
28 57
29 38
30 51
31 46
32 40
33 43
34 52
35 52
36 71
37 71
38 73
39 63
40 74
41 82
42 75
43 92
44 93
45 88
46 97
47 84
48 98
49 115
50 113
51 103
52 88
53 101
54 97
55 93
56 96
57 113
58 102
59 110
60 127
61 111
62 127
63 132
64 130
65 135
66 139
67 146
68 144
69 139
70 144
71 159
72 157
73 164
74 163
75 173
76 171
77 168
78 170
79 177
80 173
81 178
82 183
83 195
84 202
85 204
86 209
87 196
88 216
89 231
90 217
91 222
92 241
93 223
94 241
95 229
96 228
97 238
98 243
99 248
100 237
101 244
102 255
103 262
104 239
105 257
106 248
107 242
108 261
109 250
110 251
111 259
112 260
113 261
114 263
115 279
116 275
117 263
118 267
119 283
120 273
121 266
122 281
123 285
124 299
125 308
126 306
127 318
128 321
129 313
130 322
131 320
132 333
133 344
134 344
135 355
136 338
137 356
138 349
139 352
140 348
141 363
142 359
143 370
144 361
145 372
146 366
147 368
148 387
149 386
150 368
151 371
152 373
153 390
154 372
155 386
156 390
157 381
158 378
159 395
160 396
161 400
162 420
163 416
164 413
165 422
166 415
167 426
168 426
169 427
170 445
171 461
172 440
173 456
174 444
175 445
176 451
177 449
178 465
179 454
180 461
181 474
182 463
183 455
184 474
185 474
186 459
187 463
188 461
189 468
190 469
191 481
192 462
193 470
194 465
195 463
196 482
197 479
198 471
199 487
200 487
201 475
202 478
203 488
204 506
205 524
206 531
207 500
208 500
209 507
210 502
211 510
212 513
213 523
214 540
215 516
216 525
217 536
218 535
219 535
220 519
221 521
222 520
223 532
224 533
225 520
226 536
227 530
228 547
229 521
230 537
231 525
232 536
233 541
234 525
235 541
236 528
237 531
238 534
239 539
240 537
241 552
242 536
243 550
244 569
245 557
246 572
247 541
248 557
249 547
250 567
251 582
252 559
253 563
254 559
255 564
256 565
257 571
258 575
259 567
260 571
261 586
262 601
263 597
264 602
265 587
266 599
267 588
268 597
269 597
270 603
271 591
272 601
273 608
274 604
275 609
276 597
277 615
278 630
279 625
280 635
281 631
282 629
283 637
284 635
285 635
286 647
287 639
288 650
289 659
290 664
291 682
292 679
293 695
294 679
295 681
296 680
297 682
298 695
299 682
300 685
301 683
302 688
303 699
304 695
305 715
306 722
307 705
308 715
309 722
310 715
311 730
312 733
313 753
314 733
315 743
316 750
317 752
318 758
319 754
320 759
321 763
322 774
323 772
324 762
325 768
326 782
327 791
328 781
329 788
330 787
331 791
332 789
333 793
334 799
335 810
336 828
337 797
338 800
339 806
340 824
341 820
342 831
343 828
344 834
345 839
346 843
347 837
348 850
349 847
350 850
351 852
352 872
353 859
354 865
355 870
356 877
357 872
358 873
359 868
360 882
361 869
362 879
363 871
364 886
365 872
366 875
367 892
368 883
369 879
370 881
371 891
372 897
373 897
374 910
375 901
376 898
377 910
378 908
379 911
380 912
381 917
382 920
383 920
384 923
385 925
386 934
387 940
388 960
389 927
390 947
391 932
392 935
393 933
394 944
395 935
396 942
397 944
398 937
399 950
400 943
401 948
402 941
403 952
404 961
405 981
406 967
407 975
408 987
409 967
410 972
411 972
412 988
413 969
414 976
415 978
416 986
417 974
418 980
419 988
420 981
421 990
422 985
423 995
424 1002
425 999
426 987
427 992
428 1006
429 1002
430 1002
431 1018
432 1012
433 1016
434 1006
435 1011
436 1008
437 1014
438 1029
439 1021
440 1027
441 1037
442 1035
443 1047
444 1028
445 1041
446 1030
447 1032
448 1037
449 1037
450 1050
451 1049
452 1045
453 1046
454 1052
455 1058
456 1055
457 1047
458 1054
459 1063
460 1071
461 1050
462 1062
463 1069
464 1063
465 1071
466 1090
467 1070
468 1086
469 1087
470 1077
471 1095
472 1078
473 1093
474 1094
475 1081
476 1084
477 1094
478 1114
479 1092
480 1104
481 1095
482 1112
483 1118
484 1099
485 1110
486 1107
487 1104
488 1115
489 1117
490 1109
491 1116
492 1119
493 1121
494 1131
495 1121
496 1139
497 1155
498 1133
499 1133
500 1148
501 1152
