0 0
1 6
2 9
3 16
4 30
5 26
6 45
7 38
8 25
9 35
10 37
11 44
12 26
13 26
14 28
15 40
16 42
17 40
18 56
19 55
20 54
21 44
22 56
23 64
24 64
25 72
26 54
27 55
28 64
29 65
30 66
31 76
32 56
33 58
34 64
35 57
36 68
37 70
38 74
39 82
40 58
41 63
42 72
43 70
44 67
45 75
46 76
47 78
48 78
49 80
50 83
51 95
52 90
53 98
54 102
55 88
56 89
57 108
58 102
59 93
60 94
61 110
62 114
63 120
64 99
65 105
66 107
67 119
68 108
69 119
70 112
71 117
72 128
73 123
74 129
75 115
76 132
77 118
78 127
79 136
80 140
81 143
82 122
83 130
84 129
85 148
86 147
87 158
88 134
89 142
90 149
91 168
92 146
93 150
94 154
95 160
96 159
97 156
98 173
99 168
100 184
101 160
102 167
103 169
104 168
105 183
106 170
107 180
108 182
109 181
110 176
111 181
112 182
113 193
114 185
115 196
116 195
117 209
118 196
119 214
120 199
121 210
122 207
123 213
124 216
125 209
126 216
127 222
128 224
129 237
130 228
131 236
132 229
133 240
134 259
135 230
136 235
137 232
138 232
139 240
140 237
141 239
142 251
143 252
144 255
145 257
146 245
147 249
148 264
149 254
150 247
151 248
152 265
153 258
154 253
155 272
156 256
157 260
158 271
159 274
160 294
161 283
162 289
163 306
164 293
165 292
166 300
167 312
168 307
169 302
170 316
171 310
172 312
173 303
174 306
175 315
176 323
177 318
178 338
179 333
180 339
181 347
182 346
183 366
184 352
185 359
186 371
187 358
188 365
189 367
190 380
191 370
192 374
193 384
194 386
195 377
196 394
197 414
198 390
199 394
200 398
201 397
202 407
203 426
204 410
205 421
206 400
207 411
208 409
209 420
210 415
211 423
212 424
213 441
214 457
215 440
216 459
217 451
218 453
219 467
220 479
221 485
222 500
223 472
224 486
225 491
226 483
227 488
228 489
229 506
230 502
231 485
232 497
233 504
234 492
235 494
236 501
237 520
238 498
239 512
240 502
241 514
242 504
243 510
244 504
245 505
246 514
247 524
248 508
249 514
250 510
251 518
252 521
253 517
254 532
255 545
256 528
257 547
258 534
259 536
260 547
261 541
262 555
263 554
264 572
265 552
266 550
267 569
268 553
269 553
270 567
271 559
272 571
273 570
274 576
275 573
276 587
277 587
278 571
279 578
280 575
281 574
282 576
283 580
284 589
285 585
286 585
287 582
288 584
289 586
290 593
291 590
292 596
293 610
294 607
295 613
296 599
297 617
298 611
299 601
300 609
301 608
302 607
303 624
304 617
305 619
306 620
307 632
308 632
309 638
310 632
311 637
312 646
313 662
314 652
315 669
316 648
317 667
318 667
319 665
320 673
321 674
322 679
323 676
324 692
325 679
326 688
327 688
328 690
329 697
330 697
331 702
332 713
333 716
334 713
335 718
336 704
337 705
338 708
339 718
340 716
341 734
342 716
343 736
344 723
345 732
346 739
347 735
348 749
349 745
350 752
351 751
352 755
353 751
354 760
355 768
356 783
357 781
358 768
359 773
360 786
361 781
362 775
363 787
364 794
365 777
366 781
367 799
368 789
369 793
370 807
371 795
372 807
373 814
374 819
375 815
376 805
377 806
378 824
379 817
380 829
381 823
382 825
383 828
384 834
385 842
386 845
387 861
388 836
389 847
390 854
391 851
392 842
393 856
394 861
395 844
396 856
397 853
398 858
399 866
400 869
401 879
402 899
403 870
404 880
405 871
406 889
407 879
408 895
409 900
410 880
411 890
412 891
413 911
414 889
415 894
416 902
417 895
418 891
419 903
420 894
421 900
422 897
423 893
424 902
425 905
426 913
427 896
428 916
429 907
430 920
431 898
432 905
433 910
434 916
435 909
436 919
437 929
438 925
439 913
440 914
441 919
442 929
443 915
444 934
445 930
446 942
447 948
448 932
449 946
450 948
451 950
452 947
453 963
454 980
455 983
456 958
457 967
458 975
459 964
460 967
461 960
462 980
463 989
464 969
465 961
466 964
467 977
468 982
469 970
470 980
471 972
472 990
473 994
474 976
475 983
476 985
477 994
478 996
479 989
480 990
481 998
482 1007
483 1004
484 1014
485 1023
486 1039
487 1037
488 1012
489 1026
490 1015
491 1018
492 1023
493 1033
494 1031
495 1028
496 1041
497 1046
498 1031
499 1038
500 1043
501 1050
