0 0
1 7
2 16
3 16
4 17
5 18
6 21
7 32
8 47
9 31
10 47
11 38
12 51
13 49
14 45
15 49
16 59
17 50
18 61
19 57
20 76
21 92
22 92
23 97
24 58
25 75
26 62
27 60
28 76
29 73
30 79
31 78
32 84
33 95
34 91
35 98
36 116
37 92
38 97
39 105
40 111
41 118
42 122
43 111
44 124
45 117
46 121
47 141
48 133
49 150
50 152
51 140
52 150
53 145
54 155
55 153
56 146
57 152
58 147
59 152
60 167
61 161
62 180
63 159
64 163
65 170
66 164
67 176
68 178
69 182
70 169
71 171
72 180
73 188
74 177
75 185
76 188
77 204
78 185
79 186
80 199
81 199
82 195
83 214
84 199
85 214
86 215
87 205
88 210
89 217
90 207
91 210
92 210
93 224
94 209
95 226
96 222
97 223
98 223
99 216
100 228
101 229
102 234
103 236
104 233
105 248
106 242
107 251
108 244
109 247
110 261
111 243
112 253
113 247
114 248
115 260
116 251
117 252
118 266
119 264
120 270
121 275
122 291
123 281
124 266
125 278
126 273
127 282
128 292
129 285
130 295
131 286
132 290
133 302
134 299
135 316
136 298
137 300
138 306
139 315
140 305
141 317
142 322
143 313
144 321
145 324
146 323
147 338
148 332
149 323
150 327
151 332
152 326
153 330
154 335
155 331
156 331
157 338
158 332
159 348
160 340
161 340
162 348
163 350
164 353
165 358
166 367
167 365
168 378
169 371
170 366
171 381
172 382
173 377
174 377
175 376
176 386
177 384
178 396
179 391
180 396
181 391
182 411
183 419
184 422
185 426
186 444
187 456
188 439
189 443
190 449
191 459
192 459
193 471
194 491
195 461
196 468
197 468
198 470
199 469
200 463
201 478
202 483
203 465
204 480
205 473
206 492
207 484
208 473
209 478
210 486
211 480
212 486
213 483
214 490
215 497
216 484
217 498
218 491
219 491
220 506
221 496
222 496
223 499
224 515
225 512
226 514
227 505
228 509
229 507
230 516
231 518
232 508
233 513
234 531
235 520
236 518
237 524
238 527
239 531
240 541
241 538
242 554
243 541
244 550
245 546
246 553
247 563
248 558
249 553
250 559
251 554
252 568
253 562
254 571
255 566
256 580
257 597
258 603
259 600
260 593
261 595
262 598
263 610
264 607
265 620
266 621
267 615
268 627
269 645
270 616
271 634
272 620
273 635
274 653
275 661
276 638
277 639
278 645
279 649
280 644
281 657
282 662
283 657
284 650
285 664
286 670
287 651
288 658
289 654
290 659
291 668
292 666
293 673
294 667
295 678
296 679
297 668
298 679
299 678
300 685
301 670
302 673
303 683
304 689
305 677
306 682
307 686
308 688
309 707
310 689
311 703
312 707
313 711
314 728
315 724
316 724
317 708
318 715
319 714
320 726
321 720
322 716
323 730
324 750
325 729
326 724
327 733
328 726
329 735
330 739
331 740
332 729
333 737
334 749
335 748
336 742
337 751
338 743
339 756
340 748
341 748
342 766
343 758
344 767
345 760
346 770
347 782
348 799
349 763
350 769
351 764
352 764
353 766
354 785
355 791
356 793
357 770
358 776
359 776
360 792
361 771
362 788
363 779
364 779
365 789
366 781
367 789
368 804
369 817
370 799
371 802
372 790
373 791
374 805
375 814
376 802
377 816
378 803
379 809
380 820
381 826
382 813
383 822
384 824
385 821
386 829
387 830
388 833
389 830
390 833
391 848
392 836
393 849
394 840
395 853
396 842
397 846
398 847
399 853
400 848
401 861
402 850
403 865
404 867
405 850
406 864
407 865
408 858
409 874
410 869
411 873
412 874
413 871
414 875
415 878
416 889
417 878
418 896
419 893
420 884
421 888
422 897
423 886
424 893
425 904
426 906
427 907
428 920
429 909
430 918
431 928
432 948
433 954
434 934
435 935
436 943
437 948
438 949
439 958
440 951
441 968
442 974
443 971
444 952
445 972
446 970
447 969
448 982
449 963
450 978
451 979
452 975
453 964
454 980
455 972
456 969
457 977
458 977
459 987
460 995
461 1012
462 1031
463 996
464 1002
465 1009
466 1006
467 998
468 1007
469 1014
470 1017
471 1020
472 1010
473 1022
474 1037
475 1041
476 1050
477 1043
478 1049
479 1050
480 1054
481 1062
482 1045
483 1054
484 1059
485 1062
486 1078
487 1063
488 1078
489 1082
490 1085
491 1072
492 1064
493 1084
494 1074
495 1078
496 1074
497 1094
498 1084
499 1076
500 1082
501 1080
