0 0
1 2
2 16
3 24
4 19
5 24
6 36
7 30
8 33
9 27
10 44
11 28
12 38
13 30
14 46
15 33
16 44
17 50
18 37
19 47
20 41
21 49
22 48
23 49
24 50
25 59
26 51
27 62
28 65
29 60
30 75
31 78
32 82
33 66
34 81
35 86
36 87
37 91
38 89
39 99
40 99
41 119
42 92
43 111
44 129
45 115
46 132
47 111
48 112
49 121
50 134
51 133
52 128
53 140
54 152
55 159
56 169
57 160
58 167
59 179
60 199
61 202
62 183
63 194
64 190
65 197
66 194
67 210
68 213
69 213
70 223
71 216
72 225
73 232
74 231
75 224
76 242
77 228
78 231
79 235
80 243
81 247
82 248
83 243
84 257
85 247
86 266
87 252
88 265
89 284
90 254
91 272
92 266
93 263
94 260
95 280
96 264
97 273
98 272
99 282
100 302
101 289
102 291
103 280
104 286
105 292
106 302
107 296
108 306
109 287
110 293
111 298
112 300
113 302
114 318
115 312
116 309
117 315
118 329
119 326
120 317
121 334
122 331
123 347
124 337
125 348
126 350
127 340
128 344
129 345
130 353
131 356
132 345
133 354
134 353
135 349
136 362
137 377
138 361
139 372
140 363
141 378
142 381
143 367
144 379
145 382
146 387
147 370
148 387
149 389
150 377
151 378
152 380
153 390
154 403
155 395
156 385
157 402
158 403
159 416
160 402
161 407
162 414
163 418
164 417
165 413
166 414
167 421
168 417
169 419
170 427
171 433
172 438
173 440
174 443
175 439
176 457
177 455
178 449
179 463
180 467
181 460
182 469
183 485
184 484
185 499
186 471
187 488
188 472
189 491
190 479
191 491
192 478
193 493
194 495
195 490
196 482
197 494
198 497
199 500
200 512
201 532
202 542
203 516
204 515
205 523
206 525
207 525
208 528
209 531
210 536
211 531
212 541
213 535
214 544
215 541
216 553
217 555
218 542
219 550
220 544
221 544
222 548
223 548
224 546
225 559
226 565
227 557
228 571
229 572
230 569
231 573
232 574
233 586
234 581
235 586
236 589
237 586
238 597
239 600
240 590
241 595
242 592
243 597
244 611
245 591
246 609
247 610
248 596
249 607
250 611
251 598
252 616
253 598
254 606
255 602
256 617
257 611
258 606
259 623
260 609
261 625
262 625
263 621
264 617
265 630
266 630
267 650
268 631
269 649
270 648
271 661
272 634
273 640
274 649
275 645
276 664
277 638
278 648
279 645
280 655
281 654
282 651
283 659
284 654
285 662
286 665
287 666
288 667
289 675
290 674
291 677
292 679
293 684
294 696
295 704
296 723
297 703
298 691
299 709
300 705
301 709
302 705
303 725
304 712
305 719
306 707
307 721
308 738
309 719
310 735
311 726
312 722
313 742
314 730
315 734
316 750
317 763
318 767
319 768
320 740
321 745
322 742
323 754
324 759
325 750
326 769
327 761
328 768
329 763
330 767
331 762
332 772
333 791
334 776
335 776
336 778
337 786
338 789
339 792
340 811
341 794
342 808
343 821
344 807
345 819
346 822
347 815
348 824
349 808
350 820
351 810
352 821
353 829
354 839
355 839
356 842
357 850
358 858
359 852
360 854
361 857
362 852
363 854
364 860
365 857
366 871
367 854
368 859
369 864
370 865
371 867
372 874
373 886
374 875
375 889
376 873
377 886
378 887
379 897
380 898
381 903
382 905
383 920
384 921
385 918
386 938
387 938
388 950
389 950
390 966
391 964
392 981
393 951
394 970
395 953
396 960
397 957
398 963
399 967
400 962
401 973
402 988
403 975
404 974
405 987
406 993
407 978
408 990
409 985
410 998
411 998
412 1005
413 996
414 998
415 1014
416 1010
417 1020
418 1026
419 1036
420 1032
421 1042
422 1043
423 1049
424 1050
425 1049
426 1067
427 1058
428 1060
429 1080
430 1071
431 1089
432 1080
433 1089
434 1078
435 1082
436 1084
437 1097
438 1086
439 1089
440 1103
441 1103
442 1122
443 1116
444 1104
445 1116
446 1120
447 1133
448 1120
449 1116
450 1131
451 1135
452 1133
453 1117
454 1130
455 1140
456 1153
457 1136
458 1149
459 1138
460 1156
461 1154
462 1152
463 1172
464 1158
465 1178
466 1195
467 1172
468 1171
469 1187
470 1181
471 1185
472 1192
473 1174
474 1177
475 1182
476 1185
477 1191
478 1211
479 1196
480 1188
481 1205
482 1192
483 1202
484 1207
485 1209
486 1219
487 1215
488 1208
489 1220
490 1227
491 1226
492 1236
493 1234
494 1243
495 1247
496 1250
497 1254
498 1262
499 1251
500 1255
501 1270
