0 0
1 11
2 17
3 21
4 12
5 11
6 19
7 19
8 30
9 25
10 18
11 37
12 30
13 32
14 47
15 39
16 51
17 49
18 41
19 55
20 47
21 53
22 60
23 62
24 61
25 65
26 57
27 74
28 65
29 66
30 65
31 73
32 72
33 77
34 74
35 84
36 94
37 95
38 94
39 109
40 99
41 100
42 112
43 116
44 113
45 125
46 134
47 115
48 120
49 126
50 127
51 134
52 118
53 122
54 127
55 147
56 132
57 137
58 131
59 141
60 149
61 136
62 139
63 150
64 164
65 166
66 173
67 152
68 170
69 157
70 169
71 175
72 169
73 178
74 175
75 174
76 187
77 201
78 180
79 187
80 201
81 201
82 202
83 194
84 208
85 206
86 213
87 216
88 218
89 213
90 223
91 228
92 223
93 227
94 230
95 234
96 240
97 237
98 243
99 245
100 251
101 262
102 262
103 269
104 275
105 272
106 276
107 283
108 282
109 282
110 287
111 278
112 296
113 308
114 310
115 289
116 291
117 303
118 290
119 302
120 306
121 302
122 293
123 298
124 314
125 311
126 312
127 300
128 301
129 319
130 307
131 305
132 320
133 324
134 317
135 316
136 325
137 321
138 327
139 326
140 321
141 330
142 326
143 333
144 348
145 352
146 368
147 334
148 345
149 340
150 347
151 349
152 366
153 352
154 355
155 363
156 375
157 362
158 378
159 363
160 370
161 374
162 374
163 365
164 369
165 367
166 383
167 373
168 375
169 395
170 406
171 390
172 388
173 399
174 396
175 404
176 406
177 415
178 405
179 419
180 435
181 428
182 444
183 450
184 431
185 436
186 439
187 451
188 448
189 440
190 449
191 458
192 450
193 456
194 466
195 467
196 468
197 478
198 485
199 480
200 498
201 511
202 512
203 525
204 544
205 514
206 515
207 518
208 528
209 519
210 524
211 534
212 535
213 537
214 532
215 539
216 541
217 545
218 557
219 577
220 560
221 563
222 566
223 572
224 579
225 584
226 580
227 600
228 591
229 589
230 594
231 611
232 628
233 611
234 617
235 624
236 623
237 624
238 637
239 625
240 628
241 629
242 641
243 635
244 647
245 639
246 640
247 651
248 655
249 656
250 665
251 669
252 663
253 665
254 674
255 679
256 671
257 673
258 685
259 705
260 675
261 688
262 694
263 695
264 689
265 691
266 705
267 705
268 712
269 727
270 712
271 714
272 727
273 728
274 736
275 738
276 722
277 732
278 723
279 727
280 738
281 732
282 743
283 734
284 740
285 742
286 760
287 753
288 746
289 750
290 750
291 754
292 755
293 758
294 771
295 771
296 784
297 766
298 773
299 786
300 772
301 785
302 802
303 788
304 801
305 802
306 800
307 791
308 802
309 795
310 795
311 798
312 808
313 809
314 822
315 842
316 814
317 818
318 823
319 818
320 822
321 827
322 833
323 831
324 847
325 866
326 849
327 843
328 861
329 854
330 871
331 864
332 882
333 887
334 889
335 871
336 878
337 877
338 878
339 881
340 880
341 884
342 883
343 897
344 887
345 891
346 903
347 889
348 891
349 901
350 913
351 902
352 895
353 900
354 904
355 902
356 917
357 916
358 919
359 925
360 922
361 917
362 923
363 918
364 929
365 937
366 956
367 924
368 932
369 933
370 942
371 956
372 940
373 936
374 951
375 968
376 968
377 969
378 968
379 969
380 978
381 972
382 972
383 975
384 973
385 979
386 984
387 974
388 984
389 975
390 982
391 994
392 978
393 981
394 993
395 990
396 1010
397 1008
398 1001
399 1015
400 1017
401 1017
402 1035
403 1036
404 1054
405 1022
406 1026
407 1035
408 1041
409 1032
410 1042
411 1049
412 1033
413 1038
414 1042
415 1046
416 1040
417 1056
418 1044
419 1048
420 1063
421 1059
422 1071
423 1072
424 1064
425 1066
426 1067
427 1079
428 1084
429 1084
430 1087
431 1097
432 1110
433 1098
434 1090
435 1110
436 1097
437 1095
438 1105
439 1092
440 1111
441 1105
442 1108
443 1111
444 1103
445 1120
446 1106
447 1125
448 1123
449 1114
450 1110
451 1130
452 1130
453 1127
454 1135
455 1147
456 1130
457 1131
458 1135
459 1152
460 1160
461 1178
462 1154
463 1157
464 1157
465 1163
466 1168
467 1165
468 1163
469 1174
470 1179
471 1177
472 1194
473 1204
474 1212
475 1207
476 1215
477 1211
478 1209
479 1221
480 1217
481 1214
482 1223
483 1225
484 1230
485 1228
486 1217
487 1220
488 1229
489 1229
490 1243
491 1227
492 1221
493 1231
494 1224
495 1222
496 1236
497 1246
498 1252
499 1260
500 1253
501 1254
