0 0
1 20
2 24
3 4
4 9
5 11
6 11
7 21
8 40
9 13
10 15
11 20
12 17
13 20
14 23
15 20
16 29
17 18
18 33
19 27
20 44
21 28
22 45
23 34
24 32
25 45
26 37
27 47
28 46
29 62
30 65
31 38
32 56
33 49
34 49
35 63
36 53
37 51
38 64
39 54
40 52
41 58
42 58
43 69
44 65
45 75
46 66
47 81
48 77
49 97
50 76
51 92
52 94
53 110
54 127
55 126
56 97
57 113
58 114
59 103
60 113
61 108
62 120
63 115
64 123
65 133
66 125
67 141
68 121
69 130
70 136
71 123
72 126
73 125
74 125
75 131
76 142
77 151
78 131
79 137
80 142
81 137
82 136
83 140
84 137
85 152
86 140
87 137
88 146
89 145
90 151
91 159
92 158
93 176
94 184
95 166
96 182
97 162
98 163
99 181
100 177
101 167
102 179
103 185
104 184
105 168
106 187
107 199
108 181
109 179
110 197
111 196
112 201
113 216
114 210
115 219
116 211
117 221
118 218
119 216
120 236
121 221
122 219
123 223
124 218
125 232
126 246
127 231
128 234
129 237
130 245
131 239
132 237
133 251
134 251
135 260
136 257
137 271
138 256
139 276
140 268
141 265
142 258
143 275
144 265
145 272
146 279
147 271
148 280
149 287
150 290
151 289
152 298
153 290
154 296
155 294
156 308
157 312
158 316
159 317
160 325
161 324
162 336
163 323
164 331
165 331
166 336
167 331
168 350
169 341
170 334
171 345
172 340
173 345
174 355
175 348
176 361
177 360
178 356
179 359
180 359
181 366
182 374
183 370
184 371
185 380
186 385
187 391
188 402
189 392
190 403
191 403
192 394
193 407
194 420
195 410
196 419
197 399
198 419
199 417
200 401
201 407
202 419
203 415
204 417
205 427
206 438
207 441
208 450
209 432
210 446
211 442
212 436
213 446
214 453
215 453
216 460
217 462
218 452
219 459
220 462
221 471
222 482
223 482
224 464
225 474
226 483
227 480
228 471
229 477
230 486
231 494
232 483
233 485
234 498
235 509
236 498
237 511
238 507
239 507
240 510
241 508
242 524
243 510
244 520
245 517
246 529
247 548
248 560
249 535
250 541
251 544
252 542
253 545
254 549
255 558
256 564
257 559
258 559
259 572
260 568
261 562
262 566
263 568
264 566
265 571
266 575
267 575
268 580
269 581
270 591
271 595
272 600
273 581
274 596
275 597
276 601
277 604
278 586
279 604
280 594
281 595
282 605
283 606
284 619
285 607
286 614
287 612
288 621
289 630
290 629
291 641
292 634
293 624
294 636
295 648
296 639
297 647
298 649
299 645
300 659
301 669
302 663
303 672
304 666
305 683
306 670
307 679
308 689
309 676
310 684
311 679
312 697
313 691
314 711
315 704
316 698
317 706
318 703
319 712
320 721
321 716
322 721
323 732
324 716
325 719
326 722
327 728
328 727
329 730
330 738
331 742
332 736
333 733
334 747
335 752
336 757
337 742
338 746
339 747
340 748
341 745
342 761
343 755
344 760
345 766
346 758
347 770
348 761
349 767
350 780
351 768
352 782
353 767
354 769
355 769
356 771
357 785
358 783
359 771
360 784
361 801
362 784
363 791
364 802
365 792
366 793
367 796
368 794
369 809
370 811
371 814
372 820
373 821
374 814
375 820
376 824
377 832
378 839
379 840
380 834
381 848
382 851
383 836
384 839
385 845
386 840
387 854
388 842
389 856
390 843
391 845
392 853
393 861
394 847
395 863
396 859
397 867
398 874
399 864
400 873
401 874
402 881
403 873
404 891
405 883
406 901
407 899
408 908
409 897
410 903
411 907
412 922
413 916
414 928
415 927
416 930
417 946
418 956
419 966
420 931
421 943
422 945
423 945
424 956
425 958
426 950
427 969
428 970
429 969
430 982
431 981
432 977
433 990
434 994
435 1013
436 992
437 1008
438 1003
439 1008
440 1005
441 1003
442 1009
443 1005
444 1022
445 1023
446 1026
447 1018
448 1017
449 1018
450 1033
451 1052
452 1033
453 1044
454 1043
455 1049
456 1056
457 1043
458 1062
459 1077
460 1061
461 1067
462 1068
463 1076
464 1076
465 1064
466 1080
467 1079
468 1096
469 1093
470 1107
471 1110
472 1119
473 1115
474 1125
475 1134
476 1126
477 1138
478 1139
479 1137
480 1141
481 1140
482 1145
483 1147
484 1152
485 1153
486 1158
487 1153
488 1168
489 1163
490 1174
491 1187
492 1176
493 1182
494 1173
495 1176
496 1177
497 1178
498 1184
499 1200
500 1187
501 1193
