0 0
1 19
2 12
3 21
4 30
5 17
6 20
7 31
8 19
9 21
10 33
11 31
12 33
13 24
14 28
15 36
16 56
17 27
18 34
19 35
20 52
21 71
22 39
23 50
24 48
25 41
26 59
27 47
28 59
29 50
30 52
31 68
32 58
33 56
34 60
35 59
36 67
37 85
38 79
39 91
40 82
41 91
42 91
43 97
44 100
45 100
46 92
47 112
48 94
49 103
50 108
51 93
52 98
53 106
54 109
55 108
56 115
57 108
58 127
59 123
60 117
61 111
62 112
63 120
64 112
65 130
66 119
67 130
68 139
69 149
70 152
71 132
72 135
73 134
74 133
75 136
76 144
77 137
78 143
79 146
80 152
81 166
82 148
83 153
84 171
85 168
86 178
87 164
88 172
89 173
90 176
91 190
92 181
93 177
94 197
95 186
96 181
97 183
98 200
99 191
100 205
101 193
102 201
103 213
104 225
105 231
106 233
107 242
108 253
109 251
110 258
111 236
112 256
113 267
114 251
115 237
116 237
117 239
118 245
119 244
120 251
121 247
122 257
123 268
124 251
125 254
126 257
127 256
128 271
129 263
130 273
131 274
132 280
133 278
134 290
135 286
136 294
137 280
138 300
139 296
140 292
141 308
142 288
143 295
144 307
145 305
146 319
147 289
148 307
149 305
150 318
151 297
152 300
153 320
154 330
155 325
156 333
157 337
158 322
159 335
160 327
161 336
162 328
163 329
164 348
165 341
166 342
167 339
168 347
169 344
170 344
171 349
172 346
173 350
174 346
175 361
176 357
177 354
178 366
179 380
180 359
181 369
182 376
183 369
184 377
185 385
186 392
187 396
188 388
189 408
190 398
191 398
192 416
193 403
194 418
195 407
196 404
197 415
198 422
199 424
200 442
201 418
202 433
203 429
204 432
205 429
206 444
207 430
208 448
209 440
210 447
211 452
212 447
213 454
214 459
215 475
216 454
217 470
218 467
219 474
220 471
221 486
222 485
223 471
224 481
225 483
226 489
227 480
228 487
229 491
230 492
231 487
232 495
233 491
234 495
235 492
236 503
237 502
238 519
239 509
240 527
241 512
242 515
243 523
244 515
245 532
246 548
247 556
248 531
249 537
250 547
251 541
252 550
253 538
254 547
255 557
256 541
257 552
258 539
259 541
260 555
261 549
262 563
263 553
264 573
265 581
266 562
267 567
268 582
269 575
270 570
271 581
272 569
273 576
274 595
275 606
276 596
277 577
278 580
279 594
280 592
281 588
282 584
283 600
284 617
285 598
286 607
287 605
288 609
289 617
290 637
291 634
292 628
293 621
294 641
295 638
296 656
297 657
298 676
299 690
300 658
301 659
302 675
303 670
304 675
305 689
306 669
307 681
308 681
309 683
310 673
311 684
312 686
313 691
314 701
315 689
316 709
317 728
318 727
319 728
320 729
321 714
322 729
323 727
324 730
325 727
326 745
327 739
328 746
329 755
330 752
331 755
332 758
333 772
334 770
335 757
336 759
337 773
338 766
339 769
340 780
341 784
342 796
343 799
344 812
345 801
346 821
347 805
348 819
349 815
350 817
351 824
352 820
353 824
354 838
355 830
356 844
357 839
358 848
359 843
360 856
361 854
362 865
363 877
364 859
365 875
366 860
367 869
368 873
369 873
370 881
371 891
372 883
373 887
374 903
375 898
376 905
377 907
378 904
379 904
380 913
381 909
382 915
383 912
384 924
385 923
386 924
387 920
388 940
389 945
390 931
391 933
392 933
393 943
394 946
395 941
396 959
397 939
398 951
399 952
400 954
401 960
402 942
403 945
404 962
405 959
406 951
407 960
408 956
409 970
410 967
411 984
412 971
413 971
414 985
415 975
416 986
417 980
418 979
419 982
420 994
421 1005
422 992
423 1007
424 1004
425 1007
426 1011
427 1005
428 1022
429 1016
430 1034
431 1016
432 1026
433 1033
434 1018
435 1017
436 1033
437 1024
438 1034
439 1041
440 1039
441 1054
442 1072
443 1052
444 1058
445 1068
446 1055
447 1057
448 1061
449 1061
450 1064
451 1066
452 1081
453 1073
454 1081
455 1087
456 1096
457 1110
458 1086
459 1098
460 1091
461 1094
462 1111
463 1104
464 1107
465 1124
466 1122
467 1126
468 1122
469 1112
470 1114
471 1115
472 1119
473 1123
474 1128
475 1120
476 1124
477 1128
478 1128
479 1129
480 1134
481 1138
482 1132
483 1137
484 1140
485 1151
486 1155
487 1151
488 1163
489 1159
490 1179
491 1163
492 1160
493 1171
494 1180
495 1181
496 1200
497 1210
498 1182
499 1193
500 1197
501 1206
