0 0
1 18
2 25
3 13
4 18
5 30
6 19
7 21
8 25
9 38
10 31
11 29
12 32
13 49
14 68
15 57
16 51
17 56
18 55
19 59
20 72
21 71
22 90
23 102
24 103
25 120
26 130
27 134
28 153
29 141
30 151
31 143
32 159
33 142
34 158
35 154
36 169
37 163
38 175
39 155
40 163
41 169
42 171
43 156
44 160
45 173
46 189
47 189
48 159
49 161
50 164
51 179
52 191
53 177
54 188
55 185
56 185
57 180
58 200
59 220
60 214
61 192
62 193
63 205
64 211
65 223
66 225
67 212
68 216
69 232
70 215
71 228
72 230
73 235
74 222
75 228
76 226
77 230
78 231
79 227
80 229
81 234
82 245
83 243
84 229
85 243
86 249
87 239
88 249
89 252
90 259
91 249
92 256
93 258
94 269
95 257
96 266
97 272
98 288
99 266
100 272
101 285
102 282
103 271
104 272
105 285
106 303
107 294
108 301
109 305
110 295
111 303
112 312
113 331
114 316
115 326
116 314
117 333
118 324
119 326
120 331
121 333
122 333
123 328
124 339
125 333
126 341
127 356
128 347
129 346
130 360
131 357
132 362
133 366
134 376
135 377
136 385
137 379
138 397
139 380
140 393
141 380
142 384
143 397
144 393
145 402
146 397
147 386
148 395
149 397
150 390
151 401
152 407
153 397
154 401
155 404
156 398
157 410
158 405
159 401
160 411
161 409
162 411
163 417
164 421
165 412
166 431
167 424
168 424
169 435
170 430
171 433
172 453
173 437
174 440
175 445
176 438
177 452
178 441
179 457
180 444
181 457
182 452
183 466
184 474
185 494
186 464
187 478
188 474
189 483
190 477
191 481
192 498
193 501
194 490
195 484
196 495
197 489
198 505
199 506
200 494
201 497
202 500
203 501
204 500
205 520
206 514
207 520
208 529
209 512
210 520
211 526
212 530
213 544
214 529
215 535
216 534
217 549
218 539
219 545
220 540
221 542
222 543
223 555
224 548
225 558
226 562
227 550
228 552
229 568
230 560
231 573
232 567
233 564
234 573
235 584
236 571
237 589
238 573
239 583
240 592
241 574
242 577
243 581
244 590
245 594
246 605
247 590
248 606
249 626
250 597
251 602
252 613
253 617
254 603
255 617
256 608
257 617
258 614
259 611
260 612
261 626
262 639
263 613
264 628
265 631
266 624
267 639
268 639
269 645
270 650
271 663
272 656
273 652
274 663
275 661
276 675
277 695
278 698
279 677
280 663
281 666
282 673
283 667
284 676
285 694
286 696
287 690
288 668
289 679
290 669
291 687
292 687
293 673
294 681
295 693
296 690
297 676
298 678
299 688
300 685
301 695
302 694
303 684
304 688
305 694
306 710
307 699
308 713
309 706
310 719
311 717
312 710
313 720
314 721
315 712
316 721
317 722
318 726
319 739
320 741
321 740
322 741
323 744
324 761
325 757
326 751
327 761
328 755
329 764
330 769
331 775
332 779
333 794
334 789
335 786
336 787
337 788
338 802
339 793
340 798
341 807
342 796
343 809
344 802
345 803
346 807
347 808
348 817
349 812
350 820
351 827
352 818
353 822
354 822
355 832
356 834
357 826
358 838
359 836
360 847
361 846
362 860
363 862
364 869
365 861
366 874
367 878
368 865
369 870
370 883
371 875
372 885
373 889
374 895
375 902
376 903
377 900
378 890
379 899
380 910
381 906
382 911
383 900
384 920
385 913
386 915
387 927
388 942
389 928
390 937
391 934
392 950
393 930
394 949
395 964
396 946
397 940
398 960
399 943
400 958
401 948
402 954
403 957
404 961
405 961
406 961
407 973
408 965
409 978
410 967
411 972
412 980
413 974
414 977
415 981
416 982
417 978
418 980
419 997
420 986
421 992
422 996
423 995
424 990
425 1002
426 1010
427 1008
428 1024
429 1011
430 1028
431 1018
432 1017
433 1025
434 1018
435 1035
436 1034
437 1050
438 1039
439 1045
440 1053
441 1041
442 1049
443 1064
444 1055
445 1055
446 1065
447 1078
448 1083
449 1068
450 1079
451 1083
452 1075
453 1077
454 1076
455 1078
456 1086
457 1095
458 1094
459 1093
460 1098
461 1101
462 1106
463 1109
464 1110
465 1107
466 1127
467 1144
468 1112
469 1116
470 1121
471 1117
472 1121
473 1116
474 1134
475 1121
476 1126
477 1127
478 1124
479 1134
480 1127
481 1144
482 1137
483 1149
484 1143
485 1148
486 1158
487 1172
488 1175
489 1166
490 1171
491 1183
492 1172
493 1180
494 1189
495 1178
496 1175
497 1183
498 1185
499 1194
500 1180
501 1188
