0 0
1 14
2 11
3 17
4 16
5 24
6 30
7 35
8 25
9 43
10 60
11 72
12 68
13 37
14 54
15 42
16 40
17 57
18 59
19 54
20 57
21 44
22 64
23 56
24 62
25 63
26 59
27 68
28 68
29 69
30 75
31 76
32 91
33 75
34 79
35 88
36 82
37 95
38 100
39 120
40 86
41 104
42 88
43 101
44 100
45 106
46 102
47 90
48 110
49 94
50 110
51 111
52 99
53 110
54 111
55 117
56 107
57 110
58 118
59 116
60 121
61 134
62 130
63 122
64 120
65 127
66 146
67 134
68 149
69 148
70 164
71 152
72 142
73 147
74 161
75 148
76 164
77 166
78 154
79 168
80 157
81 160
82 175
83 168
84 158
85 169
86 162
87 166
88 165
89 167
90 170
91 179
92 168
93 182
94 172
95 183
96 181
97 182
98 190
99 180
100 192
101 206
102 223
103 218
104 220
105 234
106 221
107 221
108 224
109 226
110 241
111 241
112 255
113 244
114 246
115 252
116 259
117 262
118 259
119 270
120 278
121 267
122 262
123 281
124 272
125 283
126 280
127 296
128 287
129 300
130 296
131 296
132 297
133 308
134 313
135 298
136 314
137 311
138 300
139 304
140 307
141 317
142 307
143 323
144 334
145 336
146 310
147 329
148 327
149 335
150 332
151 352
152 368
153 336
154 342
155 349
156 367
157 351
158 355
159 356
160 374
161 367
162 370
163 370
164 387
165 379
166 371
167 387
168 374
169 389
170 386
171 379
172 390
173 382
174 383
175 388
176 400
177 389
178 393
179 401
180 394
181 400
182 407
183 404
184 400
185 419
186 419
187 429
188 411
189 412
190 430
191 429
192 422
193 431
194 445
195 438
196 441
197 434
198 437
199 451
200 439
201 448
202 456
203 454
204 455
205 471
206 452
207 455
208 456
209 469
210 463
211 473
212 479
213 471
214 465
215 475
216 470
217 477
218 477
219 497
220 483
221 492
222 481
223 493
224 482
225 490
226 484
227 485
228 493
229 503
230 516
231 490
232 497
233 516
234 529
235 523
236 528
237 544
238 535
239 527
240 539
241 545
242 530
243 544
244 539
245 542
246 547
247 545
248 557
249 548
250 565
251 550
252 551
253 569
254 567
255 551
256 566
257 558
258 574
259 565
260 564
261 574
262 584
263 587
264 594
265 593
266 600
267 612
268 601
269 602
270 619
271 637
272 607
273 620
274 612
275 617
276 610
277 611
278 629
279 615
280 617
281 612
282 619
283 623
284 620
285 623
286 626
287 623
288 626
289 634
290 632
291 639
292 633
293 643
294 634
295 644
296 636
297 651
298 662
299 654
300 668
301 662
302 663
303 661
304 669
305 671
306 668
307 674
308 690
309 675
310 676
311 680
312 685
313 685
314 698
315 694
316 697
317 690
318 699
319 694
320 702
321 712
322 705
323 709
324 708
325 722
326 709
327 713
328 712
329 732
330 713
331 716
332 719
333 730
334 739
335 739
336 723
337 725
338 744
339 724
340 733
341 739
342 741
343 739
344 745
345 745
346 751
347 756
348 769
349 759
350 775
351 781
352 793
353 777
354 794
355 792
356 797
357 815
358 830
359 808
360 810
361 811
362 826
363 811
364 821
365 811
366 824
367 826
368 828
369 818
370 825
371 824
372 826
373 845
374 827
375 833
376 833
377 838
378 849
379 848
380 865
381 852
382 865
383 852
384 854
385 857
386 870
387 885
388 873
389 878
390 877
391 887
392 890
393 892
394 905
395 902
396 909
397 901
398 921
399 906
400 915
401 921
402 928
403 920
404 918
405 916
406 932
407 929
408 930
409 948
410 931
411 937
412 945
413 944
414 953
415 950
416 958
417 949
418 957
419 967
420 965
421 971
422 977
423 983
424 977
425 994
426 1011
427 997
428 1005
429 1015
430 999
431 1006
432 1016
433 1000
434 1014
435 1013
436 1012
437 1021
438 1026
439 1016
440 1028
441 1034
442 1021
443 1035
444 1037
445 1025
446 1026
447 1033
448 1032
449 1041
450 1031
451 1043
452 1036
453 1054
454 1043
455 1049
456 1051
457 1056
458 1064
459 1051
460 1062
461 1063
462 1066
463 1077
464 1094
465 1081
466 1097
467 1085
468 1091
469 1089
470 1088
471 1091
472 1092
473 1107
474 1106
475 1123
476 1114
477 1105
478 1125
479 1108
480 1118
481 1135
482 1124
483 1129
484 1141
485 1140
486 1139
487 1147
488 1154
489 1142
490 1159
491 1147
492 1166
493 1146
494 1166
495 1162
496 1156
497 1158
498 1160
499 1164
500 1177
501 1168
