0 0
1 3
2 17
3 21
4 8
5 12
6 15
7 26
8 22
9 29
10 38
11 34
12 50
13 25
14 34
15 40
16 49
17 50
18 57
19 69
20 43
21 62
22 58
23 62
24 57
25 59
26 77
27 97
28 76
29 76
30 70
31 73
32 75
33 76
34 85
35 80
36 93
37 94
38 88
39 90
40 92
41 105
42 101
43 111
44 104
45 109
46 120
47 132
48 111
49 112
50 119
51 112
52 112
53 115
54 132
55 114
56 134
57 130
58 122
59 129
60 123
61 125
62 131
63 132
64 143
65 132
66 148
67 137
68 148
69 149
70 164
71 153
72 156
73 162
74 168
75 156
76 170
77 164
78 160
79 158
80 169
81 163
82 181
83 177
84 173
85 164
86 180
87 173
88 190
89 182
90 201
91 191
92 198
93 195
94 212
95 206
96 209
97 215
98 208
99 215
100 221
101 210
102 217
103 222
104 221
105 241
106 241
107 238
108 246
109 232
110 252
111 233
112 238
113 256
114 234
115 242
116 241
117 243
118 260
119 256
120 271
121 281
122 290
123 285
124 293
125 287
126 301
127 299
128 316
129 293
130 296
131 306
132 307
133 295
134 298
135 303
136 306
137 308
138 311
139 311
140 319
141 322
142 325
143 323
144 327
145 336
146 335
147 330
148 346
149 340
150 340
151 357
152 358
153 353
154 361
155 372
156 374
157 368
158 378
159 382
160 394
161 389
162 397
163 403
164 391
165 392
166 397
167 401
168 406
169 397
170 404
171 411
172 419
173 404
174 405
175 416
176 413
177 416
178 406
179 424
180 414
181 422
182 431
183 432
184 435
185 441
186 436
187 456
188 449
189 437
190 445
191 459
192 465
193 443
194 450
195 450
196 459
197 465
198 451
199 452
200 468
201 488
202 480
203 466
204 468
205 480
206 470
207 472
208 467
209 482
210 498
211 500
212 513
213 487
214 486
215 498
216 496
217 502
218 512
219 492
220 494
221 503
222 516
223 535
224 553
225 560
226 538
227 548
228 549
229 567
230 549
231 557
232 565
233 566
234 585
235 567
236 581
237 568
238 569
239 576
240 596
241 606
242 589
243 591
244 596
245 611
246 593
247 595
248 607
249 602
250 606
251 623
252 611
253 622
254 631
255 618
256 620
257 633
258 632
259 640
260 634
261 650
262 642
263 652
264 660
265 651
266 661
267 658
268 654
269 672
270 669
271 673
272 658
273 670
274 664
275 675
276 667
277 683
278 679
279 684
280 699
281 702
282 720
283 691
284 708
285 710
286 718
287 697
288 716
289 726
290 710
291 700
292 706
293 713
294 710
295 710
296 701
297 704
298 717
299 713
300 715
301 729
302 726
303 726
304 726
305 738
306 748
307 731
308 736
309 746
310 732
311 752
312 736
313 754
314 754
315 762
316 765
317 770
318 763
319 764
320 781
321 793
322 774
323 770
324 775
325 794
326 773
327 790
328 790
329 795
330 793
331 803
332 813
333 808
334 804
335 808
336 814
337 823
338 830
339 823
340 825
341 842
342 838
343 858
344 851
345 859
346 856
347 867
348 858
349 874
350 866
351 878
352 869
353 885
354 894
355 873
356 886
357 879
358 881
359 893
360 890
361 891
362 905
363 899
364 913
365 911
366 919
367 919
368 911
369 919
370 918
371 917
372 922
373 918
374 920
375 926
376 938
377 931
378 936
379 941
380 951
381 933
382 953
383 945
384 942
385 940
386 936
387 945
388 955
389 960
390 948
391 948
392 951
393 955
394 963
395 964
396 965
397 961
398 960
399 968
400 967
401 980
402 977
403 974
404 980
405 975
406 988
407 991
408 995
409 980
410 976
411 983
412 979
413 991
414 992
415 1009
416 996
417 995
418 1011
419 1002
420 1001
421 1014
422 1034
423 1027
424 1022
425 1026
426 1031
427 1035
428 1046
429 1046
430 1045
431 1050
432 1065
433 1060
434 1046
435 1064
436 1062
437 1051
438 1056
439 1068
440 1074
441 1058
442 1067
443 1067
444 1071
445 1083
446 1077
447 1089
448 1074
449 1090
450 1087
451 1097
452 1098
453 1101
454 1121
455 1120
456 1117
457 1105
458 1114
459 1110
460 1129
461 1115
462 1117
463 1124
464 1121
465 1141
466 1129
467 1136
468 1139
469 1143
470 1146
471 1146
472 1145
473 1165
474 1172
475 1180
476 1159
477 1159
478 1173
479 1180
480 1187
481 1174
482 1188
483 1183
484 1175
485 1177
486 1185
487 1189
488 1193
489 1203
490 1187
491 1193
492 1201
493 1199
494 1208
495 1206
496 1213
497 1218
498 1228
499 1218
500 1219
501 1229
