0 0
1 10
2 5
3 10
4 15
5 11
6 25
7 15
8 30
9 24
10 44
11 33
12 27
13 43
14 30
15 31
16 47
17 33
18 41
19 42
20 48
21 38
22 46
23 57
24 50
25 50
26 68
27 55
28 73
29 90
30 67
31 81
32 76
33 86
34 90
35 96
36 95
37 111
38 95
39 99
40 107
41 116
42 111
43 110
44 113
45 112
46 121
47 118
48 131
49 141
50 138
51 120
52 123
53 124
54 138
55 149
56 150
57 169
58 134
59 141
60 137
61 151
62 156
63 157
64 144
65 160
66 163
67 150
68 152
69 160
70 169
71 165
72 159
73 172
74 169
75 173
76 178
77 189
78 179
79 197
80 182
81 201
82 194
83 181
84 194
85 186
86 190
87 202
88 196
89 207
90 206
91 210
92 201
93 212
94 203
95 215
96 233
97 219
98 223
99 217
100 224
101 230
102 232
103 227
104 236
105 236
106 234
107 252
108 252
109 237
110 254
111 253
112 260
113 262
114 256
115 259
116 276
117 272
118 269
119 270
120 278
121 283
122 283
123 284
124 282
125 295
126 293
127 296
128 311
129 312
130 310
131 303
132 323
133 313
134 312
135 321
136 314
137 329
138 318
139 338
140 326
141 331
142 339
143 319
144 326
145 330
146 328
147 335
148 355
149 336
150 344
151 334
152 335
153 349
154 360
155 379
156 392
157 369
158 381
159 379
160 384
161 399
162 380
163 399
164 399
165 397
166 388
167 388
168 391
169 408
170 399
171 416
172 398
173 404
174 417
175 412
176 415
177 421
178 415
179 419
180 424
181 432
182 422
183 426
184 428
185 437
186 438
187 443
188 444
189 455
190 446
191 443
192 444
193 448
194 463
195 448
196 450
197 465
198 457
199 463
200 470
201 465
202 477
203 484
204 472
205 484
206 480
207 483
208 496
209 487
210 506
211 500
212 503
213 514
214 532
215 536
216 519
217 504
218 512
219 531
220 524
221 516
222 523
223 532
224 525
225 527
226 518
227 528
228 529
229 530
230 534
231 533
232 548
233 541
234 545
235 554
236 553
237 548
238 548
239 560
240 552
241 560
242 571
243 574
244 559
245 569
246 562
247 580
248 587
249 567
250 579
251 569
252 587
253 570
254 575
255 580
256 578
257 576
258 582
259 589
260 577
261 590
262 590
263 592
264 603
265 605
266 595
267 603
268 605
269 612
270 603
271 605
272 608
273 610
274 619
275 607
276 614
277 630
278 645
279 652
280 649
281 652
282 636
283 656
284 641
285 640
286 646
287 643
288 650
289 664
290 650
291 663
292 675
293 675
294 680
295 681
296 679
297 692
298 684
299 702
300 707
301 698
302 699
303 705
304 701
305 702
306 711
307 704
308 705
309 725
310 713
311 705
312 718
313 721
314 709
315 719
316 720
317 715
318 717
319 726
320 717
321 722
322 720
323 722
324 724
325 737
326 730
327 747
328 732
329 740
330 746
331 756
332 746
333 758
334 755
335 760
336 774
337 770
338 760
339 762
340 771
341 766
342 771
343 774
344 790
345 772
346 773
347 777
348 774
349 787
350 786
351 792
352 804
353 788
354 791
355 803
356 813
357 829
358 827
359 826
360 839
361 832
362 836
363 847
364 839
365 856
366 847
367 847
368 850
369 867
370 872
371 871
372 870
373 885
374 896
375 878
376 898
377 877
378 890
379 880
380 883
381 883
382 885
383 882
384 897
385 891
386 893
387 895
388 911
389 898
390 910
391 927
392 916
393 918
394 932
395 924
396 918
397 938
398 928
399 933
400 923
401 928
402 932
403 950
404 943
405 947
406 952
407 957
408 955
409 965
410 975
411 965
412 976
413 966
414 979
415 979
416 984
417 1002
418 1014
419 1025
420 1010
421 1026
422 1006
423 1023
424 1026
425 1010
426 1022
427 1019
428 1024
429 1027
430 1046
431 1027
432 1047
433 1041
434 1029
435 1031
436 1033
437 1030
438 1041
439 1030
440 1040
441 1055
442 1032
443 1037
444 1044
445 1045
446 1048
447 1054
448 1064
449 1066
450 1076
451 1071
452 1079
453 1070
454 1078
455 1087
456 1084
457 1092
458 1096
459 1107
460 1099
461 1100
462 1096
463 1105
464 1099
465 1113
466 1129
467 1143
468 1117
469 1124
470 1139
471 1127
472 1119
473 1121
474 1128
475 1127
476 1128
477 1132
478 1143
479 1154
480 1136
481 1147
482 1155
483 1139
484 1153
485 1152
486 1153
487 1161
488 1153
489 1166
490 1171
491 1174
492 1179
493 1188
494 1174
495 1186
496 1190
497 1195
498 1194
499 1202
500 1220
501 1206
