0 0
1 17
2 24
3 42
4 99
5 116
6 261
7 266
8 273
9 280
10 833
11 1116
12 1958
13 1964
14 3926
15 5904
16 9837
17 9852
18 9857
19 35457
20 70921
21 126104
22 252197
23 494549
24 494559
25 494570
26 1861997
27 2851144
28 2851156
29 2851159
30 5702334
31 16117800
32 24671297
33 46491446
34 95834039
35 142325488
36 284650976
37 569301959
38 569301962
39 1423254900
40 -1306132009
41 686424860
42 686424870
43 1489972632
44 -1315022039
45 -1315022021
46 1664923240
47 524851816
48 524851819
49 524851839
50 524851850
51 1049703705
52 1049703721
53 -1670708002
54 428699428
55 1382250711
56 1382250716
57 -1530465855
58 -148215133
59 1514519880
60 1366304765
61 1202143673
62 -1726518848
63 -1726518838
64 -884589236
65 1683859224
66 799269997
67 799270016
68 799270023
69 -1897157252
70 500652793
71 -1396504446
72 -895851644
73 -895851640
74 -289744890
75 817014695
76 527269813
77 -737163659
78 607120851
79 924496815
80 794454022
81 2116177844
82 -589881421
83 -1049720028
84 -2099440059
85 -2099440054
86 -1543514249
87 -1447427058
88 -795414057
89 508611934
90 1017223871
91 2034447753
92 2034447756
93 2034447766
94 1808375990
95 1808375995
96 1130160680
97 225873605
98 -1130557015
99 2033853272
100 903296259
101 2032466140
102 2032466153
103 1576557527
104 -11295221
105 1335227318
106 1335227337
107 1973215823
108 -986524133
109 986691703
110 -986356560
111 -986188988
112 -1972377962
113 -1972377958
114 -635642466
115 1686946883
116 1401515796
117 -1842147071
118 -1361704804
119 -1802336065
120 -1802336045
121 690295205
122 18885589
123 37771190
124 -1055384056
125 -998727264
126 -1997454534
127 300058232
128 1598843731
129 1598843747
130 1598843755
131 1598843769
132 -1097279758
133 2100407774
134 1003128027
135 1003128045
136 -1285583189
137 720672890
138 720672907
139 155762619
140 155762626
141 155762639
142 311525266
143 778813160
144 778813176
145 2024914257
146 2024914260
147 2024914274
148 -1736378605
149 43396903
150 331932577
151 -1606187871
152 -942322707
153 385407598
154 2131864317
155 -31238648
156 -31238634
157 -62477269
158 2006909786
159 1944432522
160 -437340878
161 -874681759
162 -874681747
163 -874681744
164 1670922052
165 1670922053
166 1592480621
167 1592480630
168 560916015
169 -2141570636
170 -1580654604
171 572742071
172 -1007912522
173 -2015825046
174 1843971812
175 1843971832
176 664206088
177 664206105
178 1328412209
179 2049800757
180 -252548223
181 -505096437
182 -1674398986
183 -382242877
184 -764485755
185 -764485738
186 -1528971483
187 -1528971472
188 -1528971460
189 1237024374
190 -291947078
191 945077309
192 653130245
193 1598207564
194 -153474871
195 -153474863
196 -153474858
197 1790913228
198 1330488645
199 1330488648
200 1330488658
201 -303501336
202 -303501317
203 -303501302
204 419984710
205 419984721
206 536468141
207 536468147
208 1912905732
209 -1845593413
210 -1845593409
211 603780490
212 -638032433
213 -638032431
214 -638032418
215 -1914097278
216 -1914097272
217 -1914097267
218 -1914097262
219 -1447324502
220 933545534
221 -513778963
222 1353312109
223 1773078692
224 -1168576489
225 1444035352
226 1444035371
227 550917744
228 -2024555309
229 245856672
230 -1227780880
231 1288487799
232 60706921
233 367270520
234 734541043
235 1101811577
236 -742149425
237 1094203201
238 -2106560887
239 -1012357667
240 -1012357649
241 163691096
242 -848666547
243 -848666544
244 1748967658
245 1748967668
246 1800602248
247 154903745
248 1158474041
249 -1978019217
250 1135960835
251 -842058373
252 -525642706
253 -231740232
254 -463480459
255 -2062921751
256 1011182159
257 -1051739580
258 -2103479170
259 88008974
260 -2015470195
261 -2015470191
262 -2015470179
263 -1751443257
264 880089758
265 1672170544
266 1672170550
267 -950626190
268 -1021162623
269 1372552287
270 351389684
271 351389703
272 103542880
273 -2116092739
274 -2012549849
275 166324714
276 332649442
277 -1513575689
278 -1180926241
279 -1180926228
280 1933114841
281 -1609663866
282 -2038401476
283 646901961
284 646901967
285 -421146560
286 872657371
287 451510820
288 1549923614
289 -1842022048
290 -292098423
291 -2134120461
292 -2134120455
293 -2107394077
294 80179144
295 133631920
296 267263838
297 481074908
298 881970672
299 1363045597
300 -1301612262
301 943404022
302 1004837358
303 646629129
304 1651466491
305 -48630283
306 -2045501947
307 203963394
308 -1841538543
309 611890214
310 611890224
311 611890238
312 198095545
313 809985788
314 1008081349
315 1818067144
316 -460737461
317 1357329701
318 -1580307892
319 1134351494
320 1134351503
321 2045724813
322 -1114890977
323 -1114890965
324 2084645882
325 969754922
326 969754937
327 1939509865
328 1668698316
329 -957570662
330 -674574839
331 -1632145484
332 1030676318
333 1030676320
334 2061352650
335 -1202938309
336 1287621496
337 1287621515
338 169366396
339 1456987920
340 -1380991452
341 245362882
342 1778347272
343 1778347274
344 -416913390
345 2004152596
346 848966471
347 848966474
348 848966493
349 -160828647
350 1537104326
351 -371792170
352 -371792151
353 793520006
354 1426211368
355 -1281715905
356 144495477
357 1082510959
358 -54709461
359 -109418922
360 -109418912
361 -273547284
362 -273547274
363 -273547261
364 -547094519
365 -1477155241
366 -1477155240
367 246467764
368 766482817
369 -464204652
370 1889402762
371 1889402771
372 -213883591
373 -1194249992
374 -1408133572
375 -1408133567
376 70566585
377 1549266746
378 1619833344
379 1831533126
380 -631901048
381 73764877
382 147529759
383 221294641
384 -189311763
385 253277529
386 253277536
387 253277548
388 506555087
389 1077075955
390 1077075958
391 -1380982747
392 1533001816
393 1229095035
394 1381114109
395 -455663110
396 925451019
397 318031578
398 1243482614
399 -882551083
400 1604414136
401 -1086139012
402 518275135
403 153999188
404 153999202
405 153999218
406 -105866256
407 874406503
408 1230537862
409 -2141889962
410 -2141889961
411 11187377
412 22374766
413 44749518
414 -2063578295
415 -2063578276
416 246122403
417 -1817455867
418 -1358773212
419 1364860623
420 -1565246049
421 -1559158630
422 1170562625
423 1170562626
424 -1953842030
425 -1171875407
426 1169249869
427 -785904941
428 -1571809874
429 1934626962
430 362817098
431 -60270740
432 302546363
433 -1755247595
434 -1452701223
435 1087018485
436 -1878654693
437 597928652
438 -1646408770
439 -1840116309
440 -1840116306
441 -433745417
442 -433745414
443 -1899164915
444 1962056978
445 -804598752
446 -741706672
447 -1546305404
448 1202356487
449 71802648
450 71802652
451 -942050272
452 -1142393872
453 -2012641476
454 341486991
455 -1671154469
456 -1671154453
457 952658375
458 -2048163543
459 -142846792
460 -142846778
461 -1381198736
462 -1524045512
463 1389723062
464 -134322439
465 -134322422
466 -268644859
467 -268644851
468 583788507
469 583788522
470 495964909
471 1663541948
472 -2135460419
473 -471918462
474 -447872009
475 -895744019
476 -1815534480
477 1135816800
478 -1575461695
479 696171898
480 1840215813
481 960926025
482 1921852051
483 -1412189202
484 -1412189196
485 -1412189180
486 1470588936
487 -1353789438
488 -1295389669
489 -1295389652
490 408798311
491 -2065181507
492 -1305984644
493 -1258179855
494 74419613
495 -259959085
496 -259959081
497 -1703678390
498 -1963637466
499 -1963637453
500 367692380
501 735384773
