0 0
1 3
2 11
3 24
4 41
5 43
6 125
7 254
8 432
9 914
10 925
11 1851
12 4380
13 7176
14 15264
15 26827
16 53667
17 95762
18 198716
19 390241
20 738402
21 738422
22 2161548
23 4227348
24 7127319
25 11354685
26 24870915
27 36225609
28 83805892
29 163384437
30 283415951
31 566831902
32 850247864
33 1417079781
34 1417079782
35 -1460807720
36 1373351851
37 1329623914
38 1242168050
39 -393551415
40 2090784685
41 -25942052
42 -51884096
43 2012958541
44 -662601627
45 1350356934
46 1350356941
47 -243896505
48 -1838149924
49 -2082046420
50 374770970
51 749541926
52 -957733506
53 -208191566
54 -2123658589
55 1005383640
56 -1534658088
57 1642034278
58 -1010898753
59 -1010898733
60 -909037641
61 1364132186
62 -555804179
63 808328012
64 1616656031
65 -1970692882
66 -101513015
67 -203026027
68 -203026012
69 -203026009
70 -203026004
71 -203025993
72 -203025986
73 -406051971
74 -1015129938
75 -2030259878
76 640499538
77 1890077029
78 -1764390724
79 766185850
80 -998204856
81 -232018997
82 -1230223838
83 836314739
84 -1624132934
85 2044906270
86 2044906287
87 -992972917
88 -1198127640
89 -1198127621
90 700584388
91 -643737490
92 -643737489
93 1311821459
94 1311821472
95 1979905456
96 -978893884
97 -670312782
98 -670312770
99 972207497
100 301894744
101 -1045417190
102 228685056
103 228685059
104 228685069
105 -57467248
106 171217824
107 571120705
108 571120719
109 571120728
110 1142241454
111 -1268145862
112 1016337044
113 1016337056
114 2032674101
115 -1497764940
116 1551246233
117 2086155411
118 893680580
119 771024099
120 -490625894
121 516513147
122 796911355
123 796911361
124 -1904233215
125 -310410490
126 2080323596
127 1459502624
128 1459502633
129 -1510282132
130 -50779493
131 1357943636
132 -1579080008
133 -1782197980
134 -2054113832
135 -1120424523
136 -882905407
137 -882905397
138 1408731983
139 -1477503340
140 -951676744
141 1865787218
142 845339130
143 845339141
144 -1690178550
145 -844839399
146 -844839396
147 915109966
148 -1619408237
149 1900990239
150 281582007
151 281582019
152 281582027
153 844746065
154 1689492136
155 -1760729083
156 1336673171
157 2110182299
158 -919348764
159 -919348760
160 271484787
161 -1567212721
162 -1295727922
163 784162697
164 784162715
165 -1023130443
166 1977221639
167 954091211
168 954091215
169 1908182440
170 -1432693632
171 65925590
172 541414411
173 607340004
174 1214680016
175 1214680031
176 -1258267225
177 -1975120039
178 -804027216
179 1472232857
180 668205656
181 -638708726
182 697702578
183 -2095534920
184 -1368335397
185 1558296488
186 -1905573820
187 -1715612713
188 -2062890026
189 -1389109257
190 -872644699
191 -872644687
192 1677033220
193 -68256151
194 -68256149
195 667876248
196 -2086570111
197 -1555206156
198 1252811134
199 1252811137
200 1252811143
201 -1789345007
202 413882271
203 413882274
204 -961580459
205 -961580457
206 -1095396357
207 -2056976794
208 1142594153
209 1323607857
210 409225223
211 -1419540060
212 313293036
213 1769180227
214 1072158435
215 1072158438
216 -1487717208
217 -1869187394
218 2010221144
219 -1346683438
220 663537711
221 1327075430
222 1990613150
223 1990613164
224 1990613166
225 -627481954
226 1363131224
227 735649288
228 735649303
229 1471298596
230 -2088019391
231 -2077258260
232 1600988244
233 -1092990792
234 -1092990781
235 -584993314
236 1047722395
237 462729086
238 -167532594
239 -167532588
240 -335065175
241 -335065167
242 -542466421
243 -1547661941
244 1534708611
245 1534708619
246 644223709
247 1623512586
248 -2027230998
249 240505310
250 240505318
251 721515939
252 962021258
253 -2130419460
254 34128383
255 34128400
256 -2062162665
257 -2028034263
258 -2028034245
259 238898794
260 -1584365068
261 1126237159
262 2047703947
263 -199559399
264 1848144565
265 -1056806072
266 -1056806054
267 1582677002
268 525870963
269 1843080415
270 -343338901
271 -1743483862
272 282128627
273 282128634
274 -1179226597
275 1593175204
276 1593175219
277 2007123842
278 898506984
279 898506999
280 1797013988
281 -1599446293
282 -293261773
283 802812938
284 707118864
285 1509931810
286 -2077916615
287 -2077916599
288 -2077916587
289 -428850680
290 -857701358
291 -857701339
292 -1715402680
293 435311245
294 -2137792767
295 19381760
296 38763521
297 -1644336237
298 -1644336227
299 -1073352650
300 -8912530
301 1568365900
302 486100730
303 -672134771
304 300066682
305 -372068072
306 -372068066
307 -630103491
308 -1374239622
309 1918556129
310 -457855041
311 -457855030
312 -371393556
313 -742787111
314 -742787092
315 1522289483
316 779502399
317 1559004807
318 -1176957680
319 1941051926
320 329923653
321 -862442189
322 1790580528
323 928138352
324 928138369
325 -1180628574
326 -1828738617
327 -1828738608
328 -543138487
329 1923090217
330 2017441814
331 1568654939
332 671081199
333 1342162405
334 -1067504002
335 236869062
336 1182608668
337 1419477736
338 1771451477
339 78570600
340 1850022097
341 1928592712
342 1928592724
343 -1032704978
344 -1032704976
345 -653169703
346 -789986923
347 -1579973846
348 239131851
349 239131871
350 239131887
351 239131898
352 -623446329
353 333081195
354 333081201
355 281847974
356 324564052
357 606412046
358 1545905286
359 -1536237932
360 940643461
361 950310821
362 -1787933605
363 -1787933590
364 719100105
365 719100115
366 -349733351
367 369366778
368 738733553
369 758366998
370 1516733986
371 -2019866311
372 -503132314
373 -247897636
374 -1254162272
375 -1502059898
376 787715178
377 787715192
378 -1180791794
379 394638585
380 394638597
381 396200587
382 1185477786
383 1190163771
384 -1128486543
385 1643355604
386 1643355617
387 -1008256070
388 1149968611
389 141712554
390 -724830974
391 -441405870
392 -1024524274
393 2104206190
394 638276047
395 -1552485039
396 -275932928
397 -1828417966
398 -2104350880
399 -827943453
400 2000804331
401 -931489992
402 1069314357
403 1069314369
404 1069314373
405 -2018514175
406 120114573
407 -1898399601
408 -1898399585
409 -1400231486
410 996336243
411 214387460
412 1210723714
413 1210723715
414 -1873519848
415 547927584
416 547927597
417 547927613
418 -229737046
419 1414045767
420 -2014803363
421 265360570
422 -1749442790
423 -2084839807
424 125287686
425 125287698
426 711260092
427 -1123004321
428 -286456529
429 -698200752
430 -698200738
431 -2094602234
432 803963576
433 1607927160
434 -1883076559
435 528814190
436 1057628387
437 -296633972
438 760994429
439 167726484
440 632086949
441 1560807866
442 -1469985534
443 722909282
444 813731630
445 1536640913
446 1603296295
447 -341298442
448 1261997864
449 579400968
450 1500100401
451 2079501375
452 -715365501
453 1364135892
454 -66595124
455 582175280
456 -1051115370
457 828600682
458 828600695
459 1121666168
460 -1516099739
461 434167131
462 868334272
463 868334292
464 654735970
465 -1469395625
466 -814659647
467 -760985004
468 -1521969996
469 -1521969991
470 -1794012958
471 -2118630294
472 382324050
473 -757321896
474 -757321878
475 -1514643756
476 1265679777
477 -248963966
478 -497927940
479 -1753177744
480 -1234389853
481 809471766
482 -424918085
483 -849836162
484 -465282480
485 -1315118630
486 -1315118616
487 -1315118609
488 349611442
489 233940422
490 933163306
491 201596574
492 201596591
493 1336356489
494 -1388313894
495 1284399081
496 1284399087
497 -1576529939
498 -292130832
499 -1868660754
500 2134175719
501 265514984
