0 0
1 11
2 17
3 41
4 42
5 116
6 213
7 390
8 776
9 1554
10 2723
11 5671
12 8407
13 16815
14 35189
15 35198
16 101281
17 196891
18 385386
19 753957
20 1139363
21 2475606
22 2475612
23 6844552
24 12935143
25 25870290
26 38805434
27 77610868
28 142286607
29 297508353
30 517405838
31 1034811680
32 1849725889
33 -893023871
34 1991513710
35 -1346751557
36 -1346751547
37 -1595013261
38 1997964650
39 1997964652
40 1997964663
41 1997964670
42 -598075937
43 1100850754
44 -2093265774
45 407473726
46 -1685792042
47 -1278318301
48 745915667
49 -1810720946
50 -1064805264
51 1419441096
52 1419441102
53 -36643999
54 1382797122
55 1346153142
56 -183219927
57 -366439845
58 2142646504
59 -1355827405
60 420379265
61 657538603
62 1077917886
63 1735456491
64 -403675031
65 -1227729332
66 -1227729317
67 1435833629
68 1435833638
69 12533596
70 -1410766414
71 -1410766404
72 1473434480
73 1473434483
74 1536102572
75 188004257
76 1724106833
77 1724106839
78 -1944179596
79 -1944179595
80 -252141249
81 1878573711
82 1626432463
83 -1042102362
84 -1042102360
85 -2084204710
86 1168660229
87 -1957646839
88 1421775991
89 -535870846
90 -535870842
91 -438952290
92 -1510693966
93 -1949646242
94 834627094
95 -1115019129
96 -280392031
97 -280392016
98 1504144988
99 1223752985
100 1223752987
101 -343316327
102 880436669
103 193804025
104 -1116536955
105 838140404
106 -84592524
107 711251625
108 542066589
109 1253318216
110 -1872923372
111 -1872923356
112 -1950461916
113 -1401341340
114 -1401341330
115 1492284627
116 1492284638
117 1492284656
118 1674171266
119 -1128511373
120 -1128511363
121 2037944564
122 -219078168
123 690355051
124 471276894
125 1851986985
126 -1500426524
127 822837367
128 1645674723
129 -1826455200
130 -1826455186
131 1610142481
132 -216312697
133 -613405871
134 -829718561
135 -49294628
136 -879013173
137 -1758026347
138 -1758026337
139 -979111739
140 -1079210298
141 2136546714
142 1057336423
143 1057336434
144 -2102069751
145 -1044733299
146 -1044733279
147 -1044733266
148 1160767458
149 1160767472
150 1276801678
151 -1857398126
152 696205231
153 115608800
154 1391985063
155 1623202661
156 -467965534
157 -935931068
158 1726899940
159 790968874
160 1581937750
161 -1131091781
162 450845984
163 -680245780
164 221446177
165 -1139045398
166 -1139045382
167 1558076931
168 1558076946
169 838063116
170 -1898827216
171 916344404
172 -1323233100
173 1989251397
174 -316464514
175 1672786886
176 2022340682
177 -599839722
178 -599839718
179 822661244
180 1645322493
181 -1826983547
182 41160485
183 -140500565
184 -140500560
185 -2066824167
186 1947142016
187 -119682138
188 -379864832
189 -619229112
190 -999093927
191 -1618323031
192 1058321235
193 1058321254
194 2116642497
195 2116642503
196 2116642513
197 -1181685823
198 934956703
199 -246729104
200 -246729084
201 -246729067
202 -246729061
203 -246729042
204 -246729040
205 -740187142
206 -1233645219
207 2074405907
208 -392884520
209 447876178
210 447876183
211 -1717693533
212 -1717693524
213 -1717693506
214 859580282
215 449343199
216 -408770008
217 40573205
218 -368196787
219 -736393578
220 -1064017159
221 2126359786
222 1062342630
223 1020094903
224 2082437544
225 2082437562
226 1952345355
227 -1452619224
228 499726132
229 -1213077463
230 2128996755
231 1915371566
232 -250598968
233 -501197928
234 1163574679
235 161178826
236 572956620
237 1145913248
238 1880048712
239 -1269005331
240 -1803875208
241 526038048
242 526038057
243 -140755705
244 -892554791
245 -892554789
246 -873789170
247 1636068557
248 1636068559
249 613238377
250 -409591792
251 -409591785
252 -409591767
253 -615536950
254 -1231073904
255 1629172892
256 -217437955
257 -434875902
258 -652313853
259 324545196
260 -762644545
261 -1742727041
262 1461827063
263 -1043544520
264 418282558
265 -906161926
266 -69596809
267 -557476159
268 -1533234885
269 1646780091
270 -1419689686
271 -1306144477
272 -1306144469
273 -1306144449
274 1682678395
275 1682678411
276 2059212360
277 -1482687028
278 -1482687024
279 776516736
280 776516749
281 70346475
282 70346476
283 1693726447
284 -907514412
285 856558523
286 1642770561
287 -1009426162
288 582388526
289 582388541
290 1798121482
291 -1914457264
292 -1914457248
293 -1914457235
294 932105574
295 1281822620
296 -1614986276
297 -333163655
298 -333163645
299 -666327286
300 -1332654577
301 1962821804
302 1962821818
303 -369323657
304 1593498173
305 1593498176
306 -1107970927
307 1709701772
308 1709701790
309 -390036480
310 1319665320
311 -1053905818
312 265759516
313 141482558
314 141482570
315 282965143
316 831689797
317 1114654945
318 -1924174840
319 -1924174821
320 -1619039769
321 -1619039756
322 -1619039741
323 -562151961
324 2113775610
325 -67416076
326 1484207578
327 -764400176
328 652391342
329 -876409000
330 -224017645
331 -1212435468
332 1982105201
333 545652090
334 1315321840
335 -1888341277
336 1954737860
337 1381718436
338 -985878344
339 1777558522
340 791680193
341 624849384
342 -1100879186
343 -476029787
344 -952059569
345 -1904119146
346 486729006
347 -1417390135
348 1460187041
349 1968314501
350 593721281
351 593721286
352 320976817
353 914698117
354 96464708
355 1011162826
356 1011162832
357 -1261478812
358 -1261478808
359 -1261478790
360 -1762110735
361 -240417015
362 -230518046
363 -470935045
364 -470935036
365 -470935029
366 -1883740167
367 1469357068
368 -414383097
369 -1770636260
370 1224629813
371 -546006439
372 -546006422
373 -2052402397
374 604545599
375 -1315239836
376 439857809
377 1425722064
378 -897516750
379 257368904
380 -89807801
381 -729955629
382 -729955618
383 2105100417
384 645189172
385 1290378352
386 1935567536
387 -1069021394
388 -2138042801
389 -2138042800
390 -2138042785
391 -2119161074
392 56645148
393 -2062515914
394 169935464
395 -1835935292
396 -1496064358
397 -872967650
398 259935462
399 259935463
400 -353096714
401 -353096698
402 -186322471
403 -632580415
404 -1171999575
405 -1990902448
406 499484874
407 499484877
408 1498454614
409 -665477645
410 -158955708
411 1672991029
412 -1947954988
413 -433919664
414 -867839312
415 -1735678629
416 1691449357
417 -912068580
418 -912068566
419 -912068554
420 -1044756337
421 -1956824888
422 -1956824871
423 -663438793
424 -1326877577
425 1641212127
426 1989038199
427 1639933957
428 -351660574
429 -703321152
430 -1054981721
431 -470029472
432 1714974390
433 1244944928
434 1244944938
435 1244944957
436 1244944968
437 -1805077351
438 -1120264851
439 -1120264831
440 249360283
441 498720559
442 -1492448827
443 -993728256
444 -1987456515
445 -1987456509
446 320054287
447 320054296
448 -33565389
449 -1380913306
450 -774370096
451 2139683896
452 270889417
453 270889433
454 526179351
455 1067958204
456 1865026990
457 -835802734
458 -835802721
459 1787559102
460 1787559110
461 -719849071
462 -719849053
463 -719849034
464 -371988038
465 -743976080
466 -1115964106
467 -1859940185
468 -516750141
469 802312879
470 285562758
471 1087875643
472 1373438406
473 -1548090477
474 -1548090476
475 -1548090469
476 1198786360
477 849482254
478 1698964499
479 651052185
480 -1444772452
481 -1444772435
482 -1444772434
483 1405422428
484 -39349986
485 -39349970
486 -1562822377
487 -1562822374
488 -1562822372
489 1169322561
490 -1956322167
491 -1956322155
492 382322975
493 371146146
494 1135792103
495 1889261226
496 1889261246
497 1889261255
498 1889261268
499 1889261276
500 856371698
501 856371702
