0 0
1 2
2 14
3 36
4 62
5 120
6 132
7 253
8 609
9 864
10 1730
11 3209
12 6419
13 6433
14 12865
15 19302
16 38616
17 83655
18 160887
19 244559
20 405448
21 933169
22 1744083
23 2677264
24 2677268
25 5354533
26 13386337
27 18740884
28 32127222
29 72286261
30 123154380
31 123154394
32 318595046
33 441749445
34 441749446
35 883498909
36 -2086220048
37 -2086220033
38 1447775575
39 1570302805
40 1570302822
41 293413923
42 586827848
43 586827865
44 -1257594821
45 -1257594809
46 -1341533913
47 438243764
48 876487527
49 -26802605
50 849684929
51 2137613630
52 -457983795
53 -1765652519
54 2071330997
55 1985308328
56 -324350652
57 1508652361
58 1508652366
59 383295116
60 766590236
61 -1636429574
62 -1764206776
63 -742098616
64 918822571
65 -1587482812
66 -668660224
67 -2079419070
68 136129154
69 -1943289904
70 408387491
71 -1398773255
72 1361291644
73 -1436254865
74 -1473736463
75 -1548699666
76 -163723686
77 -1712423349
78 -1876147030
79 542673249
80 -1333473769
81 -248127285
82 -332530880
83 -580658150
84 1800177223
85 1800177235
86 -1855929136
87 -1855929134
88 -1855929123
89 -1967432930
90 1054714272
91 1526319525
92 1196709916
93 1810310803
94 -1287946574
95 5140666
96 527504911
97 1055009808
98 1582514730
99 -1129937836
100 2040232293
101 2040232313
102 1293084024
103 1078581351
104 1078581359
105 -2137804579
106 -2137804559
107 19358177
108 1117297709
109 1156014063
110 -2002297327
111 -2002297307
112 -2002297296
113 -1711924626
114 -1421551930
115 1451863448
116 -1681613102
117 -1681613086
118 962052638
119 -949310098
120 -1898620190
121 -954136541
122 1442210585
123 488074062
124 -1871782167
125 -1383708096
126 -1325205607
127 -285728570
128 -83383064
129 1216941967
130 1133558914
131 -1944466397
132 -810907477
133 -488256041
134 -2110070999
135 885732791
136 -173000812
137 712731980
138 539731186
139 1965195148
140 -1250309784
141 1967348543
142 -360270222
143 -1973003606
144 -1616235059
145 345458425
146 345458441
147 345458451
148 690916896
149 1727292229
150 -1531299718
151 -1531299709
152 -1531299691
153 2119277321
154 2119277336
155 1175955271
156 1175955291
157 764198235
158 1940153543
159 1940153549
160 -414660203
161 -414660191
162 -479782345
163 -1309102722
164 -1309102719
165 1196979519
166 1979298841
167 -1118688918
168 -560615988
169 299993952
170 1796967416
171 -1898011991
172 -101044558
173 -202089118
174 2093821645
175 -107324020
176 -214648034
177 -214648016
178 -429296039
179 1127905551
180 1127905562
181 -2039156181
182 -427289117
183 -639930215
184 -639930213
185 -639930204
186 -1919790617
187 1095316275
188 1550702335
189 -553632414
190 997069940
191 997069952
192 -208441192
193 1785698704
194 1577257514
195 -143382308
196 -143382304
197 1290492906
198 1290492920
199 -1713981466
200 -423488531
201 443515847
202 887031688
203 483570471
204 -323351983
205 1047250191
206 2094500381
207 2094500382
208 617931694
209 617931696
210 -2117820243
211 -1499888543
212 677258529
213 -1704586850
214 -350069803
215 -350069791
216 1067610856
217 1067610868
218 -269504702
219 1515647245
220 -1981213871
221 -735071310
222 1578682131
223 108539510
224 1687221656
225 1795761168
226 -703444958
227 171792214
228 1264108430
229 1264108449
230 1264108464
231 -1034294696
232 229813787
233 229813791
234 1953549803
235 1953549809
236 -387867677
237 -545921562
238 -1321656910
239 -1321656902
240 -1321656900
241 329996586
242 -991660306
243 -991660301
244 -1653324007
245 1649983001
246 -1656665015
247 -6682012
248 -13364024
249 -20046027
250 -33410032
251 -66820072
252 -140322164
253 -273962315
254 -534560604
255 -1049075182
256 -2064740335
257 646591188
258 1293182364
259 -124966777
260 1814806786
261 -1311944919
262 377895108
263 -934049795
264 -556154676
265 -609447485
266 1261265543
267 651818064
268 1303636128
269 -1078247559
270 1529024698
271 1754413284
272 -134322672
273 2070867762
274 2070867772
275 2070867792
276 1783313363
277 1783313374
278 1783313392
279 1054972849
280 -114153820
281 212478505
282 1153297545
283 1153297560
284 -835074645
285 1471520462
286 1471520477
287 -1033703422
288 1074262889
289 -1311366889
290 -1270807406
291 -1270807397
292 441985620
293 883971226
294 55149456
295 55149463
296 110298934
297 110298949
298 275747352
299 275747358
300 661793669
301 661793678
302 1599334708
303 -2033838908
304 227289482
305 1116372631
306 1116372633
307 -2062222022
308 397812725
309 -1664409284
310 -1096073299
311 1534484717
312 1404560135
313 -1355922435
314 48637720
315 535686844
316 584324582
317 584324588
318 584324594
319 1168649196
320 -1957668914
321 379629478
322 759258959
323 759258974
324 1109127707
325 -1667321643
326 201065045
327 1161389052
328 -304867539
329 856521529
330 856521533
331 -1725402720
332 -12359645
333 -12359636
334 -1750122000
335 -1750121990
336 -1750121970
337 794723345
338 -160675307
339 -321350606
340 -482025897
341 -1919450431
342 -1919450430
343 -507985371
344 1867531497
345 -559904287
346 -559904276
347 239737580
348 239737584
349 -640333388
350 -720762481
351 -720762469
352 -2081858335
353 1492346512
354 -2031036765
355 -538690245
356 -538690241
357 -1077380469
358 2140206353
359 2140206372
360 -1091935024
361 2111097235
362 2111097252
363 975498558
364 975498571
365 1950997132
366 -465745835
367 -858718865
368 1602031010
369 277566320
370 -1788837530
371 -1233704888
372 1549991210
373 -1472551191
374 77440036
375 77440047
376 -1001384767
377 -846504666
378 -1847889432
379 599188449
380 -2095205644
381 -2095205635
382 -1990649618
383 -1886093585
384 418224104
385 836448208
386 1672896406
387 1672896418
388 1672896431
389 1672896449
390 1672896453
391 -225452428
392 1447444041
393 -1400079216
394 47364837
395 47364845
396 -1305349517
397 1684268254
398 473648422
399 -2137050609
400 -1237118598
401 1394446531
402 178194002
403 1572640545
404 -228888121
405 -228888114
406 -228888106
407 -457776208
408 -686664298
409 -1373328592
410 -2059992885
411 174981524
412 1036627358
413 1036627374
414 2073254739
415 -2033469174
416 1076412954
417 1076412966
418 -2102355795
419 50470137
420 100940281
421 151410438
422 -723121964
423 -723121949
424 -723121948
425 -1917015123
426 1654830233
427 -985306826
428 -985306821
429 -985306812
430 -1301090219
431 37956638
432 75913259
433 113869912
434 -1073350408
435 -959480493
436 -1805091084
437 -1805091074
438 -274695350
439 -549390688
440 -139300880
441 -139300869
442 -827992418
443 -1106594157
444 1532388301
445 -680800003
446 -1222299135
447 -370710822
448 2021157339
449 428147395
450 856294794
451 856294812
452 -503783769
453 -503783749
454 705022101
455 1410044194
456 1611282548
457 1611282553
458 1611282568
459 -1072402168
460 -533521782
461 -1605923933
462 -1605923923
463 -1605923910
464 -1605923892
465 -1605923873
466 560315066
467 560315079
468 560315095
469 560315109
470 635336484
471 635336502
472 1830988100
473 -632991085
474 -632991078
475 -632991069
476 -1265982132
477 1763003018
478 497020890
479 994041785
480 1988083571
481 -815821038
482 131360947
483 -1500281125
484 -1368920158
485 1425766021
486 -2127895338
487 -2071049456
488 96022521
489 96022533
490 288067572
491 288067573
492 768180200
493 1536360410
494 -1990426684
495 602181503
496 -1388245163
497 1518476960
498 1518476973
499 260463591
500 1909172381
501 1909172396
