0 0
1 1
2 9
3 26
4 51
5 98
6 198
7 402
8 717
9 1435
10 1439
11 3999
12 6879
13 6882
14 20651
15 34432
16 72849
17 72864
18 200805
19 273678
20 474496
21 474509
22 1423502
23 1423505
24 3796029
25 7592061
26 11388096
27 22776203
28 22776218
29 56940524
30 102492965
31 102492982
32 102493001
33 364419481
34 569405476
35 1036317968
36 1970142932
37 -719100912
38 -719100901
39 -1438201799
40 -906260673
41 512303024
42 -393957645
43 -393957644
44 1674892573
45 1674892586
46 -1339139777
47 -1339139757
48 -1339139754
49 -667634114
50 -2006773865
51 -2006773846
52 281419601
53 -104794917
54 176624699
55 -1653524456
56 -1300275067
57 1694417167
58 394142120
59 788284235
60 788284249
61 1576568494
62 -1930114535
63 -353546038
64 81192187
65 81192207
66 -191161640
67 1982529497
68 1872560080
69 -468654951
70 1403905137
71 -1487157014
72 1320653256
73 1237401391
74 2006147834
75 -1051418067
76 -2102836131
77 1409948288
78 261841942
79 -431045885
80 1240744354
81 378652576
82 1188351052
83 1567003641
84 -351261551
85 -351261545
86 864480557
87 1728961121
88 -837045062
89 1405135080
90 568090030
91 1136180066
92 -1185562118
93 518707980
94 -1852416255
95 -815000284
96 2096876688
97 1281876416
98 -1731214474
99 -1731214457
100 832538375
101 832538393
102 -1797352143
103 700262992
104 -1163226822
105 -1163226821
106 -1163226815
107 1505549833
108 342323019
109 684646048
110 1369292091
111 2053938151
112 -871737050
113 -1743474085
114 808019122
115 246746148
116 -1560445845
117 -1560445834
118 1174075628
119 -386370203
120 -2086440100
121 1822157006
122 1822157026
123 1557873933
124 1557873936
125 378654522
126 378654533
127 757309066
128 757309073
129 757309092
130 757309103
131 -2023040021
132 248887260
133 497774520
134 497774527
135 1244436308
136 -2054981932
137 -810545608
138 1429439759
139 -191651471
140 -1627739243
141 -1819390703
142 2085625652
143 -1553155752
144 532469905
145 -1020685834
146 -1020685820
147 -976431836
148 1277163816
149 -719953837
150 -419221851
151 -1859129509
152 1296662100
153 -981689257
154 -1963378502
155 -1963378494
156 368210317
157 736420636
158 1472841264
159 1472841265
160 -1349284755
161 123556525
162 123556545
163 123556555
164 494226141
165 617782710
166 1482678485
167 -1700279949
168 -1700279939
169 -1700279934
170 -1700279915
171 894407460
172 88534986
173 88534999
174 -628802465
175 -540267465
176 -540267463
177 -1080534915
178 1593629988
179 1593629999
180 1566457622
181 1566457639
182 1566457647
183 -1162052006
184 835983607
185 -1488120405
186 -247731144
187 -247731125
188 -1147599047
189 1999769192
190 -1131412523
191 -1131412511
192 2032142264
193 2032142266
194 -493738596
195 -724421350
196 1714712092
197 496552147
198 496552162
199 -1587150890
200 -1090598713
201 2113769859
202 2113769874
203 1549790134
204 1549790141
205 1549790154
206 286975590
207 641378732
208 928354335
209 928354354
210 1856708695
211 1856708704
212 -581549888
213 -1163099780
214 -1163099775
215 805667964
216 -2102081467
217 -2102081457
218 -2102081447
219 90804403
220 90804411
221 -1920472622
222 -1648059397
223 -1648059387
224 -921624109
225 -921624094
226 1530094998
227 685695321
228 372542134
229 372542143
230 -1334092697
231 96686905
232 -864863632
233 -1729727275
234 835512749
235 -1759078154
236 -1759078144
237 -1759078124
238 -1759078111
239 -1905832470
240 -1905832465
241 1260113437
242 -15662299
243 1244451153
244 1228788868
245 -577276118
246 -577276105
247 -1154552210
248 1985862870
249 905547312
250 -1403557108
251 -243975223
252 -741985005
253 -985960213
254 919489767
255 -808455434
256 111034343
257 -697421081
258 -1394842163
259 -1870194555
260 332509511
261 776053363
262 1108562893
263 1884616267
264 -193225249
265 1691391031
266 1691391046
267 779205802
268 -132979403
269 -132979399
270 -2090329233
271 114308820
272 -2108999811
273 209947089
274 209947091
275 -1574796793
276 -1574796789
277 1565267901
278 -1584325665
279 -19057762
280 -1612912300
281 -1612912283
282 1069142722
283 2138285445
284 -18396400
285 2119889061
286 -598958731
287 1502533934
288 1502533949
289 231030932
290 1733564883
291 75737682
292 -752099839
293 -752099821
294 536133850
295 -215965969
296 -1184031765
297 -1615963702
298 1494971837
299 -1520989592
300 -1641981453
301 -1667999197
302 -1667999188
303 -709030285
304 -1392042823
305 525895013
306 525895022
307 -1049283060
308 -2098566121
309 1147118116
310 -951447986
311 195670149
312 -1707225837
313 -1707225831
314 880515632
315 880515634
316 53805439
317 53805451
318 1868642163
319 -1438198602
320 538054465
321 -900144127
322 -1800288258
323 2132589386
324 -1467987119
325 664602276
326 -471083696
327 -942167398
328 -942167382
329 -1690816189
330 719816335
331 -970999848
332 -1941999684
333 2101784111
334 159784446
335 159784455
336 159784470
337 319568944
338 639137879
339 958706826
340 2077198127
341 2077198132
342 -140571025
343 -140571005
344 1796056105
345 1796056106
346 1796056107
347 1796056112
348 1093201038
349 390345963
350 390345980
351 390345986
352 390346000
353 1561383945
354 1561383950
355 -1161418
356 -1173360807
357 386861731
358 -787660490
359 -13937014
360 -1589257987
361 -1603194984
362 1088577314
363 1088577324
364 -1029235346
365 -455275677
366 -395933686
367 -395933672
368 2018588918
369 2018588922
370 -1049656803
371 -1703379913
372 -1703379911
373 -419238779
374 468968698
375 -1653649991
376 -1653649988
377 987667331
378 -1850663932
379 1778320720
380 1902991443
381 -613655123
382 -613655112
383 -1840965351
384 1226691713
385 -614273627
386 -1228547249
387 1837872786
388 1221743631
389 1216795543
390 -1856428114
391 1191436600
392 1191436603
393 -1912094088
394 -1912094070
395 -1912094068
396 470779172
397 -970535750
398 1883116652
399 912580905
400 383846919
401 1296427842
402 181005029
403 181005042
404 2042284849
405 2042284858
406 -210397573
407 -210397555
408 -420795117
409 1200694622
410 1200694636
411 1200694653
412 1200694655
413 -1893577968
414 -1385766691
415 -1385766683
416 1523433923
417 1523433932
418 275334495
419 1936435682
420 -559763182
421 -559763178
422 1092243825
423 532480661
424 1624724506
425 -1605281463
426 1644167544
427 -2098876042
428 -454708495
429 1780268847
430 -773315688
431 1006953172
432 1006953183
433 1240590686
434 1240590701
435 200120451
436 -606712270
437 -406591800
438 -813183604
439 -1826487658
440 -1826487649
441 -1184495675
442 -542503673
443 -1898190957
444 1311768998
445 155058353
446 2136604361
447 1162737090
448 -1426989439
449 -955787932
450 1071622443
451 1988186525
452 1988186545
453 1988186564
454 -1553752497
455 -1872346678
456 -1872346663
457 -1322072714
458 -1322072699
459 -221524773
460 1979571075
461 1758046318
462 871947216
463 -1664973748
464 965019797
465 -385356628
466 1544682960
467 1159326352
468 -1976314606
469 342338082
470 -474650171
471 -2108626690
472 2054028521
473 -186910256
474 -373820511
475 1493297764
476 877968847
477 1997446119
478 -486985331
479 1510460791
480 1097220898
481 -1687285596
482 433410780
483 1353806887
484 1787217682
485 -1310596644
486 -2031128571
487 232710152
488 -1321797367
489 -1321797357
490 -1321797350
491 1651372600
492 -2081309312
493 -100361478
494 -530298174
495 1912573586
496 1382275419
497 -1530416450
498 1133772917
499 -1396761821
500 -1396761817
501 -1659750702
