0 0
1 3
2 17
3 21
4 46
5 71
6 124
7 135
8 390
9 532
10 938
11 1475
12 2429
13 5767
14 5776
15 16400
16 16409
17 38601
18 55018
19 55030
20 181461
21 330129
22 511605
23 1078244
24 2156483
25 4076463
26 7822815
27 7822835
28 21878615
29 41600745
30 83201484
31 154503682
32 154503684
33 154503685
34 463511063
35 1010223608
36 1010223621
37 1010223622
38 -800785374
39 -1601570746
40 -1392132494
41 1510702321
42 118569836
43 1629272167
44 264841098
45 1894113270
46 -388170906
47 -388170894
48 -1283082554
49 99530022
50 99530029
51 -1084022502
52 1738751398
53 853788950
54 -1702426928
55 -94379051
56 -1796805959
57 701355374
58 -2038467606
59 1161049112
60 -1972869078
61 -1972869076
62 349229150
63 349229151
64 1047687463
65 1746145765
66 -802675750
67 943470020
68 140794281
69 281588563
70 422382860
71 1788235740
72 1788235743
73 -718495804
74 -1014608742
75 1843366940
76 1898498151
77 -497971000
78 1510789549
79 -554892396
80 -95176039
81 -650068430
82 -745244451
83 -1395312867
84 1504341558
85 -1286284189
86 218057385
87 -1068226795
88 -850169393
89 1308344322
90 1308344341
91 698292493
92 2006636841
93 176481321
94 -2111849117
95 -1935367785
96 -1935367782
97 -1511136047
98 1096213863
99 9309554
100 9309560
101 1114832979
102 1124142546
103 -2046682199
104 -922539649
105 1325745468
106 403205839
107 806411675
108 806411683
109 -1875732269
110 1466042416
111 1606339345
112 2003061181
113 2003061199
114 1317494430
115 -974411659
116 343082778
117 343082780
118 -288246082
119 54836711
120 54836726
121 54836736
122 54836745
123 164510221
124 274183714
125 493530682
126 767714410
127 1754775786
128 1754775803
129 750013105
130 -1790178385
131 714610536
132 -325554730
133 -651109472
134 -2052232048
135 1266071054
136 1266071057
137 -1762825180
138 769316939
139 -993508238
140 -1987016468
141 1587005422
142 1907939788
143 1283737455
144 -1503301091
145 -1503301082
146 185075082
147 1473440208
148 -1348086864
149 310428436
150 620856872
151 931285325
152 1552142215
153 -880254435
154 1603173113
155 -1088621059
156 514552067
157 1700991916
158 1126922934
159 -1467052432
160 -1467052420
161 1360862451
162 -446319448
163 -446319442
164 1829086014
165 1382766573
166 -1529434145
167 -146667563
168 1089431452
169 796096322
170 1592192651
171 -1906678309
172 -1906678301
173 -335636178
174 -335636177
175 1717016652
176 1381380483
177 -1196570158
178 1230554624
179 1230554642
180 -1833858022
181 627251260
182 23947897
183 -1182658847
184 -1182658844
185 1953597512
186 239478992
187 239479012
188 478958017
189 1728854691
190 345400937
191 345400951
192 690801908
193 -1184508803
194 -493706888
195 -987413776
196 -1481120655
197 1826432880
198 1974650062
199 838841625
200 344957288
201 344957308
202 689914608
203 -2076296453
204 -2076296451
205 832289014
206 974663410
207 -269344023
208 1679982794
209 1141294759
210 1141294775
211 1141294777
212 -2012377729
213 1411506587
214 -1471954123
215 209764299
216 -721766179
217 -512001874
218 -1024003738
219 775005687
220 -1273001803
221 -497996105
222 -497996092
223 -497996073
224 -497996055
225 -497996048
226 -1493988173
227 1306990960
228 -1680985375
229 -373994396
230 1554994275
231 1554994283
232 -1932967532
233 -877958728
234 1484041056
235 1783103372
236 1783103386
237 -122678208
238 -245356415
239 -1096795152
240 -1096795132
241 -1096795122
242 1004581903
243 1004581905
244 2009163815
245 -1281221556
246 1732524166
247 174662943
248 625965567
249 -1761814611
250 771338078
251 771338095
252 406827138
253 1178165244
254 1584992402
255 417693673
256 2002686077
257 -289595129
258 -579190259
259 1133900709
260 554710452
261 1109420920
262 1664131380
263 167196183
264 1831327581
265 -632312143
266 -155203356
267 1043812089
268 2087624174
269 -1163531015
270 1180389767
271 -1146672262
272 2001622757
273 -1335533859
274 -480583358
275 -1816117206
276 -1630611657
277 367655094
278 -600223675
279 -1863180221
280 1831563420
281 -31616783
282 -31616765
283 -695074012
284 -758307543
285 -758307541
286 -1516615074
287 566663132
288 -1708259464
289 -1708259454
290 -71503551
291 1373607962
292 1302104417
293 1302104424
294 -2096913488
295 1880903325
296 -533160655
297 1347742673
298 1347742686
299 -2132642580
300 562842790
301 -1569799774
302 1155367745
303 -1984231806
304 -1835821034
305 60482439
306 60482449
307 595879349
308 656361803
309 1312723616
310 -1609037639
311 -296314003
312 -592628022
313 -592628004
314 -1481570011
315 -1481570003
316 1331827293
317 -149742702
318 -1781055414
319 -1930798115
320 583113785
321 583113797
322 1599598658
323 -946027282
324 -946027277
325 -946027258
326 -655369359
327 -655369342
328 2038201354
329 2038201359
330 -1529303264
331 508898105
332 -1020405139
333 -511507029
334 -514115957
335 -514115953
336 1734823228
337 -825320831
338 -825320824
339 -429934365
340 -1255255187
341 1784456939
342 529201765
343 -1981308572
344 -1452106794
345 861551938
346 -2042661645
347 -319557761
348 -639115531
349 -639115515
350 1516068792
351 876953289
352 795233285
353 1672186590
354 1672186599
355 721592471
356 -229001623
357 337230036
358 829820892
359 1167050942
360 2105100258
361 -84766779
362 -84766765
363 -1192349631
364 -1277116382
365 1655967759
366 -813498234
367 -1626996468
368 1040974352
369 1040974360
370 -358545983
371 1723402735
372 1723402740
373 -848161820
374 -848161818
375 1391935863
376 1391935875
377 -1511095553
378 -423547435
379 -423547430
380 1936776898
381 -421413518
382 668268535
383 1336537062
384 -1198345740
385 -1973144052
386 -1588097710
387 -1588097701
388 -854372148
389 1852497462
390 2116897211
391 1526924827
392 1526924830
393 1873904893
394 -1545282816
395 -1545282815
396 -1216660728
397 -906396626
398 955249209
399 1581876344
400 -1131214609
401 499514338
402 -631700261
403 1273725035
404 642024780
405 1915749816
406 -595653574
407 -595653571
408 724442691
409 1448885367
410 -1397196566
411 -1397196559
412 1500574174
413 1500574186
414 1603951814
415 1603951831
416 516888167
417 930398706
418 -1243728576
419 203558304
420 -109771560
421 297345060
422 297345080
423 594690153
424 1189380301
425 1189380305
426 -1916206681
427 -726826367
428 -1453652723
429 198281540
430 396563079
431 396563084
432 -462245000
433 529162718
434 1058325422
435 1125243158
436 -2044480982
437 139087603
438 278175211
439 -1627218151
440 -1349042922
441 1735969044
442 -823029199
443 912939854
444 89910659
445 179821330
446 269731995
447 539464002
448 1991867847
449 1991867863
450 -311231573
451 -311231563
452 1369404738
453 -1556157817
454 -1556157797
455 1182651701
456 -560259156
457 -1120518324
458 -1680777471
459 933412350
460 -747365102
461 1679718759
462 184988543
463 2050754564
464 -1126870526
465 923884058
466 2032756651
467 -1338326580
468 -1338326577
469 1618314146
470 1898301715
471 -778351432
472 -1556702865
473 1959913019
474 1959913026
475 1959913034
476 28068932
477 56137864
478 56137878
479 56137885
480 112275777
481 308758351
482 308758365
483 617516725
484 1235033442
485 -1824900410
486 645166484
487 981574620
488 -198159290
489 783415344
490 -2082970136
491 -1497714076
492 -1497714068
493 -198174918
494 1101364249
495 -2092238800
496 1608203773
497 617329234
498 617329244
499 1851987712
500 -1692356120
501 159631603
