0 0
1 3
2 4
3 9
4 32
5 63
6 122
7 232
8 467
9 485
10 958
11 1450
12 3378
13 5803
14 10637
15 10651
16 21299
17 31951
18 74540
19 106498
20 106516
21 106529
22 426049
23 639106
24 1065159
25 2236856
26 4367187
27 6604052
28 6604063
29 20877322
30 38452642
31 59329980
32 125264027
33 223046651
34 407640674
35 407640688
36 1163592050
37 -1967783202
38 -1967783183
39 1930633661
40 1930633677
41 -74299045
42 -74299030
43 -74299028
44 -656597054
45 -879494145
46 -1610390225
47 1805082932
48 -684801428
49 -1369602846
50 -249321335
51 -1618924176
52 -1618924169
53 807797624
54 1864916579
55 1053790046
56 2107580084
57 2107580104
58 973982942
59 -482084825
60 -482084818
61 -964169625
62 -1446254442
63 -1446254435
64 -43796004
65 394492803
66 -1095557617
67 2103852059
68 1358991259
69 -832123958
70 526867312
71 526867326
72 221610698
73 443221383
74 443221400
75 -2133179176
76 -2133179170
77 28608957
78 28608970
79 -2075961228
80 -2047352256
81 200262783
82 429134523
83 -1417954946
84 -788557622
85 -1777378031
86 -1777378019
87 -1466301304
88 -1514647662
89 1314018337
90 -200629317
91 650029348
92 248770718
93 248770732
94 946941498
95 1444482967
96 -755972019
97 1635452460
98 879480460
99 -1780034360
100 -21073439
101 -1801107787
102 692751729
103 1385503449
104 -1523960395
105 554294794
106 -692518192
107 -1662183791
108 -1800407182
109 694152945
110 834011096
111 1528164058
112 1528164067
113 289524877
114 1817688962
115 -659589378
116 -1319178764
117 -1978768123
118 337431039
119 337431055
120 337431058
121 2009313570
122 -1948222656
123 -1948222650
124 -1549700665
125 797043994
126 1594087979
127 1239953309
128 -1460926002
129 -2124808013
130 -2124807994
131 1418466579
132 1463817877
133 757476469
134 -609855078
135 -1265061446
136 346377825
137 692755651
138 -78306563
139 -304234521
140 -382541074
141 -686775586
142 -1373551177
143 1852099460
144 -208227292
145 270321006
146 62093718
147 62093731
148 394508463
149 789016921
150 1245619116
151 1245619120
152 -1014712126
153 1476526120
154 -552898141
155 -91084135
156 -182168271
157 -364336538
158 286039055
159 -78297482
160 -429847363
161 -222105772
162 -730250610
163 -1174462158
164 1660003931
165 -896661955
166 763341996
167 352221815
168 704443644
169 923345517
170 1846691035
171 -468265266
172 -468265251
173 -936530505
174 -1404795736
175 1953641064
176 548845346
177 161160183
178 710005539
179 1968856412
180 1047541257
181 -407403902
182 -975967972
183 1633025811
184 1297195212
185 -1700576884
186 -1700576876
187 -1700576856
188 -1700576849
189 -806763265
190 980863865
191 -632662677
192 -632662661
193 -284461468
194 -917124110
195 -1486047034
196 1607334700
197 121287684
198 -674548743
199 1054073642
200 500812591
201 500812600
202 2055698841
203 -858118358
204 1698393097
205 -397368510
206 -1295549615
207 5474987
208 10949978
209 -1279124642
210 -1268174644
211 1764092986
212 -766781322
213 -1539037627
214 1205942066
215 -333095551
216 -666191099
217 -999286637
218 -999286633
219 1630202928
220 -368370333
221 1261832608
222 893462286
223 893462298
224 -1246210089
225 -352747772
226 -705495548
227 -517528824
228 -1928519924
229 -455534847
230 1910912543
231 1455377705
232 1455377713
233 71165825
234 71165827
235 71165832
236 1668875217
237 1882372710
238 -743719358
239 -743719341
240 -1487438684
241 576370562
242 -516134101
243 -1427202203
244 696843532
245 -670122195
246 -670122184
247 1708230162
248 367985801
249 1406093787
250 -812657534
251 1999530043
252 1186872515
253 1186872523
254 78307792
255 -1842914464
256 609138369
257 -1155468286
258 -1155468271
259 750254662
260 -1560681887
261 1173603527
262 -387078357
263 -1179370315
264 -1566448662
265 1549148336
266 1549148337
267 1549148340
268 -1196670604
269 1901626079
270 -2040863462
271 -139237374
272 -139237354
273 -417712092
274 -417712075
275 1140204948
276 26306064
277 191849507
278 218155584
279 410005096
280 820010200
281 1666326468
282 -988620421
283 1497716253
284 -1299534795
285 1695897712
286 396362924
287 1301821677
288 -702703519
289 -702703518
290 292777571
291 585555140
292 774747363
293 1360302519
294 -1984288213
295 -623985693
296 112331123
297 -360892887
298 -872547438
299 565584207
300 565584216
301 -102271900
302 -204543795
303 824352746
304 619808971
305 1137346037
306 -1918003330
307 -1918003310
308 -1254498876
309 -1254498856
310 -1254498838
311 990431397
312 -1518566278
313 1257834723
314 1257834728
315 -1779297843
316 -521463114
317 214908499
318 -828017726
319 1381097131
320 553079420
321 1106158841
322 -1867741115
323 1172594285
324 411012020
325 1375103452
326 -2097839812
327 860869962
328 1721739924
329 1859873545
330 -1950323676
331 -1802807534
332 689352234
333 689352252
334 1378704498
335 -995722214
336 -995722204
337 765964584
338 -229757606
339 -1455237428
340 -1684995032
341 924977237
342 1849954478
343 1089936696
344 1089936714
345 -1025157194
346 64779533
347 -1225517050
348 -6021289
349 -1101979276
350 1961449689
351 -307288381
352 552182042
353 244893664
354 -1843730281
355 -1598836609
356 852400414
357 852400424
358 1704800857
359 1704800875
360 -885365559
361 -918330689
362 -1836661372
363 -230755871
364 423853816
365 423853828
366 423853844
367 847707679
368 1271561533
369 2119269220
370 2119269240
371 1215132702
372 -1864701893
373 565563511
374 565563524
375 1131127051
376 1612684914
377 2010237127
378 -672045241
379 -212963436
380 -885008672
381 -1770017339
382 1426977857
383 -343039468
384 -1571087611
385 -1914127075
386 -1914127066
387 -1104374438
388 1743178936
389 -465569952
390 639947705
391 813182263
392 1453129988
393 -1854277280
394 -1854277261
395 -1442242286
396 597300460
397 597300474
398 -2101918604
399 -1504618114
400 1285731072
401 1974161659
402 250656490
403 -95987490
404 -95987477
405 -191974964
406 1840868220
407 1552905784
408 -1189155722
409 1916655855
410 1916655866
411 1916655883
412 265844590
413 -2112466806
414 -1846622211
415 335878292
416 335878294
417 1007634882
418 1679391478
419 -1607940927
420 1750842029
421 -1465039818
422 285802213
423 571604439
424 -464732055
425 678476814
426 213744765
427 213744773
428 1105966365
429 1319711148
430 -1441800240
431 -122089083
432 -1563889311
433 -1808067481
434 -1808067479
435 -885056956
436 -206224604
437 -412449209
438 -618673801
439 -1237347611
440 1820272072
441 582924464
442 -1891770748
443 -1344595619
444 1058600947
445 -285994669
446 -1880835623
447 -49628415
448 -1157857749
449 920650849
450 1841301708
451 -1533014722
452 1228937851
453 1537224839
454 -299866755
455 -1520384355
456 -1820251090
457 -874339507
458 79992345
459 1680369049
460 1680369055
461 -1728576352
462 1712154107
463 1663946830
464 -918866352
465 728658250
466 -1109074444
467 -1299282531
468 1696402228
469 -902162838
470 -902162832
471 -1407205971
472 -1515129404
473 -431693729
474 940938209
475 -1005884913
476 -1005884904
477 -1005884884
478 -1005884877
479 -2011769751
480 271427803
481 271427819
482 271427831
483 -1197486280
484 -926058434
485 -1309261241
486 862161351
487 1995750536
488 622592220
489 -1676624530
490 494618356
491 494618359
492 989236735
493 1483855099
494 1785704038
495 -36171421
496 422275525
497 386104107
498 808379644
499 1580587868
500 1580587888
501 482967745
