0 0
1 3
2 10
3 20
4 23
5 57
6 120
7 235
8 425
9 444
10 446
11 1679
12 3247
13 4929
14 10303
15 10310
16 10322
17 10334
18 20663
19 20679
20 72310
21 93009
22 206679
23 413359
24 713059
25 1498422
26 2924534
27 5756070
28 10179044
29 10179059
30 29038720
31 49396843
32 98793679
33 197587358
34 197587376
35 543365270
36 1037333699
37 1778286356
38 -935981969
39 -935981953
40 1487021423
41 -1864289726
42 -1864289724
43 181445350
44 181445354
45 181445365
46 544336087
47 725781469
48 1270117573
49 -1573286797
50 -1573286780
51 -606338444
52 542055278
53 1084110564
54 -2126746165
55 -1106918749
56 2145412959
57 2145412979
58 2141271604
59 1030211500
60 1021928791
61 -101555396
62 920373405
63 -1424008978
64 416737830
65 -188453121
66 228284712
67 228284719
68 268116323
69 724685774
70 992802107
71 992802121
72 -1316560968
73 669043272
74 345284444
75 690568887
76 1704896620
77 -1554217327
78 150679297
79 991927483
80 1293286075
81 1293286093
82 -716467637
83 -1282255978
84 -1282255968
85 -1282255965
86 1730455382
87 1730455397
88 1730455402
89 896398899
90 896398906
91 958741327
92 187027243
93 2042167482
94 -2065772559
95 163422184
96 163422194
97 -1738928170
98 -1435688849
99 1447194658
100 -1564000155
101 -1552494340
102 -548949552
103 -2101443890
104 1644573866
105 1736653398
106 730833835
107 2010617212
108 -273732857
109 -1827249088
110 640469121
111 1280938224
112 -179574595
113 -179574591
114 1562258175
115 1203108997
116 -1888749296
117 -685640289
118 1720577712
119 -853811862
120 181125569
121 -672686284
122 -491560711
123 -116355558
124 -1953288826
125 -1953288810
126 272034122
127 52507533
128 712931326
129 765438864
130 -150376946
131 1652534916
132 1502157977
133 -1290651341
134 -1290651338
135 1713664626
136 -867638036
137 -444624747
138 -889249487
139 -1778498963
140 314956064
141 629912145
142 -833630747
143 111237480
144 -92481106
145 18756387
146 18756405
147 37512811
148 37512823
149 20057330
150 20057334
151 40114676
152 80229351
153 197971521
154 197971530
155 476172409
156 992459506
157 1468631921
158 1468631941
159 308900019
160 308900022
161 2086431984
162 -122103319
163 -1712838576
164 -1712838572
165 -1461348473
166 1120780265
167 -2053406774
168 188153747
169 -1865253008
170 -1865252988
171 752615048
172 -548176663
173 -1660814594
174 2085976047
175 2085976048
176 -123015188
177 1962960879
178 1962960899
179 -492060698
180 -492060697
181 -984121381
182 -5281876
183 -989403245
184 -1978806498
185 -1978806496
186 -652048927
187 1664111890
188 1664111895
189 697368370
190 -1933487017
191 1440056221
192 -493430782
193 -493430774
194 -493430762
195 -40236081
196 -1520528398
197 1747341285
198 -800284723
199 -613707901
200 -613707889
201 -280359218
202 -280359213
203 -560718422
204 -560718413
205 -1682155257
206 -1682155239
207 -1682155224
208 -1312216827
209 1670533641
210 1670533657
211 346695255
212 2017228929
213 2017228931
214 1756719490
215 -781528312
216 -1302547182
217 -587865423
218 -587865403
219 -1503086824
220 -467925841
221 1736089246
222 -234923403
223 1033240017
224 2066480020
225 -1430170648
226 1434625992
227 -1190791899
228 880143470
229 880143488
230 880143489
231 -1654536840
232 105750139
233 1091643755
234 423000555
235 1514644313
236 -1265678667
237 1869360101
238 -661997230
239 -58315782
240 1398012737
241 -1747907467
242 799152379
243 -271055354
244 -271055341
245 -271055323
246 -1761921105
247 -2032976410
248 229014462
249 186973599
250 645002532
251 1561060391
252 1561060410
253 1561060418
254 1220190070
255 -2041560762
256 -2041560748
257 1432035872
258 130164863
259 1774046536
260 1294686540
261 -1705594225
262 -1369627706
263 123676028
264 -1656859344
265 981248601
266 -1921562402
267 -1921562383
268 451842521
269 1884933647
270 415213791
271 -1091134818
272 -260707233
273 -1351842038
274 1591283217
275 -697187080
276 894096157
277 196909092
278 1985101398
279 1985101414
280 69053692
281 -255710773
282 -255710762
283 -767132313
284 -1022843068
285 -1789975378
286 715016542
287 715016560
288 -359942265
289 355074297
290 710148602
291 705280654
292 1415429267
293 1415429281
294 -758828077
295 -758828067
296 -102226843
297 -861054907
298 1814029422
299 952974532
300 1044894146
301 -1344124085
302 -1344124074
303 1606719157
304 1606719168
305 1606719187
306 -1081528928
307 2131909438
308 1575570744
309 -62296848
310 -1731312877
311 1913870470
312 120260754
313 1816092257
314 1936353021
315 -542522016
316 -1085044025
317 2124879246
318 -1861301051
319 -1363987841
320 1069678418
321 1069678438
322 775369030
323 1845047486
324 1845047506
325 -604872299
326 635302867
327 635302868
328 60861147
329 60861149
330 60861167
331 1453189199
332 1635772673
333 -1023421954
334 612350729
335 612350734
336 612350742
337 -1845564355
338 -1031934095
339 -1040446242
340 989373361
341 989373365
342 -93633600
343 895739776
344 802106178
345 -1701381568
346 -3535604
347 -3535589
348 -1708452750
349 -1711988327
350 867455041
351 867455055
352 1734910109
353 1757831885
354 -779303531
355 -714073763
356 1999364701
357 1285290945
358 1285290958
359 -1218397976
360 -1657492417
361 -305308476
362 1113768435
363 -849032438
364 -40572459
365 -1738637340
366 1666725077
367 -71912250
368 -71912237
369 1522900602
370 -1249166086
371 129910046
372 403644565
373 403644569
374 1210933702
375 2018222851
376 -1065810740
377 -1065810731
378 -2131621459
379 1097535113
380 -1147484950
381 -18225465
382 -18225462
383 -1183935876
384 -1202161319
385 -1202161314
386 706708797
387 -495452507
388 -990905008
389 -1981810030
390 826799767
391 -1934658975
392 -1934658971
393 -1720265912
394 1845340491
395 1377523716
396 1502598296
397 -1414845276
398 1465276743
399 50431487
400 50431495
401 151294451
402 302588901
403 453883361
404 958198214
405 1714670481
406 -714331870
407 -714331852
408 1698088344
409 269424642
410 1253181152
411 -1074273150
412 178908014
413 627240675
414 -268124441
415 -536248888
416 -177132638
417 -981505951
418 -1335771232
419 1977690125
420 -1052968577
421 -1569688264
422 1332723402
423 1332723410
424 42789972
425 1375513383
426 1375513393
427 -168427123
428 -168427115
429 -168427102
430 -336854204
431 -336854196
432 -673708385
433 -1684270989
434 1936987930
435 1936987945
436 -2105262390
437 84442498
438 1853155987
439 1853155990
440 -588655311
441 -588655307
442 -1765965931
443 -1090120539
444 261570215
445 523140435
446 784710653
447 784710658
448 2092561763
449 -109843781
450 -219687551
451 -329531317
452 1433499123
453 -1427969055
454 -653532566
455 -1197221351
456 -1197221338
457 1900524608
458 1900524624
459 753073989
460 -938065410
461 -678909467
462 -863900872
463 -863900862
464 1703264687
465 839363829
466 839363834
467 1678727666
468 -937511949
469 741215724
470 -1973172003
471 -1973171989
472 1089839034
473 1242166133
474 -1614338806
475 1066289671
476 -189215940
477 504901061
478 504901068
479 504901087
480 -1903190333
481 -893388169
482 -893388157
483 605000649
484 -1181775671
485 1931415959
486 1931415977
487 -1008910373
488 -2017820747
489 -345674854
490 -345674851
491 1585796851
492 1585796856
493 -1123373586
494 2048220125
495 -198527035
496 -1982850934
497 2113589338
498 -67788617
499 -135577242
500 -135577236
501 -338943079
