0 0
1 9
2 29
3 43
4 47
5 120
6 267
7 515
8 953
9 973
10 2727
11 5177
12 8881
13 14060
14 28121
15 58985
16 58992
17 146102
18 306273
19 598474
20 598494
21 598512
22 598517
23 2700289
24 3298823
25 7794643
26 14392276
27 22186925
28 47672678
29 47672695
30 47672697
31 47672715
32 95345431
33 143018163
34 286036320
35 429054487
36 1001127134
37 1716217945
38 -1577622206
39 1854813688
40 277191492
41 554382977
42 -1469983395
43 -915600406
44 -915600404
45 -1831200808
46 -837417706
47 710748392
48 710748397
49 2132245179
50 2132245198
51 2132245200
52 -30476887
53 2071291411
54 2040814527
55 -182861345
56 -396199584
57 1461753618
58 1461753624
59 -1950520968
60 576786695
61 -1373734257
62 -796947542
63 750551237
64 -1420130558
65 -669579306
66 -1339158626
67 1616650058
68 1616650068
69 -195568363
70 -1257235527
71 441337617
72 441337626
73 882675244
74 1324012880
75 -2088279153
76 1001084231
77 1560830848
78 473635932
79 947271860
80 1894543738
81 581315093
82 -398200664
83 -796401326
84 -2066438588
85 -2066438571
86 -1032511833
87 -870421676
88 -1740843369
89 651190432
90 1302380868
91 212727947
92 1515108832
93 -1264749640
94 463087156
95 463087173
96 1389261470
97 1389261477
98 -1855019645
99 923503304
100 -1984873506
101 -1527128361
102 -1527128356
103 1240710581
104 1240710586
105 -572835534
106 -572835516
107 -1145671040
108 -1145671027
109 1430789721
110 285118702
111 -1148269150
112 567639278
113 567639298
114 1135278578
115 1407406722
116 -1752281987
117 -1752281979
118 -394239348
119 -394239337
120 -788478667
121 -1182717993
122 -1182717991
123 746813325
124 1493626651
125 -124995992
126 -124995987
127 1990448014
128 -314071272
129 -1374955873
130 51428905
131 -1637598227
132 -1637598218
133 -617827379
134 2039541701
135 -215883891
136 -2069366003
137 2009717404
138 2009717414
139 -275532469
140 -275532459
141 -826597400
142 -1102129849
143 -470074749
144 1345100373
145 -1053701613
146 291398778
147 -989407042
148 -1751709866
149 2136647935
150 -1366771805
151 769876137
152 -596895666
153 -1193791320
154 -1790686969
155 116697692
156 830291045
157 946988743
158 103290519
159 1997268005
160 -1247420020
161 1800127260
162 -1641701529
163 1011564252
164 -77430021
165 -154860056
166 779274182
167 779274190
168 -1957144732
169 -630886423
170 1706936153
171 1076049747
172 1076049748
173 1271004496
174 204186443
175 1039259302
176 -1780517042
177 1809982952
178 1272911660
179 -1212072673
180 1870821958
181 1870821969
182 1317498580
183 1317498586
184 -1659970111
185 -1659970092
186 975027112
187 290084079
188 -2054829006
189 1845279406
190 1055561605
191 1136096090
192 1982108106
193 -1176763081
194 1941441132
195 643476569
196 1408154624
197 2051631213
198 1749736261
199 -493599818
200 420955001
201 420955021
202 348310221
203 769265251
204 1117575492
205 -1217906301
206 668934444
207 668934455
208 1237538095
209 -1719560298
210 855846715
211 373824529
212 747649061
213 1495298114
214 -2052020110
215 190927070
216 755678673
217 1137532810
218 2084138573
219 -1073295911
220 -1073295900
221 -62453223
222 -124906442
223 1961015834
224 1961015835
225 1961015855
226 -372935603
227 1215144637
228 1215144647
229 1215144659
230 -1022468954
231 -2044937895
232 1227560464
233 -1839846373
234 1637743506
235 -2041949248
236 1233537767
237 829332031
238 2062869807
239 2083790377
240 1914562692
241 1914562706
242 1617948492
243 1152106601
244 1152106611
245 1541757122
246 -1601103559
247 -1601103550
248 643763226
249 643763229
250 -313577083
251 330186150
252 16609071
253 676981381
254 710199534
255 1420399072
256 2130598611
257 2130598614
258 1386629009
259 -811509748
260 -1589249409
261 -1014130142
262 -1014130122
263 -1014130111
264 -336672477
265 -336672463
266 579231987
267 -1108243060
268 -865683521
269 -1973926565
270 -1973926546
271 -1047580393
272 1273460366
273 -292689357
274 -292689348
275 -292689339
276 -652188058
277 -652188053
278 2112523152
279 515457710
280 1030915413
281 1546373129
282 -1202221041
283 -1202221035
284 688304190
285 -169764753
286 -339529507
287 -339529487
288 -160519539
289 -160519532
290 -1000098061
291 -1000098049
292 1973732119
293 -347503059
294 -347503058
295 -721470102
296 -1068973146
297 1809517945
298 19074698
299 -309353651
300 1519238998
301 1969504857
302 -1115577080
303 -1921800508
304 451366275
305 451366279
306 -165140164
307 286226118
308 572452246
309 1596270766
310 1596270780
311 -529973492
312 -529973489
313 -529973486
314 -1589920461
315 -2119893939
316 -1004767561
317 -1004767541
318 -1004767540
319 -1004767532
320 1280664686
321 1280664696
322 1556561870
323 -1457740722
324 98821156
325 197642309
326 296463475
327 296463477
328 -568350299
329 -271886805
330 -543773624
331 -1384010708
332 1823409355
333 -944612061
334 878797314
335 -65814737
336 -65814717
337 -197444193
338 549723687
339 220650049
340 441300091
341 948414919
342 1962644557
343 -942607721
344 -1885215437
345 524536412
346 1991680569
347 -1778750305
348 212930278
349 950396972
350 1900793937
351 1900793950
352 1900793968
353 1407414574
354 -986758752
355 -72723540
356 -1059482282
357 -2118964560
358 1116520459
359 1173558635
360 -2004888194
361 -831329542
362 -1662659081
363 1800978686
364 1597069176
365 -1100828946
366 -196769696
367 299470537
368 -1895047537
369 -1792346686
370 -390555014
371 516488603
372 125933594
373 642422206
374 -898057292
375 386787115
376 386787124
377 517939169
378 517939181
379 911395317
380 -1960906489
381 -531571973
382 1802488842
383 739344881
384 960750592
385 1010105867
386 -1584765945
387 386090527
388 1511525935
389 1897616478
390 -2084500293
391 -2084500283
392 -2084500265
393 -60917051
394 -60917031
395 2088632954
396 -117701376
397 1970931590
398 -353104123
399 -353104103
400 1264723372
401 1264723386
402 -2118624626
403 -295386089
404 1880956601
405 1585570515
406 1585570520
407 1585570532
408 1585570550
409 461744322
410 -662081888
411 1385232987
412 61069210
413 1446302205
414 -1402362886
415 828159648
416 -574203226
417 253956426
418 551852183
419 551852192
420 783457580
421 783457597
422 2118767375
423 -609284729
424 -609284715
425 -1218569427
426 -1218569416
427 1857828466
428 -579310369
429 59948687
430 -519361675
431 -459412979
432 -918825951
433 -1378238918
434 1997902430
435 1997902442
436 -1677401333
437 320501116
438 1260665746
439 1260665763
440 1260665775
441 -1773635740
442 -512969958
443 -1025939922
444 -791214071
445 1451873385
446 660659333
447 -217591232
448 77787507
449 1181514933
450 1259302452
451 -1854149897
452 -1854149878
453 -1267482378
454 578487601
455 1751822644
456 1751822646
457 -791321998
458 2023328529
459 1019172136
460 -291965970
461 -583931940
462 143274246
463 -1985090292
464 -1841816041
465 27403286
466 495464263
467 522867556
468 1513796083
469 -1735436099
470 796691818
471 575051807
472 1150103616
473 1725155433
474 -1783400720
475 1091858337
476 1033613070
477 342070694
478 684141386
479 1026212090
480 2052424176
481 -532189643
482 -532189640
483 -1064379265
484 -2128758535
485 569639865
486 607090084
487 -952028567
488 1326530886
489 374502324
490 1356094743
491 -1582777807
492 522321582
493 522321589
494 522321592
495 -15813024
496 -31626057
497 -31626042
498 -31626041
499 411630437
500 348378355
501 728382768
