0 0
1 8
2 11
3 28
4 58
5 118
6 223
7 229
8 588
9 1060
10 1894
11 4004
12 6973
13 13947
14 13954
15 34882
16 69769
17 104665
18 174451
19 397733
20 781510
21 1353709
22 2532972
23 5065940
24 10131873
25 17730793
26 36815305
27 72276894
28 109092201
29 109092216
30 290461320
31 508645746
32 799107077
33 1307752843
34 -1679461611
35 936044075
36 564335313
37 -179082220
38 949588413
39 591423972
40 591423980
41 1953354160
42 -1750189143
43 794589003
44 794589016
45 -1911200278
46 -118857240
47 2103898668
48 2103898679
49 -87169936
50 -87169916
51 1929558834
52 1929558839
53 1493709218
54 1057859613
55 -1743398451
56 -685538824
57 2052190408
58 -2120145314
59 -1439032565
60 735789418
61 735789423
62 -35408613
63 700380819
64 2136551062
65 -1458035397
66 2079277299
67 -1537174326
68 -915932417
69 -1831864826
70 1547170066
71 1557165795
72 356538624
73 -834092792
74 -1668185595
75 -2145739746
76 1560653591
77 -585086154
78 975567448
79 390481305
80 390481322
81 1171443938
82 -1366993269
83 -195549318
84 -391098647
85 -391098637
86 1950227428
87 1168030155
88 -1958906991
89 -1958906979
90 -1190655008
91 1145405315
92 331903642
93 331903659
94 331903671
95 995710988
96 1991421976
97 1991421982
98 -312123320
99 703368005
100 703368012
101 703368020
102 1797980732
103 1797980733
104 1797980739
105 1098974909
106 -1393649457
107 804300368
108 804300381
109 -1183060346
110 -378759954
111 46780465
112 -1515039830
113 -1468259349
114 1358448596
115 -1578070099
116 -1687880837
117 -1687880833
118 919205633
119 1618789776
120 850114588
121 -1826062915
122 642841458
123 1285682908
124 102461460
125 1055037506
126 1055037519
127 -796747888
128 -796747874
129 -1593495751
130 -1593495733
131 311227944
132 -1282267780
133 -971039825
134 759391913
135 -211647908
136 -1705563591
137 -1917211487
138 672192220
139 1132736537
140 -112282717
141 -224565427
142 -224565426
143 1243515192
144 682101638
145 682101649
146 -2136379669
147 -2136379652
148 -2136379635
149 -749968361
150 -749968352
151 680858932
152 -819077771
153 -138218828
154 -276437650
155 -1233734246
156 -1510171886
157 -1510171880
158 -1510171867
159 -1510171849
160 1274623596
161 -1745720107
162 803527077
163 1607054166
164 -1884386050
165 526195209
166 -693329686
167 -693329675
168 -860464146
169 689652965
170 -170811180
171 518841802
172 348030632
173 696061258
174 1562933706
175 -1687941694
176 571053283
177 -1116888394
178 2061190506
179 1515355413
180 1515355416
181 -319954345
182 -1584210806
183 -1584210805
184 806591345
185 1613182700
186 835563259
187 -1039629983
188 1409115995
189 1409115998
190 -1476735284
191 -1476735268
192 -1476735253
193 1273877499
194 -1679593017
195 -540954014
196 -946669526
197 -946669520
198 1860674241
199 1860674250
200 1860674257
201 -573618781
202 1287055487
203 -1720856318
204 -1581038381
205 1706509313
206 -1595385376
207 -1595385370
208 1104196556
209 -380064873
210 -760129735
211 -1631383411
212 -1667381457
213 236072698
214 472145400
215 1704420535
216 -2118401353
217 -1373144169
218 -1078906881
219 1842916253
220 -1023115602
221 544315549
222 285209327
223 829524890
224 1659049785
225 -1521183286
226 1252600717
227 1252600718
228 984018150
229 984018160
230 984018166
231 -1342912805
232 -1342912785
233 266228894
234 -1435578519
235 -1435578502
236 -1435578491
237 254460679
238 242692475
239 485384952
240 -453040381
241 529497738
242 76457375
243 638299687
244 714757076
245 714757094
246 1429514185
247 -1435938940
248 -1435938932
249 -727606577
250 2124997044
251 2124997056
252 2124997076
253 1352417312
254 -862526088
255 489891228
256 979782455
257 979782462
258 -1845511136
259 -865728673
260 -1731457330
261 -1731457310
262 -1879187144
263 -1912863145
264 469241001
265 -759299288
266 -1518598588
267 -1305739866
268 1180570565
269 -1643767875
270 -1768937171
271 -761505638
272 -761505620
273 -761505609
274 -761505605
275 -1523011207
276 487439261
277 -1035571930
278 -548132665
279 1675690763
280 1127558111
281 1706983548
282 -1368439463
283 1466102197
284 1466102209
285 1466102220
286 1466102238
287 1466102255
288 1466102266
289 1466102275
290 103339504
291 1569441788
292 -1156083720
293 1982799850
294 -1898809375
295 83990484
296 -988102751
297 1492045668
298 671923896
299 -638952060
300 32971842
301 32971843
302 -573008362
303 -1146016729
304 -1719025078
305 1429925508
306 -289099554
307 -289099551
308 -578199086
309 -1156398183
310 -2023696805
311 -41525880
312 1073346430
313 1568493775
314 -1653127084
315 -1076509546
316 -87796421
317 1477534248
318 228594987
319 228595001
320 457189993
321 914379992
322 1600165001
323 -1780422302
324 -1780422283
325 -1780422280
326 734122744
327 1468245483
328 -1358476319
329 -936530365
330 -1873060729
331 -1965699171
332 -480322959
333 1848945175
334 1824829615
335 -645308066
336 -1266500555
337 1761966186
338 -771034930
339 -275569281
340 -551138560
341 -551138547
342 -1102277106
343 -1102277096
344 -1102277092
345 988136017
346 1425133474
347 1310992413
348 -1558841389
349 -1558841369
350 -1558841351
351 -381556799
352 547878808
353 1343606597
354 -48912740
355 -97825469
356 -97825465
357 -195650928
358 -391301851
359 -831516443
360 -1418469213
361 1458028871
362 -1183258630
363 -1183258611
364 1136493289
365 -1190464275
366 -962459348
367 -962459335
368 1179584339
369 -745334340
370 -745334324
371 -1490668647
372 -1490668632
373 -1490668623
374 -922372929
375 -1844745847
376 1527848530
377 -1239270241
378 325758190
379 -1230409358
380 -1230409340
381 1834148612
382 -300911888
383 1533236738
384 1533236751
385 -1529405677
386 -1224662758
387 -1220831677
388 -1220831662
389 628641205
390 -592190453
391 -592190451
392 1297564268
393 741824588
394 1483649165
395 1483649168
396 1483649177
397 -2099598224
398 -615949044
399 -1231898072
400 -1847847114
401 -16675964
402 -1517001114
403 -934404000
404 -20960895
405 -20960885
406 1784964450
407 1784964452
408 -745999262
409 -745999246
410 -1491998507
411 2056969544
412 857936997
413 857936999
414 1715874001
415 1715874011
416 852654717
417 -1726438554
418 -1726438549
419 1694744927
420 1694744945
421 -63387223
422 1631357727
423 1567970514
424 -1159026267
425 408944260
426 -1909108281
427 -1091219764
428 1703583514
429 -2046826527
430 951396239
431 608153242
432 -487277042
433 729029434
434 241752395
435 1091658039
436 2062439885
437 -170087539
438 -340175080
439 -1651131972
440 992703334
441 -658428625
442 -658428609
443 -658428593
444 -658428583
445 1661252898
446 1002824331
447 2005648659
448 -942098568
449 2066374433
450 1499034472
451 -729558376
452 -395566674
453 -395566659
454 -21657233
455 -21657232
456 -834447789
457 -877762238
458 -1755524482
459 1661680589
460 1661680591
461 1661680609
462 -1065449979
463 -2037056070
464 -2037056056
465 817085812
466 1037940994
467 1037940998
468 2075881997
469 -1181144297
470 -1181144283
471 -1181144271
472 -1467550841
473 -1467550838
474 -1467550832
475 1359865629
476 -107685202
477 -1682921227
478 -1790606419
479 821439658
480 1642879317
481 1642879331
482 1642879339
483 -335496069
484 1119614286
485 -1867969732
486 559027837
487 559027845
488 559027861
489 559027867
490 1118055736
491 1118055751
492 -940800072
493 -1881600143
494 1472567082
495 1472567096
496 122733972
497 122733985
498 1718035065
499 1963503023
500 1963503040
501 1350073850
