0 0
1 1
2 14
3 20
4 29
5 67
6 132
7 275
8 504
9 798
10 1307
11 2125
12 4745
13 8179
14 8187
15 21115
16 42227
17 42232
18 113766
19 198234
20 354247
21 552485
22 1218750
23 2323721
24 4449211
25 4449218
26 12440915
27 12440919
28 29331055
29 41771988
30 100434100
31 183978082
32 326184190
33 610596385
34 1120758659
35 1120758667
36 -1116669389
37 2061628516
38 -497894441
39 -497894435
40 1065839655
41 1015009915
42 2080849571
43 2080849585
44 2080849598
45 1947581464
46 1814313353
47 1414508997
48 881436535
49 -184708393
50 -184708381
51 -184708375
52 -554125142
53 -923541893
54 -2031792174
55 600799719
56 -1430992452
57 -830192731
58 -830192726
59 -830192725
60 -1660385447
61 1804389138
62 -1516381753
63 -1372378048
64 1406207499
65 -1338548599
66 -1338548583
67 1617870124
68 1617870133
69 1897191682
70 837964659
71 -1559810940
72 1175345408
73 -1944276474
74 -768931054
75 -1537862103
76 -1537862095
77 450312049
78 -1087550038
79 -637237973
80 1482629253
81 845391282
82 1053544589
83 1898935885
84 -1342486805
85 556449096
86 556449108
87 556449120
88 1669347328
89 1669347331
90 -956272623
91 -799647014
92 -1755919627
93 783128044
94 -1059363880
95 1463164820
96 1463164838
97 -1368637637
98 1557692037
99 189054414
100 1841273657
101 -706947181
102 -1413894354
103 1467178582
104 53284244
105 106568488
106 1627031328
107 1627031332
108 -1040904635
109 -2081809256
110 1172253418
111 1172253438
112 1172253439
113 1434951059
114 -515509350
115 2091695152
116 2091695156
117 2091695174
118 -1395407386
119 -1506984341
120 -810696543
121 -1621393084
122 1052181130
123 12667080
124 1420741551
125 -1809377534
126 676212245
127 -1133165288
128 2028636729
129 -237693831
130 1333989864
131 1096296050
132 -2102375202
133 2118853618
134 16478421
135 1129252907
136 -2036461483
137 -890730141
138 -890730132
139 1606298467
140 715568350
141 1431136704
142 2146705056
143 -717125533
144 -717125528
145 -717125519
146 1426465189
147 -7785840
148 -7785831
149 1410893533
150 1410893534
151 -62286709
152 1348606827
153 -186860105
154 -186860099
155 -1971473834
156 -996587208
157 1326906262
158 330319065
159 660638128
160 660638139
161 1981914401
162 -661457562
163 1320456857
164 -332777318
165 -1326192763
166 -1658970074
167 977027144
168 -1020456142
169 1266375475
170 1222946480
171 -1849074330
172 640247636
173 1280495266
174 71668575
175 1352163849
176 1423832427
177 -1447302440
178 1328693855
179 -1637579600
180 -1637579580
181 -1946465310
182 -1946465292
183 -1544428630
184 1514995795
185 1514995811
186 1887599688
187 1426697377
188 534325582
189 -446344639
190 -892689285
191 -1785378560
192 1616899457
193 -1507513015
194 -1507513014
195 1111462167
196 -286664401
197 824797785
198 -1365430470
199 -827297067
200 -1654594143
201 447645629
202 1720089047
203 513140543
204 198984022
205 198984025
206 -1216124011
207 -305015412
208 -1123171357
209 1650656524
210 -993654244
211 -993654228
212 -336651932
213 1971006905
214 640700753
215 1281401499
216 1922102258
217 -1091463519
218 428780610
219 1259419353
220 596736450
221 596736457
222 -1842075016
223 -648602098
224 -1893940647
225 507086012
226 507086024
227 -1528370708
228 -1528370689
229 1238225915
230 -804343433
231 1672108393
232 -950750516
233 1155240365
234 1072254823
235 -1346114227
236 881380981
237 812011433
238 -1720193914
239 -1720193903
240 -1746995391
241 -1746995390
242 800976520
243 800976528
244 -1892037732
245 510891836
246 -1526188233
247 -1305381063
248 883228639
249 -422152417
250 -422152412
251 -422152404
252 -383228586
253 -805380984
254 1839900504
255 1034519521
256 1263658059
257 -962270194
258 -1924540375
259 -1924540356
260 1781793954
261 1781793962
262 -285492809
263 -1016872172
264 -2033744341
265 958857984
266 958857999
267 958858009
268 -1418393291
269 -1418393286
270 -1877928561
271 -1877928552
272 1997290913
273 119362377
274 238724748
275 -1400479066
276 -1400479057
277 1494009181
278 -1306948925
279 -1213418797
280 1774599583
281 -652238007
282 -652237999
283 470123578
284 470123590
285 288009177
286 758132782
287 1046141966
288 1046141982
289 -1156541374
290 1981884543
291 -619207383
292 -1996547560
293 -633870398
294 -633870384
295 -1267740775
296 -1267740764
297 1759485762
298 1759485765
299 349619617
300 1333109613
301 1682729240
302 -929508808
303 -99531849
304 1986798212
305 957757570
306 957757581
307 1915515157
308 1423329381
309 -1348776673
310 1990067882
311 642926050
312 1284217272
313 1284217292
314 -1726532718
315 -820071499
316 664756402
317 -155315092
318 -310630183
319 198811138
320 -111819036
321 -378953154
322 -378953146
323 -981544380
324 -1739450667
325 1573972269
326 1573972279
327 -1147022747
328 261471154
329 522942306
330 784413464
331 784413477
332 1568826949
333 -1157313400
334 1195927043
335 -1118699748
336 -1080086095
337 -1080086091
338 2134795121
339 1054709046
340 1054709054
341 1054709073
342 -1130840118
343 2033287063
344 -1283102205
345 750184868
346 750184888
347 217267556
348 217267572
349 1934904896
350 1934904909
351 9377643
352 -198512260
353 -189134604
354 -378269203
355 1178366491
356 412450431
357 1023413126
358 -2059006445
359 -2059006433
360 176954436
361 1377321990
362 1731230855
363 -1186414438
364 40086424
365 584902846
366 -1747839611
367 -1162936757
368 1384190934
369 1384190937
370 -142394487
371 -142394476
372 -1811374387
373 672218523
374 -1139155859
375 1874261113
376 -404050592
377 331054666
378 -72995908
379 -145991819
380 -218987714
381 -218987701
382 -325908469
383 -325908454
384 -870804611
385 -870804601
386 1901541169
387 159931976
388 1190668554
389 1190668572
390 -1753698193
391 -563029605
392 -563029587
393 1415209915
394 1415209918
395 1704360659
396 239813198
397 -83403191
398 1860770676
399 2017180687
400 2017180702
401 1516761583
402 1516761601
403 -1522050013
404 1250867283
405 -1532626830
406 -281759543
407 -568807498
408 -1132326573
409 -1701134052
410 892699176
411 -1940761442
412 -1048062259
413 -1048062245
414 258081351
415 258081355
416 258081358
417 258081367
418 258081376
419 1290406811
420 1548488202
421 1548488217
422 -1197990865
423 1898985574
424 1898985590
425 1898985595
426 -496996097
427 -496996089
428 -496996078
429 407997336
430 -88998734
431 318998620
432 -355994943
433 -355994941
434 -481989993
435 -963979990
436 -963979988
437 1885017341
438 1885017347
439 1885017367
440 396104784
441 792209557
442 -1221635580
443 -429426004
444 -858852024
445 -858852023
446 926201683
447 1852403354
448 1852403369
449 -522810906
450 -1112971474
451 -1635782366
452 1546213465
453 127052091
454 -1598299172
455 -1598299155
456 -1523332764
457 -297911687
458 -722875466
459 -722875452
460 -570327211
461 1980977484
462 1980977497
463 -1626214966
464 1042537363
465 1397299895
466 480609988
467 -1019757517
468 -539147522
469 -539147507
470 -539147487
471 -539147485
472 -1078294963
473 -1617442437
474 -1617442417
475 -1096507478
476 -1653867467
477 -1653867453
478 -1653867442
479 -1653867434
480 877957323
481 877957335
482 -1551820216
483 -1449772975
484 1293374122
485 -1708219052
486 1756486522
487 -108131381
488 -216262744
489 -216262724
490 -492389376
491 -1033046220
492 -2066092435
493 487176550
494 1683005201
495 -928956893
496 1241224871
497 -1812517563
498 -1812517562
499 1911157049
500 98639493
501 197278985
