0 0
1 17
2 28
3 39
4 104
5 155
6 271
7 610
8 887
9 1932
10 3440
11 3443
12 6894
13 15724
14 31445
15 47172
16 104685
17 183303
18 366610
19 549923
20 1099855
21 2016391
22 4216092
23 7332353
24 15214620
25 15214629
26 41977708
27 41977727
28 83955441
29 183125506
30 309058687
31 660095082
32 1152279285
33 -1906453287
34 -754174001
35 -848252920
36 -848252918
37 -62165813
38 -62165810
39 -972584538
40 -1096916141
41 -2069500661
42 1128550511
43 1284516473
44 -753349803
45 1659717201
46 -2104083414
47 -1197716013
48 -1110915540
49 1986335751
50 875420215
51 875420224
52 1428544648
53 -1115582191
54 2063802916
55 -167361472
56 -1210143163
57 -1377504627
58 -1806788529
59 -266830479
60 -2073619001
61 -1229775331
62 -1229775328
63 1835416650
64 1835416668
65 -862336339
66 -1486470312
67 92251341
68 92251357
69 92251367
70 184502727
71 -1025213517
72 -1025213511
73 -1025213494
74 -2050426985
75 -831100198
76 1413440128
77 582339944
78 -1910960593
79 -1328620631
80 -1243801135
81 1807365029
82 563563895
83 563563902
84 1690691693
85 1690691707
86 -913583893
87 -1827167777
88 -1050059958
89 -1050059952
90 1144787440
91 -955332450
92 557134604
93 -303470353
94 -303470351
95 -606940685
96 -1213881370
97 -1870628136
98 1210457805
99 1510504560
100 -1574004918
101 1146957456
102 1083457107
103 1083457109
104 -2128053069
105 38861167
106 -1005734780
107 -966873604
108 233167016
109 -733706579
110 1860680530
111 -612467409
112 -612467400
113 135206162
114 135206165
115 906158068
116 -48364408
117 -48364405
118 1079841602
119 1889270871
120 1889270881
121 515051655
122 -1373871
123 -2747758
124 -2747744
125 -5495501
126 -5495493
127 -5495485
128 -16486465
129 -21981946
130 -43963886
131 -82432290
132 -170360061
133 -318738179
134 -489098235
135 -1104592635
136 -1593690862
137 1596683803
138 -1101599674
139 1602669702
140 -600529665
141 1497224174
142 896694523
143 1793389044
144 -1604883721
145 1981894368
146 377010658
147 754021312
148 754021320
149 1885053298
150 1457033662
151 -198859001
152 -397718014
153 -596577013
154 -994295013
155 2107518266
156 118928237
157 118928244
158 754502731
159 873430990
160 1627933731
161 -920171583
162 1581193149
163 -378078259
164 -378078240
165 -95134926
166 729901734
167 -121389671
168 -121389667
169 13909242
170 -107480421
171 -214960831
172 -214960827
173 -644882497
174 -1182284564
175 1930398171
176 -111729709
177 -8498588
178 -16997186
179 -25495757
180 -25495738
181 -25495732
182 -101982983
183 -127478705
184 -127478694
185 -254957381
186 -254957366
187 -254957364
188 -892350798
189 -1657222904
190 1745393605
191 -1314094814
192 -1225924096
193 -794625303
194 1048493785
195 -972055595
196 76438210
197 -641748892
198 -488872487
199 -488872476
200 -1543055625
201 -2031928088
202 -899510254
203 -668399127
204 -1336798268
205 -2005197379
206 952971668
207 1237544194
208 1237544204
209 -1819878893
210 -1819878877
211 -1819878876
212 -1819878871
213 -1164669308
214 -509459747
215 -1018919486
216 -217960097
217 -1236879563
218 1821208155
219 1821208171
220 1168657183
221 -1305101935
222 1684763428
223 1548318694
224 -1198329914
225 349988781
226 349988786
227 1049966363
228 1749943941
229 -1145068194
230 2004830898
231 2004830914
232 319570267
233 34264802
234 353835074
235 422364675
236 1130034830
237 1940499389
238 -448233316
239 -1250301714
240 1371999206
241 -326535817
242 -653071640
243 -979607445
244 -979607426
245 1682680796
246 -1256141517
247 2109220065
248 -1759207938
249 -203056002
250 573495418
251 -535689961
252 -1924458464
253 -1886652996
254 -1886652983
255 -1402797137
256 -1402797131
257 -397279939
258 1613754417
259 -1589119785
260 24634639
261 49269288
262 -298741364
263 -224837417
264 -2038794624
265 2031335256
266 -232296775
267 -464593554
268 1334444932
269 869851392
270 869851395
271 -1917709903
272 -178007105
273 978430714
274 622416512
275 622416518
276 1244833046
277 -1805301205
278 684364875
279 746313242
280 1492626481
281 1492626497
282 -1309714311
283 182912203
284 1858450876
285 -2070692024
286 153583243
287 153583251
288 153583271
289 460749777
290 767916313
291 1535832616
292 -1376885313
293 -1376885294
294 -1217937975
295 323258733
296 -894679232
297 -248161773
298 -2037520238
299 1114606071
300 -1742496429
301 486715707
302 -141174636
303 -282349275
304 -1679304632
305 -2102828532
306 89310236
307 89310250
308 409105356
309 409105375
310 -1105997301
311 -287786560
312 -575573122
313 -1560251597
314 -1560251594
315 -1560251591
316 1174464116
317 1174464135
318 -771574933
319 17101747
320 34203476
321 1628658545
322 1662862032
323 -952141490
324 710720543
325 -1244867648
326 1805231987
327 318943412
328 318943416
329 637886835
330 637886844
331 -576074800
332 1337585722
333 2037284608
334 -220398082
335 -1140495044
336 676391484
337 1352782985
338 668281360
339 -1597511454
340 -929230084
341 -929230072
342 -1434907258
343 -1434907239
344 -2030818808
345 -605666006
346 -1211331995
347 -1211331980
348 -764181473
349 -1975513449
350 -1975513431
351 -1631573030
352 -1287632611
353 955520607
354 355768844
355 -1607916184
356 -1584259324
357 -1880886044
358 533195207
359 533195227
360 1066390441
361 1599585687
362 -1095795922
363 -1095795902
364 1007579534
365 1481963848
366 1393747500
367 -1507472302
368 1368239066
369 -139233231
370 1115281045
371 1115281048
372 2091328872
373 26923671
374 53847348
375 80771029
376 161542056
377 323084116
378 646168239
379 969252374
380 1938504735
381 -1387210177
382 -1805168001
383 -1805167984
384 -2089789033
385 -2089789031
386 115389234
387 -1974399792
388 -1974399782
389 346167739
390 -1282064328
391 -589728861
392 -1179457712
393 -384515644
394 -1563973349
395 577291742
396 577291745
397 1154583505
398 1731875263
399 -1817898378
400 -2071823399
401 2137120797
402 -20725708
403 -41451410
404 2074943697
405 2012766599
406 -269434106
407 1743332501
408 1473898405
409 -1347170487
410 -1347170472
411 -1347170464
412 -824280501
413 903073789
414 332249181
415 2011668839
416 -1951049260
417 -1951049247
418 -1890429653
419 -1497560854
420 -1497560835
421 1753334021
422 -1241787649
423 -986014456
424 -986014442
425 1081150750
426 95136324
427 95136335
428 190272674
429 380545344
430 665954357
431 665954376
432 665954385
433 1997863135
434 -299241027
435 -299241025
436 2065335469
437 1766094459
438 935843720
439 -126175680
440 -126175665
441 219955025
442 903447405
443 1806894810
444 -1364670047
445 1439451539
446 74781501
447 149562994
448 149563003
449 1813359048
450 1962922054
451 -518686192
452 -738246380
453 -1775618747
454 743729802
455 -1031888934
456 974256860
457 -57632067
458 916624812
459 916624821
460 1717985498
461 -743732145
462 -1487464306
463 -513210947
464 -1026421892
465 -1539632819
466 -271762652
467 1457149940
468 -1380667410
469 76482536
470 -118797578
471 -237595157
472 -237595137
473 -475190293
474 -992695612
475 -2061873761
476 -2061873751
477 -1296666110
478 1701635077
479 404968969
480 2106604066
481 -1783394258
482 1133147764
483 1861326546
484 1861326556
485 560833587
486 560833603
487 1121667203
488 1682500813
489 -1490799262
490 -1490799247
491 -177430483
492 1135938313
493 958507832
494 958507838
495 958507849
496 -283505460
497 -283505444
498 -567010894
499 -850516334
500 -1984538117
501 892901965
