0 0
1 19
2 20
3 56
4 98
5 111
6 273
7 540
8 556
9 1104
10 2589
11 5070
12 5088
13 10160
14 10168
15 30493
16 50830
17 106759
18 208417
19 396511
20 604943
21 1367472
22 1367488
23 2734980
24 4102488
25 10177381
26 18382351
27 32662238
28 32662254
29 32662263
30 65324525
31 65324533
32 130649072
33 261298142
34 555258541
35 1012530292
36 1567788843
37 -1714648142
38 1420929544
39 1420929557
40 1420929561
41 -179037925
42 -211216542
43 1030675106
44 -812687531
45 1248662673
46 1248662677
47 -1579654354
48 917671010
49 917671028
50 917671038
51 1835342075
52 -1541954167
53 293387928
54 -1872849377
55 -1872849374
56 1136044385
57 1136044392
58 -1180222032
59 1091866746
60 1047689124
61 2139555879
62 -1196077568
63 -1196077559
64 1886956633
65 1634357399
66 -1969730816
67 1551583223
68 -1191800848
69 -1609948427
70 1075070446
71 -175095587
72 -350191177
73 -525286762
74 -1585451489
75 -2110738238
76 73490811
77 73490827
78 -1963756582
79 -1963756564
80 514435803
81 514435812
82 514435824
83 514435829
84 2057743285
85 2057743299
86 1363826761
87 1698781883
88 825384663
89 825384681
90 418410705
91 836821416
92 836821435
93 -1377529056
94 -1377529039
95 1539909207
96 -1215148887
97 -1215148869
98 2027049726
99 2027049739
100 -1456016683
101 1382933931
102 -313950563
103 1068983384
104 2137966756
105 -19033782
106 -1107050919
107 2080865452
108 2080865468
109 -1240287294
110 840578193
111 -532945467
112 -932654559
113 -932654541
114 -1557676366
115 1179614561
116 -1310716335
117 1673534621
118 1542432853
119 1542432867
120 1542432872
121 1542432878
122 1874764193
123 664662660
124 1329325309
125 1116217759
126 1116217772
127 1806220412
128 1073013967
129 -299515125
130 773498853
131 473983738
132 2020981446
133 2020981450
134 -253004383
135 1767977085
136 1261968320
137 -1771030659
138 1258914752
139 749852433
140 2008767194
141 -786495249
142 1222271948
143 -1100570967
144 2093825362
145 -857168995
146 1358357359
147 1494442764
148 -1442167159
149 553463984
150 -888703157
151 -888703146
152 -1223942312
153 -2112645454
154 958379534
155 1028055920
156 2056111855
157 705959560
158 453539582
159 1159499145
160 80142860
161 160285721
162 160285724
163 160285740
164 480857191
165 801428671
166 1602857331
167 -1089252636
168 513604699
169 -1985472038
170 -156833957
171 -2142305980
172 10355335
173 20710668
174 2026893364
175 2057959370
176 -189403879
177 -189403878
178 -378807737
179 -568211607
180 -1325827095
181 1643313109
182 317486031
183 1960799160
184 1960799165
185 1960799169
186 -373368955
187 -746737910
188 -1493475807
189 2054753587
190 561277790
191 375817666
192 751635331
193 1688730803
194 1688730821
195 -917505659
196 -917505639
197 -2000881629
198 459074388
199 918148777
200 918148791
201 -623015294
202 295133505
203 590267016
204 1180534026
205 1442919262
206 -786113480
207 -786113462
208 -786113460
209 -1572226911
210 1150513476
211 -1993940342
212 307086599
213 307086601
214 -1379767135
215 -1379767134
216 -2145361065
217 -2145361056
218 1846764812
219 471242857
220 471242877
221 -1505716745
222 -1034473849
223 249059962
224 -785413874
225 1218422809
226 1218422821
227 1651431761
228 -992103765
229 1877750818
230 885647061
231 346181404
232 2117475520
233 -1831310356
234 1517993637
235 -2144627086
236 1837023505
237 1496555233
238 1496555235
239 1496555240
240 -112905150
241 -1414761969
242 -1527667116
243 -1558778994
244 1208521192
245 1208521203
246 1208521222
247 -1877924854
248 -1877924843
249 1747638837
250 -799689621
251 -799689605
252 148259620
253 -1451119599
254 -1451119581
255 1392728125
256 -1361251421
257 1572464459
258 1603941183
259 1815154234
260 -875871878
261 -179279288
262 -1055151150
263 -1055151130
264 -1055151121
265 1129513911
266 1129513916
267 -906425555
268 223088366
269 446176729
270 669265096
271 1561618560
272 1993723204
273 375816300
274 -1925427787
275 -1549611472
276 -1549611452
277 -729683404
278 -1459366809
279 556305644
280 -903061145
281 1759161602
282 -46960688
283 1365445425
284 1318484748
285 -801897335
286 1835072161
287 1033174829
288 -910132878
289 -1820265758
290 137848372
291 275696743
292 275696748
293 689241871
294 689241873
295 1929877238
296 -435212821
297 1494664430
298 -1305638447
299 -1922035006
300 -1922034989
301 450897318
302 -403843811
303 -403843800
304 -403843799
305 -807687593
306 -1568321680
307 1111270441
308 -1668582617
309 957802052
310 -710780549
311 -1421561102
312 1451845100
313 1451845118
314 771348581
315 1542697160
316 922768668
317 -1829501448
318 635964383
319 -270768379
320 365196017
321 -1099109414
322 -733913393
323 -1833022794
324 994117729
325 1623039436
326 784134386
327 1568268759
328 674593033
329 674593045
330 -1377512458
331 -28326366
332 1511616027
333 105777220
334 1617393248
335 -1088507150
336 -1088507142
337 1057772217
338 1057772220
339 1057772234
340 2084809541
341 -125348211
342 -125348195
343 -1403081920
344 431031233
345 862062450
346 -235336422
347 -235336403
348 822420878
349 1644841752
350 -1436315035
351 795611200
352 1004137921
353 363434096
354 -1923257347
355 -1559823243
356 811886724
357 -747936513
358 -1495873014
359 -620036080
360 -620036063
361 -620036050
362 -1860108191
363 -1860108184
364 574750940
365 -1285357229
366 -135855349
367 -271710703
368 1316686777
369 1044976082
370 -1933304429
371 -1933304422
372 -1933304403
373 856716920
374 -1076587472
375 208487932
376 208487944
377 197105327
378 614081208
379 1019674489
380 2039348983
381 -424757281
382 -424757261
383 -849514525
384 -849514518
385 -2123786291
386 -2123786273
387 -2076391569
388 -2028996817
389 189578915
390 -1839417885
391 -1460260052
392 1184868281
393 340739741
394 340739743
395 681479500
396 1362958992
397 2044438503
398 2044438507
399 2044438523
400 2044438541
401 -412180506
402 -618270734
403 -1030451237
404 -1030451218
405 -1030451213
406 -1030451209
407 -445108295
408 -271945858
409 -717054143
410 -717054129
411 1113353682
412 -1037808732
413 -641509164
414 -1283018339
415 1332631067
416 1332631082
417 -1629705130
418 -247461317
419 -494922628
420 293173084
421 -201749538
422 -650960390
423 -1301920787
424 2140336599
425 187455425
426 187455442
427 187455450
428 -1592264377
429 -1217353469
430 1485349461
431 267996001
432 -868816928
433 -332824934
434 -933645854
435 -381942239
436 2045733346
437 1663791108
438 1663791120
439 696406048
440 696406058
441 -1823806905
442 -430994785
443 -861989570
444 1874582106
445 581597766
446 -1838787418
447 617392469
448 -1221394938
449 -604002466
450 -604002459
451 644172499
452 -1785227359
453 1945907515
454 804852656
455 1005702871
456 1810555541
457 -1478708872
458 1337549555
459 -141159297
460 -282318608
461 -423477898
462 -423477893
463 -423477876
464 -1552752268
465 -1552752264
466 -80970883
467 261536127
468 -1372187007
469 -2158997
470 -1112809866
471 2069347560
472 954378699
473 954378708
474 -316862320
475 -316862300
476 320654105
477 320654118
478 961962315
479 969545933
480 -2039013113
481 -2039013110
482 -2039013105
483 -1822072020
484 -1605130919
485 -1171248740
486 1952469815
487 1952469820
488 -693512034
489 -1083539680
490 -1777051707
491 -1601633598
492 1091700098
493 924442425
494 -1362542768
495 1569881759
496 1569881767
497 -1155203754
498 -1155203742
499 -533186727
500 1451373084
501 -1392221134
