0 0
1 3
2 19
3 38
4 61
5 102
6 214
7 396
8 611
9 1342
10 2355
11 4921
12 8619
13 15901
14 15910
15 45361
16 45364
17 122539
18 167921
19 335834
20 626300
21 1130059
22 2382664
23 2382684
24 6857549
25 13379261
26 26132222
27 48751721
28 95120764
29 170004719
30 340009429
31 653886634
32 1259021556
33 -1776924178
34 -517902610
35 -1035805220
36 -1553707815
37 -1553707811
38 151746453
39 -214409690
40 1124888453
41 -2045190392
42 -2045190388
43 1115065296
44 -1850427019
45 -530775189
46 1913765089
47 1382989914
48 -1528987478
49 -145997562
50 -291995122
51 1329774851
52 745784619
53 2075559479
54 -1473623197
55 -1617471541
56 1203872559
57 1203872574
58 -683349599
59 520522985
60 -2050048775
61 -1009002807
62 -1009002791
63 -1009002785
64 -1009002776
65 -1009002774
66 -2018005549
67 258956209
68 -1759049331
69 -1759049330
70 -1759049320
71 -1759049314
72 776868669
73 776868683
74 -1964361275
75 366244756
76 -44379157
77 -44379155
78 -910006128
79 -632519667
80 -1586904945
81 2075542690
82 -143881910
83 -143881893
84 -287763794
85 -431645672
86 -431645671
87 -1151055128
88 1848975140
89 -165371330
90 -330742641
91 -330742635
92 1022118535
93 691375913
94 1382751833
95 -1198721013
96 875406749
97 1750813486
98 1427499234
99 -57216997
100 -1497185827
101 -1554402809
102 -1681306388
103 -437927715
104 -875855433
105 -254525031
106 -254525022
107 790827723
108 -1032005461
109 -1032005453
110 -1527708197
111 703248191
112 -824460004
113 582036387
114 -2098889063
115 -1516852661
116 1261261970
117 -1772443350
118 -2028034031
119 494489933
120 494489948
121 988979892
122 1483469844
123 -1328027596
124 1144422143
125 -183605443
126 -367210895
127 593605817
128 593605827
129 1780817456
130 -1694149079
131 86668396
132 1360548428
133 -246932245
134 -246932232
135 -740796729
136 -1234661186
137 1825644915
138 -149812993
139 -299625987
140 141544768
141 1517750708
142 1517750714
143 -1117921100
144 1759499109
145 -476343085
146 1682985642
147 1206642560
148 -1405339079
149 -1405339075
150 -1405339073
151 1285592646
152 -1723782002
153 -1723781991
154 -677682185
155 -677682176
156 -1355364349
157 -2033046524
158 906556430
159 1813112862
160 -1575298000
161 -888675214
162 -888675208
163 -1539535549
164 -597216655
165 -1194433321
166 75106564
167 -1119326737
168 1459097161
169 339770429
170 -439785900
171 -439785882
172 919295828
173 919295836
174 1398805787
175 -1497355707
176 -1497355697
177 1300255894
178 1300255899
179 1103156114
180 -591299373
181 1615012841
182 2126869584
183 -41228111
184 2085641479
185 1491328512
186 -717997292
187 -717997283
188 -717997281
189 -717997278
190 -717997275
191 704980904
192 -731013631
193 -1462027270
194 -1462027256
195 639899156
196 1984779207
197 1984779224
198 1685403063
199 537866117
200 537866120
201 450947247
202 -1082884731
203 -1082884726
204 -639089968
205 1941055137
206 219080453
207 219080454
208 219080463
209 438160937
210 -1258509833
211 -382187968
212 -1640697789
213 -2022885753
214 -1009314034
215 1262767525
216 253453500
217 253453507
218 253453513
219 760360531
220 1267267554
221 -1760432184
222 -1760432167
223 -1760432164
224 1041298869
225 1041298872
226 -1438266587
227 -1438266585
228 -1438266569
229 -1438266555
230 -19832400
231 1398601781
232 -59497166
233 -59497148
234 1259775084
235 1140780780
236 -2013405736
237 387150135
238 774300279
239 774300299
240 774300319
241 774300326
242 1548600653
243 1548600673
244 -423465636
245 -423465635
246 701669403
247 701669422
248 701669426
249 2105008267
250 2105008279
251 2105008295
252 -1573240310
253 1148486680
254 -424753618
255 -424753602
256 -424753582
257 -1699014424
258 -1824788528
259 -1824788519
260 -1053624172
261 1416554616
262 1008320707
263 2016641418
264 2016641427
265 2016641429
266 -115134985
267 -115134974
268 -230269949
269 1556101524
270 1325831584
271 -1643304118
272 -317472515
273 921156478
274 603683964
275 603683966
276 167747794
277 167747805
278 167747807
279 335495625
280 1442423012
281 1777918639
282 -571382201
283 -1142764395
284 63772046
285 127544093
286 -1522830452
287 -1395286355
288 -1395286335
289 -1395286321
290 -1413722165
291 -1304613869
292 1576631272
293 362689887
294 2120666105
295 1341651243
296 1341651248
297 509001314
298 1018002623
299 -84660859
300 933341778
301 848680935
302 -1070601491
303 -1070601472
304 -1070601463
305 1931843816
306 -209359099
307 -418718202
308 -628077299
309 -1046795496
310 -1046795479
311 -1046795470
312 -1046795469
313 107785391
314 1262366287
315 -1770234731
316 -1446878511
317 -1954746942
318 -876892880
319 -491419479
320 971908011
321 496937504
322 1468845531
323 1965783047
324 -860338705
325 1105444345
326 -118295565
327 -733528640
328 -606718564
329 -353098405
330 -1693345603
331 -2046444005
332 202079289
333 -202559990
334 554696989
335 352137010
336 906834014
337 906834018
338 -1777025246
339 -1777025238
340 1647750834
341 -1906299643
342 482368021
343 -1423931609
344 -1423931590
345 1447104113
346 1447104126
347 -1400759047
348 46345094
349 46345105
350 1586139395
351 1725174675
352 1725174679
353 834211672
354 1622078250
355 1622078269
356 -1061217031
357 447358557
358 -613858464
359 394361338
360 -219497117
361 -1052852697
362 -877988468
363 1925131907
364 1047143440
365 1041434194
366 2088577637
367 929331423
368 -1558315987
369 -1558315981
370 1178335336
371 -379980635
372 798354704
373 798354723
374 1596709432
375 -303193730
376 -1784722798
377 -491207093
378 -184059460
379 -675266544
380 1159711419
381 484444888
382 293623216
383 778068110
384 2040581092
385 -698249986
386 2120399221
387 -832236956
388 -1664473907
389 -1664473905
390 966019494
391 -698454393
392 -698454381
393 -430889270
394 -1129343635
395 1337825630
396 1337825638
397 1337825641
398 -1410834016
399 1264817269
400 -146016734
401 -1911349494
402 -865557314
403 1518060500
404 -140045765
405 -1544908792
406 -166894044
407 -1851848582
408 591270114
409 1182540239
410 -1789841056
411 -16030700
412 -16030695
413 -639362204
414 -655392881
415 -1310785764
416 1689426449
417 1689426466
418 -916114373
419 -916114371
420 -1832228733
421 630509837
422 630509852
423 1261019693
424 1891529548
425 -1142418046
426 749111507
427 -1535724575
428 -786613053
429 -786613043
430 -786613025
431 1935128192
432 -1960435498
433 -25307291
434 -25307273
435 -50614548
436 -75921819
437 -151843629
438 -278379993
439 -582067248
440 -860447223
441 -1442514458
442 -1442514457
443 1409938389
444 1377362318
445 -97728192
446 -97728177
447 -97728160
448 -195456332
449 -390912651
450 -586368974
451 -586368957
452 -586368953
453 -1759106873
454 776753544
455 2139876069
456 1157522757
457 -220814918
458 2094230595
459 1873415695
460 -548135907
461 -875456895
462 -1971728706
463 -1521905794
464 1251155707
465 2052488517
466 1781738439
467 -460740338
468 -921480675
469 399517431
470 -982703564
471 -583186126
472 -583186112
473 -1166372232
474 -1749558329
475 795850642
476 1591701282
477 -1907415363
478 -1269421750
479 1756123782
480 1756123801
481 -2052141452
482 -2052141449
483 -592035299
484 1354772902
485 -1585421496
486 -822683880
487 1886861935
488 241494169
489 1075023650
490 -1914271417
491 -1914271416
492 466424466
493 -1447846931
494 -1447846912
495 -48573478
496 -1496420380
497 -145720395
498 -1642140769
499 -485734635
500 2021371501
501 -252224287
