0 0
1 9
2 20
3 40
4 70
5 155
6 229
7 247
8 479
9 973
10 1711
11 3647
12 5367
13 11702
14 17075
15 28779
16 62935
17 91725
18 212220
19 412753
20 808415
21 1221172
22 2029594
23 4059200
24 4059215
25 8118430
26 8118443
27 16236892
28 40592181
29 77125166
30 142072700
31 284145392
32 560172340
33 844317744
34 1830708181
35 -775623636
36 -1551247264
37 -496162700
38 -992325406
39 -992325395
40 262906549
41 525813096
42 -1692093837
43 -1692093823
44 -1692093822
45 -781314177
46 1821559301
47 1821559307
48 -522383195
49 1299176120
50 -656369923
51 -656369910
52 -535946896
53 -1071893789
54 2030756717
55 2030756723
56 -1841294521
57 612378253
58 -1228916262
59 1603680926
60 987142934
61 1361907616
62 -1945916745
63 777898477
64 1181032288
65 -1932902711
66 -557981062
67 -557981049
68 -1089934054
69 1337200719
70 1337200723
71 1584467407
72 -1126032484
73 458434934
74 -703695990
75 1550374608
76 1305113557
77 -2143175120
78 -2143175112
79 -1430862061
80 1433243174
81 1433243187
82 1435624316
83 -1426099783
84 -1426099770
85 1442767750
86 1442767758
87 1459435748
88 1459435761
89 1459435770
90 83339992
91 166679983
92 1709455746
93 1876135732
94 1876135738
95 1876135750
96 1876135760
97 1333439962
98 -1628087380
99 -837343199
100 -837343187
101 992193537
102 -682492833
103 -1364985681
104 -1892628144
105 1347054190
106 -545573949
107 1156340880
108 65192997
109 65193000
110 2088207136
111 -2076374160
112 -2076374140
113 -2076374125
114 219245023
115 361464067
116 580709103
117 1161418213
118 1161418214
119 1161418224
120 -810712643
121 350705596
122 1862829400
123 -1730726713
124 -327904356
125 154903932
126 -1903727125
127 -1903727118
128 314512636
129 629025267
130 1431050957
131 470861758
132 -1449516670
133 -978654900
134 1866795732
135 888140838
136 797626764
137 -1721058847
138 -923432067
139 -1846864132
140 -196387731
141 -196387722
142 2055327720
143 1858940014
144 -773475005
145 -1154174562
146 -1927649562
147 1213143176
148 -783215926
149 -1497722303
150 -1497722292
151 1729449955
152 -836067388
153 -604339716
154 1588565556
155 1877608417
156 1877608432
157 -539750440
158 509064685
159 1018129355
160 -1429915261
161 97278790
162 -1332636466
163 -1332636449
164 -1332636430
165 1629694435
166 1926752387
167 891173952
168 -1179982936
169 -1179982916
170 1935001461
171 755018551
172 -1604947270
173 -1274893098
174 -189820350
175 -379640691
176 -379640679
177 -949101716
178 -949101707
179 -1898203419
180 -260720904
181 -141801126
182 -141801106
183 903339035
184 359015904
185 1262354948
186 -1912058496
187 470850295
188 180162668
189 180162670
190 181472087
191 181472088
192 723269523
193 904741631
194 -2123849294
195 -314366039
196 1856751966
197 1046547791
198 1046547805
199 1046547816
200 1046547830
201 1747975922
202 -453895709
203 -453895700
204 -907791401
205 -67606881
206 -1883189683
207 982483644
208 982483645
209 14170729
210 28341467
211 124289818
212 152631296
213 1301916961
214 1578838093
215 -1414212222
216 1743463947
217 1908089830
218 -478787639
219 1429302207
220 -1107111162
221 322191059
222 2073684304
223 1288764214
224 -288136668
225 1000627564
226 -220027871
227 -440055733
228 -660083598
229 -319539627
230 -639079264
231 -2058758206
232 177450883
233 1774580729
234 1774580732
235 1028774892
236 460419950
237 1489194849
238 1949614807
239 -395737685
240 1553877140
241 762401769
242 762401781
243 -1612024274
244 1466656426
245 -145367847
246 -290735694
247 -581471375
248 449081522
249 -132389836
250 -700883222
251 -700883218
252 -1666546120
253 1226654742
254 -1140774594
255 -1140774584
256 872643542
257 -268131029
258 -450381903
259 -450381890
260 -1168894814
261 -1619276701
262 606031993
263 606032004
264 606032023
265 -970075492
266 241988540
267 -122054923
268 119933628
269 239867253
270 479734508
271 717480486
272 1437082250
273 -1300869162
274 1573295343
275 -1388243861
276 -1388243857
277 -1388243844
278 1703531087
279 -1072956611
280 -2145913219
281 1076097476
282 -1069815731
283 6281760
284 6281766
285 -1057252186
286 -1057252166
287 -1057252148
288 1135774329
289 1135774333
290 -900207831
291 235566511
292 1606907348
293 1842473862
294 -845586067
295 996887808
296 996887812
297 1993775634
298 1993775651
299 1993775664
300 -307415965
301 -1919135791
302 1760999560
303 1760999578
304 -772968143
305 522479242
306 1510510695
307 -1273945911
308 -1273945909
309 -514901870
310 -1552282990
311 -2067184854
312 1907673066
313 1907673078
314 1748161304
315 1268540161
316 1268540172
317 1897947420
318 140060458
319 2028282228
320 -2126624609
321 -1086761611
322 852903898
323 -192139629
324 -425997322
325 1316348042
326 698211102
327 -2045641195
328 -1347430081
329 901896034
330 -1792964122
331 10827950
332 -880240129
333 -880240126
334 -1760480253
335 -1760480251
336 -106233315
337 -1866713565
338 -1198940083
339 1229313659
340 -1942573284
341 -1912199690
342 -1912199689
343 -1472005347
344 -1472005345
345 1350956618
346 1350956628
347 2140670167
348 547616132
349 547616151
350 1095232293
351 1095232300
352 1131399766
353 -973102936
354 -1398589720
355 -1398589700
356 -1398589691
357 -1398589674
358 2022472879
359 2022472892
360 2022472895
361 -250021490
362 1772451413
363 1522429936
364 -1000085942
365 522344003
366 -1477827869
367 -433139855
368 -866279716
369 1039977933
370 -1214925486
371 1342772310
372 127846833
373 429391886
374 685085550
375 685085551
376 1370171104
377 2055256660
378 -869539516
379 1185717161
380 316177656
381 1501894831
382 1501894849
383 210717212
384 -1080460392
385 -1844743126
386 -1212591455
387 367889543
388 1605522273
389 760820368
390 760820371
391 -1167804277
392 1959358738
393 1552374848
394 -1190217596
395 -1973451294
396 -1973451277
397 -1973451276
398 -1263229282
399 1058286744
400 -1830329075
401 286244410
402 286244423
403 -1257840224
404 1779286848
405 807691057
406 1329137684
407 1329137700
408 -829000843
409 -1658001693
410 978963912
411 -679037770
412 -857938679
413 -1536976444
414 -1536976437
415 1221014425
416 1584090170
417 -1489862697
418 -1489862685
419 -1711597222
420 -1711597219
421 -523862344
422 1663152432
423 1139290095
424 1139290112
425 -353234643
426 -1230331634
427 -444276160
428 -2027842432
429 -2027842424
430 -2027842405
431 -1788559951
432 -1549277479
433 957129873
434 -592147597
435 -705730259
436 -705730253
437 -2003608096
438 1585628955
439 -1123709389
440 -1123709388
441 -661789813
442 967779576
443 -817719610
444 1535818674
445 1685878649
446 -1890989570
447 512988154
448 307877250
449 -2143394121
450 -1835516864
451 316056318
452 939989886
453 1572102535
454 -1782874858
455 729217565
456 729217581
457 729217586
458 1976880415
459 1976880424
460 -341206453
461 -682412901
462 -635608219
463 -2000434017
464 -2000434002
465 -341508922
466 -47409634
467 -730427486
468 -1119346024
469 -1849773506
470 -1849773495
471 -523925711
472 -1778278909
473 -1706784311
474 809904086
475 -896880219
476 722927948
477 1445855897
478 -2126183445
479 -680327541
480 -1534607358
481 1399704854
482 -134902501
483 -134902486
484 -1085035013
485 44864862
486 -1309975125
487 1944822040
488 634846921
489 -1715298327
490 -1715298320
491 1499217585
492 1499217588
493 1283136871
494 -13395241
495 -13395227
496 -13395210
497 -26790436
498 -40185639
499 -40185632
500 -133952142
501 -133952126
