0 0
1 4
2 10
3 28
4 52
5 107
6 202
7 219
8 430
9 959
10 1393
11 3005
12 4400
13 4409
14 11832
15 16257
16 39922
17 39926
18 107945
19 215892
20 215909
21 619607
22 835518
23 1455145
24 1455148
25 1455164
26 5200989
27 6656159
28 13312325
29 28079797
30 54704449
31 82784247
32 165568495
33 165568503
34 468625713
35 937251414
36 1571445635
37 -1317644529
38 253801119
39 1913479364
40 -1873885700
41 39593673
42 -984656054
43 1476019233
44 570550531
45 2046569767
46 -1146890129
47 1470230183
48 -1354506931
49 115723272
50 231446535
51 462893075
52 462893082
53 1157232710
54 1620125794
55 -591822621
56 -591822607
57 -1183645212
58 1927676867
59 1180512233
60 740898665
61 -1629524740
62 291886168
63 583772343
64 -753866221
65 -1507732443
66 -1677826313
67 1109408553
68 2048723225
69 -781293183
70 -1918128696
71 -650698653
72 -650698641
73 294148132
74 -1007249159
75 -1007249154
76 1273219828
77 1273219843
78 -1748527621
79 -1748527601
80 -1748527584
81 -950615508
82 1595824207
83 -1103318867
84 492505343
85 -610813518
86 374197179
87 -847429854
88 -473232655
89 -1557278829
90 1417025967
91 -140252846
92 -1601168213
93 -1601168195
94 -1601168185
95 1092630930
96 443840792
97 1027934426
98 -1730561146
99 -767323167
100 66521845
101 66521851
102 133043698
103 2063170379
104 2063170385
105 97460866
106 -71165652
107 2089465600
108 2018299957
109 -258367388
110 -445569124
111 1314363461
112 -1666240371
113 -797446018
114 -1594892046
115 -1594892040
116 307737202
117 615474404
118 -671680431
119 251531192
120 195325172
121 -224824057
122 -224824054
123 -674472165
124 -674472148
125 -1573768352
126 1147430582
127 -1100809917
128 1418875316
129 1465495987
130 1783561398
131 372965413
132 372965424
133 372965427
134 72986363
135 72986375
136 1264869017
137 -2138194673
138 -727352916
139 -1527692186
140 -98272470
141 -196544947
142 -196544936
143 -2019054534
144 256858230
145 2139681125
146 -1898427931
147 -1520943100
148 875596283
149 -147235376
150 -792582174
151 -792582172
152 -856803426
153 1705764155
154 1705764167
155 -883438959
156 878703785
157 -1744977558
158 -866273769
159 1683715989
160 817442233
161 817442251
162 1634884497
163 -1025198302
164 609686210
165 609686213
166 1829058625
167 -1246536236
168 582522406
169 1774731018
170 -1937713858
171 1002061964
172 1421601537
173 -1451764213
174 808916450
175 -642847757
176 1137967986
177 1273874015
178 1273874025
179 -1252099015
180 1790769267
181 1790769282
182 582220282
183 -109433439
184 -240641892
185 -350075327
186 -117930374
187 -117930368
188 -936011395
189 -1521947453
190 -1521947437
191 315061027
192 -1206886401
193 -891825372
194 -1783650727
195 412604803
196 -1371045911
197 -958441101
198 -958441090
199 -958441073
200 -1916882149
201 1419644084
202 922405985
203 425167921
204 -1527749303
205 -1527749290
206 1239468705
207 -1816029879
208 -1816029866
209 374626981
210 -2017964053
211 -980429518
212 1296573743
213 -1701819812
214 891327673
215 1782655340
216 -2026230346
217 647752682
218 1295505357
219 1943258045
220 -652026209
221 1208259535
222 147782134
223 704015466
224 704015472
225 2112046414
226 581151734
227 -897753673
228 -1795507340
229 -1795507331
230 -193801044
231 193549653
232 -194052430
233 -194303815
234 -194806590
235 -389110399
236 -389110389
237 -1167331179
238 -1556441566
239 -1556441556
240 14753003
241 -359604374
242 -359604360
243 -704455720
244 1329614302
245 265554230
246 890712830
247 -1809085927
248 -27660283
249 -1836746204
250 1777741948
251 -1005037621
252 772704337
253 1545408684
254 -1204149944
255 -1204149927
256 1886667431
257 1796480587
258 1796480607
259 -702006087
260 1094474527
261 1094474530
262 784936869
263 -226606836
264 -1547688192
265 105116383
266 -1669178631
267 1741546896
268 177484662
269 177484667
270 354969343
271 354969354
272 887423376
273 1242392732
274 -1810181824
275 674603654
276 1349207302
277 2023810959
278 2023810962
279 1776465594
280 -494690728
281 -1911330491
282 -629555608
283 1259390471
284 -1776186354
285 1237285315
286 90933832
287 1328219151
288 1419152994
289 1419153000
290 1419153006
291 1419153011
292 -1585103427
293 -203458692
294 -203458674
295 -203458672
296 -610376029
297 -610376027
298 -1831128084
299 1853463199
300 -1401875600
301 -1379540469
302 -1379540459
303 1535886373
304 -1223194544
305 -1223194534
306 -1223194519
307 -2133697222
308 -2133697209
309 652956578
310 -1480740615
311 -2023405679
312 -2023405675
313 -2023405670
314 1691933550
315 -83316169
316 -83316157
317 1773457192
318 1690141055
319 -998001374
320 -1829370408
321 -1829370398
322 -1829370378
323 -501004203
324 135222322
325 -365781865
326 -95337219
327 1638695964
328 1543358759
329 -1438809329
330 1282126313
331 -1364932806
332 -1364932792
333 -1343189853
334 221911847
335 221911864
336 221911868
337 443823746
338 1109559328
339 -2075848629
340 -78641813
341 -601107365
342 -679749173
343 -679749166
344 -2039247510
345 216472274
346 -1822775234
347 -30332330
348 -1853107561
349 805224446
350 1393976621
351 315761191
352 -1780005025
353 -1464243821
354 -1464243810
355 -97764165
356 -511289508
357 -2073297472
358 148372358
359 1858752687
360 2007125047
361 2007125065
362 2007125084
363 -561434347
364 1164973570
365 322822079
366 322822098
367 645644186
368 1894827600
369 -1108851329
370 1431620473
371 -1431726352
372 1431514580
373 1431514592
374 1754071966
375 322027971
376 -787352764
377 -1574705523
378 -2040030312
379 680231481
380 895138162
381 -2039366173
382 -1144227998
383 646712467
384 -1641743541
385 -2139259061
386 -2022916996
387 -2022916979
388 -2022916963
389 249133363
390 -1524650277
391 996533420
392 996533431
393 -1305367017
394 -308833582
395 -1614200589
396 1066566110
397 2133132225
398 -1095268946
399 181395237
400 1219258532
401 1400653771
402 -1493659740
403 -1493659736
404 1307647827
405 940240666
406 -739430963
407 14797808
408 14797822
409 29595637
410 -680239681
411 -650644041
412 -1330883717
413 -1330883712
414 -1330883711
415 -1028567559
416 -726251396
417 1209264634
418 483013242
419 483013245
420 -2119676171
421 -670636443
422 -1824286123
423 1800044735
424 1800044746
425 1800044749
426 -1389755631
427 -1389755629
428 -979466510
429 535989544
430 535989548
431 535989554
432 535989561
433 2143958214
434 -7050858
435 2136907371
436 1050826553
437 1029673998
438 1029674016
439 1029674026
440 1029674041
441 874555358
442 -331389841
443 -331389822
444 211775715
445 -451003939
446 -570618036
447 -1141236066
448 2132109262
449 420255177
450 1411128376
451 -1472710529
452 1349546239
453 -123164279
454 1164799808
455 -1903785525
456 -1903785520
457 487396267
458 2016428049
459 2016428055
460 -1678500439
461 -1940611619
462 -1940611603
463 -1940611593
464 413744112
465 -1113123393
466 1654976424
467 541853046
468 1497450194
469 -600687628
470 -1201375257
471 1892216789
472 90153909
473 180307822
474 961303276
475 -1170985480
476 1952996324
477 1923621955
478 1923621966
479 -447723356
480 -113435878
481 -561159218
482 -674595078
483 -1349190163
484 -1349190155
485 -1349190136
486 247396861
487 -179801357
488 -179801356
489 -112205836
490 -471808534
491 -471808514
492 -471808496
493 -471808491
494 -471808486
495 -943616966
496 -943616947
497 992307911
498 -1838542972
499 -1838542956
500 1610189284
501 1610189290
