0 0
1 1
2 4
3 24
4 47
5 79
6 174
7 193
8 536
9 1045
10 1585
11 3544
12 3553
13 8694
14 18436
15 27143
16 27162
17 72742
18 154189
19 299681
20 453879
21 753562
22 1734067
23 3241197
24 5728829
25 8970028
26 14698859
27 32638927
28 62036660
29 124073321
30 218748925
31 452196697
32 857055606
33 857055611
34 -1909910445
35 256397475
36 -796457355
37 -1592914704
38 1905595244
39 312680555
40 -171096243
41 -171096234
42 -29511906
43 -29511888
44 -88535715
45 -489751971
46 -489751964
47 -1068039640
48 -2136079283
49 -2136079278
50 -1045230888
51 1113657140
52 68426265
53 1182083419
54 -817143331
55 501792619
56 935158973
57 619808276
58 1239616543
59 1859424829
60 359041344
61 -2076501115
62 -1717459761
63 -335878148
64 -1911372836
65 -1911372827
66 -1581116263
67 -1581116259
68 1269078272
69 -312037972
70 178402254
71 -2026789951
72 -2026789949
73 -2026789935
74 -1785402526
75 482774837
76 482774852
77 -578465422
78 387084270
79 -1011233973
80 -1011233962
81 -1011233945
82 1648349689
83 -998267901
84 -998267886
85 -1996535778
86 301895741
87 301895760
88 603791510
89 905687290
90 116734538
91 1928109105
92 -1344436344
93 -1344436336
94 -644029024
95 -1404792582
96 -2048821588
97 197324119
98 394648225
99 591972363
100 986620605
101 986620621
102 1973241241
103 638135763
104 638135768
105 1276271546
106 230817036
107 461634067
108 1968722654
109 280613780
110 -1583996787
111 -1303382991
112 -176409264
113 -1479792243
114 -1656201493
115 982564308
116 1965128620
117 1965128628
118 -364710035
119 -364710026
120 -1094130102
121 -1458840108
122 1377287069
123 1377287075
124 201603939
125 403207878
126 403207886
127 -532373437
128 -532373422
129 -258331091
130 -258331080
131 -1049035582
132 1664522703
133 -433548460
134 -76392406
135 105546272
136 29153881
137 58307754
138 -316932955
139 -123925043
140 -353396362
141 -794254356
142 -794254351
143 -794254342
144 1912204252
145 323695566
146 -2059067465
147 176832362
148 -1882235092
149 -1882235074
150 707329508
151 -644408456
152 770250564
153 125842112
154 125842124
155 1084855855
156 1462382217
157 -1747729211
158 -285346986
159 -285346982
160 1976544132
161 -341879028
162 -341879022
163 1007439101
164 323681063
165 1331120176
166 -1974605963
167 -319804716
168 367829680
169 -595460820
170 -547435837
171 -1094871691
172 -1094871680
173 1557788098
174 462916429
175 -716474669
176 1304229862
177 1050671636
178 1050671641
179 1050671645
180 161277494
181 161277514
182 1373226661
183 1534504181
184 -1225958920
185 1681771933
186 -931423438
187 -1862846877
188 -803953115
189 -1916451496
190 462064315
191 2036627006
192 -1796275958
193 -1796275945
194 -1093860576
195 -391445182
196 -782890345
197 2026771209
198 -241424889
199 1785346324
200 -1507164987
201 36756454
202 -1470408519
203 -1470408506
204 1669088082
205 -1234972474
206 -1036292896
207 751973000
208 -284319890
209 -568639770
210 -1137279542
211 -1705919311
212 1350781798
213 -2061056808
214 1878772988
215 -537421320
216 1341351679
217 621646554
218 -990617389
219 -1981234782
220 -1008853933
221 935907766
222 1871815513
223 -182365431
224 -1669609438
225 -1851974858
226 -1832134211
227 610858246
228 -1221275947
229 440545
230 -609977136
231 -1830812536
232 1244200488
233 -1196148638
234 -1196148620
235 -1196148606
236 119909400
237 2070631336
238 2070631353
239 -33795200
240 2036836155
241 2003040965
242 -255090157
243 -255090142
244 -255090136
245 -1020360605
246 -1275450738
247 1488975685
248 -1061925786
249 -1868761438
250 -1868761423
251 -1868761412
252 -1868761394
253 -1311316922
254 1114888983
255 361016557
256 722033114
257 -982139657
258 -95517908
259 1120281091
260 1024763190
261 1024763208
262 2092149944
263 -1178054138
264 914095819
265 -263958311
266 1564233317
267 1036316696
268 -1044279756
269 1556270262
270 511990515
271 2060297736
272 -174371826
273 -1897050851
274 -1897050835
275 -1396185254
276 1001731211
277 2003462429
278 -288042432
279 1715420013
280 137603932
281 -726523346
282 -1453046696
283 -326546079
284 1788851177
285 -717264926
286 -708006519
287 -1416013034
288 -1416013030
289 1826520979
290 -1005505082
291 -594997115
292 -1600502187
293 1093962917
294 -1101536365
295 -7573433
296 -1109109790
297 -1109109784
298 967637932
299 -1250581633
300 1793804025
301 401750558
302 -2099412711
303 96141884
304 -1601520266
305 1091926770
306 -509593489
307 -1019186973
308 -1942232057
309 -1942232050
310 -1118277270
311 -1726961042
312 1860232191
313 1367729131
314 382723027
315 382723038
316 765446077
317 -1396346015
318 -1396345999
319 -1396345994
320 1502275304
321 1608204596
322 1608204605
323 1925992513
324 -1945257566
325 1588939563
326 -356317998
327 -712636000
328 500720525
329 -924551464
330 -924551454
331 -1348382383
332 2022033474
333 -250900349
334 1771133128
335 -2101083422
336 1441182850
337 1441182864
338 781282298
339 781282317
340 781282337
341 1562564673
342 -1951120279
343 -1951120261
344 1955291431
345 1955291439
346 -384384423
347 -376042075
348 1194864942
349 -1905237411
350 484492491
351 -601922034
352 -117429526
353 -117429522
354 -234859035
355 -352288549
356 -704577097
357 -1056865641
358 1828947455
359 1828947457
360 1544163634
361 -854351474
362 -854351465
363 -1708702933
364 -1708702923
365 -1708702913
366 -1685492929
367 1778332902
368 -738301486
369 -645461499
370 -1290922999
371 -896353074
372 2107691237
373 -725046324
374 -1450092648
375 -963800808
376 1156027522
377 192226723
378 -1790685521
379 -1790685515
380 2061850514
381 2061850530
382 -171266233
383 371063786
384 28531312
385 399595114
386 799190217
387 1427114210
388 -1669067751
389 -241953531
390 315283162
391 315283182
392 388612825
393 388612836
394 388612848
395 388612859
396 1554451383
397 -1574677353
398 -20225955
399 -1594903301
400 -1615129248
401 -1615129230
402 -1615129220
403 1064708856
404 -550420345
405 514288517
406 514288528
407 -72263662
408 405893042
409 333629390
410 1695835824
411 -1931872686
412 431221911
413 431221928
414 862443847
415 1488850836
416 -1943672597
417 838844026
418 1677688053
419 -1370813118
420 690897202
421 -107056423
422 583840787
423 1474556504
424 1951340886
425 1951340901
426 1559055378
427 -784571000
428 1856755375
429 287613366
430 1359797755
431 1647411128
432 -1000145043
433 -1000145041
434 -352878941
435 -705757887
436 -1058636814
437 -1058636809
438 -2117273615
439 -998216762
440 -1643554582
441 1653195955
442 9641386
443 19282774
444 1682120131
445 1711044293
446 780317248
447 -92561453
448 -194764299
449 492991512
450 298227227
451 1284210249
452 1788103247
453 1788103259
454 1356668218
455 -1150195802
456 206472422
457 -943723364
458 1257324741
459 520073808
460 1040147619
461 -1477421125
462 -1477421119
463 -1914694609
464 -574569546
465 1805703154
466 656564059
467 -1504418045
468 -1531414971
469 1915698343
470 1342132550
471 878561952
472 878561964
473 -811427455
474 945696475
475 -1061441802
476 829951149
477 -97221627
478 -328712261
479 404017280
480 808034547
481 1212051834
482 2020086389
483 -179489499
484 1840596892
485 1406312875
486 1406312891
487 1406312911
488 1764568274
489 -765830741
490 998737538
491 1997475090
492 -1298754663
493 -1298754654
494 -600034213
495 1097423782
496 497389577
497 -1602730163
498 -607951015
499 -615867808
500 -1231735623
501 1839412860
