0 0
1 11
2 17
3 38
4 78
5 155
6 241
7 404
8 415
9 1229
10 2451
11 2470
12 6981
13 9453
14 18921
15 37834
16 56767
17 113532
18 236516
19 236530
20 643351
21 1286708
22 2403124
23 4569728
24 6972853
25 15875782
26 31108199
27 46983998
28 100940840
29 201881681
30 396790508
31 746597035
32 1446210071
33 -1705369670
34 1086109634
35 -619260026
36 466849628
37 -152410387
38 -924080801
39 -609641545
40 -1219283100
41 1541961856
42 -286962776
43 1254999096
44 681073545
45 1649109878
46 1649109887
47 939325112
48 -1706532292
49 -767207169
50 1821227842
51 -652511605
52 -365698109
53 -1018209710
54 -2036419415
55 -2036419395
56 222128491
57 -1814290899
58 1906723673
59 1906723683
60 -481519922
61 1739765031
62 1258245112
63 2034970300
64 2034970314
65 -225026666
66 -225026659
67 -675080005
68 -675079987
69 -1575186646
70 1369620675
71 1369620681
72 488974735
73 1858595425
74 -577776449
75 1769793716
76 -1244354591
77 -1244354577
78 561903530
79 561903537
80 561903551
81 1123807102
82 1123807103
83 -361642459
84 -361642445
85 1524329313
86 801044428
87 1963731306
88 -367504682
89 -735009369
90 1662261693
91 -1771488333
92 -844235999
93 -953462635
94 1653032670
95 -1916154286
96 -1916154280
97 1162228775
98 -1017047108
99 -2034094214
100 489900483
101 -1544193714
102 1206579868
103 152286655
104 1358866536
105 -1577234227
106 -66081029
107 -66081022
108 -350529732
109 -701059464
110 -1117670213
111 1993545838
112 -175713553
113 -175713541
114 -175713539
115 348735003
116 -178405628
117 -5384150
118 -186481854
119 -186481842
120 -372963680
121 -745927364
122 -1491854737
123 2057185200
124 2057185216
125 -180596867
126 -1853048465
127 588870354
128 588870355
129 1177740728
130 1766611089
131 -761745120
132 -1523490225
133 -1523490221
134 -2042114465
135 -1555872724
136 1183221857
137 -372650862
138 -15939108
139 -761240827
140 -1522481659
141 -1489090590
142 506215117
143 1789610176
144 1789610191
145 1789610195
146 1789610211
147 -1431493818
148 1431979671
149 1790096070
150 1790096077
151 1075320930
152 1075320947
153 -2144325416
154 -1069004466
155 727408088
156 -341596358
157 1467449154
158 1853260900
159 -974257241
160 -1562702745
161 1758007321
162 -778952654
163 -1557905317
164 1179156666
165 -378748649
166 800408033
167 42910741
168 1643726799
169 1643726819
170 1643726830
171 679123910
172 1315337075
173 1315337086
174 -1992682864
175 -677345770
176 -1354691538
177 270247143
178 1855831362
179 94041212
180 94041228
181 188082449
182 188082465
183 188082471
184 752329837
185 1128494778
186 -1849895285
187 30929350
188 249941168
189 -440529985
190 -159659458
191 -350248257
192 -700496522
193 -1050744773
194 -2101489536
195 91988225
196 183976451
197 275964687
198 -1549560154
199 -1273595465
200 1471811695
201 1471811708
202 -1351343879
203 -1351343866
204 -1351343847
205 1712747415
206 1953683122
207 963742828
208 963742838
209 1298948912
210 -2032275541
211 -2032275531
212 -838116477
213 1424575291
214 816875046
215 1633750099
216 -1257883328
217 -1677650175
218 -1301783386
219 -1301783366
220 13750384
221 27500771
222 41251161
223 68751941
224 110003115
225 220006235
226 398761299
227 398761319
228 1127531980
229 -2039903338
230 -513610034
231 -513610017
232 -513610000
233 -1540830034
234 -2054440028
235 186087247
236 -1868352775
237 -982568281
238 -982568268
239 -1965136548
240 364694203
241 364694204
242 729388420
243 1094082630
244 1094082642
245 -648025186
246 446057457
247 1986197559
248 -1862712265
249 569542767
250 569542776
251 569542780
252 1832113629
253 -1323768109
254 -2077993435
255 -430562343
256 462643415
257 32081074
258 957367918
259 957367938
260 -1885506947
261 61309998
262 90538926
263 -776290065
264 1785019222
265 1160578084
266 -2035121113
267 -874543015
268 1385303175
269 1385303190
270 -139057756
271 -139057754
272 -1802476426
273 690014445
274 -1112461972
275 -1112461970
276 818523627
277 -716385860
278 -1432771729
279 -1330633957
280 -1330633946
281 1633699398
282 -1027568489
283 -724503035
284 -724503029
285 -1449006056
286 -1449006038
287 1396955213
288 -1501056877
289 -1553107698
290 1188751900
291 -1865412667
292 -676660762
293 -112518796
294 1640375088
295 851195546
296 851195559
297 -1064719891
298 -213524325
299 424146909
300 848293804
301 845392075
302 845392092
303 -1545266725
304 145517458
305 -1399749253
306 -1954106416
307 -458637637
308 1882223254
309 -1784752590
310 579944658
311 -1204807929
312 -986030227
313 -1513422820
314 1795514263
315 1795514283
316 2077605731
317 -1125786056
318 -1125786051
319 -173966372
320 1447581543
321 -977956927
322 295658259
323 765282884
324 82984236
325 82984255
326 1226909652
327 -1841147998
328 -531254073
329 -1145492408
330 -1676746464
331 1472728434
332 -204018012
333 -204018007
334 -204018005
335 -816072047
336 -816072040
337 -2040180093
338 214607111
339 -1825572978
340 -1610965865
341 -1610965861
342 1073035573
343 -537930274
344 535105303
345 535105307
346 1070210626
347 1602490964
348 -1087160397
349 -1087160387
350 -1087160375
351 -588779556
352 2047197551
353 -1803063155
354 244134405
355 -1187671123
356 1548367440
357 -1198232417
358 -1198232414
359 1898502474
360 -137266020
361 913139064
362 277910694
363 1754053799
364 -1487129747
365 544834765
366 544834784
367 1356593607
368 1901428399
369 -1036945281
370 -984221004
371 -984220990
372 252634747
373 1542214771
374 -1210537739
375 -1210537722
376 1873891852
377 -547183591
378 -1094367183
379 -1641550773
380 -1641550764
381 -629685011
382 382180751
383 764361505
384 1146542257
385 -2001882776
386 291201749
387 200222736
388 400445482
389 600668219
390 1201336445
391 1802004683
392 -690957946
393 -981470407
394 -981470395
395 1641068560
396 659598185
397 -1994300533
398 -675104172
399 -675104158
400 -675104156
401 -1350208312
402 1594550690
403 1594550691
404 -1105865896
405 57923022
406 -1047942870
407 -2095885731
408 1209061736
409 1312257567
410 425433582
411 850867171
412 1701734326
413 -1742365794
414 810235712
415 810235716
416 -121894364
417 1498577080
418 1254788356
419 1254788360
420 -1785390561
421 -2072204046
422 -2072204034
423 -1634831332
424 -2014874301
425 -2014874299
426 -2014874298
427 -2014874286
428 265218729
429 -1749655552
430 -1219218091
431 -423561886
432 -423561873
433 744188637
434 1223158537
435 1120223435
436 -1630958553
437 1033050188
438 -597908355
439 1147565254
440 1147565273
441 -1564694923
442 -417129647
443 -1981824564
444 -1668518596
445 644624153
446 872118645
447 1516742817
448 1364967039
449 -1565033227
450 -1461547865
451 -144871216
452 -1806485249
453 -682970244
454 -682970236
455 977670371
456 -388270106
457 1711941836
458 -1993625190
459 -1993625173
460 -1993625165
461 -1993625147
462 615433936
463 923150923
464 1846301846
465 -910080582
466 1859372198
467 -1499373826
468 1296219642
469 1296219653
470 -1702527985
471 -406308329
472 -2108836297
473 -2108836287
474 -2108836279
475 77294733
476 154589474
477 231884211
478 541063153
479 1004831585
480 1777778957
481 -584819911
482 -2097176656
483 641677144
484 -1455499505
485 1383968284
486 -2111850641
487 -727882354
488 2025380236
489 -814352747
490 1211027503
491 -417677993
492 1276494646
493 858816663
494 2135311312
495 -24344674
496 -24344660
497 -24344650
498 -48689294
499 -48689286
500 -146067873
501 -146067872
