0 0
1 13
2 26
3 54
4 113
5 197
6 213
7 539
8 1134
9 2204
10 4296
11 7647
12 15297
13 30596
14 60060
15 117906
16 223860
17 401846
18 803690
19 1607378
20 2812927
21 2812946
22 5625883
23 13662828
24 26521977
25 51436570
26 51436578
27 143057966
28 194494564
29 466947670
30 907373368
31 1568815607
32 -1818778307
33 -1818778291
34 -1818778272
35 407448048
36 1064858792
37 1064858812
38 1064858825
39 -692942801
40 1436774845
41 1436774850
42 -1049501560
43 -2099003129
44 -2099003121
45 96961055
46 193922113
47 290883180
48 678727406
49 678727420
50 1648338024
51 1648338037
52 359163593
53 39599794
54 39599808
55 -559928029
56 -520328207
57 -1040656423
58 -2081312842
59 -2081312826
60 -2081312823
61 -2081312815
62 -2081312804
63 -2081312799
64 -1948971109
65 -1948971100
66 -1551946023
67 -1154920932
68 1985125434
69 1624254685
70 -1046457928
71 -1732045093
72 -1732045084
73 -1732045071
74 -1732045059
75 830877170
76 -70290734
77 -70290731
78 -70290717
79 -210872180
80 -351453613
81 -773197957
82 -1124651562
83 1834791997
84 -63057515
85 -126115023
86 -189172525
87 -378345047
88 -693632592
89 -1450322698
90 1772666968
91 -749633353
92 -427289068
93 -427289066
94 -1281867208
95 -1281867191
96 1303943848
97 1303943856
98 -383135756
99 -383135755
100 -766271505
101 -1532542998
102 1996152796
103 -1068933216
104 -1068933213
105 -1674256629
106 482844248
107 -1191412365
108 -1191412345
109 -1899980456
110 495006382
111 507168532
112 507168540
113 1509343462
114 -1276280362
115 -1276280356
116 -28880182
117 -1072097431
118 -1100977594
119 -459548609
120 -1560526194
121 -2020074799
122 -846159891
123 -1692319779
124 -263587168
125 -1955906928
126 383153435
127 383153444
128 383153458
129 383153475
130 -423293112
131 1109320714
132 686027614
133 1372055232
134 -1550856831
135 -1550856811
136 -1550856798
137 -357603138
138 -357603123
139 -715206257
140 -715206253
141 -1430412498
142 -2145618739
143 -2145618728
144 -2145618723
145 3729865
146 -2138159022
147 -2138159011
148 26108976
149 -2112050016
150 -2067291772
151 -2067291768
152 160383768
153 -1765173497
154 738511323
155 738511335
156 738511350
157 610744292
158 1349255656
159 1349255661
160 1349255666
161 -247200309
162 -1843656276
163 -1843656257
164 -1843656246
165 -133946114
166 -1977602342
167 -1977602339
168 -1977602330
169 -1977602310
170 339762663
171 -1637839643
172 -1298076971
173 -1298076952
174 -1298076948
175 1698813409
176 400736481
177 -1794680975
178 -993208030
179 -993208021
180 914606767
181 1829213526
182 1750612285
183 -793742734
184 -793742730
185 -793742714
186 1913739131
187 326253707
188 652507405
189 1305014813
190 -97452226
191 -194904460
192 1665165548
193 1372808863
194 1372808879
195 115816006
196 -1433533538
197 -1201901536
198 -1201901518
199 457630705
200 1031077424
201 -915094906
202 -915094892
203 -341481664
204 -1140594023
205 2013779240
206 -383391320
207 489793909
208 638106158
209 744508753
210 1489017502
211 -1316932280
212 -1316932278
213 -1316932263
214 -1717270565
215 1260764477
216 1260764490
217 -512673854
218 -1025347713
219 -1538021550
220 1218924182
221 -596354440
222 622569754
223 26215324
224 26215337
225 78645988
226 104861329
227 104861331
228 104861342
229 314584017
230 419445369
231 1048613392
232 1468058764
233 -1044265737
234 1472406420
235 428140700
236 1900547130
237 -1966279465
238 -1966279460
239 362408373
240 -1669603417
241 -1669603416
242 -648110612
243 307649862
244 -340460744
245 -32810881
246 -32810865
247 -746543234
248 -844975851
249 -1624329930
250 1079118295
251 1079118308
252 -2136730692
253 -2136730678
254 -2136730676
255 21505957
256 -1014600475
257 -1014600469
258 150541637
259 -864058829
260 1573755118
261 -154362534
262 -154362526
263 -154362515
264 246608732
265 -216478829
266 -124232602
267 -402827730
268 -527060313
269 -929888024
270 -1456948331
271 1381070641
272 -1005765699
273 1756375587
274 750609889
275 -1787981807
276 -1787981793
277 719003716
278 -2106349981
279 1119639253
280 -267706993
281 -1254417714
282 -1522124702
283 1250717897
284 -1525824507
285 1243318279
286 968211676
287 414298655
288 -1669138673
289 -1254840016
290 1785287277
291 530447278
292 -608244122
293 -77796830
294 374853601
295 2004547206
296 2004547208
297 2004547216
298 2093527938
299 1807655072
300 1807655088
301 1413870814
302 537321547
303 -929904113
304 -392582559
305 628705701
306 1257411392
307 1493534541
308 1493534549
309 185636342
310 185636357
311 185636377
312 -750989110
313 1299454523
314 734101806
315 1653839960
316 1653839980
317 295279870
318 1949119861
319 1257112380
320 -1780742532
321 -1780742528
322 -1780742523
323 -1047260284
324 -837408174
325 -1151186200
326 -1988594360
327 1784743060
328 2102521633
329 -89924037
330 1808746307
331 1808746322
332 -677474652
333 -1444873342
334 -313601666
335 1181542972
336 1181542987
337 604610968
338 -1327270368
339 1326824902
340 604165509
341 603720053
342 1812051075
343 51794260
344 51794269
345 -1775607627
346 -1723813345
347 847340597
348 1642886922
349 -957399182
350 -190985002
351 -1148384178
352 193459171
353 -2103309183
354 1236733112
355 1236733128
356 1236733130
357 1606890193
358 -214610843
359 -214610835
360 -429221664
361 -858443323
362 -1502275804
363 -1502275792
364 431972383
365 434723106
366 434723111
367 -200857178
368 1100561427
369 1100561431
370 -1425255379
371 775867489
372 775867500
373 1227041049
374 1353520670
375 -162670582
376 -1877076143
377 540815011
378 540815020
379 -795446096
380 -1590892189
381 -1590892178
382 858551869
383 1176288705
384 1176288721
385 1176288727
386 -1942389845
387 1586476315
388 1996663931
389 -301639442
390 1339110968
391 1339110979
392 1339110988
393 -1616745322
394 2098948187
395 -1134542455
396 2025882392
397 891339950
398 -1377744940
399 -1791084152
400 -1386149193
401 631328974
402 631328992
403 631328993
404 -1283246374
405 -20588373
406 590152221
407 -82353530
408 507798695
409 995009026
410 2010606413
411 -1289351843
412 721254589
413 1442509166
414 -414939928
415 1027569251
416 1027569266
417 2055138535
418 842879012
419 658188777
420 -738760968
421 -80572177
422 681734655
423 -137598483
424 463564013
425 325965548
426 651931091
427 651931101
428 651931106
429 -1549644419
430 -1549644404
431 1847609588
432 -599748118
433 1247861487
434 648113372
435 1895974870
436 744843921
437 -1006035126
438 1634783676
439 -1025399938
440 609383751
441 957576287
442 -2118623504
443 57720291
444 -1519343098
445 -1461622802
446 -1461622789
447 -89901092
448 1281820633
449 -269703244
450 -2001029278
451 2024234781
452 23205516
453 46411029
454 2093851330
455 -107264630
456 -214529255
457 1841674001
458 1841674006
459 1160438167
460 -1292855111
461 1709257063
462 1709257082
463 832803924
464 -1336504318
465 1205556702
466 701856323
467 701856324
468 2105568972
469 -785685670
470 2021739645
471 450368312
472 198880290
473 -304095745
474 345152875
475 345152895
476 585090316
477 585090333
478 1556390679
479 1556390699
480 -1182185909
481 -1182185892
482 -807981100
483 -59571510
484 -867552595
485 195490309
486 -1539614888
487 2083290124
488 739165555
489 739165565
490 739165578
491 -2077470593
492 -1338304999
493 1618357300
494 -1058252712
495 -1058252696
496 -498148102
497 1680313803
498 1680313813
499 1804226838
500 869887168
501 1241626241
