0 0
1 16
2 25
3 47
4 97
5 107
6 262
7 376
8 902
9 1552
10 2834
11 4405
12 8807
13 18519
14 18521
15 53091
16 71621
17 143244
18 143252
19 429737
20 787873
21 1575728
22 2363615
23 3939348
24 9096320
25 13035681
26 30010707
27 43046399
28 99128470
29 172185588
30 314360474
31 314360488
32 900035030
33 1528756011
34 -1237455281
35 1820056742
36 582601474
37 -1601008348
38 1092950600
39 657145201
40 731688945
41 -1813182549
42 -424348399
43 -1505841984
44 1283283326
45 -222558644
46 -869465686
47 -1092024315
48 -1092024301
49 2110918688
50 1018894399
51 1018894412
52 -146259782
53 -1384543871
54 -1530803641
55 -2042712869
56 -2042712853
57 209541578
58 -1111720469
59 -902178888
60 -1804357766
61 1588430653
62 1588430670
63 -641395799
64 -641395793
65 -1282791590
66 -1282791586
67 446592548
68 -836199031
69 698381846
70 -137817166
71 -1111833378
72 -1111833359
73 1795666214
74 -428000509
75 1367665723
76 1367665724
77 1367665725
78 -619970619
79 -619970615
80 127724504
81 127724513
82 255449026
83 255449042
84 638622584
85 1404969686
86 1404969697
87 -590956284
88 -1437361612
89 -1437361592
90 -655740103
91 173547717
92 347095441
93 1285147149
94 -287311381
95 -287311362
96 1057619856
97 770308504
98 1540616999
99 -1984041775
100 326883732
101 653767466
102 980651211
103 1961302411
104 1961302414
105 1961302426
106 1588939959
107 1588939969
108 844215062
109 -272872298
110 571342782
111 -1563341762
112 1168283761
113 -96587498
114 -193175000
115 -193174983
116 -386349965
117 -772699947
118 -1159049905
119 -1931749836
120 1204167559
121 1249285205
122 -1410046911
123 -160761686
124 -1049105649
125 1675053059
126 465185725
127 2140238791
128 -1063595355
129 -1078085071
130 463744098
131 927488194
132 1389790662
133 639342538
134 639342549
135 -1626491539
136 -987148987
137 54835240
138 -1919462717
139 -1864627460
140 -421436618
141 89440508
142 178881016
143 268321527
144 268321541
145 536643076
146 1252167169
147 2057131803
148 87617832
149 -898050475
150 -898050470
151 1600815869
152 1949464578
153 -1642737316
154 111442199
155 2018985344
156 -256996607
157 230693637
158 2104124578
159 -198160331
160 -198160330
161 -396320660
162 -594480979
163 717002291
164 122521328
165 -349438348
166 -349438329
167 -349438326
168 -349438325
169 -349438322
170 -698876646
171 -1048314950
172 1499460735
173 -247730847
174 -247730846
175 1003999056
176 2007998101
177 2007998111
178 -278971066
179 -278971060
180 167085855
181 -669827349
182 -669827342
183 -1451539877
184 1670858592
185 -450508613
186 -1570844587
187 -1570844577
188 -1921339171
189 802783556
190 -415786079
191 386997490
192 773994981
193 -373349206
194 1174640750
195 1962284020
196 -757396732
197 -1915439255
198 -710551955
199 911579367
200 -1714411833
201 -1513384404
202 -647240777
203 2134342132
204 -1740694870
205 813577546
206 1207224809
207 280107488
208 -1600410175
209 700499672
210 700499679
211 1400999369
212 2101499050
213 -91969192
214 -884438062
215 -976407241
216 -1952814481
217 1365745580
218 1365745597
219 -197730533
220 1168015073
221 1748961252
222 -209975904
223 -1587966864
224 -48981507
225 -1636948355
226 -1636948345
227 972089105
228 1944178199
229 1944178203
230 -406610875
231 -406610867
232 -406610848
233 -1219832579
234 -495486960
235 -1715319533
236 457717384
237 -1753089095
238 -431043474
239 357745625
240 -1368669549
241 -1010923914
242 88986906
243 2004360743
244 -286245805
245 796177933
246 -1691687499
247 -1181755369
248 -2077264929
249 1035947004
250 1176384449
251 1176384461
252 -906251368
253 -1812502742
254 -1542369635
255 -1542369628
256 -1542369608
257 1210228076
258 -1874511147
259 2088314630
260 -1660707659
261 -236676088
262 -1683580250
263 714003317
264 -778646044
265 649360589
266 584717872
267 1234078471
268 -1891453084
269 -201942183
270 -274598913
271 -476541092
272 -953082183
273 -1429623263
274 1161121850
275 -1698124684
276 -537002818
277 838256218
278 838256231
279 1676512462
280 -1780198594
281 734570117
282 630884002
283 1261768002
284 -1771431305
285 -1771431298
286 752104695
287 -1019326589
288 -2038653178
289 -1553770366
290 -1553770353
291 -1118448487
292 68978104
293 68978121
294 -980492244
295 -980492226
296 -980492221
297 -980492206
298 441976527
299 1795467177
300 1256951514
301 1256951531
302 1256951540
303 1271354486
304 -1766661255
305 -1766661241
306 -1005016453
307 1027982847
308 784611199
309 -959083647
310 -959083627
311 -1918167272
312 1417716408
313 1876349161
314 -542268974
315 -542268963
316 291360362
317 -250908590
318 -501817183
319 -461365409
320 -1464999776
321 1907236701
322 -520945653
323 -540074124
324 846216941
325 -214802830
326 1477631055
327 2109045182
328 -708291040
329 -708291039
330 1955291334
331 1955291353
332 1955291359
333 -384384583
334 -768769166
335 417753002
336 -735400743
337 -317647725
338 -1053048457
339 -1370696164
340 1235927219
341 2054101432
342 548636309
343 -1826998499
344 640970310
345 1416709555
346 -1461548179
347 -1230866803
348 1833233688
349 557528277
350 1115056556
351 1672584842
352 883436079
353 883436096
354 -855510267
355 911361920
356 55851665
357 55851676
358 1050991108
359 1218546103
360 -1913726740
361 -695180621
362 -1390361241
363 -2085541845
364 123883599
365 -1961658228
366 -1961658226
367 -1961658209
368 -1961658206
369 -1961658187
370 743301782
371 -846705512
372 -103403716
373 164843460
374 61439750
375 19475774
376 142355285
377 284710560
378 507981371
379 507981390
380 1462504398
381 -1389434280
382 1373743453
383 1373743459
384 1373743478
385 1373743484
386 1373743503
387 -1547480304
388 -347473663
389 -2068690789
390 1878802858
391 -537361575
392 1341441291
393 804079726
394 -808004990
395 800154472
396 2137670512
397 -1357142298
398 -1357142290
399 223540399
400 447080805
401 94007137
402 541087956
403 1305716301
404 1940811395
405 -507351632
406 1433459771
407 -122331443
408 803776697
409 1607553409
410 -1079860487
411 527692936
412 527692939
413 1055385895
414 1583078844
415 -1656502548
416 -1656502535
417 -1656502521
418 908538552
419 908538557
420 1817077119
421 1817077121
422 1156264064
423 -1982439172
424 -1982439152
425 -991537122
426 -991537102
427 -496721182
428 1815171909
429 1815171927
430 1815171942
431 1150548493
432 1804375813
433 -189494496
434 2100806398
435 -579279570
436 -8010638
437 -8010632
438 -8010621
439 -16021242
440 -619332691
441 -651375169
442 -1294739713
443 -1294739710
444 434780020
445 2140267906
446 -665806662
447 1474461262
448 1474461277
449 563196510
450 563196528
451 1126393044
452 -2042181196
453 -915788137
454 -915788132
455 1547602893
456 1968812734
457 -357341834
458 -357341828
459 1885943852
460 1528602041
461 1528602052
462 1528602060
463 1819440886
464 -298743695
465 -1245668026
466 1803631238
467 -687704821
468 1390955595
469 1261214001
470 1261214021
471 -1772539271
472 -511325236
473 -511325234
474 -272761714
475 -1806737416
476 1192817710
477 1192817711
478 -205188936
479 -2114520806
480 1975257566
481 -139263228
482 -483715384
483 -967430778
484 384848185
485 -1066297976
486 -1648880553
487 -1648880546
488 -69091759
489 -69091757
490 -138183501
491 720839197
492 720839215
493 1165311403
494 -1895252722
495 573553597
496 1285290708
497 1128903000
498 -1307219987
499 -214725390
500 -393042368
501 -786084736
