0 0
1 16
2 21
3 22
4 76
5 138
6 286
7 437
8 446
9 1386
10 2568
11 4846
12 9694
13 9712
14 26835
15 53669
16 53676
17 153605
18 297511
19 558462
20 855993
21 1919252
22 3631231
23 5550503
24 11100997
25 16651509
26 16651513
27 44404035
28 94358574
29 94358578
30 266424213
31 455141381
32 954686797
33 954686803
34 -1664028092
35 -1664028076
36 -1664028058
37 -697116923
38 -1394233836
39 -1394233822
40 809382728
41 1618765444
42 -1057436406
43 561329051
44 -496107351
45 1435933477
46 443718786
47 1879652279
48 -470441042
49 -1006103785
50 -2012207576
51 -2012207569
52 -2012207567
53 -2012207566
54 -464999452
55 2088312456
56 2088312459
57 1699417906
58 1699417916
59 1192181000
60 296049545
61 -1107318815
62 -515219738
63 -515219731
64 -1841708734
65 1422819105
66 -418889623
67 -837779235
68 -1675558481
69 1362739960
70 -1569487374
71 1574882180
72 5394815
73 10789636
74 21579262
75 43158534
76 43158549
77 124080808
78 124080823
79 124080840
80 458559570
81 458559573
82 917119147
83 1958319133
84 -960969427
85 -1463379292
86 -1463379286
87 -1929408866
88 -1929408852
89 436149579
90 436149588
91 -154930521
92 -154930517
93 -154930516
94 -309861031
95 -309861030
96 -929583078
97 -929583060
98 2125940142
99 1196357091
100 1196357103
101 1196357105
102 1196357112
103 -705895957
104 -705895938
105 980922323
106 1961844665
107 1530975103
108 -1233017094
109 -1760138220
110 499664455
111 -962515744
112 -1925031481
113 -1086070781
114 1283865047
115 1605214347
116 -1084538604
117 -1206561456
118 -488091433
119 109887921
120 -378203508
121 -268315578
122 -646519073
123 -1671241656
124 1708891001
125 -877185300
126 -839535937
127 -1716721220
128 861524846
129 1723049705
130 -1710392738
131 12656985
132 -829882420
133 -829882406
134 -1634450857
135 1830634051
136 -1450924646
137 379709408
138 759418830
139 1518837659
140 -1637001380
141 1020964531
142 -616036833
143 -616036832
144 -616036823
145 1830819978
146 1003674040
147 986383540
148 1990057591
149 -1318526149
150 -1318526129
151 339388854
152 -979137270
153 -1286743101
154 -1926491503
155 102595426
156 -1823896058
157 647175168
158 1294350341
159 1294350352
160 1294350369
161 -1588637114
162 1000063624
163 2000127249
164 -294712797
165 -294712795
166 -589425583
167 -589425563
168 -1473563928
169 1642552235
170 -1304575615
171 -1304575614
172 1854804382
173 -585358533
174 302846875
175 302846887
176 1875139618
177 -1814133908
178 -1814133906
179 -1450281292
180 1394404705
181 -1809004775
182 -1864881348
183 565204598
184 1130409201
185 -169267543
186 961141666
187 791874138
188 791874152
189 791874172
190 1583748330
191 625545177
192 625545179
193 -1460128590
194 -2128383023
195 -753672920
196 -47217233
197 -47217231
198 -94434450
199 -94434438
200 -283303347
201 -377737773
202 -849909994
203 -849909983
204 -1699819969
205 234286234
206 1979523584
207 513989862
208 -1567167613
209 -539187890
210 -2106355497
211 -1719197540
212 469414267
213 -1167526976
214 -767886339
215 -1935413299
216 1591667659
217 -1809744669
218 2141477002
219 331732337
220 -1821757950
221 651451394
222 651451400
223 1954354201
224 -1037710283
225 397788765
226 1965884097
227 -363199101
228 1602685003
229 -1089597286
230 -1781405806
231 1423964222
232 -1447038866
233 -1291392719
234 109496854
235 -1181895858
236 484136710
237 484136711
238 968273429
239 1936546863
240 -1603769434
241 332777438
242 2117965022
243 846973043
244 846973048
245 -1754048162
246 -907075108
247 -907075101
248 -1814150198
249 -1087381262
250 -420714357
251 -1508095603
252 -1442449213
253 923708134
254 760035014
255 241293949
256 1925037103
257 -1368601212
258 556435910
259 1112871818
260 1112871819
261 -2069223644
262 712955914
263 -1356267728
264 -486791807
265 1095640032
266 1095640039
267 1061176468
268 -1042510744
269 1114305766
270 71795025
271 -1994560728
272 -789794195
273 -789794189
274 792613211
275 -786975171
276 726456241
277 -60518913
278 -118218809
279 -178737714
280 -417994353
281 -596732063
282 -1311682937
283 1968557960
284 -357851381
285 299023646
286 1909730242
287 -1787189749
288 -1787189737
289 720587830
290 720587848
291 720587865
292 -2133203734
293 -692028001
294 -663468188
295 1526855254
296 863387085
297 -1098457564
298 -235070466
299 1056714311
300 -276813700
301 -553627411
302 -553627395
303 -327354193
304 -654708384
305 -2089317377
306 1550941544
307 -1193084204
308 1908798887
309 -477369516
310 -477369501
311 -239024330
312 -716393829
313 -1358272
314 -1911515428
315 949305941
316 949305952
317 949305970
318 935044179
319 1871446631
320 410135442
321 -129035067
322 -258070131
323 -258070115
324 -645175297
325 -903245400
326 -903245391
327 -1806490775
328 -221259678
329 460726063
330 -1567024370
331 -1567024357
332 1621644643
333 54620296
334 -997057719
335 -887817133
336 -1884874835
337 525217612
338 1105055531
339 -1142418815
340 2010129662
341 613109166
342 -1183874125
343 1402001436
344 831236483
345 831236493
346 831236497
347 -399256376
348 -399256359
349 32723774
350 65447540
351 65447552
352 65447562
353 229066442
354 294514008
355 523580458
356 818094469
357 818094474
358 -1840683867
359 613599544
360 -408989842
361 114792
362 -1635959360
363 1023048573
364 1023048580
365 2046097173
366 -1838732325
367 -2041505287
368 -811091842
369 -1622183689
370 27551346
371 -1594632330
372 294610788
373 1400313423
374 -1494340446
375 -1494340426
376 1406578310
377 1406578321
378 1318816218
379 -1657334854
380 -1657334844
381 -589275145
382 391022467
383 -198252669
384 -2053840173
385 -2053840159
386 187286970
387 374573948
388 374573966
389 1123721854
390 1872869787
391 -549227734
392 -1098455457
393 1348908455
394 1348908473
395 1599361488
396 -1645472061
397 1302797910
398 1302797918
399 1302797924
400 -386573531
401 1876348174
402 1489774657
403 1489774660
404 -1315417971
405 -1141061306
406 -1141061292
407 -617991234
408 1569210160
409 1569210180
410 1379367825
411 1379367826
412 1602188697
413 -1090589892
414 -1090589876
415 800376763
416 -1380803000
417 -1671016100
418 1243148209
419 -1008294125
420 -2016588245
421 -538585950
422 303631105
423 303631114
424 303631125
425 372307402
426 979569658
427 1655508187
428 1655508198
429 367926165
430 367926179
431 -1903606752
432 2143261992
433 -1663951499
434 -1056370062
435 -2112740131
436 -298439140
437 1306728474
438 1306728491
439 -854092362
440 452636137
441 905272271
442 503816049
443 1409088321
444 -1878246863
445 1392565921
446 -1962471581
447 -535248151
448 1311566629
449 776318482
450 776318488
451 1552636972
452 -413374874
453 1139262102
454 -1240124594
455 1038399612
456 937537140
457 937537160
458 -1381493383
459 291855936
460 1823836477
461 -1685693952
462 138142537
463 276285082
464 276285099
465 690712738
466 690712742
467 690712762
468 690712780
469 -1255831168
470 816307122
471 941901515
472 502377489
473 1695467757
474 -1594744566
475 1545002214
476 -1204962871
477 943140043
478 -261822819
479 -523645630
480 -785468437
481 -627796827
482 -1936910879
483 1730259609
484 -2143562146
485 531488622
486 -1612073519
487 864168984
488 -216415905
489 -432831799
490 -432831785
491 -865663565
492 -1947743038
493 615897117
494 2097457829
495 -100051641
496 1997406193
497 1897354554
498 -400206535
499 1196993124
500 -1600826145
501 -1204246085
