0 0
1 6
2 21
3 41
4 48
5 134
6 152
7 344
8 641
9 1335
10 1343
11 1363
12 2726
13 7415
14 14194
15 21618
16 21637
17 67599
18 89239
19 214297
20 392784
21 392795
22 999881
23 2088997
24 3088884
25 6570562
26 13141130
27 19711697
28 32852843
29 32852863
30 105129101
31 137981973
32 328528479
33 637345268
34 1208984835
35 1208984852
36 -773141877
37 -1684265719
38 -1684265700
39 -1723703594
40 -361424729
41 -1931834313
42 2001708258
43 595447233
44 595447246
45 899343708
46 899343718
47 1798687433
48 1798687436
49 1696542256
50 -799737592
51 -799737586
52 -600525330
53 2094966807
54 1494441491
55 -1306084320
56 -2011643305
57 -1823286132
58 -1823286115
59 1625634721
60 -2020937514
61 2076378395
62 -142210501
63 -86769611
64 1847398298
65 1847398317
66 1247227619
67 1247227633
68 1247227651
69 1247227664
70 1247227673
71 -553284303
72 1941171036
73 1387886744
74 975261525
75 975261536
76 1950523081
77 -393921136
78 -393921116
79 2137942382
80 -19082539
81 1331017608
82 -1239010955
83 1816945383
84 1816945400
85 -569069854
86 1825809989
87 1825810002
88 1825810021
89 -1864629023
90 -38818992
91 -720985298
92 -798623274
93 -1597246549
94 -725335822
95 413957371
96 413957378
97 827914766
98 1241872157
99 1241872160
100 -983308198
101 -1552659020
102 -1552659006
103 -1552658994
104 -1552658977
105 1189649332
106 826639657
107 463630024
108 463630038
109 927260076
110 -424158151
111 -2037965636
112 -607603639
113 1649398031
114 1041794395
115 -378534994
116 663259418
117 663259430
118 947983871
119 -1357205166
120 -409221288
121 -409221274
122 2119319572
123 1710098300
124 1710098314
125 1710098325
126 -874770656
127 835327685
128 1670655374
129 1631212416
130 677555857
131 519784038
132 1039568092
133 1039568101
134 -1018491205
135 21076908
136 1081721910
137 -2131523476
138 -1007647760
139 -2036372416
140 1250947133
141 1452092704
142 666667434
143 666667439
144 2000002295
145 -1628297556
146 1705039621
147 -1551555484
148 -1551555469
149 1191856360
150 -206214962
151 -2117469542
152 1611583696
153 479755557
154 959511123
155 933380839
156 1866761686
157 -1494824751
158 -1494824736
159 1305317824
160 182430027
161 -7076865
162 -7076857
163 1473594139
164 1641870463
165 -1179502691
166 1935961928
167 756459243
168 -1140178344
169 -1140178324
170 -1140178318
171 1630891554
172 -1033184174
173 -1033184171
174 -2066368330
175 1793122193
176 -708722911
177 1084399283
178 102430238
179 478106620
180 580536873
181 1058643502
182 1058643506
183 -1016606548
184 -1016606535
185 -1016606516
186 -1016606497
187 228541213
188 -1804671786
189 685623726
190 -1119048050
191 -433424313
192 1623446878
193 1623446889
194 -1914922146
195 -1914922139
196 -1016374816
197 -1016374799
198 55820295
199 403115853
200 403115867
201 862052024
202 1265167901
203 2127219930
204 765704281
205 -136875171
206 -273750341
207 355078782
208 81328449
209 162656905
210 599064153
211 843049522
212 1442113681
213 -1410739924
214 -1410739915
215 62747531
216 1536234992
217 219616385
218 1818598921
219 -2068509372
220 -249910442
221 1976547485
222 1696342986
223 -1121897714
224 574445289
225 -547452413
226 -547452409
227 -547452396
228 -547452392
229 -1615364319
230 2132150605
231 516786302
232 486120205
233 1002906513
234 -1772367976
235 -1772367961
236 -1538922905
237 700335173
238 700335190
239 -1910620502
240 -509950134
241 -509950122
242 1364446549
243 1364446567
244 -201627640
245 1507365234
246 1305737601
247 -1683492093
248 -2002537623
249 -2002537615
250 -1393600023
251 -1393600011
252 -1393600001
253 114167274
254 -1774203077
255 1241331495
256 -418704297
257 -951575870
258 -128948656
259 -1499228810
260 1715213963
261 87036503
262 1802250468
263 1976323476
264 -516393337
265 -1032786680
266 -1032786670
267 1713000614
268 1713000626
269 844034554
270 -2090504840
271 466530358
272 -1648905976
273 -715845258
274 1930216063
275 1214370811
276 -1150380402
277 -370544742
278 907816485
279 -613108640
280 294707864
281 -318400773
282 -636801539
283 -636801536
284 -1297295979
285 1405667475
286 108371506
287 108371520
288 -311686995
289 -311686990
290 -623373972
291 -1138376432
292 -1138376419
293 2018214450
294 -258538381
295 -1140450736
296 619225352
297 619225372
298 1857676059
299 1955676052
300 1955676058
301 -1582455691
302 -108394807
303 264825580
304 529651145
305 686081930
306 1480558658
307 -2128326697
308 -647768022
309 -647768006
310 871104574
311 -1072199477
312 -201094888
313 -1697725818
314 1547283693
315 -150442114
316 -1574178602
317 -1875062834
318 845725878
319 1541009639
320 511672692
321 2052682347
322 -1730612248
323 322070110
324 322070119
325 644140236
326 644140250
327 201808480
328 845948750
329 845948768
330 1691897521
331 -65223517
332 -976395763
333 -976395753
334 -976395751
335 1365780048
336 -587011448
337 -587011434
338 -1761034324
339 -1569277153
340 1156412993
341 1156413009
342 743548859
343 -273936599
344 1213161119
345 -1455780898
346 -516556363
347 -759176133
348 -1518352274
349 -1518352272
350 -1473250627
351 1303364406
352 -1688238483
353 918490334
354 -769748135
355 148742200
356 -621005916
357 -1242011835
358 -1242011826
359 -1242011813
360 568931826
361 -673079984
362 -673079969
363 -1346159941
364 -2123388067
365 -520740658
366 -1041481305
367 -736802660
368 -736802642
369 -736802634
370 1043078064
371 2086156123
372 -1165733108
373 489895822
374 -1841570391
375 -431251550
376 2022145358
377 1590893815
378 1340217249
379 -1363856213
380 -1136818634
381 -1136818633
382 -1136818629
383 884511419
384 -252307198
385 632204225
386 632204235
387 1012101275
388 -1386253337
389 -374152061
390 -116099881
391 -864403994
392 -1354655926
393 1959807506
394 -375352283
395 1584455238
396 1209102961
397 1209102976
398 1292149111
399 -1793715208
400 1916639845
401 1415073761
402 -255716796
403 -1218970474
404 63311136
405 3697628
406 67008778
407 -1340669716
408 -1340669706
409 1684334299
410 -926298697
411 -926298678
412 -168263074
413 -1677195837
414 -1677195817
415 -1677195806
416 940575678
417 -736620108
418 1144531246
419 1348486818
420 -1801949227
421 -1801949211
422 -1801949209
423 691068893
424 928675370
425 1619744269
426 -364409875
427 -364409864
428 -728819735
429 -1457639463
430 -1457639462
431 -1457639443
432 -1171180660
433 -1171180643
434 -962672894
435 -2133853531
436 27260229
437 1225701118
438 1225701135
439 -1843565034
440 -617863888
441 -10026660
442 -627890537
443 -1873644969
444 -678023780
445 1105381353
446 -2074177922
447 -968796552
448 -1937593109
449 -258242706
450 2099131493
451 1155288508
452 1155288513
453 -143501485
454 -2127891744
455 39183812
456 -2088707931
457 -25950040
458 91601403
459 91601411
460 -1931455148
461 -1748252329
462 772512605
463 1387772443
464 -2134682245
465 -746909782
466 -746909781
467 -1468216747
468 2079840788
469 2079840802
470 -135285694
471 -1738788132
472 -1738788118
473 546819661
474 1228925019
475 1775744693
476 -743477919
477 -1486955831
478 -454689054
479 1609844503
480 1609844511
481 1278044131
482 -1407078641
483 -129034495
484 -129034480
485 -387103480
486 -645172448
487 -645172435
488 -1806482834
489 1843312029
490 -1253515669
491 589796379
492 -1272062510
493 -1272062503
494 -1954328614
495 386310068
496 1454886252
497 1637710003
498 1637710019
499 821649050
500 821649052
501 2078637090
