0 0
1 17
2 36
3 70
4 120
5 260
6 522
7 793
8 1706
9 3296
10 5005
11 8312
12 18323
13 34938
14 34948
15 34968
16 69918
17 174774
18 279670
19 279683
20 804064
21 1608119
22 2691883
23 5383767
24 8075662
25 13459440
26 21535104
27 43070221
28 64605331
29 64605338
30 172280897
31 366096892
32 538377806
33 904474707
34 1442852515
35 -1043165358
36 1304161865
37 260996512
38 -1425647045
39 -903654009
40 -1807308033
41 158358215
42 1742363489
43 -810240325
44 -810240308
45 -1620480620
46 1864246381
47 365648634
48 365648638
49 365648655
50 1096945935
51 -236829050
52 1591414197
53 -1843436207
54 -1843436201
55 -2095458197
56 -1487363300
57 -1487363280
58 -775217466
59 -775217449
60 -230194184
61 -1005411613
62 -1005411598
63 503515006
64 -501896583
65 -501896580
66 -501896572
67 -1505689720
68 1785484426
69 -723998431
70 -723998423
71 -1447996846
72 2122972045
73 2122972052
74 2122972057
75 625952028
76 -1546043200
77 -969114340
78 -969114329
79 810695437
80 -158418878
81 -316837763
82 -1602789867
83 2058501916
84 -19544579
85 436167477
86 436167491
87 852790400
88 1725125380
89 -1717051499
90 8073885
91 868938170
92 868938184
93 868938199
94 -1688152724
95 -819214514
96 -1638429020
97 1887047441
98 -1389810600
99 -1141192165
100 -643955307
101 -1287910611
102 -167901377
103 -167901373
104 886106467
105 -737606880
106 -187303161
107 -206704936
108 -394008094
109 -788016171
110 -1388729184
111 1517508918
112 -659236418
113 -659236403
114 199036108
115 -990656960
116 -791620840
117 2052489218
118 1260868387
119 -981609678
120 1540127088
121 1819385813
122 -656195678
123 1163190143
124 -428459919
125 -856919840
126 -1285379756
127 -1407569353
128 1479828589
129 -1213120517
130 -1140861278
131 727864985
132 -1553857557
133 -1966853834
134 -851860901
135 650260001
136 1300519994
137 1873175000
138 1873175006
139 550301811
140 1684530
141 -1869805938
142 -1869805936
143 -1314450517
144 -759095086
145 -1518190167
146 2017682059
147 -1574053697
148 -1833656874
149 1386748627
150 1386748636
151 1383468754
152 -138001263
153 -1662751156
154 -1800752399
155 -831287408
156 -831287395
157 -969112311
158 -969112297
159 -1106584494
160 -412416590
161 -412416584
162 -412416572
163 982020763
164 -255228968
165 314375241
166 59146286
167 1100313334
168 -2094340631
169 -934880998
170 -1928908293
171 -1928908290
172 -1491757570
173 -1054606844
174 -2109213682
175 2005448219
176 -1158372299
177 -1262137747
178 716084948
179 -1808190559
180 -1507167426
181 -724815782
182 -291259266
183 -1016075038
184 -1307334296
185 1971557971
186 1971557991
187 1971557996
188 -351851300
189 1619706701
190 -1055553890
191 564152828
192 564152837
193 1128305667
194 -2038355951
195 218255401
196 -1820100548
197 -1601845144
198 873021618
199 -74057326
200 1890241313
201 1890241322
202 284479637
203 -230005007
204 -460010014
205 -460010008
206 -460009992
207 -920019980
208 1764912300
209 384882335
210 -2145172655
211 4621982
212 -910776006
213 1628522968
214 -1037921362
215 590601620
216 -447319733
217 143281907
218 877165415
219 1020447332
220 -2110790744
221 -517215816
222 -517215800
223 -517215781
224 -1551647396
225 -1551647390
226 -359974878
227 -359974862
228 -719949737
229 -1079924596
230 1775143233
231 -24731080
232 670487577
233 645756508
234 1986731651
235 -991991546
236 1640496620
237 -1659730558
238 -1659730538
239 975506204
240 1951012424
241 -392942454
242 -785884920
243 -1178827359
244 -1964712269
245 365542768
246 1516970445
247 1516970447
248 -895483628
249 539287772
250 -1251679478
251 1426065563
252 -181809757
253 -363619524
254 -371043182
255 -734662705
256 -1105705880
257 1719936009
258 1719936026
259 -855095243
260 744408221
261 -2071488154
262 -2071488144
263 151991004
264 151991006
265 151991026
266 -1615515105
267 -1463524070
268 1215928140
269 1215928147
270 -495191850
271 -1142374737
272 -421638435
273 -1564013153
274 -1985651571
275 -1985651566
276 -1661987428
277 647328314
278 2039959202
279 1025300107
280 2050600204
281 820892230
282 -398174750
283 -1821649609
284 2075142944
285 -144681412
286 108811930
287 2039273482
288 2003404010
289 -143477862
290 1859926152
291 1716448302
292 1716448304
293 -1437185684
294 279262634
295 558525256
296 558525270
297 1675575791
298 1634703269
299 411624928
300 -14538037
301 2031790175
302 -1866090210
303 -2097477153
304 -1946315206
305 -1614915270
306 -1614915261
307 -881178422
308 1798873628
309 917695208
310 -1578398448
311 256991983
312 -1321406457
313 -1725117710
314 -72963329
315 -72963314
316 -72963309
317 1029553185
318 -914454476
319 -103791239
320 -61655836
321 -1079901531
322 2135164221
323 1055262704
324 -1104540359
325 -49277646
326 956707398
327 -1301650961
328 -344943560
329 -344943555
330 -1034830662
331 1268598574
332 -1757770148
333 -1524002218
334 1013194945
335 -2034809493
336 1260178967
337 -1285437793
338 -1285437785
339 1962656143
340 1962656156
341 -1655092771
342 -300656033
343 6907355
344 -1948841445
345 -1941934077
346 404191787
347 404191798
348 808383598
349 2020958974
350 -1465624710
351 1767909676
352 1767909690
353 604569938
354 -154577986
355 -309155965
356 -309155958
357 -618311912
358 -927467866
359 -927467860
360 1512563710
361 -960683923
362 -1303055926
363 -1303055918
364 -1303055909
365 -574884364
366 -574884346
367 -1149768695
368 -1724653025
369 1420545595
370 -1453876111
371 -33330515
372 1353884551
373 -437429503
374 883124551
375 312372975
376 2111952588
377 -71062129
378 -1058579301
379 -1129641415
380 -1129641396
381 -1276971641
382 -299866455
383 -1576838087
384 1141291127
385 1141291137
386 705744185
387 1847035323
388 -1036443591
389 -1036443579
390 1621183485
391 2101075838
392 1649372156
393 40220613
394 80441232
395 -423857452
396 -423857432
397 -423857416
398 -847714836
399 -2038845902
400 560691725
401 -1478154162
402 490944141
403 -426518291
404 1403084826
405 -10643478
406 965923063
407 955279586
408 1910559184
409 -463205443
410 1447353760
411 984148334
412 -416111443
413 568036908
414 1136073802
415 1704110717
416 -886745853
417 -1773491721
418 179946951
419 1814676686
420 1038496787
421 -1441793812
422 -403297020
423 -806594028
424 -1209891047
425 -2016485056
426 -2016485040
427 261997218
428 -1492490637
429 -968496204
430 79492643
431 1913473100
432 1992965759
433 -388528427
434 -697564203
435 906873135
436 1813746267
437 1634526777
438 60178885
439 1694705679
440 1754884566
441 849328612
442 3951573
443 853280199
444 857231783
445 1710511984
446 -20663134
447 -894606447
448 1652474201
449 -990018898
450 1457697710
451 467678830
452 1925376555
453 -1901911910
454 491143481
455 -1410768426
456 -919624936
457 -1815785233
458 639932190
459 -2095477970
460 -1455545778
461 -1455545769
462 -71670015
463 -71670012
464 -71669998
465 -143339999
466 -1813895786
467 2122721501
468 93815738
469 402641473
470 496457221
471 899098696
472 1395555934
473 1395555939
474 -108299502
475 -713056224
476 1969756161
477 1256699953
478 -1068511164
479 1336589232
480 1524778041
481 1792856117
482 359256107
483 -349998951
484 1802113286
485 1452114348
486 -1390738609
487 61375741
488 1924864780
489 1986240535
490 1986240543
491 1986240558
492 1986240567
493 -322486170
494 -644972328
495 1018782089
496 1018782095
497 1018782113
498 -1238620979
499 -1238620962
500 -1238620947
501 -1678298662
