0 0
1 7
2 23
3 46
4 86
5 87
6 247
7 258
8 273
9 878
10 894
11 1779
12 4102
13 5892
14 11780
15 23564
16 41250
17 64815
18 147317
19 212139
20 212158
21 212174
22 424348
23 424353
24 1485173
25 1485190
26 3819068
27 7213786
28 14003235
29 21217034
30 42434074
31 63651113
32 106085193
33 212170397
34 424340790
35 848681587
36 848681605
37 -1961092916
38 372781469
39 -739629829
40 1967026039
41 1227396223
42 -1840174846
43 987399070
44 -1953320797
45 1488870729
46 1488870733
47 1488870753
48 -1317225798
49 -1317225781
50 -1317225779
51 -973935853
52 -630645898
53 55933990
54 -1548647746
55 -2123359646
56 678893895
57 1357787796
58 -1579391709
59 -221603908
60 -1800995597
61 -2022599496
62 -2022599477
63 942744417
64 -830086754
65 112657674
66 -1797284135
67 -1797284123
68 -17030027
69 683369029
70 1479395719
71 -2132202546
72 -1783751937
73 379012830
74 -2057545926
75 832682271
76 -466837995
77 365844295
78 -946844517
79 -946844516
80 -946844503
81 1353440074
82 -1487093452
83 -133653359
84 -267306733
85 -400960077
86 -400960076
87 -1069226880
88 -1871147028
89 285366520
90 1238999834
91 -346780671
92 -693561342
93 -693561328
94 -494903505
95 -989806993
96 2116695483
97 631984999
98 1263969998
99 -1767027307
100 -503057297
101 -374129594
102 -1380244182
103 -1380244180
104 1160349344
105 -219894821
106 2100803876
107 -1253708879
108 847094999
109 1474295180
110 -1973577100
111 1194908077
112 289012287
113 984638448
114 984638449
115 -841770018
116 142868434
117 1559387605
118 1559387619
119 -1176192060
120 -1176192054
121 1942583193
122 1942583209
123 1532782305
124 -1229402701
125 -1282613332
126 -1389034615
127 -425685118
128 -425685108
129 -851370223
130 -1277055321
131 -73863076
132 1666993573
133 316075192
134 1983068774
135 1983068791
136 1580375970
137 -1060352282
138 520023696
139 -540328571
140 -1812179685
141 -1312460853
142 -1312460848
143 -142134082
144 -284268156
145 -284268153
146 -2023131229
147 -2023131214
148 248704862
149 -71126592
150 -1845552940
151 -1916679523
152 -1312818108
153 1065469669
154 214259814
155 -33088620
156 -66177240
157 114993961
158 48816722
159 163810699
160 327621390
161 589065541
162 916686939
163 1997184579
164 -300598135
165 -300598130
166 -601196251
167 -901794374
168 -1502990612
169 1288986065
170 -1115798920
171 -1115798905
172 2063369487
173 -168228327
174 952529411
175 616072756
176 616072766
177 1232145530
178 -1830676224
179 1586144254
180 1586144259
181 -1105136704
182 481007575
183 481007583
184 962015169
185 1443022759
186 1443022777
187 1443022789
188 1477123801
189 1477123805
190 1545325886
191 -1204315514
192 341010382
193 -863305120
194 -863305100
195 1705051946
196 1705051953
197 1683493686
198 1683493688
199 777072032
200 -1035771285
201 518372793
202 -668306362
203 1274860868
204 89156031
205 1364016907
206 1453172957
207 -782066876
208 -895827401
209 1228451623
210 -1927220073
211 -1594595844
212 2001603010
213 -291761279
214 -291761272
215 -291761265
216 -468276646
217 -1051799169
218 -2103598345
219 379531878
220 1519101675
221 -1256763956
222 1781439384
223 2043777106
224 2043777122
225 1574026332
226 1574026334
227 -1354327692
228 -1354327688
229 -1811792886
230 -1372395589
231 -1597876546
232 1099214194
233 1099214199
234 1099214217
235 327370487
236 2027136561
237 2027136567
238 1185890545
239 -1081940177
240 -1081940167
241 -1218683947
242 1994343198
243 -1388221083
244 1518525139
245 -175976852
246 1342548294
247 1166571459
248 -1785847538
249 547295370
250 547295376
251 1817862962
252 -1929808944
253 435349402
254 1417994184
255 1741397616
256 1664932276
257 1664932293
258 1664932299
259 699829592
260 1399659177
261 -530546226
262 -530546223
263 -1591638660
264 1642236199
265 1642236212
266 -1010494871
267 151792674
268 783534027
269 783534045
270 -1944365208
271 -225504443
272 2125097649
273 1899593221
274 1899593239
275 1899593247
276 -991561661
277 -991561660
278 -579310900
279 1732533086
280 -829901129
281 323321070
282 -506580041
283 140062099
284 859435091
285 -13662890
286 -13662884
287 465591376
288 1297700701
289 1735966306
290 -795708905
291 -2057009180
292 1442249218
293 1442249225
294 827489264
295 859269641
296 859269642
297 -306689523
298 1411849771
299 1105160258
300 -2084646773
301 984943377
302 5456865
303 10913740
304 10913746
305 27284355
306 54568715
307 81853079
308 136421800
309 136421819
310 354696701
311 627540335
312 627540339
313 627540343
314 627540360
315 1882621059
316 -529725178
317 -1059450372
318 1548526219
319 1841971734
320 -611023816
321 -1515493153
322 204530620
323 -1310962519
324 -1310962499
325 -248944058
326 1628628848
327 -1037709591
328 341975201
329 683950411
330 1616844884
331 -1994171996
332 648598503
333 955221810
334 1603820333
335 1213468669
336 126142032
337 -396314438
338 -792628884
339 -1062801276
340 -912133891
341 1527403250
342 1527403268
343 2142672637
344 -624891382
345 -634513402
346 -634513392
347 -634513380
348 -634513363
349 1132022380
350 -137004357
351 995018024
352 721009305
353 -1583921941
354 -1583921922
355 -1583921916
356 -1583921914
357 -2040720393
358 -2040720387
359 1340649988
360 -700070383
361 854106122
362 1494685744
363 -1946175422
364 1043196057
365 -902979355
366 542833156
367 542833164
368 542833179
369 542833192
370 1628499545
371 -1037968203
372 -2075936418
373 -942571883
374 1866990352
375 1866990361
376 -1503558455
377 -1503558441
378 726863818
379 1453727642
380 -2114375819
381 -2114375813
382 1519943310
383 -528216843
384 1057942142
385 -64707196
386 -64707188
387 -129414375
388 799113395
389 1598226787
390 -1897627111
391 370298714
392 870011791
393 1240310518
394 -2113746587
395 -2113746574
396 67474137
397 134948278
398 269896557
399 472318983
400 -1169108613
401 -696789617
402 -988734408
403 -1685524010
404 1620708895
405 1375519545
406 1375519559
407 1697489596
408 153561412
409 1851051024
410 2004612447
411 2004612451
412 2004612452
413 1718870056
414 1433127667
415 575900490
416 1437543387
417 870474311
418 -1986949580
419 321068133
420 1218036747
421 1860173008
422 -895689395
423 -2112446934
424 -2112446927
425 70073453
426 -755542487
427 1497051349
428 811582331
429 1553091196
430 -1118711440
431 -1118711430
432 -1118711410
433 -1118711404
434 -179878372
435 1877666111
436 -539635066
437 -539635061
438 618517627
439 -460752485
440 157765144
441 -224104755
442 -224104749
443 -290444340
444 -580888699
445 -580888679
446 -1161777360
447 1456863486
448 295086139
449 -571605102
450 1180344538
451 1180344539
452 1789083987
453 -716799333
454 -1433598650
455 819030551
456 457716560
457 -156851531
458 300865037
459 144013516
460 288027040
461 288027057
462 288027076
463 864081174
464 1728162354
465 -1414696679
466 1753600992
467 -1075792377
468 -736888055
469 -1812680416
470 -1812680413
471 -1812680410
472 1339212933
473 -473467465
474 -473467450
475 -473467446
476 -473467437
477 -1420402327
478 -1420402321
479 33760328
480 33760332
481 67520672
482 1589203982
483 1690484995
484 -913997301
485 -1827994599
486 -1827994583
487 1415465817
488 -412528751
489 1641915200
490 1641915203
491 -1836194401
492 -1844394227
493 -2038673405
494 1859535676
495 -2023531942
496 -1588290993
497 504006652
498 -1084284331
499 2126398626
500 1546120953
501 -1706732044
