0 0
1 15
2 27
3 54
4 98
5 198
6 396
7 749
8 750
9 2207
10 2221
11 2229
12 2236
13 8911
14 13386
15 13401
16 35710
17 73655
18 122779
19 245553
20 368345
21 736680
22 1350581
23 2701168
24 2701171
25 5402341
26 8103529
27 16207059
28 16207068
29 40517666
30 56724745
31 137760081
32 251209565
33 486212074
34 931906484
35 1418118563
36 -1458730164
37 891294900
38 891294905
39 1782589806
40 1782589809
41 -405928026
42 -1135715700
43 -1380136487
44 1779115118
45 1779115134
46 -736737024
47 305641050
48 1348019164
49 -1598928965
50 1097109361
51 846199579
52 846199580
53 1692399171
54 -1756368531
55 -1569428116
56 -787197889
57 -1574395779
58 -1574395767
59 -1210450240
60 1510121299
61 1510121319
62 -1274724677
63 235396658
64 235396676
65 706189987
66 1412379973
67 1412379988
68 1412379991
69 648362653
70 648362666
71 -1585861973
72 1123243356
73 185744065
74 -276874548
75 -553749081
76 -553749076
77 -553749059
78 -1661247197
79 695598351
80 -1519397895
81 1809920574
82 290522683
83 2100443273
84 -1613478641
85 -1613478625
86 -1126513983
87 -1962505285
88 79434040
89 -1941575188
90 -656193108
91 -185872234
92 -842065340
93 669261435
94 -358676127
95 -1373545362
96 -1062960045
97 1499785763
98 1499785770
99 1936611494
100 -858570015
101 -858570005
102 -1717140011
103 2117235
104 2117238
105 4234478
106 8468970
107 14820699
108 31758640
109 31758655
110 31758657
111 118565630
112 118565633
113 118565635
114 419214212
115 806669781
116 806669794
117 -2143847858
118 7271578
119 -1329906479
120 -1853143179
121 -217988835
122 901200389
123 -1169931606
124 -268731205
125 -755451239
126 2100853258
127 -93260790
128 -93260778
129 1914331700
130 1914331711
131 1448027812
132 981723933
133 49116174
134 2012564035
135 2012564037
136 761000888
137 540277840
138 1031439517
139 1571717370
140 -1151532552
141 -1542064226
142 449837958
143 449837962
144 -642388295
145 257287638
146 257287639
147 514575291
148 836600241
149 1608463175
150 -820753297
151 787709897
152 1575419784
153 1575419800
154 -1144127706
155 -1500545507
156 1650294084
157 -994379110
158 -413338423
159 -1257968943
160 -1671307349
161 1365691007
162 -1563585280
163 1167796733
164 -701404872
165 -1402809755
166 -1134312157
167 -2070730037
168 1089925115
169 -2115117072
170 -1338076609
171 841773621
172 -496302986
173 -2017797919
174 1284563413
175 -387763855
176 -1120998344
177 -1508762188
178 -1508762179
179 -231319266
180 -462638520
181 -537513186
182 -537513166
183 -1075026340
184 -1075026330
185 -1075026327
186 -1075026312
187 -1075026302
188 -5137959
189 -1080164250
190 -1085302205
191 -1085302195
192 1039060695
193 1039060706
194 -1172647234
195 -1172647231
196 -1352475252
197 -1352475235
198 1590016829
199 1590016838
200 1827558436
201 -639850417
202 -639850412
203 -639850407
204 1498024046
205 1498024062
206 1716347304
207 417428118
208 834856248
209 1669712496
210 -1790398551
211 -120686044
212 -241372081
213 352112086
214 352112092
215 -1448232486
216 -1096120391
217 -1840128694
218 -89514269
219 -179028525
220 -358057063
221 732118365
222 374061312
223 374061325
224 1480241004
225 1480241023
226 145755750
227 -1188729502
228 437267275
229 874534558
230 1311801848
231 -1671363606
232 952240089
233 1904480175
234 -1797808784
235 -1797808775
236 -738897277
237 1864932642
238 -565102003
239 -565101998
240 734728654
241 734728658
242 1469457318
243 1808710633
244 -112444013
245 -394514695
246 1301751934
247 907237259
248 907237265
249 -1685699535
250 128774998
251 -649687261
252 -392137263
253 1696218249
254 1696218268
255 1696218281
256 401550258
257 2097768550
258 2097768570
259 2097768578
260 1998338421
261 1998338427
262 -298290430
263 -596580876
264 1103467132
265 -2088033036
266 -2088033029
267 -2088033017
268 -865664636
269 1460170885
270 -1493526761
271 1307913773
272 1307913780
273 -1712495606
274 -590194794
275 -1180389606
276 811887310
277 1623774619
278 1255272332
279 -1784422626
280 1094624337
281 -2105718630
282 -2105718629
283 -606268236
284 -606268222
285 -34382083
286 -1246918527
287 -1887568829
288 -86438583
289 -1974007394
290 -2060445961
291 1334555316
292 1595069274
293 -1365342702
294 -496164068
295 -266437486
296 -762601552
297 -1525203088
298 1244561111
299 1244561122
300 -65119877
301 -1870964930
302 -1936084794
303 487917573
304 -2139690890
305 -1163855743
306 1967255814
307 -1336290812
308 2110303240
309 -1553699049
310 -779686620
311 -223082410
312 -1002769018
313 -1225851427
314 -490121211
315 -1715972636
316 -1715972632
317 372900837
318 372900854
319 1118702511
320 148531590
321 297063177
322 -1984868322
323 -1984868313
324 -1984868299
325 325230702
326 -1037343745
327 1923216626
328 1211103594
329 437338883
330 -723308185
331 925134293
332 -521482083
333 117682916
334 521335127
335 1042670270
336 2085340526
337 2085340537
338 -124286216
339 1315432964
340 -1018480001
341 -1018479987
342 -1018479974
343 -1018479961
344 -2036959916
345 221047451
346 1460574884
347 1460574890
348 86757349
349 1547332253
350 481319540
351 2115409154
352 -150906332
353 -301812665
354 -603625332
355 -603625319
356 -1509063303
357 1125934352
358 -1590379599
359 1114208096
360 -476171499
361 173591353
362 173591364
363 985219334
364 1158810715
365 1158810725
366 1158810730
367 340275591
368 -478259518
369 1020826806
370 542567304
371 1085134608
372 1085134616
373 1085134627
374 523830679
375 -1600867362
376 -1600867349
377 -507634775
378 1109428508
379 -999073600
380 110354924
381 220709852
382 331064789
383 551774648
384 551774668
385 1655323967
386 1655323983
387 450294775
388 17750104
389 17750116
390 2141118994
391 -12729315
392 -2131077383
393 -2131077370
394 -2133765059
395 27437183
396 -2086244636
397 135207339
398 -1923600100
399 420329910
400 -1368062841
401 1558841615
402 -1312491408
403 -701382715
404 -1402765438
405 878327739
406 -1225820410
407 -1750258100
408 1318888791
409 -1657189701
410 -1657189687
411 -1657189671
412 642287046
413 1284574092
414 1926861152
415 539342935
416 -544189103
417 1922015000
418 1922015006
419 -455783451
420 -906720734
421 -906720714
422 1574805125
423 1227595251
424 533175493
425 1522134436
426 -343977689
427 -343977683
428 -687955359
429 -687955358
430 -541731642
431 -541731626
432 1491615629
433 949884022
434 -1853467640
435 -903583599
436 1537916066
437 634332483
438 -2122718732
439 -1488386237
440 1318194822
441 -170191410
442 -1828769057
443 3096695
444 -1825672356
445 -1822575650
446 -1822575630
447 649816017
448 1299632048
449 -1695703210
450 -1568830774
451 1030433329
452 -284652572
453 -284652560
454 1491561526
455 383858960
456 1590767930
457 1590767950
458 1590767963
459 -1113431377
460 -636094825
461 -1749526188
462 -1908284422
463 -1908284403
464 1274313392
465 1274313402
466 640342409
467 640342421
468 1280684845
469 1921027282
470 1461743077
471 1461743081
472 1830231006
473 -634505289
474 1745271865
475 107773374
476 107773375
477 1326313345
478 1326313347
479 -1426793850
480 1225832848
481 1225832866
482 -617468723
483 407403149
484 -2053367148
485 -1645963979
486 595636174
487 1191272363
488 1191272374
489 -1912422550
490 -721150166
491 1661394584
492 -972178129
493 -753083880
494 -785017575
495 -1538101436
496 1907980871
497 1907980884
498 739758868
499 739758882
500 1479517766
501 1479517778
