0 0
1 14
2 26
3 40
4 99
5 107
6 209
7 472
8 946
9 1847
10 2803
11 4653
12 10254
13 14923
14 14941
15 44788
16 89563
17 89567
18 223928
19 447848
20 895712
21 1567507
22 3135013
23 3135016
24 3135033
25 11868298
26 21273364
27 39411731
28 60685096
29 100096832
30 200193665
31 400387327
32 400387339
33 1161750269
34 -2032151862
35 -870401574
36 -1340415824
37 -1340415805
38 -126667480
39 -1467083274
40 20384932
41 40769852
42 1421955527
43 1462725382
44 -1410286374
45 -1410286369
46 104878037
47 -1252969310
48 -1252969290
49 1789028697
50 -716909888
51 -1328941736
52 1532205780
53 22413580
54 -491232244
55 -491232243
56 572154885
57 572154889
58 653077547
59 1225232441
60 -1763579776
61 -1763579771
62 767807765
63 767807769
64 -227964235
65 -455928468
66 -455928466
67 395794385
68 -744026783
69 -1488053564
70 1546824411
71 1546824431
72 861568502
73 -339749946
74 521818557
75 1043637118
76 2087274248
77 2087274252
78 923218327
79 -1284474715
80 -361256379
81 1364761492
82 1364761502
83 1364761518
84 1364761530
85 1364761545
86 1364761549
87 1364761551
88 1364761557
89 -1565444173
90 -1766126802
91 -602047850
92 -1204095715
93 -1806143547
94 682680188
95 1967408238
96 1967408258
97 1607257429
98 1929786837
99 -1118073810
100 2058819658
101 182822822
102 1123568690
103 -118043098
104 1005525600
105 887482509
106 1774965025
107 -745037249
108 1029927782
109 1029927785
110 1314818332
111 1314818345
112 -635402817
113 679415547
114 44012750
115 88025481
116 811453783
117 811453802
118 1710933069
119 1710933075
120 -873101147
121 -1746202283
122 802562720
123 -943639559
124 -943639553
125 -943639541
126 1464048648
127 1464048659
128 1984457769
129 1984457772
130 1658406012
131 -1498564369
132 1297838562
133 -200725800
134 1097112777
135 896386982
136 1592048160
137 1592048172
138 1592048173
139 1377564207
140 1858741418
141 533386522
142 533386539
143 8111406
144 8111416
145 16222837
146 16222852
147 48668529
148 48668540
149 48668552
150 162228480
151 324456958
152 632691062
153 1119376510
154 2076524546
155 20310278
156 -446064890
157 -892129787
158 -1338194668
159 2064642842
160 -165681595
161 560766587
162 395085007
163 1516618175
164 1516618192
165 1516618210
166 254887286
167 904859590
168 1159746889
169 -458855315
170 -917710634
171 -1376565933
172 -1593384978
173 1108197339
174 -485187625
175 623009732
176 -1723931451
177 -1586109339
178 -2064021327
179 -456085087
180 188751551
181 -1346428351
182 617184088
183 1234368190
184 1234368192
185 -1209046809
186 1259689589
187 -1775588126
188 -490577147
189 -490577132
190 1538224895
191 1047647765
192 1047647785
193 1047647795
194 -104376172
195 1990919411
196 1886543257
197 1886543260
198 -1882657032
199 -413618394
200 -827236792
201 649574313
202 -177662478
203 1643366924
204 1465704457
205 -1541220867
206 -75516409
207 -75516399
208 -75516388
209 -75516368
210 -75516348
211 -151032711
212 -302065409
213 -604130819
214 -1208261649
215 -1208261644
216 1878444016
217 -1142210087
218 736233939
219 -944055420
220 -679849185
221 -1623904596
222 641181959
223 -1662571816
224 969823665
225 -51566179
226 -744314324
227 173943169
228 173943189
229 -447994136
230 -100107768
231 -548101901
232 -922260613
233 -1844521211
234 431981673
235 1311957485
236 1311957493
237 -1239070632
238 -1239070629
239 1816826045
240 577755424
241 577755444
242 494195662
243 -2067505331
244 -1573309665
245 -1991108461
246 -265005042
247 -1601961189
248 -1866966227
249 1291584018
250 -138489591
251 1979134324
252 1979134344
253 816395802
254 1632791603
255 133354471
256 133354485
257 1899500573
258 -495966161
259 1670243383
260 -1221189495
261 449053895
262 -772135598
263 -323081688
264 -1867352866
265 -1867352858
266 -1867352856
267 1892658741
268 1892658742
269 -509649803
270 1383008941
271 363709326
272 1237068481
273 -1311180539
274 -74112052
275 1598494173
276 1524382131
277 1737583720
278 565492730
279 1056873408
280 1056873415
281 2113746831
282 498019089
283 996038184
284 369710236
285 1365748435
286 1735458678
287 670007334
288 841995581
289 841995593
290 -1940968782
291 413029728
292 156052140
293 -1371886907
294 -1371886895
295 2120275372
296 -54416545
297 -521862828
298 -521862813
299 -349753706
300 -871616509
301 1975454903
302 232221895
303 1336060300
304 -1622846692
305 1049273904
306 762487520
307 1757196931
308 1757196939
309 -18085897
310 -798659322
311 -834831124
312 1862817529
313 1968438145
314 -2115287964
315 1715967720
316 1715967730
317 -863031826
318 -863031813
319 -10095899
320 1695775913
321 1685680028
322 -913511344
323 -1837118586
324 620730122
325 1251556141
326 1251556161
327 1286723839
328 -1756687277
329 2033148883
330 276461609
331 552923226
332 -1432433571
333 -326587123
334 -1759020675
335 1606310767
336 -479297027
337 -632006929
338 495006823
339 -137000102
340 -753297233
341 -753297224
342 -1148587718
343 -1901884927
344 -262099792
345 -262099784
346 -33002141
347 -295101922
348 1540778741
349 1540778755
350 1540778765
351 327368972
352 654737945
353 982106919
354 982106922
355 -1676015494
356 942936304
357 1231134654
358 1480162405
359 -1334642487
360 643575394
361 -1331801018
362 -688225615
363 -688225610
364 1586715069
365 -477961764
366 1108753310
367 1108753315
368 -2077460665
369 -337915798
370 -1306623129
371 -1644538913
372 -1071571189
373 -65681719
374 1513175489
375 -1268616312
376 -1268616307
377 1757734683
378 489118385
379 1222795945
380 -2093934573
381 1375714453
382 993694223
383 1498270055
384 -427288549
385 2064675744
386 -165615803
387 -165615802
388 -1490541633
389 -184386037
390 -1674927655
391 -1674927636
392 760725986
393 1705838005
394 791636360
395 -1797492920
396 -1005856555
397 -305875097
398 -611750194
399 -1923481845
400 -1349489308
401 -1349489300
402 1595988707
403 1268495566
404 165505671
405 331011356
406 331011359
407 331011363
408 331011376
409 1489551138
410 -2143393415
411 339191827
412 16360944
413 -298289501
414 -596579001
415 1612258160
416 1072942437
417 -1609766690
418 180565413
419 -356258828
420 -175693406
421 -1961153508
422 1801861560
423 1801861563
424 1466876216
425 775632049
426 1551264095
427 1551264103
428 -1192439083
429 -1192439063
430 1910089153
431 -1667228088
432 242861070
433 485722138
434 -220994780
435 750449502
436 1015176877
437 1544631602
438 -1205704088
439 2104553900
440 -1851485881
441 -952636056
442 -1905272124
443 484423060
444 484423076
445 484423078
446 -1404638965
447 48630257
448 48630268
449 97260529
450 -725694816
451 -531173752
452 -1159608032
453 -1690781768
454 -1690781750
455 -1503072816
456 -1503072803
457 1288821695
458 886861641
459 1773723267
460 943261004
461 -1577983009
462 -1577982990
463 1139001314
464 -1073703674
465 1204298947
466 130595279
467 261190560
468 391785843
469 652976406
470 1044762265
471 -1813656941
472 -768894675
473 1712415694
474 -870135914
475 -695509556
476 -622124450
477 -1244248888
478 -1244248874
479 -381300376
480 803044727
481 -2066753398
482 1405709392
483 -239299647
484 1166409751
485 1166409754
486 -1962147790
487 -1962147774
488 -1591476052
489 741343478
490 686948921
491 207488099
492 44304452
493 88608907
494 132913369
495 265826730
496 487349007
497 886089117
498 1772178232
499 1772178251
500 888654051
501 888654071
