0 0
1 13
2 27
3 49
4 104
5 111
6 282
7 300
8 702
9 1404
10 1422
11 2845
12 2854
13 9229
14 12102
15 28463
16 49800
17 90375
18 140188
19 230574
20 370773
21 881726
22 1252511
23 2505017
24 4639265
25 9649308
26 18927843
27 36973953
28 72695395
29 128597205
30 238266558
31 476533126
32 916092293
33 1832184586
34 -703293517
35 2044983378
36 2044983395
37 -205000515
38 -410001020
39 -615001515
40 -1435003553
41 -620023188
42 -620023174
43 1619917384
44 379871024
45 1999788423
46 -1915307841
47 -1915307832
48 -1830827233
49 -1830827215
50 -1197514392
51 1815457937
52 1251256394
53 -1228252961
54 -1228252943
55 -1228252923
56 1861464875
57 -1823293936
58 1876632377
59 686550395
60 -1731784517
61 -991895663
62 1571287135
63 579391481
64 -573001553
65 -1146003099
66 431673979
67 -1287330661
68 1720305974
69 864649311
70 1729298620
71 1729298621
72 -836370035
73 -836370030
74 -836370025
75 -1672740044
76 1842415799
77 1955532964
78 -497018518
79 791820192
80 -1874956901
81 -1874956900
82 -1499579157
83 920431241
84 -34094420
85 -34094410
86 -68188827
87 -68188809
88 715864786
89 545392750
90 1193068729
91 -1908829836
92 -1908829834
93 477307631
94 -1601890552
95 545793450
96 -101481839
97 -101481829
98 -781753121
99 -2040813871
100 1815230094
101 1815230098
102 807893220
103 -1897427748
104 -1754041627
105 786884045
106 1430381985
107 -626310119
108 1590955930
109 -1113055439
110 -1113055422
111 168916941
112 -2057193901
113 -2057193896
114 349496449
115 349496469
116 698992931
117 1578565366
118 -1667912515
119 609645785
120 1219291570
121 1739590212
122 -1336085494
123 1622796306
124 1622796315
125 1622796320
126 573421660
127 573421675
128 573421685
129 1146843367
130 1720265053
131 -1427858872
132 2012671234
133 2012671241
134 2012671243
135 -269624800
136 1743046447
137 1473421652
138 -1617748800
139 -953201544
140 375892975
141 -577308561
142 -201415579
143 -778724123
144 -980139688
145 -1758863799
146 575824122
147 -1183039667
148 -1183039648
149 1928888001
150 1928888008
151 1491696699
152 1491696703
153 -1748765180
154 -1748765163
155 -514136925
156 -1028273860
157 -1542410781
158 1724282661
159 181871893
160 -664530068
161 -1329060152
162 -1811718324
163 -1811718308
164 -1322059537
165 -1979589020
166 335789265
167 1329108010
168 1329108017
169 1329108026
170 -1636751236
171 -307643208
172 -615286401
173 -1230572813
174 2141464877
175 2141464893
176 -1857896726
177 283568168
178 1478028415
179 1478028423
180 -1338910449
181 -1338910440
182 278235958
183 1895382380
184 834707908
185 -1286641037
186 -451933116
187 1269752103
188 365885866
189 365885879
190 262949700
191 994721461
192 1623557046
193 -1047853205
194 1833375017
195 1833375025
196 942208066
197 -1519384201
198 -577176129
199 679022773
200 101846648
201 780869439
202 780869444
203 1663585537
204 1663585549
205 695789339
206 1289732019
207 1798594595
208 1152734221
209 -53906453
210 587976434
211 1686804208
212 -2074093090
213 1299515331
214 1446296445
215 -1348467951
216 1010054956
217 -1887568499
218 -1887568483
219 519830330
220 2049715611
221 681977462
222 -523613577
223 -2086887789
224 1684465947
225 1684465948
226 -926035394
227 -1852070779
228 590825725
229 -502814498
230 -1764059551
231 -1764059549
232 -997211354
233 -142351925
234 -875529578
235 -875529563
236 -875529552
237 -875529540
238 -875529526
239 -1751059048
240 1668378735
241 -82680300
242 -1916419659
243 -2081780263
244 1882465811
245 2096552893
246 1897238460
247 -500490376
248 -500490374
249 -500490354
250 -1000980722
251 -1000980703
252 1292025151
253 -709936269
254 -709936251
255 -709936249
256 -709936239
257 -709936231
258 745286075
259 35349860
260 -1349172776
261 -1349172759
262 1631971641
263 -1031024018
264 -2097397907
265 1166545386
266 1166545395
267 -1961876512
268 -1726183634
269 -1354969357
270 1213814317
271 -1867338661
272 -1401586535
273 884887080
274 -1170223784
275 1954519720
276 -1599742164
277 354777559
278 709555130
279 1064332698
280 528923238
281 528923253
282 -1108455410
283 -50608914
284 -630141070
285 -1789205389
286 1245479776
287 -1224475595
288 1846016115
289 621540532
290 -1806406463
291 -563325402
292 -1126650810
293 -1689976209
294 915014884
295 23623315
296 -751338001
297 -1502676008
298 -1502675990
299 -1502675986
300 -964398675
301 -1928797345
302 1401771285
303 -1491424715
304 -2018450763
305 258065760
306 258065764
307 1301223348
308 -1692520598
309 -133231471
310 -266462943
311 -399694402
312 -666157335
313 1136900555
314 1136900559
315 1607643791
316 -1479374124
317 128269681
318 128269693
319 1521709601
320 1906518656
321 -866739037
322 1039779637
323 1039779651
324 1212820262
325 -2042367368
326 -2042367351
327 1423052856
328 1633285439
329 -1238628992
330 394656453
331 -843972535
332 -1687945061
333 1763049707
334 75104655
335 75104667
336 1913259035
337 2063468362
338 2063468371
339 -168030558
340 1895437833
341 -822331535
342 1073106314
343 2146212618
344 -170572622
345 -173114681
346 -343687287
347 -1763022952
348 -2106710236
349 -2106710230
350 -2025163399
351 163093672
352 751421457
353 914515144
354 1829030283
355 -636906730
356 -1436907134
357 -2073813851
358 -2073813834
359 -1289567516
360 1715832261
361 -1647549076
362 -1073944711
363 -1005661521
364 -2011323038
365 -2011323036
366 840133230
367 -967151773
368 -127018531
369 18284159
370 -1075886136
371 -1075886117
372 1067308911
373 1067308931
374 -17154398
375 2117463461
376 2117463480
377 990114198
378 1980228395
379 1980228404
380 655603717
381 655603724
382 1311207452
383 1966811192
384 -1016948648
385 -2033897286
386 -1084034740
387 2126897817
388 1042863091
389 51828883
390 51828891
391 103657780
392 207315558
393 1457494219
394 1457494227
395 1457494245
396 77515410
397 155030816
398 -1147432579
399 -914886338
400 -1829772675
401 557906527
402 2108214826
403 836348684
404 836348692
405 -514055083
406 -1028110176
407 -1542165251
408 1210636787
409 -331528444
410 -1691167068
411 1940743336
412 1128684621
413 -2037598061
414 1031829907
415 1031829919
416 1031829937
417 1031829951
418 -167647570
419 -167647554
420 -167647541
421 528887298
422 1057774597
423 1251366817
424 -1456938568
425 1213442619
426 2065645478
427 -1015879184
428 -2031758366
429 -2031758357
430 231450581
431 231450588
432 -1568857171
433 -1337406566
434 -180153611
435 1671451122
436 -1414966222
437 76331293
438 152662602
439 -1185972309
440 -700493510
441 -700493509
442 1937001876
443 -649957437
444 1287044456
445 1873595391
446 -1134327431
447 -981610437
448 -2115937863
449 1197418997
450 -1160861333
451 1233976666
452 73115334
453 146230671
454 1453322689
455 -1388321924
456 65000771
457 276232225
458 276232239
459 682466016
460 1299931256
461 -1695104779
462 -1695104766
463 -1695104755
464 -790346997
465 1809515549
466 228821564
467 1247990125
468 -1008640057
469 468171652
470 936343287
471 1643865024
472 1643865044
473 397277716
474 794555441
475 -1459269092
476 1376429122
477 -82839965
478 1026153239
479 860473324
480 1720946646
481 -687394081
482 -1457628126
483 -2145022204
484 4922903
485 9845795
486 -2130253500
487 -2130253493
488 44306099
489 -2085947391
490 -2041641287
491 246145026
492 -1795496252
493 -1381972602
494 -677997818
495 439500635
496 1125146303
497 1564646945
498 -1843671223
499 607624846
500 -1236046366
501 -907445788
