0 0
1 16
2 31
3 57
4 91
5 162
6 367
7 540
8 1079
9 1999
10 3987
11 4007
12 9996
13 18008
14 28023
15 60041
16 116083
17 176136
18 380286
19 732564
20 1112870
21 1845451
22 4071177
23 5916636
24 5916639
25 17749910
26 35499818
27 53249735
28 106499478
29 159749217
30 319498433
31 319498450
32 958495332
33 1863740923
34 1863740933
35 1863740939
36 -1720718007
37 2006763879
38 286045878
39 -2002157532
40 -2002157513
41 -2002157505
42 290652286
43 -1420852958
44 1162609122
45 1162609131
46 -807139920
47 -807139917
48 -1614279828
49 -2065950527
50 -2065950525
51 163066256
52 -2095287240
53 911532745
54 -1183754482
55 -1183754469
56 743703857
57 -1623805087
58 -880101211
59 -1760202433
60 -409192031
61 -409192029
62 -818384047
63 -1636768106
64 1021431099
65 -1842913066
66 1836717236
67 1836717251
68 1836717261
69 1215184453
70 593651675
71 -649413895
72 537889468
73 537889486
74 426365073
75 1502144028
76 1502144029
77 -864314163
78 -864314143
79 1275659767
80 -452968530
81 822691254
82 822691268
83 -1826893526
84 -1004202253
85 1463871524
86 278158278
87 -266374702
88 471452865
89 483236460
90 688314632
91 1654787550
92 -1468628644
93 874473557
94 1060632479
95 1935106038
96 -424755207
97 1976828236
98 252844258
99 252844270
100 2057761563
101 -179444173
102 65866865
103 65866868
104 65866869
105 18156440
106 36312873
107 54469314
108 54469327
109 54469335
110 199720858
111 308659533
112 508380398
113 1125699457
114 -2098037714
115 -972338246
116 -1944676489
117 -720085136
118 657867431
119 1315734874
120 1973602324
121 -1067847785
122 -2073477872
123 148011557
124 148011560
125 148011580
126 -1629443172
127 -1185408466
128 1776138807
129 -742689675
130 -742689671
131 -1485379331
132 -1194619853
133 872278461
134 872278465
135 549937092
136 1422215562
137 -578257705
138 843957863
139 843957873
140 -1213156601
141 -369198724
142 -369198711
143 -263638295
144 -1371234442
145 -2004071434
146 656023141
147 942847568
148 942847574
149 537646859
150 1075293713
151 -140308423
152 934985308
153 -1887349835
154 -1092672944
155 2109621414
156 1016948488
157 1016948503
158 -1244121818
159 -227173298
160 562601883
161 335428586
162 898030480
163 1568887670
164 -930018672
165 -930018655
166 -291149637
167 -291149617
168 -582299251
169 1270331483
170 105732979
171 211465977
172 1005231203
173 1322430170
174 -1650106961
175 994753369
176 1672307787
177 -1955582918
178 -283275123
179 -1221903835
180 -1788454082
181 1284609389
182 -2009023636
183 -2009023632
184 -226924650
185 -226924649
186 1832094385
187 1378245098
188 -1538477101
189 -160231989
190 -160231969
191 -160231964
192 -160231958
193 -160231940
194 -160231937
195 -160231917
196 -160231897
197 -480695735
198 -961391481
199 -1922782953
200 1410792873
201 -2114309183
202 -703516298
203 1477141831
204 -1340683645
205 -1340683636
206 -1907741737
207 1046541937
208 752400230
209 -1449483186
210 -1449483178
211 1396000943
212 295976757
213 -454588425
214 -454588423
215 -454588421
216 -1067788505
217 -1067788500
218 -2135576986
219 -885363529
220 -885363522
221 -679125229
222 -1564488736
223 280626299
224 561252581
225 841878894
226 119269044
227 961147953
228 -1530792520
229 -450375504
230 -1981168010
231 -1981167993
232 -1981167991
233 332631324
234 665262642
235 -650642724
236 14619935
237 29239856
238 -606782929
239 -562923125
240 -1140466192
241 -1140466183
242 2014034932
243 2014034948
244 -1407363590
245 -1674260999
246 -1067589628
247 -2135179259
248 -582062570
249 1577725480
250 413600330
251 413600340
252 413600348
253 413600361
254 827200711
255 2068001766
256 2068001778
257 668236976
258 1336473953
259 1845747187
260 -603472928
261 -1047982095
262 -2095964195
263 -2095964178
264 -2095964172
265 1254059968
266 -1786847363
267 -1786847349
268 -120631604
269 -120631597
270 480009388
271 -1548101150
272 -1548101147
273 -1548101129
274 1198765027
275 -349336096
276 500092810
277 -198579380
278 -397158755
279 753783613
280 158045486
281 911829102
282 911829115
283 1981703721
284 422223745
285 -67381596
286 -1958421420
287 378124468
288 -1225454783
289 1489215569
290 263760804
291 1752976384
292 1752976393
293 963961868
294 438708158
295 -1139320874
296 -700612707
297 -1401225410
298 1053808325
299 2107616635
300 1059586863
301 -1127763791
302 2039439726
303 -216087862
304 1823351882
305 1823351900
306 -648263495
307 -1512614862
308 2134088942
309 621474093
310 594684690
311 1837632872
312 892913314
313 -1564421101
314 -671507767
315 494617325
316 -848398212
317 -353780879
318 -353780866
319 -1732850379
320 -1732850377
321 829266553
322 1658533096
323 754949276
324 -1052218359
325 -2104436712
326 1138312227
327 1138312228
328 172187748
329 -707842852
330 602657132
331 -1951340800
332 -1951340785
333 459287741
334 1454230588
335 1454230603
336 -927218348
337 1981242848
338 -332481597
339 -664963201
340 1510810320
341 -1800358925
342 -1800358906
343 1540096596
344 -549810906
345 -810073199
346 874461959
347 -745684438
348 -745684433
349 -616906905
350 -1233813797
351 952877733
352 -1643527384
353 -690649641
354 1062947321
355 -318351952
356 -318351943
357 -636703886
358 -1273407761
359 1748151759
360 -480311819
361 -642271701
362 625568258
363 1251136511
364 -1792694272
365 -558261200
366 -474250685
367 -1574069640
368 1688385790
369 -359934528
370 -245618374
371 -245618360
372 837214538
373 591596193
374 937574000
375 937574012
376 -1828223088
377 1475735656
378 585086599
379 1170173184
380 1402772358
381 -1489422583
382 -1150622066
383 1654922649
384 504300584
385 -480821399
386 23479204
387 551258975
388 -2041827270
389 -1947910487
390 879967735
391 1185197292
392 117254549
393 234509100
394 351763655
395 586272767
396 938036429
397 1876072852
398 -1480858008
399 395214858
400 -1980228394
401 1229095768
402 39297088
403 -1797478683
404 -2114099345
405 -328446261
406 1852421697
407 1852421711
408 1852421718
409 -1180247772
410 82050072
411 82050078
412 -1016147611
413 -1016147602
414 -1868195059
415 476527120
416 871004157
417 -520663778
418 -1041327544
419 -2082655084
420 1997852181
421 -775790055
422 -1901920495
423 1617256766
424 937398417
425 937398421
426 -802913682
427 -1605827359
428 -1605827339
429 1217797354
430 -388029980
431 1110166305
432 1939933691
433 -1244867299
434 695066405
435 2112269130
436 -792565356
437 769902886
438 1539805781
439 1517143315
440 -1260680661
441 -1728795961
442 837375378
443 -891420571
444 -1526378487
445 -274933001
446 710814662
447 -1144542003
448 2059928475
449 915386486
450 1830772970
451 -1548807826
452 -1037687181
453 1708472290
454 670785110
455 670785113
456 1341570241
457 -941041703
458 -844396240
459 897702537
460 53306300
461 507141139
462 560447442
463 1174201183
464 -2053177526
465 -318528897
466 -637057784
467 1286203094
468 330616415
469 661232842
470 -2016914938
471 -1025065677
472 -1025065664
473 889153871
474 -1160977461
475 -271823587
476 -543647159
477 -2112359992
478 206159113
479 1573295674
480 -1148375942
481 424919739
482 1055998597
483 332542411
484 332542423
485 332542440
486 665084874
487 -1576256544
488 -578629213
489 -1489800881
490 -2068430093
491 -2068430076
492 808387794
493 -1260042271
494 -1260042254
495 -1711696718
496 -1196856223
497 -1133670163
498 2027626974
499 893956826
500 591057415
501 591057424
