0 0
1 11
2 25
3 39
4 47
5 123
6 248
7 500
8 513
9 1396
10 1413
11 2819
12 6659
13 9496
14 21786
15 40771
16 40784
17 112847
18 194409
19 388820
20 583238
21 1320116
22 2292185
23 2292203
24 2292213
25 8779962
26 11072176
27 24436559
28 24436569
29 68725279
30 68725298
31 197395901
32 266121219
33 532242420
34 1064484850
35 1596727272
36 1596727284
37 495214536
38 990429083
39 1448615730
40 1832746626
41 -1013604935
42 -541566244
43 277575455
44 555150922
45 832726388
46 1123886536
47 1123886538
48 -381741441
49 -1596209256
50 -1596209239
51 720807361
52 1441614733
53 1441614750
54 -690930436
55 -2102668246
56 -1351983918
57 -1262353110
58 -1262353097
59 -1684391055
60 -1684391052
61 1344462375
62 1008294478
63 -1942210426
64 -1273844610
65 2087206748
66 -120553806
67 -241107607
68 1725545352
69 1725545370
70 1725545383
71 520007400
72 -323869130
73 -323869114
74 -647738238
75 -971607337
76 -1747076411
77 604676198
78 -2114007543
79 66952216
80 -1442379126
81 805532850
82 -2079225398
83 -2079225394
84 136516512
85 136516513
86 -1806192368
87 -1396642819
88 -1396642808
89 1501681678
90 -1291603936
91 -1291603930
92 1711759443
93 630233274
94 1050388794
95 1050388795
96 2100777596
97 2100777597
98 -93412092
99 -93412087
100 -93412083
101 1820541350
102 -653884598
103 1073244672
104 2053077268
105 -1168645346
106 884431933
107 -2106743362
108 -1222311412
109 681699125
110 -1762923706
111 769119877
112 769119885
113 457015201
114 1995254979
115 -304457350
116 -2147154457
117 658381
118 -455698427
119 -455040045
120 -910080082
121 -910080077
122 2019767107
123 -255433084
124 -55826120
125 -311259203
126 -367085306
127 -678344499
128 -1356689007
129 -2035033501
130 -453444202
131 -228543904
132 -228543888
133 -228543885
134 -1139075866
135 -1824707537
136 645552225
137 1976736131
138 -570038925
139 227541914
140 1634239135
141 -380936809
142 -380936805
143 529868516
144 529868530
145 529868546
146 1589605612
147 2119474162
148 473849573
149 947699140
150 835661198
151 835661204
152 1671322410
153 1671322422
154 718999955
155 1437999901
156 -466645009
157 738032400
158 1709387302
159 1709387313
160 833194626
161 -42998043
162 790196586
163 704200505
164 1494397107
165 -515976506
166 -1865147644
167 -1865147631
168 48695516
169 48695534
170 146086583
171 146086586
172 389564229
173 730432952
174 1266083784
175 1266083790
176 -642802532
177 -642802514
178 1246562547
179 1246562567
180 -1821363427
181 -574800852
182 96960852
183 193921698
184 193921718
185 484804280
186 872647702
187 1551373719
188 -1192219866
189 359153865
190 359153872
191 1950109297
192 -1626550259
193 682712919
194 -943837320
195 -943837319
196 -881402676
197 582052654
198 -299350010
199 -299349994
200 -16647348
201 -615347350
202 -931344675
203 -1862689349
204 868938576
205 -993750769
206 -1987501525
207 319964230
208 319964247
209 1953643497
210 606070450
211 -1735253345
212 1144424856
213 15241966
214 30483940
215 60967875
216 1251118655
217 1312086533
218 -1625068313
219 -312981766
220 -1938050073
221 1730953685
222 1730953696
223 1210875544
224 -1353138036
225 -1353138020
226 1588691252
227 235553237
228 1824244499
229 -646478301
230 1413319436
231 120362830
232 1533682278
233 -49836551
234 -1277439285
235 -1277439276
236 -950669984
237 739582214
238 1529000969
239 -2026384097
240 -497383126
241 -1205854020
242 2094347025
243 391109891
244 -1244164314
245 1241292618
246 1276731202
247 -1776943463
248 -500212241
249 240868124
250 240868129
251 -518688232
252 -518688215
253 -1055852420
254 -1852360729
255 868065947
256 1217443656
257 233148892
258 466297777
259 699446686
260 1165744465
261 -1730329456
262 -1730329440
263 -1129169949
264 1435467926
265 1435467945
266 -1718892971
267 -1707456481
268 -1707456479
269 596629311
270 1476683649
271 1234474333
272 -987179986
273 247294364
274 494588714
275 -1829106202
276 -839928761
277 -1927151876
278 -301219542
279 -107850352
280 1958745538
281 -1217404991
282 741340567
283 1073611228
284 -1846525291
285 709767059
286 678193570
287 -458564657
288 -458564637
289 -238935711
290 -697500335
291 -1175371761
292 -1872872081
293 1246723468
294 -1801520363
295 1867298334
296 -560370635
297 1306927708
298 -1681111886
299 -1681111870
300 -2055296042
301 558559395
302 1117118795
303 -379617845
304 1854619745
305 -1144287199
306 330714704
307 1041047258
308 1702476675
309 -510396108
310 1192080582
311 -539044184
312 -1408803060
313 -1266162767
314 1762641760
315 496479012
316 -2035846515
317 223274268
318 446548533
319 -1366023699
320 -696200894
321 -1392401777
322 840340932
323 2127230405
324 -487055027
325 391913645
326 1480028187
327 -782850068
328 -1565700146
329 -476608373
330 -953216741
331 -1429825107
332 1435317078
333 -1424333132
334 10983963
335 -1407857183
336 -1407857178
337 1501220864
338 93363696
339 1594584565
340 1781311960
341 -919070769
342 -1838141520
343 712047950
344 712047964
345 -414045596
346 298002386
347 596004761
348 894007151
349 1788014318
350 -1016941065
351 -1016941061
352 1244144106
353 1892283463
354 1102545445
355 -1300138386
356 1921893584
357 1724300652
358 -846365987
359 -846365973
360 653323901
361 653323916
362 1306647825
363 1306647832
364 -1221389790
365 2045229801
366 823840031
367 1647680049
368 221782588
369 1869462639
370 -556042016
371 -1112084034
372 201336592
373 201336602
374 604009796
375 -661443052
376 345239939
377 345239951
378 633046651
379 633046654
380 1956573199
381 -1072300773
382 -2144601553
383 -1260329121
384 -1887611574
385 -2069875717
386 -2069875715
387 1302242476
388 -767633237
389 689825105
390 -77808114
391 -155616232
392 991010008
393 835393788
394 1592979463
395 1592979474
396 561779209
397 -2140208603
398 1607529558
399 1622079657
400 1622079675
401 1622079694
402 1622079695
403 1622079705
404 571271804
405 -479536080
406 -959072167
407 -959072153
408 -1918144318
409 -1918144311
410 -1939001713
411 437821290
412 -1042501750
413 -604680443
414 -604680429
415 -604680421
416 1876245558
417 666884728
418 1938449873
419 186612867
420 -1503019816
421 622042933
422 1910970590
423 1029993717
424 1029993732
425 -1204986138
426 855001313
427 -673994068
428 -673994060
429 -1697972937
430 899021411
431 -798951523
432 1349076133
433 550124624
434 550124641
435 -1745571995
436 -95198113
437 -1290645463
438 1163551732
439 -1967863831
440 -804312096
441 1395697639
442 -212926554
443 -1589404824
444 -1589404807
445 -1589404803
446 709523951
447 1825681644
448 945800808
449 -1523484838
450 1247997632
451 -275487197
452 -275487178
453 -826461579
454 -1377435935
455 2091069784
456 -663802096
457 -1052116993
458 -1052116988
459 -2054402214
460 -527470990
461 -527470977
462 133506133
463 -921435831
464 -921435812
465 2058130816
466 2058130828
467 -2021577287
468 251812730
469 251812740
470 503625479
471 503625498
472 1510876456
473 2014501962
474 489474850
475 -1790990478
476 -2071104493
477 152758315
478 -1205359839
479 -619729194
480 -1672330716
481 950305864
482 -722024841
483 -1444049675
484 -1444049656
485 -1444049639
486 -1444049634
487 -1444049632
488 -37181589
489 1369686454
490 1332504877
491 -1592775954
492 -260271066
493 -1853047012
494 1921378148
495 -1784715880
496 -1976655797
497 -1976655787
498 478317998
499 819973719
500 1298291732
501 -1356728121
