0 0
1 17
2 20
3 42
4 59
5 73
6 208
7 292
8 636
9 1154
10 1166
11 2333
12 3507
13 8814
14 15830
15 24654
16 55145
17 95647
18 175455
19 175461
20 501715
21 1003430
22 1856073
23 3536696
24 6396214
25 9932916
26 9932922
27 31654836
28 61453588
29 119370488
30 119370493
31 238740991
32 358111494
33 716222988
34 1074334501
35 -1907557309
36 -833222794
37 -833222786
38 720964408
39 1441928828
40 1329670454
41 1826118121
42 1826118125
43 686939420
44 44208390
45 44208391
46 132625158
47 176833568
48 353667131
49 751542647
50 1282043366
51 -1730880579
52 833206153
53 -897674421
54 -513305466
55 -577773722
56 -1155547452
57 2048340666
58 -198285973
59 1850054701
60 1966788224
61 -676410340
62 695519988
63 1985897877
64 1526883161
65 1526883173
66 744696919
67 -496504036
68 -993008068
69 -1986016136
70 -1203948138
71 1105003036
72 -98945087
73 -197890180
74 -296835261
75 -494725428
76 -494725421
77 -1286286101
78 -1781011502
79 732944284
80 732944289
81 732944290
82 417821369
83 417821376
84 -1260491680
85 -842670284
86 -1685340575
87 1342107520
88 1342107528
89 -1104287481
90 -948083287
91 -2052370767
92 1532333308
93 -1230300683
94 -1230300670
95 366245212
96 366245216
97 -1728110907
98 2069046151
99 2069046155
100 2069046158
101 -156874965
102 -156874945
103 -470624892
104 -784374801
105 -1254999673
106 1471218034
107 -568156428
108 -1136312849
109 2022341584
110 2022341604
111 2022341606
112 635744656
113 -1636881032
114 -1636881030
115 1406665807
116 -1867096243
117 1196519466
118 1196519473
119 1196519483
120 1722462184
121 1722462187
122 1542996047
123 1889472621
124 -516022064
125 1373450558
126 1373450571
127 -1548066160
128 -174615581
129 -1722681724
130 -1722681704
131 -1722681688
132 849603911
133 849603925
134 826130019
135 826130033
136 1628786207
137 -164317105
138 -164317098
139 2126282048
140 1797647858
141 -371037380
142 -742074757
143 684535741
144 -57539007
145 626996745
146 1253993493
147 1765912217
148 -705603828
149 -705603824
150 -1411207632
151 197490443
152 1670042460
153 1867532907
154 1618254366
155 1058352885
156 1919215335
157 -2126579097
158 -2126579082
159 41809130
160 -1233780825
161 976416528
162 976416543
163 -1365717704
164 -1365717693
165 -1365717679
166 -1365717662
167 197814269
168 395628548
169 593442824
170 -1544549686
171 -555478299
172 -555478287
173 -1110956570
174 528504474
175 -582452088
176 -582452077
177 -582452064
178 1965158978
179 1965158994
180 1965159009
181 435605549
182 70956270
183 141912529
184 283825071
185 -1397508866
186 -1113683794
187 1783774637
188 -443592945
189 226497910
190 1566679609
191 2019675428
192 -482114330
193 1537561107
194 1055446780
195 1402281305
196 -1837239209
197 -434957893
198 -869915781
199 1152854415
200 -1989258466
201 -1706319829
202 1752243434
203 45923624
204 -744556816
205 -744556814
206 -1489113618
207 1362663682
208 -1615563558
209 -1615563550
210 937390270
211 -678173268
212 -1356346546
213 1582274208
214 -1130418880
215 -904491215
216 -2034910080
217 1355566014
218 1355566022
219 1355566042
220 -1583835215
221 1127296863
222 -2040373572
223 -2040373558
224 -2040373556
225 -698856517
226 1555737239
227 1071100906
228 -112391912
229 1815589721
230 -1520668565
231 -1520668562
232 -1520668547
233 1253630203
234 -1492785738
235 -1759824081
236 -1759824073
237 775319147
238 775319153
239 -1969009835
240 -418371522
241 1698400169
242 861657130
243 947995106
244 -786914874
245 1022737366
246 1022737381
247 -2088412299
248 -1065674912
249 -1895527321
250 -754647227
251 -486557068
252 92560778
253 92560796
254 92560807
255 -208874682
256 -116313858
257 -47506156
258 -187573089
259 -351393090
260 -586472316
261 -1125438480
262 -2063303867
263 -19213535
264 -2082517398
265 -2101730915
266 -1971798403
267 351370488
268 351370497
269 924178971
270 1626919958
271 1626919961
272 -116948404
273 -233896795
274 -1391972560
275 -1742817755
276 -1742817744
277 -816537551
278 -7205736
279 -823743280
280 -1647486563
281 1823737461
282 -1471235649
283 -2118728029
284 -2118728010
285 -2118727997
286 762514922
287 -1298701816
288 1640052408
289 341350609
290 1981403033
291 -868348123
292 1454405536
293 -1386156227
294 68249327
295 -731849477
296 -1463698956
297 2099418871
298 -1414036461
299 685382423
300 -92934105
301 -92934092
302 -92934085
303 -1007456318
304 -1193324481
305 2001252415
306 -292462465
307 1708789962
308 -877387367
309 -1754774745
310 -1215834612
311 1324357947
312 1771328521
313 -1199280815
314 572047714
315 -627233097
316 1841220278
317 586754082
318 -1866992923
319 505796060
320 439544417
321 -921652442
322 -921652435
323 1530009986
324 -313294872
325 -187045328
326 1029669790
327 1137687161
328 -1097940551
329 -1097940536
330 -1097940524
331 2099086243
332 -96794807
333 -1291530166
334 -1485119772
335 -1872299023
336 937548518
337 -934750489
338 -1869500985
339 555965320
340 1111930651
341 1111930669
342 -24424821
343 -24424803
344 -48849612
345 -97699222
346 -170973628
347 -268672848
348 -610620096
349 -1147965783
350 -1147965774
351 -1147965754
352 -28222956
353 1970812816
354 1970812827
355 1617471170
356 1617471182
357 910787889
358 1821575787
359 1821575803
360 258972194
361 2080548000
362 1687704500
363 -526714776
364 -1053429557
365 -1053429546
366 1661393431
367 1661393438
368 -2025609972
369 1297176899
370 1297176907
371 -2064830012
372 529523801
373 -966562374
374 -437038556
375 -1403600922
376 -47540758
377 -47540746
378 -47540729
379 -95081457
380 -190162919
381 -190162910
382 -570488751
383 -760651660
384 -1331140395
385 -1331140375
386 111383210
387 412929328
388 -806827824
389 -282515267
390 -1896170924
391 1309453295
392 -1263131382
393 -1263131371
394 1768704554
395 505573198
396 1011146395
397 1011146412
398 1011146424
399 1012749704
400 256794845
401 256794849
402 -1757481461
403 -231142059
404 -231142051
405 -1962970714
406 -1962970700
407 369025894
408 738051786
409 1476103577
410 -1342760143
411 -722549578
412 517871552
413 517871571
414 446536988
415 759730550
416 -2052956630
417 189054047
418 -139763458
419 -797398500
420 -797398499
421 -1594796982
422 965609875
423 -629187095
424 1441796100
425 -613976597
426 198632410
427 198632427
428 397264847
429 595897281
430 1390426981
431 -1514113336
432 -123686349
433 745789435
434 -892010243
435 -269907138
436 -539814283
437 -955942223
438 1637293427
439 -1020380450
440 -878843510
441 -1899223958
442 1516899844
443 1516899862
444 1134575759
445 1134575773
446 -891240011
447 1377911536
448 1377911545
449 -161232680
450 1703350399
451 -888266499
452 653851229
453 653851240
454 2122786387
455 -864478432
456 -864478420
457 -864478415
458 1701532037
459 -891903216
460 -919328013
461 -1811231222
462 1509558472
463 -2112903970
464 69159364
465 -2043744603
466 -94194644
467 -94194624
468 19088827
469 19088835
470 -150211604
471 -131122765
472 -337351316
473 -618685675
474 -618685670
475 -1705845421
476 -1705845403
477 -1705845386
478 -822568910
479 60707609
480 60707622
481 60707625
482 -640446042
483 -458323173
484 -1038061573
485 -2015415524
486 203428616
487 1444918821
488 1648347451
489 1648347470
490 -998272360
491 -998272347
492 -348197233
493 -348197223
494 -696394436
495 -696394428
496 -696394409
497 -2089183270
498 116600765
499 233201538
500 1162797512
501 1395999053
