0 0
1 1
2 11
3 24
4 29
5 81
6 148
7 299
8 308
9 839
10 1164
11 2330
12 3508
13 8161
14 15183
15 30350
16 57204
17 114417
18 217167
19 331592
20 720390
21 720394
22 1989548
23 3430333
24 3430334
25 3430342
26 6860696
27 17151709
28 30873088
29 54885507
30 102910322
31 157795835
32 260706159
33 260706163
34 782118496
35 1042824663
36 -1790815964
37 -1790815949
38 -1756688738
39 -1756688728
40 1494925215
41 -261763511
42 -261763499
43 -261763488
44 709634727
45 447871242
46 633978997
47 1267957989
48 1901936988
49 -43222065
50 1858714935
51 1324399558
52 -1155074854
53 1984817592
54 -325332126
55 -607442180
56 -932774293
57 -1865548579
58 1496644431
59 -1909120618
60 2016942542
61 1604466360
62 -1086034574
63 626253727
64 1144685525
65 -2005596257
66 -860910717
67 -860910705
68 567549637
69 567549654
70 1135099304
71 1409287910
72 -1750580065
73 -341292144
74 -682584283
75 -1365168574
76 155342238
77 155342239
78 -1737068370
79 -1581726117
80 -1581726110
81 -450211044
82 -900422095
83 -1956186431
84 988147737
85 988147748
86 1976295504
87 -342376305
88 -1672900346
89 -38981132
90 -2054257768
91 -2054257758
92 -2054257740
93 715279855
94 -1152526099
95 -1152526082
96 650937239
97 -938835069
98 -1877670138
99 -175652851
100 1302809241
101 1302809250
102 -1865001646
103 -1312706132
104 -572089285
105 -572089281
106 -1144178550
107 -1144178536
108 862431660
109 -1425925420
110 871027171
111 -554898230
112 -247364817
113 -247364800
114 -247364798
115 -247364792
116 -494729587
117 -1484188783
118 2068684140
119 89765780
120 179531565
121 -1956985805
122 -1687688457
123 650293053
124 1569883444
125 -1244966196
126 -712478146
127 262732170
128 -1694712168
129 -2144458134
130 -1238915169
131 -520385988
132 -1303504144
133 -1303504135
134 1687959021
135 384454903
136 2072413941
137 2072413961
138 234315521
139 468631047
140 -1519606765
141 -966799572
142 1808560960
143 -209214325
144 -887059690
145 -254512624
146 -1350786630
147 -1605299235
148 1338881447
149 1338881457
150 1072463679
151 -1883622153
152 527723000
153 -1900639855
154 2110891974
155 2110891994
156 965244967
157 965244975
158 1930489957
159 -433987388
160 -867974769
161 -1735949552
162 1257055591
163 149633848
164 -1197234864
165 -1526494965
166 1720871328
167 194376374
168 -808482109
169 1106765596
170 298283504
171 1405049101
172 1703332615
173 -1186585562
174 -968122038
175 953674124
176 1907348244
177 -1433944917
178 458955421
179 458955427
180 -1949978993
181 1828954251
182 -637058798
183 -299128095
184 -1057211626
185 -2114423249
186 824204338
187 1648408679
188 -699021838
189 -699021831
190 1074569361
191 -2145828574
192 1825664421
193 754405228
194 754405232
195 754405242
196 754405257
197 1508810517
198 1508810528
199 1508810538
200 1740274800
201 -1045881941
202 694392860
203 -351489067
204 -702978139
205 -1054467189
206 -2108934375
207 77098534
208 154197066
209 154197081
210 -1723441687
211 -1569244593
212 -1569244575
213 -1569244573
214 -1569244572
215 1156478152
216 743711740
217 1900189907
218 -494587493
219 1736547753
220 -409105369
221 832854908
222 -2134669994
223 25627300
224 -2109042690
225 -2083415381
226 -1173678542
227 -1045542005
228 2075746755
229 -40964548
230 989240222
231 989240232
232 1978480469
233 -378970907
234 -378970902
235 -378970885
236 -378970880
237 -757941758
238 -1136912622
239 -1894854374
240 126287668
241 126287674
242 126287689
243 1642063349
244 126072020
245 1768135384
246 -632408841
247 1261798581
248 -129306787
249 -2026748945
250 -894257146
251 1874044178
252 979787033
253 -196481664
254 -196481660
255 -1834099397
256 626768493
257 -1403812554
258 1290860521
259 513816463
260 400864449
261 -2089425856
262 -1174744930
263 1030796521
264 -143948398
265 -143948384
266 -287896772
267 -287896764
268 -719741916
269 -1295535436
270 1559948035
271 -743226073
272 -743226057
273 -743226045
274 2065289136
275 2065289144
276 1900900109
277 993285055
278 664507021
279 -900664123
280 -900664116
281 -143536143
282 -1280357360
283 1734252581
284 1734252586
285 1734252597
286 -516103017
287 -888669906
288 -888669886
289 -888669880
290 1112854625
291 1112854629
292 448369502
293 448369516
294 -2061188900
295 -1612819379
296 1069328546
297 -1707940705
298 -1707940702
299 -1707940701
300 240473751
301 480947493
302 -107433561
303 613987703
304 987501651
305 -2079490253
306 -2079490243
307 1737476173
308 -1434002659
309 303473527
310 -1130529123
311 -1130529108
312 -1957584700
313 -1054204762
314 -1054204752
315 -2108409513
316 1132353050
317 -2030261200
318 -897908142
319 -897908127
320 -1795816265
321 -194573376
322 -194573366
323 1212096163
324 -1870774964
325 1451325489
326 792646690
327 -2050995112
328 -1677797880
329 -1677797875
330 1132348627
331 813371753
332 1945720395
333 -1535875141
334 677767775
335 677767779
336 -180339584
337 -360679161
338 -541018731
339 -901697877
340 -1305967571
341 2087301855
342 781334297
343 1562668588
344 136337447
345 272674908
346 1971680946
347 -2050611440
348 1892750452
349 1813819976
350 1813819990
351 1225423126
352 -1844121039
353 -618697907
354 -1904723140
355 1152848348
356 -1370572680
357 1553821919
358 1336097595
359 1336097604
360 1336097607
361 1267147439
362 -1760672412
363 842572644
364 -918099760
365 -1836199526
366 622568246
367 1245136494
368 -886594543
369 -886594542
370 -528052573
371 -433536898
372 -1848183993
373 -287995244
374 -2136179220
375 1870792844
376 1459864789
377 906483181
378 2100961602
379 -93044093
380 -93044076
381 -186088150
382 -1659698828
383 -1845786959
384 417305195
385 927654485
386 -500827269
387 426827220
388 853654437
389 779654391
390 1559308790
391 -1956004104
392 -396695295
393 1942267912
394 1148877312
395 1148877314
396 1887323147
397 1435683109
398 1435683125
399 -1533490572
400 1337875676
401 -195614888
402 -195614870
403 -586844647
404 -782459499
405 -1564919007
406 1360744156
407 -1573478987
408 1734853974
409 161374994
410 322749990
411 2006244145
412 -1804598158
413 685770976
414 887416982
415 887416996
416 656006811
417 656006827
418 -2095536652
419 991310981
420 1095204967
421 2086515963
422 -1561465205
423 516030060
424 2136285794
425 -22395710
426 -1665047141
427 -1665047130
428 -1665047121
429 -1665047113
430 -700174059
431 -1400348114
432 -1400348099
433 -1400348085
434 -606251043
435 888020083
436 -1118579042
437 -230558947
438 -1349137983
439 1596691326
440 -1101584634
441 -854031275
442 -1708062548
443 -2066987121
444 -2066987110
445 -1547069474
446 -1386076392
447 -705165661
448 656655779
449 -1434586267
450 1425794770
451 -1443377756
452 -17582984
453 -1469752219
454 -1487335195
455 1337879900
456 -1619207501
457 -1768662790
458 -2049990371
459 -1292348647
460 952628286
461 -1482613720
462 -1346019937
463 1466333654
464 1466333668
465 1466333683
466 1570367351
467 208067409
468 1778434770
469 1778434781
470 -530030322
471 -1268128061
472 -1798158375
473 -39447202
474 1189233662
475 1848437009
476 -68062947
477 -68062931
478 1712311147
479 1644248225
480 773903223
481 -164504684
482 -329009370
483 -493514036
484 -213124857
485 -1200152931
486 -1413277770
487 1681536598
488 -931894083
489 -663635247
490 -1595529317
491 1372167482
492 -137354549
493 -1024351613
494 -2048703234
495 1221912466
496 -826790749
497 1617034181
498 1617034200
499 -1887689648
500 519587995
501 248932551
