0 0
1 12
2 21
3 51
4 87
5 99
6 202
7 406
8 797
9 806
10 2225
11 3829
12 8073
13 15748
14 29891
15 59773
16 59793
17 59795
18 179373
19 179377
20 179397
21 538153
22 896931
23 1435099
24 1435119
25 1435120
26 5740437
27 8610682
28 15786258
29 30137392
30 54534342
31 114809130
32 199480870
33 199480872
34 513770879
35 912732630
36 912732636
37 -1556769402
38 268695866
39 -375340889
40 -750681782
41 -1501363570
42 379507529
43 -1979182839
44 -1979182836
45 -1535936182
46 -1199334557
47 1559696569
48 -1175574154
49 1943818987
50 1128606849
51 1896851694
52 -501263903
53 173046341
54 -1597726298
55 -1597726292
56 1099514710
57 1870811866
58 1372600297
59 47959593
60 1420559905
61 1468519500
62 1468519518
63 -1357928269
64 1579110758
65 221182502
66 -915563282
67 995321232
68 522122955
69 1517444202
70 1517444208
71 257365304
72 -480590619
73 1294218908
74 813628291
75 -892901190
76 991720696
77 1726076106
78 -1577170487
79 -1577170471
80 -1428264836
81 1289532006
82 -1566997671
83 -277465646
84 734600690
85 457135052
86 1191735747
87 2106005847
88 -82955604
89 111554445
90 111554451
91 -857072403
92 -745517948
93 -1379481448
94 1536004397
95 -1446067390
96 -1289544431
97 1559355482
98 269811061
99 1829166547
100 2098977619
101 1462343419
102 -733646248
103 -1467292486
104 -1467292484
105 2089079516
106 -845505446
107 1243574074
108 -1807819147
109 -787963473
110 -108634471
111 1590550218
112 -1113866872
113 2067233557
114 953366687
115 953366694
116 -1434867223
117 -1755867570
118 1104232507
119 1104232510
120 -982269768
121 -529672309
122 -529672295
123 -937381860
124 -1874763720
125 -558792642
126 -135315512
127 -135315497
128 -135315481
129 -405946475
130 -811892947
131 -1217839406
132 1859288469
133 -576390340
134 1282898141
135 -1729171013
136 836625262
137 836625271
138 1226977679
139 -1841011949
140 -614034268
141 -614034261
142 -1005477513
143 -1619511768
144 1055943769
145 -1569045507
146 -513101723
147 -513101720
148 1699718362
149 1699718367
150 -895530553
151 1990804466
152 -1499975008
153 490829468
154 1785846741
155 1871975130
156 1871975139
157 1234829721
158 -1334478374
159 -650665678
160 -750314320
161 371346497
162 371346506
163 -7621309
164 -15242609
165 348482606
166 348482608
167 1045447805
168 1045447814
169 -1522349070
170 917029172
171 917029186
172 1357157113
173 -1103751824
174 253405296
175 253405303
176 506810606
177 760215927
178 670085316
179 -1851044829
180 339472341
181 -81271236
182 -81271228
183 176929895
184 176929912
185 353859808
186 530789732
187 530789751
188 1061579492
189 -1641018594
190 -579439087
191 2074509625
192 1495070545
193 -1304826196
194 190244352
195 380488713
196 380488714
197 951221786
198 1331710507
199 -1060813220
200 -1060813205
201 -1060813185
202 -899507298
203 213020405
204 213020419
205 426040842
206 852081681
207 1704163360
208 -886640581
209 -1986301570
210 109343736
211 -207353371
212 -207353366
213 -207353347
214 -414706697
215 -1036766772
216 -1658826805
217 1184667041
218 1184667042
219 -1925633206
220 -1215125917
221 1864715460
222 649589562
223 649589571
224 -1131072694
225 -1131072679
226 901749237
227 -61216987
228 840532269
229 1681064533
230 -1834587474
231 1527541587
232 -2141633367
233 -767614720
234 -767614702
235 311058624
236 929163145
237 472607071
238 177599428
239 1890428286
240 1890428288
241 -514110704
242 -378014924
243 998302675
244 106177052
245 726464807
246 938818926
247 1771460789
248 -752045720
249 -1504091427
250 -484676340
251 -1988767757
252 317431789
253 -1671335959
254 -1036472389
255 1904590738
256 868118360
257 868118379
258 868118392
259 -822493796
260 -608515205
261 305227786
262 -257662821
263 -1383444025
264 -1641106841
265 -1641106833
266 -1641106832
267 -1641106829
268 642063251
269 642063256
270 1284126527
271 1926189791
272 199475538
273 2125665343
274 -1969826414
275 -729336495
276 1595804402
277 866467913
278 1888774763
279 -1539724616
280 -1483644820
281 1271597865
282 137003206
283 137003219
284 1545604303
285 1607563791
286 1607563801
287 739771040
288 -340068646
289 399702412
290 -1887998688
291 -1488296271
292 978306120
293 1956612226
294 -1360048934
295 86573161
296 -1273475763
297 -1186902593
298 -1777241897
299 143920223
300 287840436
301 287840444
302 575680881
303 575680882
304 575680895
305 -1992243743
306 -840881948
307 -1681763906
308 1772321443
309 1552399161
310 -970246688
311 -970246668
312 -297536654
313 -685630840
314 -1371261688
315 44759
316 970336210
317 970380987
318 1940761971
319 -1784705041
320 2096818897
321 312113866
322 -1729977587
323 835012111
324 -894965458
325 -1477817067
326 1922184789
327 -450597734
328 -6230004
329 -6230000
330 -463057727
331 -475517717
332 -475517704
333 -1420323135
334 1460551018
335 1460551037
336 1460551055
337 1460551066
338 -1373865165
339 86685914
340 1633922871
341 1633922888
342 -940435610
343 -1880871229
344 -1187383933
345 -740845010
346 -740844991
347 -1481689981
348 1331587325
349 1331587326
350 -300205328
351 881279350
352 581074031
353 581074032
354 -1220157883
355 823269544
356 823269557
357 1007455258
358 1433836482
359 -207136451
360 -207136440
361 -207136435
362 1819882424
363 1819882430
364 -1069475316
365 750407119
366 1500814237
367 -2043745939
368 -542931686
369 -1404931580
370 -1947863260
371 -1644505160
372 1005956977
373 -239307395
374 64316895
375 -174990496
376 -349980990
377 305995006
378 -43985964
379 -262962424
380 -525924866
381 -525924853
382 -1314812125
383 1621357084
384 306544963
385 306544973
386 613089951
387 1226179906
388 -1842607499
389 -3337632
390 -619765219
391 1829256956
392 1209491756
393 573038379
394 1782530152
395 1782530162
396 -156868592
397 -156868578
398 -1043644149
399 -1357381316
400 -932232453
401 -932232441
402 -127391633
403 -1991856525
404 -2119248147
405 -1807993894
406 -1751522886
407 -1383797619
408 -464484461
409 -1112831558
410 -1112831553
411 -1112831533
412 491988205
413 983976399
414 -749698478
415 234277941
416 -515420533
417 445123551
418 398258891
419 398258907
420 398258915
421 1194776731
422 1194776736
423 -1507154902
424 882398569
425 -2131911229
426 1538299749
427 -593611474
428 -593611465
429 351076819
430 -836146112
431 -1672292215
432 950382853
433 -1558055456
434 2015002492
435 1407329892
436 1142367576
437 -1288322774
438 1718321749
439 1572366563
440 1572366583
441 422132419
442 990220026
443 -1310248256
444 -320028218
445 -640056440
446 -857980464
447 -2138093340
448 338808847
449 338808853
450 1336454766
451 -124020869
452 -248041741
453 1642009872
454 1642009887
455 -1010947518
456 631062372
457 -1390832669
458 -1770717807
459 -1770717797
460 -637300968
461 -637300965
462 -637300960
463 -1911902889
464 -1911902887
465 471161531
466 471161534
467 776183641
468 1247345194
469 1053949026
470 1053949038
471 -939724026
472 -1103264408
473 -1103264395
474 -1103264384
475 45450103
476 2133888630
477 1076074368
478 1076074369
479 -8929925
480 2143218823
481 -8529660
482 2125759246
483 -34518885
484 -77967680
485 -112486561
486 -190454225
487 -415427342
488 -718368110
489 -1514703907
490 1646467941
491 -1002031416
492 -870267364
493 1836064459
494 1836064472
495 -848669198
496 1953192378
497 -388582548
498 -1742962185
499 -1742962176
500 420460407
501 1229503352
