0 0
1 1
2 4
3 8
4 11
5 33
6 68
7 105
8 193
9 213
10 596
11 1018
12 1627
13 3254
14 6498
15 9760
16 16278
17 32537
18 58587
19 91129
20 149717
21 348254
22 497986
23 1087100
24 1087101
25 2174221
26 4846423
27 4846436
28 9692864
29 21559959
30 43119908
31 74372739
32 117492657
33 256545277
34 448410682
35 896821373
36 1793642732
37 -1156092501
38 -2055639727
39 -72857439
40 -2128497161
41 2093612716
42 -34884441
43 2096701256
44 2026932383
45 2026932397
46 -380640275
47 1440074028
48 1059433770
49 1877765016
50 -1357768492
51 -1357768476
52 221661836
53 443323670
54 -2050551453
55 -1385565941
56 858849910
57 1717699823
58 -416243985
59 -416243973
60 1744061785
61 -806843724
62 1822429944
63 1927160061
64 1927160067
65 1381782793
66 1956721847
67 -1397109811
68 1500747675
69 1074335293
70 221510503
71 -938761778
72 -717251272
73 -717251255
74 1921702992
75 487200468
76 -1886063826
77 -1398863346
78 -1398863326
79 98377281
80 -290445910
81 -192068627
82 -192068625
83 -384137234
84 -960343099
85 -1728617582
86 -1728617571
87 -506748185
88 330983971
89 -1904381782
90 -2080145978
91 -2080145962
92 -2080145951
93 445114930
94 579790314
95 579790330
96 1739370963
97 1739370968
98 343355292
99 -472870070
100 -472870050
101 1136986155
102 1136986171
103 1671587510
104 -1486393605
105 1322180084
106 1507373994
107 1343160491
108 -1444432792
109 1406101700
110 -1482763883
111 -177934477
112 -254596650
113 -509193305
114 -509193300
115 1361285689
116 1361285704
117 -1572395891
118 -211110173
119 -422220352
120 -633330523
121 -1266661036
122 -1899991541
123 1128314721
124 -771676804
125 -771676800
126 -1543353586
127 -1543353581
128 -1543353562
129 -1106770230
130 101489939
131 -1340373712
132 -1340373693
133 -1340373684
134 -731434083
135 -356097936
136 -1087532006
137 2119903291
138 -1395534410
139 -719261048
140 -1438522104
141 2137184153
142 2137184172
143 2116585190
144 -61796916
145 2034189317
146 -226588658
147 -226588653
148 -453177301
149 1066037804
150 612860508
151 1678898315
152 -1616936608
153 61961719
154 61961723
155 61961736
156 185885181
157 371770361
158 557655552
159 1177272831
160 1177272832
161 -1382766078
162 1901205514
163 518439450
164 518439461
165 518439465
166 -838443401
167 198435535
168 -121568400
169 -121568382
170 -121568372
171 -166269616
172 -166269604
173 -575675958
174 -1029783534
175 -1605459484
176 751509117
177 1669287850
178 -1874170315
179 -1058832830
180 -2117665652
181 1118468818
182 -2058029654
183 -939560835
184 -1879121662
185 536723964
186 -1342397689
187 670611085
188 -671786602
189 -1175515
190 -1344748720
191 -1345924230
192 1604294365
193 258370151
194 1862664520
195 -569638257
196 -1139276510
197 2016414286
198 2016414298
199 -1401415204
200 922498618
201 -478916572
202 443582064
203 887164119
204 1330746186
205 -1633474923
206 549100878
207 1133536274
208 1379908425
209 1429070659
210 196648941
211 393297888
212 393297894
213 -1882651900
214 -1096056112
215 -1096056097
216 613501089
217 -1578611117
218 -1578611113
219 -440866042
220 696879029
221 1393758064
222 -1507451164
223 -113693095
224 -113693077
225 -341079253
226 -454772320
227 -454772317
228 -1250623878
229 -1250623858
230 543095683
231 543095693
232 -1415056354
233 -1579488833
234 -1908353791
235 -1908353789
236 478259727
237 -2038025737
238 1633972176
239 -404053541
240 2056766151
241 1726918787
242 1726918793
243 811582901
244 -1756465591
245 -1786012401
246 1564072221
247 -1166822857
248 1961321588
249 1961321603
250 -1539146952
251 422174657
252 844349326
253 844349328
254 571726374
255 1416075707
256 -196291895
257 1219783828
258 -1855399650
259 1155894375
260 323986663
261 -375518599
262 468746630
263 1573109070
264 1573109082
265 -680002504
266 -680002486
267 -2040007497
268 -253794315
269 2001165487
270 -1652641314
271 -1652641301
272 -1557911442
273 -568226747
274 -568226733
275 -52038908
276 -52038903
277 -672304529
278 -724343415
279 -1500725741
280 1345554719
281 -1551818965
282 -1706989984
283 156643917
284 1037631260
285 -2064533765
286 1717718729
287 847460157
288 500645135
289 1348105306
290 -1945571728
291 -1826609682
292 -1826609667
293 641747966
294 1283495920
295 1925243898
296 1925243916
297 839016449
298 839016459
299 -1777917934
300 -1777917925
301 739131457
302 -1977687938
303 339591421
304 -1638096510
305 -1298505082
306 459400661
307 1817766372
308 978661970
309 -1498538953
310 -519876970
311 -519876959
312 1756674422
313 -781618456
314 -64697949
315 -129395909
316 -129395897
317 -258791797
318 -258791790
319 -258791783
320 -905771253
321 -1811542519
322 1318861753
323 -1657243799
324 -338382040
325 -676764075
326 -676764071
327 -676764068
328 -1353528134
329 -1353528117
330 1587911049
331 -1795909262
332 1379912843
333 -1535141610
334 -1716755090
335 -1871983847
336 -828913236
337 -828913219
338 1808227596
339 150401143
340 150401145
341 150401159
342 1430517843
343 1430517862
344 -1433931574
345 -3413707
346 1574091595
347 1570677907
348 1570677913
349 1570677922
350 -1153611450
351 837546596
352 837546616
353 2092159695
354 -1365260969
355 1248380490
356 -644594867
357 -761475338
358 -1522950669
359 1365946423
360 -1563074442
361 1168818404
362 -1312735605
363 -1706991623
364 -1706991622
365 737066862
366 305315325
367 -664609425
368 -359294090
369 -359294080
370 -359294070
371 -359294053
372 -359294035
373 -359294023
374 -1437176169
375 1779909032
376 -375855188
377 1404053848
378 -1486859588
379 1321248123
380 -1652471068
381 -789883870
382 -1121106806
383 565894098
384 -1345096576
385 -47696924
386 -47696921
387 -874596311
388 1979880569
389 1057587356
390 -1257499353
391 1779968591
392 1779968600
393 1779968618
394 -212560839
395 1567407799
396 619816894
397 -540334806
398 -1080669610
399 -1621004398
400 -1621004391
401 1052958514
402 2105917041
403 1537871184
404 1454737952
405 -1302358144
406 -1302358124
407 -1149978309
408 -1149978295
409 1995010700
410 -304945896
411 -1912249906
412 -1372163385
413 -1594348485
414 1328455436
415 744660968
416 1489321929
417 -2060984397
418 -571662467
419 929791472
420 -213533450
421 144595562
422 -1771793265
423 -1627197695
424 895976342
425 1936548257
426 1936548277
427 1370081923
428 1370081931
429 -1554803428
430 763489679
431 -409568896
432 -1200882625
433 1893202045
434 692319421
435 1738559626
436 29113807
437 29113820
438 58227645
439 -1747632962
440 -1660291480
441 887042864
442 887042877
443 1774085742
444 -746795801
445 1141084221
446 394288426
447 1535372657
448 1929661091
449 1929661108
450 -435645080
451 1058370915
452 1058370921
453 1245451673
454 561242251
455 -1429902445
456 -1429902438
457 -1429902428
458 566502237
459 -863400189
460 -1726800364
461 -2023698300
462 247570688
463 792039321
464 792039322
465 792039342
466 1584078673
467 -334770631
468 2041347388
469 -212272508
470 -424545013
471 -1641129373
472 -571370124
473 2082467800
474 -130031691
475 1952436125
476 -961465173
477 -1922930342
478 -1922930325
479 -1922930318
480 -482852717
481 1889184262
482 1855438202
483 1338839447
484 788494635
485 1094136550
486 1882631193
487 809134547
488 -1603201555
489 -1323771906
490 -235207701
491 -470415402
492 -705623090
493 -43252347
494 -43252339
495 -1262543163
496 -1305795495
497 1683376318
498 1683376321
499 798413994
500 1596827985
501 161231836
