0 0
1 20
2 37
3 54
4 111
5 112
6 282
7 569
8 1129
9 1711
10 2850
11 6552
12 9415
13 15985
14 25413
15 50832
16 101656
17 101664
18 295551
19 498888
20 794440
21 1588888
22 3177773
23 6355559
24 9533338
25 9533356
26 28600035
27 38133394
28 76266790
29 152533593
30 152533612
31 448067432
32 829401429
33 1277468872
34 2106870316
35 -81226660
36 -991854763
37 -1073081413
38 -2064936174
39 1156949729
40 -1981067854
41 -659023178
42 746889834
43 -1893201183
44 -1805334508
45 -1805334500
46 -1208902885
47 -524604592
48 1352556931
49 2108682260
50 2108682266
51 -77602763
52 -77602745
53 1119748663
54 964543164
55 2006689101
56 -203986349
57 -407972712
58 -407972704
59 986757347
60 578784647
61 578784663
62 578784669
63 578784676
64 1736354028
65 -1979828576
66 1492879471
67 1249404939
68 -1796157431
69 -1033701585
70 -2067403179
71 1193862537
72 1193862556
73 1193862562
74 1514184490
75 800804868
76 -786115370
77 -1572230731
78 -1572230716
79 -1615587457
80 1107149132
81 -144047832
82 -652486139
83 1417764288
84 112792012
85 1530556317
86 -2030388647
87 -387040316
88 1877538337
89 990665692
90 1981331390
91 -1862860837
92 118470560
93 118470576
94 236941156
95 -1388978535
96 1517010228
97 601914004
98 601914018
99 1568800872
100 -2124252405
101 -555451526
102 1615263367
103 1059811843
104 1059811849
105 2119623698
106 2119623705
107 -615800119
108 388291855
109 1892115453
110 1892115454
111 1892115465
112 1769670937
113 -755625417
114 -755625413
115 -755625401
116 2028091075
117 2028091093
118 -994410525
119 1550520842
120 317325203
121 -1393440680
122 -520005148
123 -1596120618
124 -2116125748
125 -2116125738
126 -2116125722
127 62715845
128 62715857
129 125431713
130 188147574
131 313579292
132 752590285
133 752590289
134 2006907448
135 -469299967
136 -1252179226
137 1790608835
138 1790608843
139 -428321353
140 1362287504
141 -1031962686
142 -1031962667
143 -1129959194
144 2133045452
145 301448416
146 272572024
147 545144040
148 1119164498
149 1664308546
150 -966350205
151 -1932700414
152 1395916697
153 1395916712
154 1395916723
155 -1503133843
156 -107217101
157 -214434203
158 -214434189
159 -214434185
160 -428868361
161 -1179388030
162 -1608256375
163 -1608256361
164 -1608256341
165 1078454597
166 -2138058101
167 18851093
168 37702186
169 -2081504821
170 -2024951523
171 226213155
172 226213169
173 640937295
174 1281874590
175 1922811889
176 -449343510
177 -898687025
178 -898687024
179 957968936
180 -839405103
181 -839405088
182 -1678810187
183 1776752023
184 -1580868347
185 195883684
186 -1384984645
187 -1384984644
188 1524998027
189 -1049087575
190 475910464
191 951820926
192 1427731408
193 -1915414949
194 -109039715
195 -596723255
196 1673789389
197 968026435
198 2045092572
199 391941111
200 -889907173
201 -106024942
202 -1885839285
203 1805137015
204 -80702250
205 -267429453
206 -534858906
207 -963692875
208 -1498551774
209 -1498551764
210 -200688012
211 1097175750
212 -602064024
213 1592287485
214 990223462
215 990223477
216 -227121135
217 -949354004
218 -949353997
219 -949353982
220 -2084959636
221 -865175456
222 395478238
223 1740310449
224 -1763700383
225 372088322
226 348698393
227 348698402
228 348698410
229 1418183533
230 1766881948
231 1766881958
232 1354376970
233 2011357123
234 -1690436592
235 -1690436582
236 1751742883
237 61306318
238 -1567823954
239 -1506517617
240 -1261292358
241 20639699
242 1547797040
243 -1199373229
244 348423830
245 717487360
246 717487372
247 717487373
248 1301512714
249 -492568632
250 -1333561107
251 -524617016
252 -524616996
253 -1573851031
254 338321160
255 -1760146854
256 -1421825684
257 1112994771
258 -1730656594
259 -1730656586
260 -1730656584
261 -1205833379
262 -989841063
263 -1362020306
264 -993384026
265 -256111461
266 -256111454
267 1427340061
268 1171228615
269 2086345771
270 2086345786
271 -2074785794
272 -1025832914
273 -1014272919
274 -2028545837
275 226315628
276 226315637
277 226315641
278 1931095459
279 -1911240541
280 246170572
281 266025499
282 266025511
283 778221585
284 778221596
285 -1960302529
286 -137833821
287 -2098136341
288 98694615
289 197389237
290 -1802052473
291 553028523
292 -952940090
293 -2004574784
294 1890480965
295 -514005382
296 -514005369
297 -1028010745
298 2124851998
299 1096841271
300 1096841290
301 1096841294
302 92397829
303 -912045607
304 277193518
305 277193528
306 -265260730
307 -530521458
308 -241395139
309 -759983785
310 -1797161107
311 700645091
312 1666550909
313 1666550926
314 -2058381464
315 -391830530
316 882889855
317 882889866
318 882889885
319 1765779757
320 1765779766
321 1885261840
322 -643925685
323 477928402
324 477928417
325 477928423
326 1433785248
327 1433785259
328 -471539944
329 -1898936728
330 1924490637
331 -445986016
332 541813223
333 2020317857
334 2141698983
335 -37123241
336 -74246482
337 -244320160
338 -244320158
339 -600010027
340 -600010021
341 -1688660348
342 917646598
343 2079613358
344 708589592
345 708589610
346 -1569188470
347 -1449716599
348 1276062245
349 -173654345
350 -1207907541
351 -1207907527
352 -1207907517
353 1773652622
354 1773652635
355 1773652649
356 1773652667
357 1025990670
358 -1495323957
359 -469333274
360 834986120
361 -103680440
362 -207360873
363 -207360869
364 -207360849
365 109223100
366 -305498600
367 -196275491
368 -196275484
369 -588826469
370 -588826451
371 -588826439
372 2135936964
373 2135936984
374 -611919769
375 -635013111
376 -635013103
377 -635013094
378 -635013084
379 -1905039267
380 1119901866
381 -1420150469
382 819653259
383 -600497208
384 -1200994399
385 1892978483
386 1892978487
387 -1710004705
388 2075952271
389 -143062743
390 2115863330
391 2115863337
392 159644201
393 96403578
394 256047780
395 256047800
396 608499163
397 1376642529
398 -2053777799
399 -677135259
400 -489723548
401 -1843994063
402 1284114430
403 -559879628
404 -1119759259
405 2055448795
406 375809910
407 2035734254
408 -1507613213
409 903930960
410 -603682238
411 1204179679
412 600497457
413 1804677148
414 -1889792672
415 -1889792659
416 515381982
417 -1374410658
418 -343646698
419 -1202675373
420 -1202675363
421 -1202675358
422 -1202675340
423 -859380832
424 1030235771
425 857796188
426 857796189
427 857796209
428 -691342929
429 1024249485
430 -1388672148
431 -1388672144
432 -1586641525
433 -1586641521
434 -631410541
435 2007896727
436 1376486197
437 1166330869
438 -375664028
439 -119917530
440 2047235516
441 2047235519
442 -696077809
443 -696077795
444 -696077777
445 -40997852
446 -2129231232
447 1428660451
448 -1437646407
449 1419674487
450 -718542684
451 -1437085368
452 2121367339
453 -52232623
454 1333181169
455 -892651406
456 1072579118
457 179927723
458 1640803993
459 1640803997
460 239147536
461 478295078
462 717442623
463 717442628
464 717442635
465 -1425196789
466 -1425196785
467 1444573729
468 -1405819833
469 1483327632
470 1483327638
471 -1328312010
472 232523439
473 387539078
474 620062529
475 1240125047
476 1151938096
477 -1902904135
478 -1902904133
479 -1902904118
480 -1902904100
481 -1413745053
482 -1413745049
483 53732157
484 2010368446
485 -763389490
486 1300711133
487 1300711142
488 1838032799
489 144487787
490 1982520587
491 -329926120
492 -659852235
493 -989778348
494 2963896
495 -986814442
496 1331560051
497 347709525
498 -294359312
499 398095825
500 398095835
501 849541875
