0 0
1 19
2 27
3 62
4 75
5 200
6 210
7 494
8 495
9 1411
10 2417
11 4341
12 8669
13 16854
14 32285
15 57816
16 57832
17 115661
18 173505
19 404821
20 404841
21 809663
22 1214520
23 2024191
24 2024208
25 6072591
26 12145182
27 12145186
28 24290382
29 56677553
30 56677558
31 149790689
32 206468248
33 356258950
34 562727205
35 1125454420
36 1688181632
37 -1481331239
38 1895032026
39 2101882426
40 2101882434
41 1803829608
42 -389255250
43 -778510497
44 -1167765740
45 1959435810
46 13159576
47 26319168
48 26319188
49 2025233759
50 2077872131
51 -126063456
52 -126063441
53 -417669103
54 -543732536
55 864343610
56 -349184923
57 -349184903
58 -795427852
59 -1173186597
60 -1802640653
61 -1802640649
62 -1802640632
63 2008826079
64 206185458
65 1102056917
66 -288212821
67 -288212815
68 -288212801
69 443603945
70 -132821665
71 -132821663
72 -265643319
73 -375895488
74 -463578173
75 -1370760304
76 1819090025
77 -656787243
78 -672035675
79 -1344071367
80 1622073023
81 1622073034
82 1228039033
83 1228039046
84 -216816168
85 -2055705379
86 1805629573
87 761147090
88 511071294
89 805326412
90 2077544812
91 2077544818
92 1937667145
93 -1691851396
94 105938099
95 351753862
96 -1234159424
97 -776467446
98 -1552934897
99 -1552934886
100 1189097519
101 1601727594
102 1237890242
103 922845577
104 -532503868
105 390341710
106 390341716
107 1171025140
108 1951708579
109 -1172233560
110 1950500172
111 778266631
112 778266645
113 -8458822
114 769807834
115 769807846
116 769807858
117 1539615709
118 1539615723
119 1539615739
120 1093687747
121 -2107591811
122 -690024185
123 -690024172
124 -1380048338
125 -572721200
126 -572721198
127 1079452390
128 -2136062515
129 -2136062501
130 22842292
131 45684592
132 91369175
133 159896077
134 296949855
135 456845952
136 913691885
137 1827383775
138 1827383789
139 1027287974
140 387088251
141 -1053207270
142 -1053207257
143 -1719326261
144 1522433791
145 -1916218741
146 -393784930
147 1984963645
148 -325040008
149 1266138714
150 -1762689856
151 -821591142
152 -1643182284
153 67504021
154 1401146760
155 1468650786
156 1294119303
157 -1706728694
158 -1770275112
159 2112082795
160 2112082796
161 -1841076811
162 271005997
163 883819671
164 1154825686
165 468574562
166 -1516741366
167 990478572
168 990478589
169 990478590
170 990478594
171 -1323531515
172 -1656584463
173 -1989637371
174 -674786037
175 -1349572087
176 -1375612644
177 -1094640842
178 1824713821
179 -645539662
180 1654315899
181 1008776256
182 2017552505
183 -259862291
184 -519724571
185 -519724568
186 -1299311425
187 1956206744
188 656895330
189 1313790665
190 1970686003
191 -353595292
192 1617090723
193 909900152
194 909900160
195 909900175
196 -1565266791
197 254533562
198 509067119
199 108234083
200 216468158
201 833769378
202 833769384
203 -1793659169
204 -959889783
205 1541418349
206 -1212130593
207 329287764
208 -301314248
209 -602628496
210 -602628494
211 -1506571223
212 1611112616
213 -1402029840
214 -1402029824
215 -1402029818
216 193419209
217 -1208610604
218 475716262
219 -539475125
220 -539475119
221 -539475105
222 -1142709079
223 2073308004
224 391123824
225 242772543
226 633896373
227 -2096575614
228 -1462679235
229 1612381366
230 -1070204557
231 542176815
232 542176832
233 1084353648
234 1084353667
235 -2126259978
236 -1041906297
237 1126801027
238 127342078
239 127342098
240 339578908
241 1721064123
242 2060643035
243 -173681212
244 -173681210
245 -521043635
246 1192236997
247 497512170
248 1168705551
249 -1436512565
250 1421942161
251 -14570393
252 1407371787
253 1407371790
254 -1509364505
255 1305379087
256 1305379096
257 -378830037
258 2129935446
259 -1442468206
260 -1442468198
261 171548111
262 -962282869
263 2061764357
264 2061764373
265 -1133721425
266 -1133721413
267 893803036
268 893803040
269 893803042
270 413966295
271 413966312
272 413966313
273 1241898922
274 1655865248
275 -569270487
276 -569270486
277 -569270475
278 -1138540944
279 2017885408
280 2017885417
281 1758688927
282 1499492471
283 1499492490
284 -1295982330
285 203510178
286 203510187
287 -888961961
288 -1777923923
289 1628081424
290 -835294253
291 -985136751
292 -192349577
293 -384699142
294 -769398281
295 1128089301
296 358691024
297 717382045
298 -2090804919
299 -656040819
300 -1670772655
301 594730963
302 -1732082508
303 1486843105
304 -1977321904
305 -1977321897
306 340323512
307 -1636998371
308 530491761
309 -425859596
310 -1532366196
311 -1958225775
312 378515745
313 1182891085
314 1561406840
315 -1550669368
316 1193628568
317 1204366043
318 -1896972675
319 -1896972674
320 1705387992
321 -884191309
322 1322218646
323 1322218665
324 1322218685
325 492885389
326 492885406
327 -1986977799
328 -1494092383
329 -1173080692
330 -1173080691
331 -1173080686
332 1948805920
333 -397355450
334 -794710898
335 -794710896
336 -1211051990
337 1097138076
338 -2100691154
339 -2100691136
340 -2100691123
341 93585054
342 93585057
343 280755149
344 374340210
345 -1258425643
346 -1258425639
347 -2142511057
348 9945178
349 903975792
350 -1228590069
351 -324614259
352 -639283339
353 -963897589
354 -1927795169
355 763991200
356 1203368141
357 39564188
358 1242932332
359 1242932341
360 -566170281
361 -566170263
362 1353524148
363 1464115948
364 -2043497445
365 774142664
366 982115059
367 982115074
368 982115081
369 1676990452
370 328368376
371 656736760
372 985105143
373 -647766559
374 -1295533110
375 -1295533105
376 -1596990862
377 -1596990860
378 -2137847199
379 -2137847191
380 -1577717945
381 -1558445024
382 -1558445011
383 1178077280
384 -1359410587
385 -1359410580
386 -1359410572
387 -163632159
388 1231180685
389 -291862030
390 939318675
391 647456646
392 1294913307
393 -473960002
394 -473959990
395 994449978
396 1988899947
397 1988899956
398 203322615
399 -113844766
400 -227689537
401 1850688274
402 -593590734
403 915563244
404 915563254
405 -1206743241
406 -291179974
407 333203300
408 666406602
409 666406615
410 1374836557
411 -1254114214
412 1786738875
413 1907461228
414 -600767186
415 1839318707
416 637784331
417 637784339
418 1275568675
419 -1743829945
420 807307411
421 339046146
422 1146353577
423 1485399728
424 1485399733
425 -1324167820
426 1646631652
427 1807863577
428 -679240136
429 -679240128
430 771847161
431 -1427105165
432 -1427105157
433 -2082363149
434 130240990
435 915739983
436 1045980987
437 2091961977
438 -241284346
439 -482568694
440 -965137370
441 402971569
442 805943149
443 805943158
444 567151822
445 -1712957591
446 -1712957578
447 1436203958
448 -616616229
449 -2039175608
450 -2039175591
451 -400000120
452 1855791597
453 1455791486
454 -1166768220
455 2144814876
456 -405337666
457 -405337657
458 -405337643
459 -237966296
460 690835616
461 -763143638
462 -72308007
463 -72308000
464 -907759627
465 -1052375619
466 -2104751233
467 230080833
468 -1874670385
469 -1414508723
470 1005788191
471 1005788193
472 -1047521872
473 964054517
474 513600322
475 430132984
476 1907787826
477 -1957046475
478 -49258643
479 -49258629
480 -147775910
481 -295551817
482 -443327718
483 -886655438
484 -1773310882
485 748345550
486 -1024965330
487 -2049930656
488 -2049930653
489 -2049930636
490 -1854824645
491 585318007
492 585318010
493 -684188625
494 876659420
495 876659432
496 876659442
497 1945789682
498 280800683
499 -1191717476
500 -1191717458
501 719814878
