0 0
1 12
2 28
3 41
4 88
5 173
6 358
7 539
8 1202
9 2292
10 4399
11 6704
12 6707
13 13412
14 33534
15 64758
16 125133
17 223431
18 460276
19 873607
20 873608
21 873621
22 1747242
23 4368092
24 4368097
25 8736200
26 20093266
27 33197574
28 53290859
29 53290868
30 53290886
31 213163465
32 319745229
33 319745236
34 319745246
35 1172399178
36 2131634906
37 -351442713
38 -702885430
39 1077306764
40 374421344
41 1451728122
42 -1391511061
43 809059748
44 -582451310
45 -582451299
46 -355842860
47 -2103196780
48 1835927657
49 1835927663
50 630364384
51 -1828675240
52 -1821422827
53 1275233618
54 1275233623
55 1275233634
56 2004278050
57 -1015455594
58 519556049
59 -236121529
60 -732021060
61 -448586534
62 -1416729108
63 1461509085
64 -403806555
65 1057702550
66 653896010
67 1711598568
68 185932366
69 -1743540351
70 807886598
71 807886617
72 58165238
73 58165249
74 924217111
75 1848434216
76 1848434221
77 326118272
78 710401783
79 710401798
80 1746921855
81 1047310650
82 -1500734785
83 -453424126
84 -1954158895
85 1887384295
86 -973622852
87 913761460
88 913761468
89 853900077
90 1767661546
91 154117266
92 154117281
93 -1365171112
94 1564625061
95 507688513
96 2072313589
97 2072313609
98 -150340090
99 -150340087
100 -300680172
101 -451020243
102 -1052380576
103 -2104761163
104 686805324
105 1373610653
106 -44345179
107 1329265479
108 -949631007
109 -949631004
110 759268957
111 144927266
112 -995065780
113 -1040500555
114 -2081001111
115 1082596075
116 -2038905580
117 217156127
118 -739153362
119 -739153354
120 -739153339
121 -739153321
122 -1478306645
123 1338354009
124 1338354018
125 1338354023
126 -1618259239
127 918496169
128 1976944989
129 1277181926
130 -1740603434
131 1513523487
132 -1267920317
133 245603175
134 491206353
135 491206357
136 -39904429
137 942508298
138 1393810246
139 -1958648742
140 828971743
141 1166737129
142 -1921588619
143 -490718233
144 -490718213
145 -1736287930
146 -344345692
147 -688691372
148 -1033037047
149 -1721728416
150 1540201848
151 -181526565
152 -2084781547
153 814095574
154 -1633739104
155 1390542225
156 1390542226
157 -1513882843
158 447558098
159 -1066324732
160 -618766615
161 -618766611
162 924784594
163 924784607
164 924784623
165 1849569247
166 1849569254
167 328955836
168 -2116442201
169 1911652138
170 124165789
171 248331570
172 167707300
173 416038871
174 583746178
175 1167492350
176 1167492352
177 -792490240
178 375002129
179 750004250
180 -1627466435
181 -1627466433
182 1040034438
183 1040034441
184 452602454
185 452602457
186 -1309693487
187 -857091016
188 2128182807
189 866603225
190 -1300181261
191 -1300181245
192 -1733759272
193 1261026795
194 -472732468
195 788294329
196 -157170607
197 1419418060
198 1577809319
199 -1139348643
200 -1805964833
201 -1805964819
202 -1805964815
203 2032691485
204 226726678
205 1136491000
206 1136491018
207 -2021985262
208 -2021985245
209 -1770988483
210 501993571
211 501993575
212 -767001321
213 236985841
214 236985857
215 208963959
216 417927923
217 626891886
218 1727755479
219 1727755494
220 414327454
221 2142082968
222 1716954109
223 1716954129
224 1281023927
225 -1296989237
226 -1296989217
227 1700988853
228 1700988866
229 2089023212
230 2089023227
231 1988067650
232 -722831623
233 -1445663240
234 1908596025
235 -259898828
236 1468269990
237 1468270004
238 1468270009
239 1468270029
240 1468270043
241 -1358427218
242 1578112870
243 219685667
244 219685682
245 659057005
246 659057011
247 1318114024
248 1977171038
249 -999682222
250 -999682212
251 -999682192
252 -1999364402
253 1273727319
254 -1725319262
255 -155353437
256 -155353422
257 -155353410
258 -917652209
259 -1383712458
260 -1383712456
261 454536771
262 -929175680
263 -929175678
264 123727808
265 -805447850
266 -805447840
267 949448070
268 949448087
269 1093448335
270 -1302622792
271 1689721705
272 -915523883
273 565023381
274 1339221208
275 1339221227
276 1339221246
277 -1616524804
278 -1893828411
279 -831910740
280 -1663821480
281 -94593325
282 -94593306
283 -283779956
284 1326268493
285 1326268510
286 -2115396860
287 -2115396847
288 -1578256698
289 601313755
290 601313761
291 1202627523
292 -1288398489
293 1116856552
294 -171541923
295 945314645
296 945314647
297 1719087373
298 260063999
299 -425186622
300 -1795687893
301 703591505
302 -1257218997
303 -1257218995
304 -1257218991
305 1226901827
306 -30317150
307 1196584685
308 1166267551
309 -1992749365
310 -1992749360
311 309468576
312 309468584
313 309468599
314 -1064343586
315 -1064343569
316 -2128687147
317 656530184
318 694123196
319 694123211
320 -1148254106
321 -1148254088
322 1998459106
323 1998459112
324 1700410025
325 1700410044
326 1954516910
327 762320620
328 122280286
329 244560566
330 244560585
331 611401452
332 1100522616
333 1711924083
334 -381997978
335 -381997958
336 947928157
337 -1298588375
338 597267943
339 -135390228
340 -135390217
341 -135390200
342 191097312
343 191097324
344 111414222
345 302511556
346 796120429
347 1210046219
348 -1874874864
349 131291804
350 565095152
351 696386973
352 727945298
353 2120719230
354 -53528825
355 2067190422
356 2067190433
357 2067190440
358 2067190456
359 -374701660
360 -374701656
361 -909989713
362 -1819979428
363 1564998156
364 1564998174
365 1310016913
366 145045964
367 290091913
368 435137890
369 -549676439
370 320599345
371 320599363
372 320599375
373 961798095
374 961798113
375 -1409572998
376 -1409572982
377 -574950393
378 -1984523360
379 -1984523348
380 1226791524
381 1552712124
382 794980313
383 -720483323
384 -1440966644
385 -1366469647
386 -1366469639
387 1562028015
388 195558395
389 195558400
390 1953144830
391 -1755147277
392 589114354
393 589114368
394 -576918541
395 -576918522
396 -1730755602
397 1999489009
398 -885103642
399 -885103637
400 -885103635
401 1639656390
402 754552768
403 1509105540
404 -1276756219
405 986902103
406 1973804206
407 1683950109
408 -927067083
409 756883042
410 756883052
411 -50513965
412 -2074832139
413 -1538647079
414 630974123
415 630974142
416 1943436346
417 -1720556807
418 -53819266
419 -1774376067
420 -1774376063
421 -1774376061
422 -1081980149
423 -1081980146
424 2131007002
425 713261883
426 1762288758
427 1762288760
428 1762288775
429 1762288791
430 991899049
431 991899062
432 -1319270142
433 664527985
434 664528001
435 664528021
436 664528027
437 664528037
438 664528043
439 1329056084
440 -307799070
441 1021257018
442 -1587925216
443 -874467262
444 -419878430
445 -419878419
446 992817987
447 572939579
448 1565757581
449 -1163452139
450 402305444
451 402305447
452 1206916352
453 1609221800
454 1609221804
455 532698127
456 663090789
457 663090801
458 1326181594
459 -1109905975
460 216275639
461 -893630320
462 -1787260648
463 1614076341
464 -173184294
465 -1023723268
466 2031245113
467 2031245121
468 184691733
469 -47785309
470 -1119293889
471 -1214864513
472 1913023589
473 -468920112
474 -468920108
475 -468920100
476 506263273
477 -431576929
478 -863153849
479 -1726307709
480 1311271990
481 -415035714
482 -830071427
483 -1245107132
484 1389717323
485 144610202
486 -540851023
487 -540851017
488 -792481631
489 -339856143
490 -2069429608
491 11497876
492 563846784
493 563846790
494 563846794
495 1127693586
496 -2039580123
497 -348039732
498 1907347454
499 1559307726
500 1559307737
501 -1176351819
