0 0
1 3
2 20
3 42
4 72
5 149
6 289
7 293
8 859
9 1154
10 2761
11 2773
12 6691
13 12245
14 25643
15 47357
16 94715
17 179964
18 274681
19 596718
20 1193445
21 2244827
22 4034995
23 4035003
24 4035014
25 14349847
26 14349867
27 28699724
28 65469459
29 126903924
30 235422994
31 427796394
32 427796404
33 1283389183
34 2138981992
35 -17003315
36 -17003305
37 -17003298
38 -51009916
39 -85016517
40 -187036349
41 -272052846
42 -544105703
43 -1003194895
44 -1547300578
45 928313287
46 -618987274
47 -618987266
48 -1856961826
49 581043647
50 1781074587
51 -1932849055
52 -2046679893
53 -2046679890
54 49833049
55 49833065
56 49833077
57 -1897180690
58 500605917
59 500605930
60 1001211863
61 105243031
62 210486060
63 -1976814480
64 -159267590
65 -1925595990
66 549018340
67 549018354
68 -827559281
69 -278540914
70 -278540901
71 -835622730
72 -1114163611
73 2066640071
74 2066640072
75 -1275850762
76 907643052
77 -368207693
78 -898102546
79 -898102537
80 -1796205064
81 1600659711
82 -1991750418
83 311466455
84 1521035455
85 1441411206
86 -1412144884
87 -129982169
88 1731786082
89 -1142861604
90 488208647
91 488208648
92 -166444302
93 -166444285
94 155320080
95 -177568497
96 -355136984
97 -710273977
98 -1254103651
99 1975452689
100 721349048
101 721349050
102 -2130920148
103 33127000
104 -2097793128
105 1542079135
106 -1932158090
107 -390078941
108 1450143274
109 -872093741
110 -1744187490
111 -1556216891
112 1182533526
113 -2117870837
114 -2117870819
115 -2117870802
116 59225681
117 -1999419471
118 -1940193788
119 414579729
120 414579745
121 829159491
122 1243739238
123 961864417
124 -1260204130
125 -2105828526
126 1890799075
127 -1475233563
128 -1988602714
129 616101585
130 616101591
131 -340834013
132 891369170
133 550535171
134 1717171938
135 -860623423
136 -860623409
137 -1721246820
138 -1721246802
139 852473686
140 -868773111
141 836174263
142 1672348519
143 -1802743921
144 -1802743917
145 -1096965044
146 2101037207
147 1004072181
148 -1189857898
149 -185785709
150 1729465790
151 1729465793
152 -1021821403
153 707644406
154 -314176988
155 1101111816
156 -2092743658
157 -1619985810
158 1369172672
159 -1242444972
160 1810077364
161 -1775924393
162 160880683
163 -1047411311
164 -852377654
165 -1738908264
166 -958773641
167 -141622885
168 -1100396511
169 -1242019382
170 1810928528
171 -531487347
172 -1062974701
173 -2125949406
174 1143464997
175 -982484399
176 1267023799
177 -1760919701
178 -493895895
179 -493895891
180 1830795226
181 -917916252
182 418983096
183 418983107
184 837966204
185 1256949312
186 2014965470
187 -1023052507
188 991912982
189 -31139517
190 960773483
191 -1381507382
192 -1381507373
193 -1802241265
194 659345261
195 1349830029
196 -1174573328
197 1945820637
198 771247310
199 -1402642639
200 139851989
201 279703976
202 1733981288
203 1522141938
204 -619288098
205 -1238576187
206 -1238576172
207 159682788
208 -1078893378
209 -1078893369
210 2137180565
211 -20606171
212 -20606162
213 -41212324
214 2054755928
215 2054755936
216 -226667752
217 -453335494
218 -453335484
219 -1318794158
220 1842834418
221 -609298452
222 -85258191
223 -85258177
224 -170516360
225 -341032721
226 -682065439
227 -682065434
228 -682065414
229 1737221938
230 373091103
231 64116767
232 -2120537482
233 -2120537479
234 -2120537467
235 -1629437259
236 663001681
237 663001684
238 663001698
239 663001715
240 1022569533
241 1685571256
242 1685571269
243 1685571288
244 1784316070
245 -1748904701
246 1720982673
247 -853001959
248 903392085
249 22468116
250 22468121
251 1816309049
252 1816309065
253 -662349171
254 -1302230229
255 1668038725
256 1519768395
257 1519768405
258 -1255430491
259 -1255430489
260 -991092570
261 793013765
262 -1453509289
263 132518224
264 -1519069865
265 -2047047146
266 -592140775
267 -1184281546
268 -1184281537
269 -712783702
270 1213620520
271 500836835
272 1714457356
273 1714457375
274 1714457393
275 1349241671
276 -1596483950
277 -1596483947
278 -1843726206
279 -741726788
280 113030357
281 113030358
282 339091078
283 -2020301185
284 -1568179734
285 -1568179719
286 1158607849
287 636005590
288 636005606
289 -705740388
290 -69734766
291 -69734751
292 -139469516
293 -139469505
294 -278939017
295 -278939004
296 -906551784
297 -906551774
298 1923985735
299 1923985739
300 2034867928
301 -336113621
302 345206726
303 1596965228
304 1606058346
305 952017327
306 -130833279
307 -130833268
308 690350791
309 559517536
310 1249868338
311 1249868358
312 -676195521
313 -676195501
314 1147345693
315 1044823040
316 2089646081
317 -1365543489
318 724102609
319 -641440868
320 806764351
321 1613528697
322 1778852191
323 -13160297
324 1765691901
325 849945206
326 849945222
327 -842545244
328 857345188
329 1714690383
330 1729490338
331 1729490343
332 893503732
333 893503741
334 951020876
335 951020895
336 1123572294
337 517654251
338 141804773
339 659459030
340 659459042
341 -1193017889
342 -533558836
343 -1067117669
344 -1600676493
345 -99403578
346 1527769570
347 1428366000
348 1428366016
349 89534307
350 79665031
351 79665036
352 79665053
353 79665070
354 238995161
355 318660250
356 557655426
357 1194975912
358 1194975924
359 -1347360022
360 -1347360009
361 -304768179
362 1295479094
363 1295479112
364 -408529997
365 1877660035
366 -539647230
367 -774526268
368 1450435656
369 675909396
370 812171571
371 -1356450666
372 -544279092
373 -1900729757
374 1981588767
375 80859019
376 -382561057
377 -765122103
378 -985965118
379 -71200486
380 -1057165591
381 -1057165588
382 -2114331172
383 -990860657
384 -995756195
385 -863146312
386 -669127023
387 -1338254043
388 -562176917
389 1725409331
390 -1707294952
391 1743523710
392 -138792866
393 1604730860
394 -1067391199
395 434775570
396 -632615625
397 339499618
398 -925731620
399 -1218847617
400 -1218847602
401 -1218847587
402 -287307115
403 -574614228
404 -2080768929
405 -2080768913
406 -1947339472
407 266858916
408 -2121665312
409 -1587947476
410 -1587947467
411 1611893794
412 1611893799
413 -1071179695
414 -2142359392
415 10248518
416 20497039
417 -2111613821
418 -2080868259
419 102485234
420 235716025
421 440686482
422 676402512
423 1455290266
424 2131692780
425 409104764
426 377523041
427 755046083
428 1132569126
429 510968500
430 510968516
431 -2140461143
432 -2140461131
433 -2140461130
434 14045043
435 28090094
436 -2084280963
437 -2056190867
438 -1943830507
439 -1943830501
440 589891852
441 -1058992707
442 -2117985430
443 2115187317
444 1879237846
445 1879237857
446 1578695733
447 1042204156
448 -95371670
449 109798800
450 14427146
451 -1645213125
452 -1520987167
453 1252992952
454 -267994202
455 -535988416
456 -535988411
457 -535988401
458 -622966461
459 -622966452
460 1977057582
461 1977057589
462 1977057608
463 -340852086
464 -340852083
465 954501332
466 -2045112515
467 204742264
468 -885868917
469 -2112589904
470 -2112589884
471 69787517
472 69787526
473 -676506356
474 -606718814
475 -1283225163
476 1728516978
477 445291829
478 283864843
479 1174448504
480 1174448521
481 -1662205424
482 1415848281
483 2102539896
484 -89887501
485 -1354223510
486 -1444111009
487 630166175
488 2036911466
489 2036911473
490 2036911480
491 -1849033987
492 596899321
493 784776834
494 1569553651
495 -1155859977
496 413693678
497 -2085903787
498 -473739589
499 993157638
500 519418066
501 -1047067660
