0 0
1 12
2 30
3 34
4 84
5 161
6 259
7 574
8 837
9 855
10 2281
11 4808
12 7957
13 12771
14 28674
15 54214
16 108438
17 212071
18 403410
19 403413
20 1181565
21 1181580
22 3382057
23 4563657
24 10712281
25 15275953
26 30551908
27 45827872
28 76379783
29 122207661
30 290243182
31 488830635
32 488830639
33 1466491908
34 -1560570924
35 883582259
36 1767164527
37 -1249468881
38 517695652
39 -731773218
40 1187200351
41 -276346082
42 -552692161
43 144084545
44 -684953686
45 -540869129
46 -1081738262
47 -1081738260
48 905667969
49 1811335930
50 553527380
51 -1024435999
52 -1024435988
53 -1495344606
54 1775186710
55 279842122
56 -1489187755
57 -929503515
58 -929503502
59 946772536
60 1893545065
61 1910814116
62 456164436
63 -17174628
64 -51618295
65 -103236598
66 -2100018258
67 2022919537
68 -180335303
69 -412288901
70 -592624184
71 -1185248382
72 -1185248365
73 1924470568
74 -1038650357
75 -1484676525
76 1325614239
77 1325614259
78 2052372188
79 -1076043132
80 -667409732
81 308919337
82 308919340
83 -1125614174
84 -1125614171
85 2043738959
86 101429963
87 -106059408
88 -4629439
89 908865913
90 908865919
91 1817731852
92 -770192448
93 1956405324
94 -1291022554
95 -1291022542
96 -1291022522
97 421899684
98 -869122822
99 -869122816
100 1687598830
101 818476018
102 1636952052
103 -151940379
104 -151940369
105 -151940356
106 1999606983
107 1695726264
108 -1055455137
109 -1807029526
110 680908239
111 1513756830
112 1027906676
113 360087088
114 360087102
115 720174209
116 720174220
117 720174228
118 -1414270445
119 1106339325
120 -307931105
121 104312020
122 902720246
123 391170051
124 -2098356754
125 -1008085536
126 -1708239954
127 774175351
128 254460411
129 508920830
130 -170683350
131 338237500
132 676474996
133 1014712516
134 1691187530
135 1691187541
136 1116832790
137 1218953088
138 -267993859
139 -535987724
140 -1071975447
141 -1071975437
142 -1728979364
143 -113950669
144 1380061844
145 1380061851
146 -1534843591
147 1111329439
148 1111329442
149 -847028306
150 -159213011
151 -159213008
152 -159213004
153 -213337876
154 -372550860
155 -745101732
156 -1330990461
157 -1330990460
158 301995922
159 301995925
160 603991859
161 905987804
162 905987813
163 -1275007960
164 536967672
165 1073935339
166 -2147096626
167 -536193604
168 -1609354871
169 -2145548463
170 -2143226263
171 8514779
172 -2134711475
173 -2134711466
174 34059144
175 -2100652321
176 -2066593167
177 161780961
178 323561918
179 647123848
180 647123867
181 1294247718
182 1941371605
183 234899751
184 469799510
185 -354648706
186 -354648705
187 -709297402
188 -713895546
189 -713895526
190 -2137088461
191 1443983312
192 1464773689
193 -656122515
194 115546034
195 231092067
196 -309484397
197 845804883
198 226836084
199 1109794678
200 2104043320
201 -317972711
202 1786070612
203 1468097912
204 1468097921
205 -2081597521
206 -1654298369
207 -1654298362
208 -1095226938
209 -1095226937
210 2104513423
211 -85940432
212 -85940412
213 -171880833
214 -257821239
215 -601582909
216 -859404129
217 -859404116
218 1974576153
219 -345814991
220 1628761174
221 -1896849059
222 -1896849058
223 1784215380
224 -380721551
225 1904763015
226 1411407797
227 1411407812
228 1411407828
229 1411407833
230 -60743814
231 1350664033
232 -1593639230
233 -1593639227
234 -485950387
235 1911658681
236 -1761570153
237 771826987
238 -1157674093
239 -385847086
240 -621605658
241 1140097302
242 1140097315
243 115067795
244 1387809672
245 -1651992503
246 2131079594
247 -1172905420
248 -1172905416
249 1949156478
250 -396654355
251 379596724
252 379596743
253 362539119
254 1121732597
255 1863868468
256 1863868476
257 917041366
258 1834082749
259 -2111073527
260 640050606
261 640050624
262 -830972294
263 -1661944582
264 1802050440
265 1802050447
266 1751234654
267 -741682190
268 -741682187
269 -422996127
270 -422996112
271 -845992227
272 -1268988320
273 1756990656
274 488002342
275 976004698
276 1106017154
277 -1236940765
278 -1236940746
279 96142702
280 -1140798042
281 1882447615
282 -399148457
283 342501131
284 342501137
285 1027503394
286 1313357208
287 1313357218
288 1313357235
289 -354895624
290 -2023148458
291 1562027594
292 497340764
293 36219920
294 2095588286
295 -2126939184
296 2064237397
297 -62701768
298 2001535648
299 1876132100
300 -417299528
301 1166936569
302 -1669198137
303 -1336860625
304 -1839122182
305 -550213642
306 1905631489
307 -483704318
308 -483704312
309 388009233
310 1326232094
311 1326232108
312 -1738198170
313 818570972
314 2120846256
315 -441284019
316 -1796834082
317 -1796834076
318 -1914105904
319 -1212806755
320 1869353789
321 1240574370
322 -1813818563
323 -1830803056
324 -534693456
325 -534693453
326 -534693451
327 -534693445
328 -1069386881
329 1621500083
330 17419770
331 569532984
332 -2086514450
333 121938404
334 243876810
335 365815219
336 731630449
337 1341322480
338 -1612322328
339 460630606
340 -1151691715
341 1991583866
342 1300522777
343 988723226
344 -2005721280
345 -2019858699
346 -1736333974
347 538774624
348 -928172013
349 149377237
350 298754488
351 -1677599635
352 -1677599625
353 939768047
354 -737831566
355 -737831548
356 -737831545
357 2081472649
358 807746040
359 -1405748601
360 -1405748600
361 1483470107
362 -1328027085
363 155443034
364 1794356169
365 1794356176
366 -395368876
367 -946180778
368 -1341549645
369 1611868000
370 1611868002
371 540636715
372 1476642310
373 946047743
374 280227482
375 560454957
376 560454960
377 -471139831
378 -471139812
379 178630283
380 -292509522
381 -292509521
382 -877528556
383 -877528554
384 -877528535
385 1369872149
386 -1555223013
387 -1940407936
388 414151413
389 -1711607386
390 -1711607372
391 -1711607359
392 -1711607356
393 871752589
394 1743505181
395 -1679709514
396 63795670
397 127591351
398 -1488322489
399 -1360731123
400 -42408799
401 1531096245
402 1488687453
403 -1275183592
404 341460197
405 341460200
406 -1867446787
407 -1525986582
408 309270733
409 309270745
410 1520075411
411 1520075419
412 2132705744
413 877889283
414 -1284372249
415 -1284372229
416 1961925972
417 -606818491
418 -1213636994
419 -1142901731
420 -1001431234
421 -2002862470
422 1290673607
423 224808493
424 224808502
425 -262571863
426 -525143728
427 -787715589
428 -1125814177
429 1818530459
430 1818530475
431 -657906347
432 1853340425
433 1853340434
434 -1246192781
435 -673855079
436 1128726655
437 1128726669
438 1583598255
439 1921003728
440 793232939
441 -2034646343
442 679590343
443 -1352188368
444 -672598020
445 -672598011
446 -1345196012
447 -1345196007
448 931977268
449 1863954543
450 105539811
451 -1393495662
452 1507975965
453 1507975985
454 -1279015331
455 343440969
456 -935574343
457 -592133367
458 -592133350
459 -1776400083
460 1334300502
461 -442099566
462 -1476332483
463 -1918432039
464 1792403714
465 1792403731
466 -710159834
467 956215576
468 956215592
469 1912431174
470 -1426320513
471 486110672
472 -940209832
473 -940209828
474 -1394308982
475 1506349333
476 112040364
477 -1656338930
478 -37949221
479 -75898449
480 -113847667
481 -1884034255
482 -1884034253
483 526898808
484 864051485
485 1917849082
486 1917849098
487 931681189
488 -1445437004
489 1404093289
490 1404093295
491 1362749585
492 -637786927
493 2129055954
494 2129055960
495 2092200590
496 1417558291
497 -1459850717
498 -1459850700
499 -1502143119
500 -912085649
501 420887848
