0 0
1 1
2 19
3 28
4 54
5 55
6 172
7 245
8 568
9 571
10 1621
11 2767
12 4965
13 9932
14 9948
15 19892
16 44755
17 64656
18 109428
19 174099
20 392956
21 785904
22 1462393
23 2641258
24 4103653
25 9386169
26 16131092
27 25517263
28 51034542
29 51034562
30 143717468
31 194752048
32 440538625
33 440538626
34 1219546787
35 2100624041
36 101032847
37 101032854
38 101032873
39 202065737
40 404131482
41 808262962
42 808262976
43 1616525943
44 -1870178374
45 1767004999
46 -103173373
47 1410179198
48 1203832453
49 -1680955625
50 -1698079627
51 2119764506
52 2119764524
53 860493781
54 -1314708977
55 1665549345
56 -963868616
57 -1927737235
58 1754201819
59 -1137404013
60 -609258685
61 7539135
62 -1912658959
63 643184775
64 -1261935041
65 -618750249
66 -618750231
67 -1237500467
68 1201216095
69 -36284368
70 -691318960
71 -763887685
72 -1491491000
73 -1491490996
74 1311985306
75 -1670996689
76 952973932
77 1905947865
78 1187925122
79 -1919117050
80 -1919117035
81 1644658335
82 -1005650615
83 1095740944
84 -2103485404
85 -368736728
86 -368736722
87 -1745217895
88 1812275970
89 1521066522
90 1219387884
91 1219387898
92 1477150984
93 -1340665319
94 -198639319
95 -1539304619
96 -1601458256
97 1092050772
98 1092050789
99 582643313
100 1165286636
101 -1454986554
102 1384994188
103 -69992348
104 1315001850
105 -1954663508
106 -1954663493
107 385640297
108 2016290100
109 -192394749
110 -192394743
111 -384789486
112 1632351429
113 1055167216
114 -1992238119
115 310491043
116 -1681747074
117 931473162
118 1862946327
119 1862946338
120 -1008857499
121 -1577932115
122 1139103060
123 1139103066
124 1139103082
125 1139103083
126 -1316487116
127 -177384019
128 -354768051
129 -532152065
130 -532152064
131 1382024001
132 -214432188
133 103287700
134 738727454
135 842015168
136 1684030327
137 -1141338816
138 542691516
139 542691525
140 -55955760
141 -55955750
142 -167867271
143 262912762
144 -16866000
145 -16865999
146 -33731995
147 -67463976
148 -134927952
149 -134927940
150 -387917857
151 -522845777
152 -910763624
153 -2091383142
154 247128973
155 -1844254162
156 -1844254153
157 606458991
158 1212917977
159 -24877166
160 1794499814
161 -705967672
162 -2018394342
163 258178613
164 -1760215727
165 -1760215711
166 -985679860
167 -1971359727
168 2112463587
169 1690175587
170 -914616105
171 916663355
172 -490280869
173 1201941975
174 -1891083350
175 -1177374978
176 1226508979
177 1226508997
178 1226509016
179 1226509027
180 -1841949252
181 -1230880509
182 1222137550
183 -1850692196
184 -628554628
185 -628554627
186 -1885663892
187 -1885663873
188 523639543
189 -1362024312
190 -943299851
191 627618808
192 -1677705346
193 -1993386370
194 623875586
195 1875369976
196 -1795721719
197 703523851
198 783172126
199 -2104747464
200 -2104747455
201 85472386
202 85472396
203 170944802
204 256417204
205 427362025
206 1025668814
207 1025668833
208 -1816267606
209 918849272
210 1153919323
211 1282169824
212 1282169838
213 -1730627627
214 -1730627617
215 257003749
216 1090715821
217 1090715827
218 -2113535645
219 -1405727853
220 1866419631
221 -1652843849
222 -1192152055
223 -1192152042
224 2124238998
225 2124239007
226 2124239026
227 -46489260
228 839108449
229 746129929
230 746129942
231 -1963598959
232 -471339072
233 -471339057
234 2134820160
235 1663481110
236 -968005068
237 1887618088
238 422947009
239 -1288926142
240 1021638966
241 155659839
242 1177298811
243 1177298825
244 1177298831
245 -763070811
246 -1526141630
247 -1111913596
248 -1046528368
249 1024611728
250 1024611748
251 -1635360116
252 413863366
253 -1221496740
254 -1221496733
255 -1221496715
256 1044340482
257 -177156230
258 -177156217
259 -177156203
260 -354312409
261 -708624816
262 -1417249640
263 -2125874444
264 -2125874442
265 43218427
266 86436839
267 -1244375951
268 -1157939105
269 -1157939102
270 1979089092
271 -1581165056
272 -1581165049
273 -1581165043
274 1132637210
275 684109366
276 1816746580
277 1816746593
278 1816746611
279 -661474075
280 493798426
281 -167675640
282 -996825362
283 484569979
284 484569980
285 298437384
286 783007382
287 2050584727
288 -1461375182
289 -1461375181
290 209279146
291 1581496082
292 329400048
293 1910896142
294 1910896147
295 1437721128
296 1437721131
297 -1419525035
298 18196099
299 -1401328928
300 -1383132812
301 1546897769
302 1546897779
303 327529917
304 1874427710
305 -546111876
306 1655845766
307 563622011
308 -747183668
309 -747183661
310 -930745315
311 1869854663
312 -555257966
313 1314596698
314 951264425
315 -714509460
316 996093716
317 996093736
318 996093746
319 -1306686096
320 -310592341
321 1371002767
322 1745911831
323 -1488645026
324 1628269585
325 -1038428121
326 -1038428114
327 -448586639
328 1769524437
329 1320937814
330 -1653091680
331 -332153846
332 -664307698
333 -996461539
334 -996461521
335 -347508969
336 958073734
337 -385896755
338 224668030
339 796845018
340 635616310
341 1657129375
342 -1366605302
343 1722985415
344 356380133
345 712760262
346 -1502841484
347 1289284338
348 499203123
349 499203126
350 1497609376
351 -509667316
352 1487145205
353 977477896
354 1954955792
355 1112553674
356 727497963
357 1964663253
358 -1852785994
359 -1852785987
360 -1740908727
361 1540647816
362 389134422
363 1929782245
364 1929782259
365 -435402781
366 1494379489
367 1058976719
368 1682550642
369 -1553439924
370 -2047903132
371 634563797
372 1328188044
373 43959445
374 2006711300
375 -281544699
376 -1197653203
377 1899660905
378 702007720
379 1404015435
380 2106023173
381 619086743
382 536165795
383 -1033691576
384 -1033691560
385 -912130579
386 -1824261169
387 -508807577
388 1049767977
389 2099535952
390 816235186
391 1632470374
392 794234626
393 1047508843
394 -4518254
395 -4518247
396 1038472350
397 2076944705
398 -1179550228
399 -1179550220
400 -1179550203
401 -423233582
402 1512633301
403 1512633321
404 242932621
405 -1026768038
406 -1026768033
407 -2053536054
408 1943461118
409 -110074932
410 2021281364
411 774363483
412 774363491
413 -724958947
414 49404546
415 873172592
416 971981702
417 1943963395
418 -456445052
419 -912890095
420 -1875184736
421 1506892482
422 -1737627399
423 -1737627383
424 -1737627378
425 588977623
426 1177955254
427 1766932889
428 58611022
429 58611025
430 -1232857087
431 -1174246048
432 1887864171
433 -402016901
434 311601239
435 -90415648
436 221185607
437 40354316
438 171124279
439 211478596
440 382602885
441 382602903
442 1188162988
443 1188163008
444 -1153435504
445 1988096281
446 -1083980503
447 -1083980485
448 -1083980483
449 1877686613
450 -290274352
451 -580548688
452 -870823023
453 -1451371705
454 1101949529
455 1101949549
456 -698844331
457 403105230
458 806210468
459 -1580596840
460 -774386355
461 -1145667493
462 794316626
463 -351350849
464 -1477088057
465 2115177528
466 1081055261
467 1081055266
468 -2132856751
469 -1051801473
470 1110309092
471 87761409
472 -1986587722
473 -1898826293
474 497314705
475 497314719
476 1404182720
477 499985869
478 1904168592
479 507999320
480 518683943
481 518683953
482 1037367913
483 -1712232158
484 -156180273
485 -156180263
486 -156180249
487 -468540766
488 1645653591
489 864752317
490 1885684906
491 -1544530065
492 -1911947302
493 -1570792456
494 812227547
495 1624455101
496 1704380133
497 -1724696969
498 1604138283
499 -120558668
500 -1207249409
501 -1327808057
