0 0
1 7
2 13
3 23
4 49
5 105
6 206
7 365
8 691
9 703
10 1407
11 2808
12 2817
13 5637
14 5644
15 18320
16 23978
17 23980
18 23996
19 47995
20 119953
21 167958
22 359910
23 647828
24 1007756
25 1655596
26 2663368
27 6334477
28 12309030
29 21306894
30 39950404
31 73566332
32 134823637
33 248340377
34 496680759
35 496680774
36 1376525552
37 -1676739815
38 -300214252
39 -103747724
40 -2080701785
41 133563735
42 1943867282
43 -107018477
44 -107018468
45 -214036939
46 1649357143
47 1328301751
48 1328301766
49 -203043572
50 -1841407334
51 -2044450902
52 -2044450892
53 -1838385394
54 618196512
55 -1014123374
56 -395926848
57 -1410050219
58 2093063375
59 683013159
60 -1518890743
61 -152864426
62 -305728843
63 -1977484005
64 -1977484000
65 -118593962
66 221405345
67 137081851
68 579892531
69 -1157698215
70 -337912441
71 -557230923
72 -2052841568
73 769176698
74 958460865
75 -1220347365
76 -2102782290
77 971837652
78 -623654426
79 -2016485544
80 -696464676
81 1582017078
82 -1754587551
83 -1754587541
84 1671344616
85 1671344625
86 1671344638
87 -952278016
88 719066638
89 719066643
90 1438133298
91 1923988572
92 505287867
93 291509097
94 -1574181745
95 -777384775
96 -777384762
97 -777384743
98 680140378
99 680140385
100 680140394
101 680140398
102 -1574405725
103 -894265319
104 -428249865
105 2078186793
106 1649936929
107 -1889358756
108 -1889358737
109 -1889358734
110 -1373108925
111 1032499639
112 175640541
113 351281093
114 -1703046383
115 -1703046381
116 1415796174
117 1415796176
118 -1463374938
119 -334828963
120 1033388466
121 2066776918
122 -1194801906
123 871975019
124 -1852457743
125 -108507698
126 -217015407
127 -325523098
128 -651046196
129 -651046191
130 -1953138580
131 497197843
132 -2106986917
133 -570052729
134 -489059259
135 1626066253
136 1137007014
137 -1531894020
138 -1531894000
139 -789774007
140 1973299294
141 -743255709
142 1671448872
143 2111718456
144 2111718469
145 856662799
146 856662807
147 -469923211
148 386739613
149 -553106816
150 220372400
151 54005212
152 54005231
153 54005242
154 -170718715
155 211669385
156 202966375
157 351927537
158 554893927
159 906821465
160 -2066688588
161 -1159867113
162 -1412912755
163 -344501145
164 -344501127
165 -344501117
166 -1033503375
167 -1033503364
168 1538958328
169 1538958345
170 1538958349
171 -1217050589
172 -1217050580
173 -895142807
174 965723326
175 1931446660
176 784976613
177 -1507963492
178 1208459798
179 -1878047714
180 538871880
181 -853702900
182 -853702882
183 -1168533892
184 -1168533884
185 250493757
186 -918040126
187 -667546362
188 -667546351
189 2041834464
190 -211298356
191 1830536116
192 -1301441418
193 -1935336487
194 -1406241785
195 1482483723
196 -1859094537
197 -1859094525
198 -1282316302
199 1153556478
200 1153556495
201 -1987854311
202 -963057625
203 -963057623
204 -1606856579
205 761995487
206 761995501
207 -82865587
208 679129916
209 596264345
210 1192528684
211 -1909909932
212 -121116883
213 -242233771
214 -484467540
215 -726701305
216 -1211168826
217 1509278977
218 -1155292459
219 -1583883600
220 1127200099
221 1127200101
222 670516603
223 1797716708
224 1797716713
225 -29017270
226 -728551129
227 -728551117
228 2109313913
229 -1874056166
230 -1874056146
231 -1638798384
232 -1638798379
233 1017370540
234 -621427836
235 1413313241
236 -1468340807
237 340915157
238 -335540227
239 -671080469
240 -1006620689
241 -2013241366
242 -2013241346
243 -738136100
244 -469651513
245 -469651508
246 -469651488
247 134635360
248 -335016116
249 -200380748
250 -1340064492
251 -1540445228
252 -1540445220
253 1214076868
254 1214076887
255 -1866813527
256 -1866813512
257 1775417153
258 1775417156
259 1775417173
260 1031284204
261 2062568402
262 2062568410
263 -1658096392
264 404472025
265 -1253624347
266 -849152312
267 -849152292
268 1343038355
269 -1204418557
270 -710532476
271 -1421064956
272 1452837388
273 -678760035
274 -678760021
275 -678760003
276 -2004507623
277 1611699676
278 1865879293
279 115551331
280 -701836981
281 886785705
282 886785719
283 886785727
284 2074071510
285 2074071523
286 -146824243
287 593137241
288 -1774582755
289 -1475094005
290 1045290543
291 -1611248958
292 -565958397
293 1687956494
294 1687956501
295 1198705643
296 -286307040
297 -286307023
298 626091590
299 626091599
300 1252183195
301 -2076907918
302 141151450
303 -683573270
304 -741054936
305 -1283476749
306 -1283476734
307 986958897
308 986958916
309 -1334090603
310 639827221
311 -694263365
312 -54436136
313 -54436131
314 -1497398999
315 1994432670
316 497033688
317 939631246
318 1436664942
319 572795258
320 1145590527
321 1718385801
322 -1430990953
323 -852521720
324 2011454643
325 -272058021
326 -272058018
327 1467338617
328 1195280600
329 -1904406080
330 -709125462
331 -1418250924
332 -2127376385
333 -668910944
334 -668910933
335 -588481872
336 -1926303741
337 442359817
338 -1483943915
339 69686671
340 -971897407
341 1908812664
342 936915272
343 936915281
344 -1484221467
345 -1996545542
346 -1606936447
347 1081094401
348 1225273524
349 -1988599370
350 -1988599361
351 317768578
352 635537150
353 -1035293617
354 -2070587239
355 1189086456
356 1189086460
357 307585696
358 1496672171
359 1804257887
360 -994037233
361 -1680488760
362 -1680488746
363 933989807
364 933989813
365 1807932193
366 -619055471
367 -619055466
368 -1238110920
369 1818745446
370 -38420929
371 1780324528
372 1703482675
373 -849581009
374 119583417
375 -1579578599
376 -606093500
377 -1212187009
378 167110603
379 167110622
380 -877965774
381 -877965762
382 -1588820896
383 -1588820894
384 239359758
385 -399246257
386 957439022
387 1914878046
388 -1582536721
389 1129893851
390 -452642868
391 1009592316
392 556949464
393 -2051174516
394 -937275598
395 1863466663
396 926191078
397 -1505309551
398 347072609
399 -1158236933
400 1978493438
401 1167329124
402 1987585646
403 1987585663
404 -319795970
405 -1788736684
406 -2108532648
407 397697973
408 -1710834667
409 -1235234692
410 -1235234686
411 1824497926
412 589263244
413 1178526501
414 -702679606
415 475846900
416 475846907
417 951693821
418 -1915732766
419 -1915732763
420 -1928077882
421 451156661
422 902313326
423 902313328
424 -2039183965
425 -1136870634
426 -1136870616
427 -17957917
428 866397506
429 -288431020
430 560008575
431 271577558
432 543155129
433 1086310250
434 1901042941
435 1901042956
436 -492881386
437 -985762765
438 -1478644145
439 -1478644132
440 1760077841
441 -1197210423
442 -915776706
443 -2112987116
444 1266203486
445 -1762560318
446 769846646
447 273489820
448 -1566007472
449 2009735991
450 -275495318
451 1211569669
452 -1349156944
453 1596653407
454 1596653425
455 1844149908
456 604902184
457 -1765305
458 603136882
459 601371586
460 601371591
461 -1885950356
462 -1885950349
463 -1885950340
464 -1362883745
465 -2124395898
466 -2124395896
467 -793641621
468 -793641619
469 -793641606
470 -210353427
471 -1797636634
472 1493335642
473 1493335643
474 185039636
475 1163720864
476 1348760503
477 -1782485915
478 -1782485902
479 729995482
480 -1486215812
481 -756220314
482 -782445149
483 -782445143
484 -782445141
485 -782445130
486 1947631901
487 -399703501
488 1547928416
489 -1981555608
490 -833330690
491 -1666661367
492 961644552
493 -1971974678
494 1617975812
495 1617975825
496 1263976973
497 -805368799
498 2076584016
499 1271215236
500 1129415973
501 182247937
