0 0
1 13
2 27
3 32
4 44
5 79
6 207
7 398
8 731
9 1148
10 1892
11 3774
12 7554
13 15103
14 26448
15 54779
16 103893
17 185122
18 343795
19 714052
20 1401644
21 1401660
22 3517364
23 7378517
24 10895896
25 23193451
26 23193462
27 64661342
28 111048272
29 111048289
30 222096566
31 444193135
32 953047615
33 1397240756
34 -1500485783
35 1293995739
36 1190750722
37 -1810220821
38 -825960131
39 -1445430211
40 2023576960
41 578146757
42 -1693243569
43 908480163
44 908480174
45 123716772
46 123716779
47 371150326
48 1527064065
49 1898214404
50 -498538481
51 -873360189
52 2053379811
53 -1715271735
54 -535252101
55 -1569042694
56 -1569042675
57 1156881941
58 -412160725
59 1366351062
60 542029604
61 1084059217
62 -557806187
63 526253039
64 -1334080545
65 -1334080537
66 1626806221
67 292725699
68 585451388
69 -163177772
70 -163177768
71 -326355524
72 -67259673
73 -719970718
74 -1113585905
75 -1833556620
76 627854071
77 627854077
78 627854080
79 50005622
80 677859722
81 1983573508
82 -955674363
83 1755764506
84 -1511303636
85 1272360020
86 561146534
87 322202926
88 883349472
89 1205552407
90 -1883862484
91 1088388875
92 410078801
93 -385394803
94 24684016
95 1137756899
96 -2019453505
97 -881696605
98 -881696591
99 -881696589
100 -369575989
101 -739151966
102 -1108727948
103 -1847879905
104 1338359444
105 -1618248405
106 319318521
107 319318524
108 -1489131815
109 -1169813277
110 1955340743
111 -703604343
112 -703604332
113 -621681191
114 -621681177
115 -695230288
116 -1316911461
117 -2012141740
118 -2012141738
119 -1741457923
120 1507281740
121 -1280403809
122 -1243896167
123 -475650593
124 -475650575
125 -1968319394
126 -1968319377
127 -1968319361
128 -1968319351
129 -1609990785
130 -1609990784
131 -1609990770
132 -176676441
133 898309315
134 1796618629
135 -1600039341
136 -691778604
137 2003149370
138 1507950065
139 -783867857
140 -1567735711
141 1159495880
142 1159495889
143 1475338271
144 -500637236
145 -1001274480
146 1132922446
147 -2029122391
148 1896855646
149 1000655704
150 2001311412
151 2001311427
152 -1689800401
153 -1982144851
154 330677606
155 330677615
156 -1320789616
157 -990111999
158 -1980223989
159 3841706
160 -1976382280
161 -1968698865
162 -1968698859
163 699772318
164 699772338
165 1399544665
166 830390476
167 -1365259804
168 1564447695
169 199187908
170 398375819
171 796751634
172 1593503262
173 -1506336576
174 -1506336561
175 1282294164
176 -224042380
177 -224042360
178 2116503596
179 -1344254273
180 548206983
181 -796047283
182 -247840284
183 -247840273
184 -2087775120
185 1463671335
186 -1915831611
187 -452160271
188 -904320532
189 -1356480800
190 -333825901
191 1700340082
192 -894287150
193 472227051
194 944454089
195 522394007
196 522394018
197 1567182029
198 -738543135
199 1873426925
200 1134883803
201 -2025199699
202 983111033
203 92795142
204 1075906188
205 1075906204
206 -1067248725
207 1177358818
208 110110112
209 110110115
210 110110122
211 110110128
212 110110130
213 440440504
214 550550642
215 1321321545
216 1871872195
217 -672277
218 1871199926
219 1319304753
220 -1105134881
221 2084697540
222 -125572230
223 -125572217
224 -251144427
225 -502288861
226 -753433278
227 -1758011001
228 1783523037
229 -1481354513
230 2085691546
231 629849073
232 1234186122
233 1864035209
234 -1196745949
235 667289261
236 -529456670
237 -529456661
238 275665198
239 -253791446
240 -369750311
241 -369750292
242 -369750284
243 -1109250869
244 2076465553
245 227714114
246 1194928813
247 1194928824
248 1194928843
249 1593998870
250 -311110742
251 -1817150310
252 -1817150290
253 1943554829
254 1943554838
255 -407857610
256 -155048539
257 -155048535
258 -717954671
259 507645503
260 -365357702
261 -730715386
262 -1461430771
263 -2049858350
264 195250601
265 195250607
266 195250613
267 585751823
268 585751831
269 1171503665
270 -1561458745
271 -389955075
272 -389955055
273 1953598434
274 1953598447
275 1565828024
276 -775540824
277 -775540816
278 -1551081639
279 -1536335248
280 -343531212
281 -343531194
282 2071569655
283 2071569667
284 1919741669
285 -303655947
286 -607311887
287 -607311870
288 -1214623743
289 1562063863
290 -259871739
291 1302192136
292 1042320413
293 1042320431
294 2084640849
295 2084640858
296 916634850
297 -1419377179
298 1581898549
299 162521385
300 -968648826
301 -643606066
302 -1287212131
303 -1155047088
304 240453187
305 240453201
306 -674140692
307 -433687489
308 -1107828175
309 -1107828174
310 2079310953
311 2079310964
312 1509278083
313 265104537
314 265104541
315 1903141791
316 -2126720962
317 -223579152
318 -182053780
319 -405632916
320 -587686684
321 -993319587
322 2126274341
323 545268074
324 -1623424873
325 54797959
326 109595932
327 164393894
328 328787786
329 493181684
330 493181685
331 986363381
332 1972726753
333 1972726769
334 1972726780
335 1972726797
336 287335901
337 287335913
338 225158114
339 225158124
340 450316251
341 900632500
342 1801265007
343 -1142753522
344 2009460251
345 -276046802
346 590659929
347 590659931
348 905273063
349 2086592934
350 -121781424
351 -834222790
352 -1668445566
353 1670517531
354 1670517539
355 838366722
356 1676733441
357 -1779867126
358 -1779867120
359 -1779867119
360 -1779867107
361 735233080
362 -1044634014
363 425832145
364 851664285
365 1277496435
366 1510358863
367 -229615558
368 1280743306
369 1051127753
370 2102255517
371 2102255527
372 2011799269
373 -41753204
374 -1364249729
375 605796344
376 -981119071
377 -1739572444
378 1574275789
379 -1146415715
380 2002135864
381 690423511
382 1546143667
383 -56264253
384 -2114664363
385 2067774445
386 -103154159
387 -150044061
388 -253198201
389 -403242257
390 1158135780
391 501695330
392 853346607
393 2109935475
394 -75096357
395 -1406781552
396 -1406781545
397 -778723967
398 627583883
399 -1557921619
400 -1557921605
401 -1557921593
402 -378797520
403 -1936719110
404 421529086
405 -1893987525
406 885789759
407 -1008197761
408 -122407996
409 -122407981
410 -122407968
411 -367223933
412 -612039880
413 -1224079748
414 1846807796
415 622728059
416 1245456121
417 1878872361
418 74817295
419 -473093459
420 -1568914972
421 -1967191123
422 -2055509883
423 -1694924839
424 -1694924830
425 -391531046
426 785852873
427 785852889
428 -514750096
429 665424634
430 936527434
431 936527437
432 2023729429
433 2023729446
434 689019033
435 441510615
436 883021241
437 1766042484
438 -515373909
439 2133689829
440 2133689833
441 -542961534
442 680119415
443 -405803660
444 -296233397
445 -21917622
446 -723954666
447 -1042105679
448 -1787977950
449 -1787977945
450 -1068966562
451 -349955156
452 1088067639
453 738112486
454 407258423
455 1145370922
456 -1266112971
457 -120742031
458 165774346
459 -75709724
460 -1296790373
461 -1372500088
462 1625676839
463 253176759
464 -866146571
465 1012707031
466 1012707043
467 1012707063
468 -2122992729
469 -1110285663
470 -1110285649
471 964110328
472 -1256460965
473 1782045360
474 -730876578
475 -205292175
476 -936168746
477 -1346753099
478 1075876700
479 -1412337315
480 1675584837
481 -943797612
482 -943797600
483 -212010369
484 -212010365
485 -212010349
486 -636031063
487 -848041408
488 -1696082801
489 690791315
490 690791335
491 -1798572615
492 -416989945
493 -1524771206
494 -1941761137
495 -696336263
496 1656869904
497 1656869906
498 -1677563734
499 939839833
500 939839842
501 -779111544
