0 0
1 9
2 29
3 46
4 85
5 171
6 176
7 521
8 959
9 1485
10 2447
11 3938
12 6393
13 14269
14 27066
15 41337
16 41350
17 109758
18 192465
19 411983
20 411986
21 823981
22 1235970
23 3076397
24 3076406
25 6152806
26 12305620
27 24611243
28 36916874
29 79986549
30 79986553
31 233806856
32 393779965
33 627586840
34 1021366806
35 1021366807
36 2042733621
37 2042733623
38 1833233580
39 1833233596
40 -838000156
41 995233458
42 -471266800
43 -942533605
44 -418566927
45 -1361100517
46 -1361100513
47 211665754
48 -1149434755
49 1996097786
50 846663038
51 1693326086
52 1693326099
53 1934445725
54 -667195455
55 1267250288
56 600054849
57 1867305146
58 706893272
59 146536269
60 853429550
61 -120748200
62 -120748187
63 -120748177
64 -241496345
65 -482992702
66 -965985406
67 -1448978090
68 1034766588
69 -1380196900
70 -345430299
71 -1725627197
72 -1725627190
73 -1725627189
74 -1725627178
75 -1725627175
76 1687425880
77 -920115550
78 -114603915
79 -114603914
80 -114603902
81 -114603894
82 -1378531155
83 -1722342853
84 850281597
85 1929771003
86 -320821406
87 1608949613
88 -1077068071
89 -1303854551
90 -771972999
91 -771972985
92 370098709
93 -1173847272
94 -1575721532
95 1545398495
96 -1204170298
97 341228213
98 -862942074
99 -1756207182
100 -1756207166
101 -80389110
102 -80389097
103 621774749
104 -1295210606
105 -753824944
106 -1427260798
107 2113881571
108 2113881575
109 -1494464946
110 -1561669077
111 -942252438
112 -942252430
113 848793353
114 848793373
115 848793379
116 661875246
117 1510668640
118 423956704
119 -879952
120 1933745402
121 -427476491
122 -427476472
123 1078792449
124 -2138262358
125 -1059469907
126 1321074531
127 -1225341749
128 -963737113
129 -963737102
130 1142151337
131 -689590094
132 -689590076
133 -1200765918
134 -1890355982
135 -175334756
136 338920582
137 1367431238
138 1706351838
139 -1221184217
140 -1221184215
141 970335241
142 -1472033182
143 -501697935
144 849203005
145 347505072
146 695010144
147 1042515219
148 1737525364
149 -472411486
150 -1292328036
151 -1292328021
152 -277026946
153 960872813
154 -608482143
155 1785674965
156 2138065649
157 -295862952
158 -667089623
159 -1334179241
160 -1334179228
161 1626608842
162 292429626
163 -1416409619
164 502628856
165 -621351133
166 -1242702253
167 -1242702250
168 1690840519
169 1690840527
170 -913286235
171 -913286227
172 -913286208
173 -1826572420
174 -1826572415
175 -2098036199
176 370358689
177 370358692
178 1111076082
179 -246242728
180 -246242719
181 988949344
182 742706645
183 742706649
184 -1820604651
185 653758005
186 -1166846632
187 -848279975
188 -848279957
189 1431560733
190 -778087816
191 -194807036
192 -389614073
193 -1362508908
194 1569949478
195 -182173487
196 -182173469
197 -364346939
198 -728693886
199 -1275214283
200 1744538723
201 -805889849
202 -805889830
203 -1611779666
204 1540732393
205 1540732405
206 -142094532
207 1327590606
208 1327590619
209 1327590633
210 -454289967
211 -908579932
212 -1362869882
213 2023517502
214 625368357
215 625368374
216 1250736740
217 230023682
218 -1563470136
219 -1333446438
220 -790787771
221 -790787751
222 46498890
223 -137025891
224 -881314750
225 -1762629485
226 769708313
227 -1964762912
228 -1195054594
229 -739086113
230 1165772005
231 1561835698
232 -1567359591
233 421162008
234 421162018
235 842324031
236 1263486058
237 1263486068
238 -83347097
239 -1851342262
240 592282779
241 -1259059477
242 -1259059460
243 434441789
244 -2083677145
245 -1649235339
246 -1521622327
247 1124109647
248 -397512673
249 726596987
250 726596990
251 1453193991
252 -2115176295
253 -2115176281
254 1517808719
255 1582423445
256 -1194735131
257 -1194735121
258 710761931
259 710761944
260 614477084
261 2036000966
262 -222965354
263 -222965342
264 -222965322
265 -668896009
266 -1337792012
267 -1337792002
268 950487278
269 1678009235
270 -715983506
271 574721021
272 574721029
273 574721042
274 -1608778465
275 -459336376
276 -459336367
277 -1378009125
278 964228015
279 -873117460
280 -1746234931
281 -1746234917
282 -70620006
283 822988005
284 681747989
285 -312118916
286 369629089
287 369629102
288 369629103
289 1108887295
290 1905655678
291 -910795217
292 -1821590421
293 -1821590405
294 -259008731
295 1387638211
296 1780415953
297 1087455048
298 -39458069
299 -337924871
300 -337924870
301 -715307806
302 -1391157544
303 1473194150
304 -633271184
305 -1266542376
306 -1817776948
307 659413411
308 -1158363518
309 711697869
310 212747779
311 212747783
312 1137193432
313 -2020580428
314 253806454
315 -416832745
316 -1046413282
317 1064947308
318 18534039
319 18534042
320 18534043
321 37068095
322 55602156
323 111204307
324 240942652
325 407749118
326 407749121
327 815498258
328 1630996504
329 -1440723393
330 1005771383
331 -1875675414
332 -1875675408
333 1739660972
334 1739660984
335 1603646568
336 788001237
337 -1903319473
338 -1115318232
339 1112671089
340 1112671107
341 -793295495
342 319375626
343 1751422330
344 1751422335
345 -153371375
346 -153371368
347 -779489733
348 665189871
349 1330379738
350 1995569623
351 -1083317792
352 -2052335725
353 855485719
354 1045781569
355 1045781571
356 1045781586
357 -302136831
358 -302136823
359 441507933
360 1928797447
361 2068168570
362 -158630162
363 -158630146
364 -173753646
365 -491013945
366 -491013930
367 -491013916
368 -1805425569
369 842746291
370 842746303
371 1685492598
372 1074545713
373 -1654861943
374 -580316219
375 524860159
376 -635772272
377 -1271544557
378 677332477
379 -594212060
380 -1824196400
381 -1741075963
382 135482890
383 -1605593070
384 1083781165
385 -521811893
386 -908140896
387 -1816281798
388 1048732718
389 -1113720694
390 -64987968
391 -1946257738
392 -2076233662
393 -906232761
394 -633756862
395 -1332501689
396 -1332501679
397 89974317
398 1719938255
399 -855090789
400 -377679880
401 -1232770652
402 1829425995
403 -636115312
404 -636115294
405 -636115292
406 -636115286
407 -715035181
408 -715035174
409 -2066185628
410 798711331
411 961307374
412 1760018718
413 -774929864
414 678921941
415 -1669649111
416 -1669649093
417 955669097
418 955669102
419 -1427959998
420 483378212
421 -944581784
422 -1889163560
423 1472309270
424 1472309288
425 1472309293
426 1472309310
427 121960596
428 243921208
429 487842403
430 -496624471
431 1829409050
432 1332784582
433 -1629398119
434 1036171052
435 2072342110
436 1479115058
437 292660937
438 -1044076255
439 -751415312
440 -1502830629
441 996645118
442 -2009016131
443 1028350346
444 1028350360
445 47684587
446 1076034950
447 1123719554
448 -2095212775
449 1180576692
450 1180576708
451 1389660186
452 -544153703
453 -544153683
454 -544153680
455 -544153672
456 -544153664
457 -1088307324
458 1030045279
459 -602415702
460 -1204831391
461 -777201796
462 -777201778
463 1963361925
464 -1398288736
465 -212128573
466 -1610417298
467 -1257472676
468 -1257472663
469 1780021962
470 1737498060
471 -777447259
472 960050816
473 1920101635
474 1920101639
475 -454764010
476 1465337649
477 -1364292009
478 1566383271
479 1566383272
480 -1162200740
481 606273811
482 -1718127676
483 858711944
484 -253141902
485 -506283816
486 -1618841436
487 1057284411
488 -1067840834
489 -10556411
490 -21112816
491 -42225634
492 -63338434
493 -126676879
494 -263910154
495 -390587016
496 -390587014
497 -1235099492
498 2014783638
499 779684162
500 779684181
501 1559368346
