0 0
1 2
2 15
3 25
4 28
5 90
6 122
7 274
8 408
9 417
10 841
11 1956
12 3624
13 7263
14 7281
15 14553
16 34692
17 49257
18 105797
19 155071
20 260871
21 521754
22 937707
23 1720340
24 1720355
25 4900157
26 9278570
27 9278579
28 25177662
29 43734824
30 78191066
31 165660706
32 312764269
33 625528547
34 1103953539
35 -2087060227
36 -357578122
37 -1340684805
38 -1340684797
39 -1340684791
40 -84665214
41 1528932497
42 1717180192
43 1717180209
44 583660407
45 1251986012
46 -1790995274
47 -815955749
48 -771304591
49 -1587260332
50 -1587260319
51 2037158345
52 -1137362291
53 1248938116
54 561473870
55 1810411996
56 -1923081413
57 -1923081408
58 -1923081392
59 448804505
60 784939590
61 784939593
62 2018683700
63 2018683718
64 1761083825
65 1761083831
66 1245884079
67 1245884096
68 -42115288
69 1203768818
70 1203768838
71 562223259
72 562223272
73 -762983096
74 1565232282
75 1926695737
76 1926695755
77 1123656482
78 1123656502
79 -2047654301
80 -923997780
81 -724339093
82 -724339090
83 1922291350
84 1796928399
85 -575747527
86 -1875834144
87 543299008
88 -1332535118
89 -1332535109
90 -1332535092
91 -1035173149
92 594723954
93 -440449179
94 -440449175
95 -880898334
96 -880898328
97 -2047971058
98 1366097917
99 1851297495
100 1851297506
101 -592372277
102 1258925238
103 666552980
104 1925478222
105 -1036383131
106 -1480393975
107 1334179342
108 742880474
109 -439717288
110 -439717275
111 -879434561
112 318190703
113 -1440678402
114 -2001922253
115 1170557345
116 -1953852606
117 1509749794
118 1509749795
119 234282092
120 1299929077
121 1534211186
122 1792954650
123 1792954663
124 2125082281
125 -1344731811
126 71292492
127 -1273439299
128 1748088685
129 1748088690
130 -798789912
131 949298784
132 150508883
133 301017769
134 602035539
135 1204071064
136 2107124385
137 -983771839
138 -1064490374
139 58862182
140 58862183
141 117724380
142 176586576
143 176586578
144 588621913
145 1118381644
146 1118381663
147 -1469582057
148 -1469582044
149 -1820782418
150 -464979212
151 -464979197
152 1544226473
153 614268084
154 1693515361
155 -1987183833
156 -1987183828
157 320599645
158 -1345984561
159 -1025384899
160 -2050769812
161 -1793756157
162 450441342
163 450441361
164 -892873452
165 458450580
166 -1327296325
167 -868845741
168 2114843727
169 -515721199
170 -597019525
171 -1194039062
172 1988187514
173 794148471
174 991277417
175 1982554824
176 267161871
177 267161872
178 -1778088713
179 1730067282
180 -48021429
181 438280895
182 438280909
183 438280916
184 -1298078718
185 -859797784
186 -859797768
187 1277293030
188 417495274
189 417495284
190 2112283592
191 -930197868
192 2017076300
193 -260814711
194 826063739
195 565249029
196 -2077590796
197 -2077590779
198 139785733
199 279571466
200 559142927
201 559142928
202 1118285861
203 -2058395566
204 -2058395564
205 178176185
206 1474638229
207 -1345690846
208 307123579
209 307123582
210 743194549
211 1050318140
212 2100636274
213 -400818326
214 -1544831195
215 154986769
216 -1389844425
217 -1389844416
218 -1389844413
219 280420827
220 1795699303
221 2076120148
222 -1532571421
223 -1675298430
224 663949619
225 1751047071
226 -1879970604
227 1622123536
228 481851203
229 224004151
230 224004159
231 224004165
232 672012483
233 1120020808
234 2016037464
235 -262892359
236 -1421801365
237 1451364555
238 -1392238173
239 -1392238167
240 1540054155
241 147816001
242 295632008
243 591264017
244 -1720201113
245 -685489086
246 -1370978156
247 -2056467239
248 867521916
249 1735043831
250 546098523
251 -1146303025
252 -1146303012
253 -1746507500
254 801952299
255 1603904589
256 659349395
257 -1229760998
258 -570411585
259 -570411570
260 -107330168
261 1817052978
262 568899667
263 -2016344805
264 -308133887
265 -1755579012
266 783809269
267 1567618529
268 -1728629901
269 -161011366
270 -1293792462
271 -1293792445
272 1546371034
273 -1041213858
274 505157178
275 1010314370
276 2020628736
277 2020628748
278 220547883
279 1482309635
280 1449147710
281 -1396671860
282 -1396671852
283 -1344195986
284 1554099465
285 1711527064
286 1921430548
287 -1848778037
288 1994083059
289 1037394821
290 1182699846
291 -8137056
292 -8137050
293 -16274101
294 -16274084
295 -16274076
296 -65096362
297 -97644518
298 -211563128
299 -309207639
300 -520770748
301 -829978370
302 -1871519870
303 763490687
304 -1108029181
305 2078908936
306 970879756
307 833730334
308 -1519477447
309 -685747099
310 2089742756
311 1403995663
312 1288513892
313 -1717939530
314 -429425628
315 -429425623
316 -858851247
317 -858851227
318 -1717702457
319 1718413629
320 -2146416907
321 1290410343
322 -855295383
323 -1710590759
324 1729081156
325 1729081170
326 -836804956
327 910766626
328 73961688
329 -688881609
330 -540958238
331 -1155878145
332 -1155878142
333 -1155878126
334 -1155878118
335 -328545234
336 -657090468
337 997575355
338 -1143938456
339 -803453563
340 -949816653
341 1397758635
342 -501874678
343 -53932682
344 -911318932
345 -911318922
346 -911318918
347 -1822637833
348 649691631
349 -1172946196
350 -523254551
351 -1046509096
352 -1569763633
353 -1569763613
354 -414323582
355 741116470
356 435723854
357 1176840336
358 369593469
359 -1571693164
360 -1202099694
361 -791635189
362 729539263
363 -62095919
364 1396982599
365 1396982601
366 -833558747
367 1960406466
368 1960406480
369 -374154344
370 -1581867431
371 1964791191
372 1969175913
373 1977945349
374 1977945359
375 1630099336
376 930022562
377 930022580
378 1860045160
379 -1261799592
380 -1261799590
381 1196491136
382 532937134
383 1729428271
384 -836110750
385 1426254665
386 -1442457958
387 -1442457951
388 2000195307
389 -884720597
390 -1769441180
391 -2096424411
392 -455618876
393 -455618860
394 1287305156
395 1287305170
396 -433051817
397 2141558513
398 -1299155427
399 -1311005695
400 -901654424
401 783151764
402 -587105266
403 -705607907
404 -705607890
405 -705607885
406 -2116823677
407 1472535752
408 1472535762
409 -1349895780
410 1595175752
411 1717815746
412 -859335813
413 858479935
414 -855860
415 -1711722
416 855912355
417 854200649
418 1708401299
419 -879020562
420 829380754
421 1658761492
422 1658761494
423 1658761499
424 681317197
425 1362634388
426 2043951597
427 -888381293
428 -1776762592
429 1629823417
430 -1035320451
431 -26689308
432 -1062009739
433 -1088699034
434 2117569232
435 -1095149288
436 -1095149268
437 2104668746
438 2031939423
439 -158359116
440 -1411867496
441 -1728585729
442 -1728585723
443 -1728585707
444 837795869
445 837795884
446 -1781579664
447 -1834573606
448 -1940561512
449 -1940561506
450 413844283
451 413844291
452 -1112872921
453 128659933
454 -2097085918
455 1213668401
456 -754757565
457 1672579241
458 163064106
459 -2000413101
460 -919527308
461 1538090996
462 453793954
463 1072357657
464 1072357666
465 -1696458002
466 -1854825022
467 -1854825016
468 1033574581
469 994791509
470 -1681283943
471 -1507742860
472 -1160660705
473 -1160660692
474 1973645901
475 758265001
476 758265002
477 1516530015
478 -2020172263
479 254622764
480 509245537
481 260226060
482 1024094371
483 2048188745
484 -962458100
485 -1415670673
486 954380418
487 -1423748349
488 -799307954
489 648162646
490 648162655
491 27649420
492 1323974730
493 1848641517
494 201623692
495 201623697
496 201623698
497 403247407
498 604871123
499 1411365943
500 2016237068
501 -867364268
