0 0
1 10
2 13
3 26
4 58
5 75
6 147
7 329
8 655
9 994
10 2211
11 4199
12 6417
13 14485
14 25120
15 25127
16 71156
17 71173
18 71182
19 71184
20 142370
21 213568
22 355951
23 569527
24 925485
25 1850976
26 2776467
27 6478426
28 12031371
29 21286268
30 39796067
31 73113721
32 112909806
33 225819599
34 472925479
35 924564684
36 1809333297
37 -1561069295
38 1172828690
39 1172828696
40 -776481212
41 396347487
42 404454384
43 800801882
44 1205256271
45 -1884454756
46 922405270
47 1448463067
48 1691669858
49 -911627584
50 -2066461954
51 162043404
52 324086805
53 324086809
54 648173616
55 648173632
56 1620434068
57 -730012359
58 -2108198329
59 -1217776614
60 -1787379601
61 -1548399598
62 -258588510
63 700599598
64 183422580
65 183422582
66 -739543336
67 -556120741
68 -556120728
69 -1112241468
70 1514363617
71 -153998570
72 -864117878
73 -1018116434
74 -1882234297
75 376500128
76 753000261
77 1659999086
78 907265181
79 1814530371
80 1814530376
81 1814530384
82 1148623847
83 -1090454421
84 -1090454405
85 -1032284976
86 -1032284974
87 1139942960
88 -924626987
89 -924626976
90 -709311002
91 -1418622004
92 1242407327
93 -1810152652
94 -1810152632
95 498447350
96 1173109363
97 -1948748570
98 -1948748562
99 397470165
100 397470174
101 794940342
102 1192410531
103 1987350889
104 1987350902
105 -320265495
106 1667085426
107 -960796444
108 65757985
109 -1855834911
110 -1855834905
111 -311740971
112 -623481949
113 1503909482
114 880427547
115 1760855090
116 -773257114
117 987597996
118 987598000
119 1201938888
120 -1891089510
121 298447390
122 -390703230
123 -390703215
124 -390703208
125 1530215533
126 1139512331
127 1888321460
128 1888321477
129 621187978
130 -1785457826
131 -1785457813
132 1345239650
133 1345239665
134 905021514
135 905021525
136 -1139684578
137 -234663045
138 435695430
139 -938652190
140 -938652172
141 -1441608931
142 1411749449
143 1411749465
144 1411749470
145 -59718907
146 -1531187250
147 -179156675
148 -1770062817
149 754841650
150 754841651
151 -1970723425
152 1884707698
153 1423667577
154 -1447632143
155 -109980292
156 -109980279
157 -243925134
158 -243925122
159 -487850238
160 -975700476
161 -975700456
162 -1951400931
163 1367865922
164 1760031372
165 1760031389
166 1760031390
167 -1941974506
168 -1941974498
169 -363886209
170 47132090
171 1854295578
172 -404433021
173 -404433008
174 -404433007
175 -404432992
176 -1617732018
177 -1617732006
178 655070281
179 1714573554
180 -1270253173
181 -518341341
182 -1788594498
183 1988031471
184 199436977
185 398873965
186 279406583
187 1077154504
188 1755435071
189 -1462377719
190 -1462377711
191 -1462377698
192 -1462377679
193 -92165776
194 -92165771
195 1185880388
196 1185880400
197 1185880404
198 1185880424
199 -737326053
200 -1474652111
201 -1026097731
202 -1026097724
203 -2052195449
204 1216674126
205 1407250529
206 1407250530
207 1978979738
208 1978979750
209 1070242734
210 -1245744805
211 -175502057
212 -175502056
213 -175502050
214 -526506149
215 -702008187
216 -702008180
217 -1404016350
218 960428436
219 -1847604278
220 -887175835
221 1116599276
222 -1618180826
223 1058605637
224 -559575176
225 -889726923
226 -2008877276
227 -2008877261
228 -612514157
229 -1225028308
230 448547571
231 -776480729
232 -327933140
233 -655866295
234 1758206409
235 1102340122
236 1876747101
237 -213539945
238 -213539938
239 -427079867
240 1022587358
241 595507497
242 763935116
243 1954950106
244 -1576082060
245 1142803171
246 1521671224
247 1521671225
248 -1684903726
249 925159850
250 -2011368717
251 -1086208856
252 -1086208838
253 -648562978
254 1473986644
255 -1346994026
256 126992622
257 -1480786568
258 -1875364297
259 -1875364292
260 544238722
261 -265316510
262 -1596442071
263 -1596442057
264 1381005393
265 -215436644
266 -2027315364
267 -861746596
268 -1723493204
269 -317587857
270 -635175709
271 756963948
272 756963958
273 1513927924
274 -1902287157
275 -1902287138
276 2004320926
277 -1800253351
278 204067594
279 898528180
280 -697657574
281 404938206
282 605808829
283 1010747038
284 2021494076
285 -949636705
286 1071857387
287 122220702
288 122220713
289 122220718
290 488882832
291 488882847
292 1099986401
293 1588869255
294 -628345949
295 960523308
296 1921046624
297 -2041743303
298 -2041743296
299 -2041743291
300 1051307356
301 -990435918
302 -1769391145
303 -1769391129
304 -1769391116
305 -2003642000
306 -1247456946
307 -1247456935
308 1800053419
309 552596489
310 552596498
311 1657789474
312 -2084581321
313 -2084581304
314 125804689
315 -1832971961
316 -1707167264
317 880632778
318 1635460860
319 -1778873657
320 -1778873642
321 1546146390
322 -2011600893
323 -2011600876
324 39038280
325 39038297
326 39038314
327 -1894485982
328 -1855447657
329 584071989
330 584071990
331 1752215956
332 1064912283
333 1064912284
334 171145234
335 1236057527
336 -1822852234
337 -586794704
338 1885320373
339 1298525671
340 -1111121245
341 -336922125
342 1149007983
343 -299035376
344 513050499
345 -85020259
346 1278002852
347 1406997726
348 -1181936464
349 1418043856
350 1418043872
351 1418043890
352 1418043910
353 1377208239
354 -1540550824
355 -1622222079
356 -1622222060
357 1050523169
358 1937703758
359 -1796768021
360 -2052985216
361 1811218929
362 949692621
363 -1088841679
364 -1088841678
365 583228204
366 -1594455151
367 1106057006
368 -488398131
369 -393568053
370 -1370364315
371 -1370364310
372 1778329512
373 1778329532
374 1778329537
375 -1700707337
376 77622203
377 -583063846
378 -505441635
379 1583376682
380 572493416
381 1144986837
382 1144986845
383 -2004993603
384 -1854117106
385 -1854117086
386 586733109
387 586733120
388 1760199338
389 1079548498
390 -2135870301
391 -1056321793
392 -2112643589
393 1126001920
394 1126001934
395 1242135471
396 -800827957
397 441307529
398 441307546
399 882615085
400 882615101
401 1765230200
402 -1647121980
403 -1647121968
404 -1529013728
405 1118831608
406 -2057304086
407 -938472472
408 -1876944945
409 541077412
410 1082154814
411 1082154826
412 828442118
413 828442121
414 1656884242
415 100956031
416 1757840284
417 1858796327
418 1858796331
419 -1356661365
420 -75239672
421 -75239656
422 -2084515322
423 -2084515316
424 -1381204017
425 -1255267357
426 1709192940
427 1709192953
428 -2131848749
429 -1349934210
430 -1318664416
431 -1382061467
432 -178348575
433 -1560410040
434 -1560410033
435 1174147237
436 -2125021401
437 -2125021392
438 44924506
439 89849014
440 1353845261
441 1443694279
442 807291672
443 -2043981331
444 -1236689653
445 324160247
446 2145748251
447 2145748267
448 1334985782
449 1655675267
450 1655675284
451 347898263
452 -1449951721
453 -1102053450
454 1107243656
455 -1096863244
456 1753342554
457 661669536
458 1323339065
459 -546235728
460 777103342
461 -325748525
462 1228458161
463 902709638
464 2036286896
465 -127512598
466 1908774312
467 1781261718
468 1303843048
469 1303843064
470 -1687281178
471 -1687281170
472 -2070719268
473 -1150314317
474 1994338670
475 844024357
476 844024360
477 -1762894209
478 -1762894193
479 769178905
480 769178909
481 -1987430577
482 -449072754
483 1858463973
484 191139571
485 382279128
486 -1863084621
487 -1289665911
488 1715635477
489 1715635489
490 278520435
491 -585175882
492 -306655428
493 -306655410
494 -1198486702
495 -1505142106
496 978027654
497 -2032256546
498 537109615
499 -2022261377
500 250444546
501 2006031189
