0 0
1 14
2 31
3 50
4 56
5 152
6 155
7 319
8 640
9 659
10 1776
11 2444
12 4891
13 9127
14 18257
15 18276
16 18290
17 54842
18 109669
19 201089
20 310776
21 511879
22 1023747
23 2157163
24 3692798
25 6873713
26 10566525
27 17440252
28 17440266
29 17440278
30 52320808
31 52320812
32 139522165
33 279044339
34 418566518
35 941774648
36 1360341186
37 -1155718433
38 204622766
39 1351020173
40 399924525
41 799849042
42 -1539550776
43 1215865749
44 1215865758
45 892180740
46 1784361488
47 -1618425054
48 -805118607
49 -639182161
50 -1444300751
51 -1444300731
52 767183666
53 1534367335
54 1534367341
55 947316864
56 -956032820
57 -8715950
58 -8715949
59 -8715944
60 -982180655
61 -990896580
62 -1981793160
63 340096911
64 340096912
65 1020290741
66 1360387666
67 -1234095054
68 1146583369
69 -2001800565
70 291366171
71 -1710434379
72 786586856
73 1660685392
74 1660685409
75 -973596494
76 687088931
77 -1260104047
78 1774759197
79 1888833008
80 -1204390188
81 1199097978
82 -1896771332
83 -1896771324
84 1700522631
85 -2098312229
86 103635059
87 -1994677156
88 -1891042083
89 115093519
90 524341596
91 639435128
92 639435148
93 639435161
94 1278870314
95 1918305480
96 -458356334
97 1459949163
98 -1375068975
99 84880206
100 84880214
101 254640621
102 509281243
103 933682289
104 1782484373
105 -814878757
106 967605634
107 967605637
108 1120332534
109 -1239423471
110 1816120351
111 -662726596
112 -86029696
113 1067364069
114 1067364079
115 2048698459
116 2048698477
117 869793728
118 -1488015765
119 -1488015761
120 1991159143
121 -984872381
122 1006286779
123 -963457968
124 42828827
125 42828836
126 -856385888
127 -770728222
128 -770728216
129 -1541456422
130 -1541456420
131 -329401980
132 -658803946
133 223848536
134 1989153496
135 1554198089
136 -751615708
137 -1938186809
138 -1135604413
139 -282055344
140 939120734
141 657065409
142 -1759660403
143 -445529602
144 -1548124583
145 -1548124566
146 753188553
147 -253283297
148 1698623415
149 1698623425
150 -397815197
151 1300808229
152 -1693350827
153 908265644
154 515723055
155 1423988700
156 1154626589
157 -1716351993
158 -1716351974
159 -338365609
160 -1192454286
161 -1530819890
162 1233327531
163 -1828312236
164 976708416
165 1953416835
166 1953416847
167 -1239737414
168 -1239737397
169 -526057948
170 -1765795338
171 763376624
172 763376634
173 -2004837417
174 2051087802
175 809627028
176 -1434252463
177 -1434252460
178 -2058877894
179 801836946
180 1603673895
181 346632961
182 1950306875
183 -1998027441
184 -1590544059
185 -1638264614
186 -931868817
187 86569257
188 86569277
189 1897972401
190 1897972408
191 -325883952
192 -824906433
193 747182027
194 -902630825
195 591733229
196 -714505946
197 -714505935
198 -1739909475
199 1840551892
200 -736636219
201 -736636204
202 -1372629996
203 -1005350522
204 443714365
205 887428727
206 887428747
207 1213221337
208 -863174109
209 2124904705
210 -932586607
211 1192318106
212 1521462107
213 1521462110
214 -992311578
215 -1052036550
216 -1052036547
217 -1574922554
218 -1574922534
219 -1951262453
220 768782329
221 -1089394450
222 -1089394444
223 -1410006545
224 1795566319
225 -703834665
226 -703834646
227 -1407669292
228 -2111503925
229 -631875229
230 -1263750447
231 287837703
232 -1607787968
233 1079391374
234 -2136184558
235 -1056793165
236 -2113586347
237 -1539993360
238 -415405560
239 -1955398917
240 1508757258
241 -220659612
242 1672267117
243 1672267129
244 -1617734308
245 54532828
246 109065650
247 1890398432
248 1999464084
249 -241506289
250 -241506279
251 -888117334
252 -1129623597
253 -501289414
254 -1630912991
255 1033141301
256 2066282599
257 2066282608
258 -1261463183
259 -2021636961
260 1882606368
261 -1400493762
262 -1400493760
263 -1400493757
264 1493979797
265 -824895112
266 669084703
267 -62324367
268 -124648717
269 482111626
270 964223265
271 1321686176
272 -1651594937
273 -329908759
274 786517389
275 -1194986306
276 -1068286433
277 836708259
278 -231578160
279 605130109
280 -1053012517
281 -679460552
282 -1358921114
283 1577125065
284 218203961
285 -1296065142
286 -859657213
287 -1719314440
288 419930509
289 2135926158
290 -1739110613
291 396815553
292 -1342295049
293 -548663948
294 -1097327890
295 1703495971
296 57504134
297 1761000108
298 1818504249
299 1818504253
300 -1430925859
301 -270380406
302 -270380392
303 -540760781
304 -693943165
305 1088576701
306 -686888032
307 -686888030
308 -1373776058
309 -2060664083
310 173639127
311 -1887024940
312 -852858651
313 -852858633
314 -852858618
315 1736391405
316 -822184488
317 -1644368965
318 -1583020661
319 1128925975
320 1374319175
321 920224494
322 -2000423622
323 294120053
324 -1706303550
325 -1412183491
326 -1412183472
327 -235703201
328 -471406402
329 -942812818
330 -1414219206
331 -181357784
332 1756577497
333 -1253218709
334 -1092218182
335 -588859389
336 -588859385
337 2025030353
338 -244906591
339 -244906573
340 946357817
341 701451263
342 -1111941021
343 535868074
344 826829561
345 1898565704
346 -1444193701
347 454372019
348 1735573589
349 -823820106
350 1820497513
351 1742429324
352 1742429332
353 -810108625
354 -810108620
355 -810108603
356 -810108590
357 1864641498
358 244424321
359 -321259988
360 -76835666
361 1710970184
362 1710970185
363 -873026917
364 -873026911
365 -1746053822
366 -1746053817
367 -1746053804
368 -1816221053
369 662525189
370 -1153695853
371 241521778
372 241521797
373 -1824348131
374 1799966892
375 1799966898
376 -2036338049
377 -2036338036
378 -472742283
379 1785886986
380 -959564465
381 826322524
382 826322539
383 -1815999703
384 662967897
385 662967916
386 1162581189
387 1162581197
388 -643869094
389 -1950706081
390 -269412769
391 1430979369
392 1430979388
393 -1433008528
394 1428950248
395 -4058275
396 -8116551
397 1414746288
398 1398513199
399 -1489824348
400 -91311137
401 -1581135472
402 1132696357
403 -539750240
404 -539750238
405 -1079500477
406 2135966343
407 -23034596
408 2112931756
409 -1688354495
410 -1688354489
411 849154533
412 -839199951
413 928212900
414 1856425802
415 -1510328589
416 1274310126
417 1709420301
418 -965139642
419 508262215
420 508262226
421 -1259852054
422 -243327606
423 -486655215
424 -486655201
425 -1968227842
426 1840084257
427 1840084261
428 1711940679
429 1097141909
430 1097141929
431 -2100683446
432 93600403
433 -909941107
434 -909941103
435 -909941102
436 1565144002
437 1565144020
438 1310405832
439 -1419417437
440 1456132426
441 36715009
442 1492847449
443 -1309272397
444 1676422496
445 1896712572
446 -501542166
447 -1039799337
448 355371088
449 710742158
450 -475228246
451 -475228235
452 -475228223
453 -950456455
454 1918826143
455 493141480
456 511054713
457 1972565897
458 600620953
459 -717584246
460 -1928309968
461 -2045273245
462 -2117980602
463 -1796596499
464 380390203
465 1082164498
466 1842944909
467 -1369857870
468 1935641756
469 1935641757
470 1131567769
471 1131567775
472 1131567777
473 1131567781
474 -2031831724
475 231303843
476 1594175466
477 1594175476
478 -1775576437
479 -1775576428
480 -362801905
481 -2138378326
482 -2138378322
483 -2120167679
484 -2101957029
485 72842605
486 -2029114412
487 -2029114406
488 -1792375942
489 -1555637463
490 946953902
491 1893907808
492 1758701199
493 1251549522
494 1556145151
495 1556145167
496 -1182676961
497 644896802
498 644896807
499 1663261835
500 -1341911842
501 321350006
