0 0
1 7
2 20
3 40
4 74
5 146
6 272
7 570
8 583
9 590
10 1182
11 2928
12 5864
13 10577
14 19388
15 29983
16 49381
17 98772
18 178137
19 375676
20 553814
21 1255795
22 1809614
23 3065429
24 4875046
25 11005886
26 20755979
27 31761868
28 52517850
29 52517854
30 168559455
31 273595168
32 273595174
33 715749798
34 1262940153
35 1262940172
36 -779741990
37 1746138345
38 966396373
39 -1099234376
40 833558357
41 833558367
42 833558380
43 1667116763
44 -960733770
45 -1087909198
46 -2048642964
47 -2048642944
48 197681403
49 -692546393
50 -297183590
51 -792048567
52 -1584097144
53 1621638001
54 -754507701
55 867130312
56 112622617
57 979752937
58 1204998173
59 -1997593549
60 -792595371
61 -1585190727
62 -80412335
63 1044173500
64 883348831
65 -530676091
66 -268756807
67 83915950
68 83915962
69 167831927
70 335663840
71 503495770
72 839159620
73 839159636
74 -1609656502
75 68662771
76 640821298
77 640821313
78 1281642627
79 -1731682039
80 -1731682030
81 -1540900118
82 -709296880
83 -136951125
84 -136951114
85 -983199115
86 -1257101345
87 -1257101340
88 797565506
89 -459535820
90 -459535816
91 -121506128
92 -581041924
93 -1162083860
94 1511263750
95 -231862028
96 -231862026
97 -695586077
98 -927448101
99 -927448090
100 1744485037
101 -1037859247
102 -1037859229
103 -1037859227
104 1998426554
105 -77291885
106 -77291865
107 1843842815
108 -607281666
109 -1214563327
110 -1214563307
111 -1192565479
112 1909836352
113 -1711855759
114 -994584869
115 -994584863
116 593941818
117 -400643033
118 -801286065
119 -1602572129
120 2084407903
121 2084407917
122 2084407932
123 -445601718
124 1638806220
125 -1143506336
126 -1143506320
127 2007954644
128 2007954652
129 2007954658
130 -558115986
131 1170780687
132 -1674347922
133 -1061683218
134 -1565250437
135 -1565250424
136 -1571564686
137 1158152190
138 -413412477
139 1902891912
140 1076066952
141 -2142833386
142 -2142833367
143 -1720120348
144 1268139061
145 1700152654
146 -894661985
147 -894661983
148 1178967763
149 -1937031771
150 1747579324
151 1747579332
152 -799808636
153 -1599617272
154 -651846570
155 2043503461
156 1391656899
157 -859806917
158 323889614
159 -1395724237
160 -1395724228
161 967601531
162 1935203077
163 111356158
164 222712320
165 -1058094202
166 -1058094193
167 -2116188377
168 1120684731
169 -2053597837
170 -932913096
171 312952733
172 1621409108
173 1001448754
174 -1672109424
175 330788078
176 -339872579
177 -9084496
178 -348957058
179 -367126053
180 -734252103
181 -1459419705
182 1376127896
183 -83291806
184 -1267961757
185 24874339
186 49748676
187 74623029
188 149246045
189 149246047
190 298492098
191 671607220
192 970099320
193 1940198645
194 -713062096
195 1227136552
196 514074465
197 1741211036
198 414591307
199 414591310
200 829182630
201 1658365258
202 762974265
203 -215262518
204 -2088890278
205 -2088890276
206 -1971703537
207 -1854516775
208 468746997
209 468747005
210 937494008
211 937494023
212 -1951232248
213 392502797
214 -621235427
215 -228732612
216 1886269811
217 1036301785
218 2072603571
219 2072603573
220 886541643
221 886541647
222 -449280427
223 437261236
224 874522462
225 862503280
226 -2120680306
227 -395673754
228 1778613240
229 1382939506
230 1382939520
231 2028138218
232 -2017304097
233 1393773655
234 -623530428
235 -623530411
236 -1870591269
237 -1723878444
238 700497601
239 700497610
240 1477962398
241 -715512102
242 -715512083
243 1447933441
244 732421370
245 1464842748
246 -2097703171
247 99560957
248 1647055354
249 1647055362
250 -1000856572
251 -1902152188
252 1391958546
253 -510193626
254 -2021243822
255 252479642
256 252479645
257 -2026478143
258 752204631
259 -1274273497
260 -2043587705
261 977106098
262 679938689
263 -1660816408
264 -1660816405
265 586791577
266 -2054902535
267 -494776457
268 1745288320
269 -217599080
270 -435198159
271 -435198139
272 -435198132
273 -870396265
274 -870396254
275 1248580362
276 378184114
277 -549226173
278 -171042054
279 -171042040
280 735454216
281 735454225
282 735454243
283 -2088604592
284 -53283937
285 -1406434266
286 -1406434257
287 -1406434244
288 22380593
289 1504479394
290 1602524521
291 1602524534
292 -1089918237
293 512606300
294 512606305
295 1537818919
296 1473113299
297 -771428753
298 -2055463814
299 696645975
300 -657133275
301 39512715
302 79025429
303 79025440
304 79025449
305 276589039
306 276589050
307 632203552
308 632203565
309 1896610665
310 -1766153052
311 1394864745
312 1525322373
313 -1374780177
314 -1374780162
315 -1595526255
316 1475203093
317 -120323157
318 -240646310
319 1114233632
320 1114233634
321 1987820957
322 -78679072
323 -157358141
324 -236037193
325 -236037192
326 -708111586
327 -944148777
328 -944148763
329 -1888297521
330 -425776533
331 1036744493
332 610967970
333 -1610510340
334 -388574391
335 -388574389
336 -388574381
337 -388574378
338 1130159424
339 -424138106
340 -424138092
341 -424138079
342 -424138060
343 -424138043
344 -424138026
345 -1272414126
346 -1272414123
347 1326001022
348 1326001033
349 1379587934
350 -1535791422
351 1169797557
352 1169797561
353 803803698
354 803803703
355 -347764761
356 -347764747
357 2081875467
358 1734110731
359 -370706886
360 -370706871
361 -741413752
362 -1112120604
363 1700019199
364 587898602
365 587898610
366 1022282058
367 -1508989416
368 101191265
369 202382525
370 202382544
371 202382561
372 607147631
373 607147641
374 1416677849
375 2023825494
376 -854463949
377 -1708927894
378 -539566333
379 -539566317
380 -539566312
381 112876500
382 -1505822448
383 -1505822430
384 1283322433
385 1283322450
386 -332123475
387 -777123466
388 -777123460
389 -603047931
390 -1206095865
391 599453109
392 -1986814138
393 1701510403
394 -285303728
395 -1177250199
396 -1148404551
397 1398705091
398 250300552
399 1649005654
400 -996955996
401 902350225
402 1554399901
403 -1186167494
404 -1186167485
405 -912540831
406 -2098708296
407 -1088616791
408 -991066102
409 -2079682889
410 -2079682877
411 252177641
412 -603286919
413 -351109275
414 -351109271
415 -1305505455
416 1936134025
417 630628577
418 -1728204683
419 -1097576093
420 1469186531
421 371610451
422 743220892
423 1114831362
424 -596118044
425 1633544665
426 -2142709295
427 9548708
428 -1095733951
429 1066072773
430 -529277092
431 536795698
432 -22142569
433 -14623947
434 -29247906
435 -58495797
436 -87743696
437 -190111333
438 -380222675
439 -570334006
440 -1286907496
441 2057503125
442 2057503136
443 -2037202521
444 20300633
445 811196892
446 811196898
447 811196911
448 -1861376580
449 -1861376576
450 -2100359342
451 333231381
452 -1767127956
453 -1100665184
454 1427174165
455 -1440618970
456 1746960733
457 1746960735
458 -801045822
459 -1602091637
460 -1602091632
461 2036698953
462 434607324
463 -732876989
464 -732876985
465 -732876969
466 -732876967
467 1363459391
468 1363459393
469 528287877
470 1789452736
471 -1977226668
472 1703973341
473 -273253320
474 -273253306
475 1157466721
476 337706773
477 1495173496
478 -1851126925
479 1139220075
480 1120973422
481 1904240076
482 -486487141
483 -617020855
484 -617020837
485 1304684685
486 70643007
487 70643010
488 141286025
489 141286031
490 353215071
491 635787141
492 1342217291
493 1342217304
494 -621530479
495 -1596276021
496 -875589188
497 1201571611
498 -1891824057
499 -690252438
500 -1380504880
501 -2070757300
