0 0
1 4
2 8
3 18
4 31
5 48
6 106
7 201
8 405
9 768
10 1393
11 2881
12 4277
13 9324
14 16486
15 34377
16 67347
17 67365
18 67385
19 67404
20 303892
21 303906
22 607817
23 1215619
24 2431239
25 4862481
26 4862491
27 13979667
28 27351511
29 27351514
30 68682711
31 96034232
32 192068459
33 411488428
34 411488435
35 1015045338
36 1426533790
37 -838342844
38 2014724738
39 -1692051597
40 -1692051578
41 -781187479
42 129676648
43 259353305
44 -2084209103
45 -1695179139
46 123421547
47 639000615
48 1537354540
49 604597570
50 2141952122
51 2141952123
52 2130889067
53 -22126088
54 -1592669779
55 -1614795860
56 1043249478
57 -571546381
58 -1143092749
59 416112010
60 -726980721
61 -2025507838
62 -2025507822
63 -483029065
64 -483029046
65 1303401374
66 581294907
67 1884696289
68 -1008603759
69 -1008603754
70 -1008603739
71 -1008603734
72 -2017207468
73 -1756655145
74 -1496102780
75 1302761731
76 327763641
77 327763646
78 1958289032
79 -2008914608
80 -50625561
81 -50625560
82 175886955
83 -1934278771
84 426409753
85 -1433233169
86 1479126517
87 -1286088695
88 -813785574
89 -2053980919
90 187005467
91 -1866975448
92 -1538857863
93 889134005
94 889134015
95 239410173
96 1128544191
97 -2037878907
98 219209487
99 438418966
100 -1380250442
101 -941831464
102 -1664453433
103 746850932
104 1055282899
105 2110565799
106 1306414753
107 177296165
108 -700690567
109 -523394386
110 259625973
111 519251947
112 519251966
113 519251986
114 1038503958
115 -1439081459
116 -400577498
117 237348969
118 237348986
119 474697971
120 949395935
121 1424093910
122 1424093920
123 -22685558
124 1401408367
125 -68056656
126 1310666168
127 1310666182
128 -340283228
129 -340283227
130 -680566440
131 -680566436
132 -2041699316
133 892135119
134 1784270237
135 634706052
136 -983855869
137 -983855868
138 -1967711729
139 994249883
140 -1957317713
141 380331873
142 1744519621
143 1744519632
144 -805928036
145 938591616
146 -673264460
147 1203918762
148 530654310
149 1193972205
150 -2039686476
151 888858803
152 43144538
153 43144549
154 86289089
155 172578178
156 1234015169
157 1406593366
158 -1654358748
159 1245117073
160 -409241664
161 835875414
162 1671750832
163 -1787341034
164 720285230
165 -1067055801
166 -2134111594
167 -2134111584
168 -1040311668
169 -1360338101
170 1894317544
171 533979458
172 533979476
173 561626713
174 -771064101
175 -209437381
176 -209437367
177 -94332656
178 -722644787
179 -1235852188
180 1823262918
181 -229566701
182 357844047
183 128277353
184 843965447
185 1330086849
186 -1992637639
187 -662550789
188 1639778870
189 977228087
190 977228091
191 -700732241
192 -700732227
193 -700732214
194 -2102196674
195 791306196
196 1582612394
197 -1129742521
198 1244176078
199 1697045961
200 1697045980
201 -900875347
202 -1801750694
203 1592341258
204 1592341264
205 -2115864834
206 1068817694
207 545294130
208 -501752993
209 1112358839
210 1112358840
211 1112358851
212 -957890761
213 1266826945
214 308936191
215 308936194
216 926808579
217 1235744787
218 1235744791
219 1235744794
220 1235744810
221 1235744819
222 -1823477666
223 648011972
224 648011985
225 1944035930
226 -1642640255
227 -1642640251
228 -1642640232
229 -1642640227
230 -632953402
231 -632953385
232 -1265906772
233 -1898860137
234 -1898860121
235 -768659716
236 1627447473
237 1627447475
238 -1040072342
239 1446162910
240 1446162930
241 1446162944
242 43521491
243 1489684441
244 -1315598407
245 -1315598397
246 -1097990867
247 2098985570
248 -314603692
249 686391029
250 -1824194372
251 -451412321
252 195166216
253 -1394049431
254 -1650295516
255 -1650295498
256 -204506922
257 -409013851
258 -613520765
259 1417630272
260 804109523
261 804109538
262 -1882638715
263 -1882638696
264 -739428076
265 -209738186
266 384633167
267 1847795521
268 2022690503
269 2022690523
270 2022690542
271 -674067487
272 -1348134980
273 -2022202447
274 -2021714357
275 -1097084477
276 -1097084469
277 -1943118447
278 157679912
279 157679926
280 473039742
281 -1154718848
282 1985529585
283 1303850481
284 1303850493
285 -383415826
286 -383415806
287 1840869348
288 -613228605
289 460809121
290 460809141
291 308389664
292 308389673
293 308389683
294 616779364
295 1541948391
296 -1827849841
297 947657288
298 661755840
299 1323511686
300 1323511695
301 -1647943908
302 -1647943893
303 -1972376103
304 350215099
305 -1622160990
306 -597298583
307 2075507738
308 1478209158
309 -1338548979
310 1617869345
311 279320379
312 -182609639
313 1714580086
314 1811290827
315 -672385627
316 -1624091644
317 -1624091630
318 -1624091620
319 1046784062
320 -577307547
321 469476532
322 469476534
323 361645523
324 831122067
325 1192767591
326 1192767600
327 1192767606
328 -716664483
329 1668870743
330 952206272
331 -1673890278
332 1423289871
333 1653812139
334 -270678545
335 -1488543814
336 1317879653
337 1317879658
338 1147215512
339 -2000536277
340 -2000536271
341 -218097712
342 75797050
343 75797057
344 151594113
345 303188227
346 303188246
347 833767651
348 833767668
349 1667535339
350 -353520159
351 -2147184435
352 -2147184423
353 -2147184403
354 -832570767
355 -831972289
356 -1664543053
357 966479662
358 1932360868
359 1234297492
360 -161829268
361 -1988201592
362 2144936443
363 -5094405
364 -5094395
365 -15283207
366 -25472005
367 2093992432
368 2043048431
369 -203776039
370 -387174458
371 1452097945
372 -1390771405
373 61326551
374 61326558
375 61326562
376 61326570
377 -1145465146
378 -900158890
379 -900158883
380 1349184378
381 -1535271953
382 -1535271946
383 -1721359513
384 852248275
385 852248283
386 1704496577
387 1687633641
388 1687633644
389 784796571
390 -1873125870
391 -1088329284
392 1333512150
393 -843146423
394 -843146416
395 -1686292835
396 922381638
397 -1607057610
398 -1607057592
399 316940900
400 316940907
401 -973175783
402 -1946351555
403 1692380884
404 -1227146440
405 1840674408
406 -1989058431
407 316850429
408 168466408
409 -1503741580
410 1287484126
411 269059395
412 1556543538
413 1825602942
414 643722719
415 -269098095
416 -2094739728
417 105487851
418 2036617326
419 2142105181
420 2142105192
421 36608532
422 2062468939
423 -170029420
424 1918291138
425 -447628097
426 1470663042
427 1023034964
428 -1801269285
429 -778234313
430 -533433669
431 -1311667977
432 -1311667965
433 1671631369
434 359963421
435 719926842
436 719926858
437 719926871
438 1439853738
439 -1415259823
440 744520801
441 744520819
442 1489041627
443 1562823440
444 -498581393
445 -252641989
446 -1994325596
447 1549418325
448 -1196130651
449 -1641037904
450 1012891484
451 -1824277056
452 1842543838
453 18266786
454 36533578
455 1085958641
456 1085958652
457 -2123049997
458 -2123049996
459 -2037649106
460 -902823144
461 1403362367
462 1403362378
463 1403362395
464 1403362403
465 -84880112
466 1233602137
467 1148722035
468 809201579
469 215040751
470 -2122002924
471 -2122002906
472 50961478
473 101922951
474 418886662
475 418886669
476 939696290
477 1930354055
478 -485220660
479 -1910137601
480 474692086
481 474692094
482 949384196
483 1424076300
484 -1921506795
485 451953711
486 -1469553065
487 1355861154
488 -113691900
489 -113691892
490 -227383785
491 -568459468
492 -795843249
493 -1705378374
494 1225286217
495 -1844394855
496 1174637042
497 -669757794
498 -114229373
499 -228458753
500 -342688124
501 -342688106
