0 0
1 11
2 25
3 47
4 84
5 185
6 318
7 333
8 664
9 1588
10 2921
11 5839
12 11356
13 20134
14 20150
15 40296
16 60459
17 100768
18 241813
19 342593
20 584416
21 1168839
22 2095862
23 2095876
24 5945012
25 11305604
26 19346505
27 30652114
28 61304237
29 61304245
30 153260599
31 153260608
32 306521224
33 459781843
34 766303069
35 1685866762
36 1685866765
37 1685866771
38 762633016
39 1525266036
40 -1244435241
41 -1244435225
42 1484895367
43 1283923968
44 1524384112
45 -1246199066
46 -1247962906
47 -969777846
48 -969777831
49 1385633768
50 415855946
51 1801489722
52 -2077621624
53 555579988
54 -1522041621
55 -966461617
56 2085912148
57 -402591086
58 -805182168
59 -88322705
60 -88322689
61 701493512
62 701493517
63 1314664354
64 -1577315897
65 438841993
66 176190457
67 176190475
68 176190479
69 528571417
70 704761916
71 704761919
72 1938095272
73 1938095285
74 1519318529
75 -1784901662
76 -684359864
77 -949942986
78 -1899885972
79 1445138351
80 -454747601
81 -1859438207
82 576090886
83 -1738094905
84 1273525082
85 2092302569
86 1627732759
87 1627732767
88 1052800808
89 13299055
90 26598105
91 26598114
92 -1547938433
93 -1481443139
94 1292183846
95 -189259289
96 -1899858886
97 -796934318
98 1598174106
99 1598174107
100 310295736
101 1908469845
102 -478027590
103 -956055192
104 784682814
105 -171372367
106 -820772321
107 -1163517049
108 1967933182
109 -16356179
110 -204084715
111 -204084704
112 -408169418
113 1135238167
114 318899348
115 1454137516
116 -1794861671
117 705243954
118 -1089617714
119 -1089617696
120 2115731891
121 2115731905
122 -63503487
123 2052228437
124 -190510431
125 1798214528
126 -698538241
127 909165861
128 909165870
129 909165877
130 909165878
131 1818331765
132 -1567469637
133 250862143
134 -1974911253
135 -1473186966
136 846869089
137 1944600317
138 -1503497888
139 441102448
140 1729073979
141 1729073998
142 -395716867
143 1333357138
144 1333357158
145 -294895852
146 -294895844
147 -294895837
148 -294895822
149 153773810
150 -730913686
151 -872035695
152 -2038967222
153 -2038967206
154 -1232142683
155 1676908118
156 661798309
157 -932403449
158 -1864806894
159 -2135412018
160 -637655047
161 -637655028
162 -1912965126
163 -1028719910
164 715627242
165 793599435
166 1509226679
167 76768331
168 2066501786
169 -642470495
170 -642470484
171 -1284940963
172 1725085359
173 440144398
174 237818323
175 475636646
176 475636648
177 1629236025
178 -1036495253
179 1781832392
180 1781832405
181 -138561718
182 1643270703
183 -263088750
184 1380181967
185 1117093222
186 -2060780846
187 1816676316
188 -2041796636
189 2009066136
190 -32730496
191 1976335649
192 -567416313
193 -567416301
194 -1477128613
195 -635625564
196 -2112754161
197 69458970
198 69458985
199 1685505531
200 1824423503
201 1536092835
202 -934450941
203 -183396358
204 -183396351
205 -366792696
206 -733585401
207 -733585396
208 -1833963473
209 627040348
210 -1940508506
211 -1313468141
212 -899517862
213 -1065450326
214 1016530978
215 92553457
216 92553465
217 185106937
218 185106957
219 185106964
220 555320869
221 1203195211
222 1203195230
223 1203195242
224 -1888576819
225 -685381576
226 1721008920
227 350245780
228 1385873141
229 -837839446
230 548033705
231 548033717
232 1096067442
233 -1554798717
234 89302458
235 89302465
236 178604931
237 178604943
238 446512343
239 446512350
240 893024701
241 1339537066
242 -990775888
243 2134810581
244 -471858475
245 1662952121
246 -620301877
247 1714826467
248 125461525
249 -1412029048
250 -1412029042
251 1596370740
252 1596370744
253 1780712458
254 -917884082
255 -1835768159
256 -2075165580
257 1246861942
258 1630895506
259 802591874
260 -614617973
261 -1229235937
262 1836495426
263 -1868838390
264 -1876196856
265 542573572
266 1699765131
267 333798885
268 2033564029
269 314734324
270 629468650
271 716363730
272 -600836547
273 1059730177
274 458893646
275 917787284
276 -1858556171
277 -481875223
278 -1422644108
279 -1904519314
280 -1372627512
281 -1372627502
282 -1777451124
283 740065049
284 -1037386067
285 -1037386050
286 1182809106
287 -1929349085
288 -2081247031
289 429794250
290 714165450
291 1428330882
292 -1438305530
293 -947261972
294 -957236609
295 -957236591
296 -5073387
297 -10146789
298 -10146779
299 -1939840136
300 -1965207090
301 364553117
302 -1600653969
303 1093659364
304 247478597
305 -1860169980
306 -1755132868
307 927143065
308 1606807522
309 -1081352260
310 -1081352252
311 -1383886777
312 -1383886767
313 971296770
314 1417138290
315 1004548312
316 625209847
317 -1248070833
318 381687342
319 -2114454328
320 -1351079643
321 1211120674
322 1211120684
323 1211120687
324 1211120705
325 549515459
326 1099030914
327 986941169
328 762761645
329 314402610
330 -582315483
331 -267912871
332 226935905
333 453871815
334 680807727
335 1093702590
336 1774510326
337 -292074828
338 -1718829200
339 1538116634
340 -1899541768
341 -1899541755
342 -1899541752
343 -1584370543
344 1306938790
345 -277431739
346 -58979701
347 -613843182
348 -672822873
349 -1623077476
350 1048812345
351 -1919910869
352 -1919910857
353 -1919910853
354 -415952925
355 -1880718189
356 -1841525509
357 -1763140166
358 -1763140157
359 1341410579
360 268572045
361 268572065
362 115414552
363 230829103
364 883387771
365 1114216875
366 -1682546910
367 315057745
368 630115499
369 -737373655
370 -360530432
371 -467788568
372 -828318981
373 -828318961
374 -2124426495
375 1342221845
376 1388336141
377 606131499
378 1994467644
379 -1088236657
380 -1394268657
381 -488037665
382 -976075334
383 -1952150657
384 -1603801659
385 739014981
386 501954641
387 1979984607
388 1617152577
389 543139513
390 -154690590
391 2005601507
392 1696220331
393 -204696529
394 1491523815
395 538991240
396 538991247
397 538991255
398 538991268
399 -647478453
400 430504085
401 1399999414
402 1183025055
403 -1389925909
404 976124207
405 -413801698
406 -413801694
407 -413801692
408 -413801691
409 -1241405058
410 1398355474
411 156950422
412 1555305908
413 1869206764
414 684851276
415 -185603336
416 -371206667
417 -742413340
418 -614372060
419 -1727992066
420 -1727992055
421 -1727992042
422 -1503380921
423 -664397719
424 1238179804
425 573782098
426 -2083808769
427 1855341797
428 919097230
429 -1792375124
430 -873277878
431 108786030
432 -1637769728
433 1019427827
434 -1382833736
435 1529299830
436 146466100
437 146466119
438 1822232055
439 1968698184
440 -357570925
441 -861607965
442 -861607961
443 -861607941
444 1352572520
445 490964587
446 120321208
447 240642419
448 851928232
449 851928252
450 851928262
451 1703856521
452 1703856530
453 1668530516
454 -1809834506
455 -141303984
456 1421248571
457 -529889900
458 750054701
459 220164820
460 1720274219
461 1940439043
462 -414089194
463 -828178394
464 -1876521609
465 1590267312
466 -1114432672
467 -1400686954
468 665414995
469 -735271948
470 -735271947
471 2089151449
472 618607569
473 1902630130
474 -419850086
475 -839700180
476 1261687452
477 2137192
478 1906904524
479 1909041718
480 -476883856
481 1432157868
482 478390156
483 478390171
484 -473871220
485 1915066984
486 1441195769
487 -455795430
488 985400342
489 1970800687
490 -1338766261
491 1617434773
492 278668521
493 278668541
494 278668550
495 278668563
496 836005664
497 1672011331
498 -1786950292
499 -114938945
500 -114938927
501 -2016828153
