0 0
1 5
2 25
3 30
4 75
5 109
6 216
7 419
8 853
9 1598
10 2880
11 4488
12 9821
13 18798
14 35990
15 54793
16 54813
17 174234
18 174243
19 348495
20 696989
21 1448785
22 1448799
23 2897592
24 4346399
25 10141580
26 17385588
27 17385603
28 34771196
29 52156803
30 86928001
31 139084809
32 278169620
33 417254437
34 834508885
35 1755945764
36 -1704512638
37 1303196467
38 1354629604
39 953313441
40 1906626878
41 -80397365
42 -160794732
43 -160794721
44 -160794701
45 -321589402
46 -321589397
47 -321589396
48 -321589384
49 -964768161
50 -1607946924
51 1400662843
52 1400662852
53 -92978762
54 -92978757
55 -92978742
56 -278936259
57 -371914997
58 -929787512
59 -1766596263
60 1598583533
61 -1469715228
62 1355536836
63 -282191102
64 -282191100
65 791154647
66 508963557
67 2091272857
68 -903576217
69 -903576199
70 -903576196
71 1584238697
72 680662518
73 -445827391
74 1819073826
75 2053908955
76 1397089321
77 1209939949
78 -2109922529
79 -2109922518
80 441093191
81 1726155398
82 57326079
83 -2070392621
84 -1955740453
85 2052315707
86 96575265
87 -1819916012
88 -1723340737
89 -1723340732
90 -971630168
91 1599996399
92 1476652067
93 1476652083
94 -1341663139
95 -1341663128
96 -1341663118
97 1746630003
98 1746630016
99 -801707263
100 1349889658
101 548182414
102 1898072087
103 446099619
104 446099634
105 892199255
106 892199261
107 -1618369507
108 166029011
109 778157673
110 1110215703
111 1328232154
112 -912332743
113 1526115126
114 1526115129
115 2139897523
116 897160487
117 -1257909268
118 -360748776
119 -721497546
120 -1082246318
121 2130474673
122 1048228356
123 -1116264249
124 -68035890
125 1994402910
126 1994402913
127 -442233252
128 -748394713
129 -1496789431
130 1301388447
131 -943795683
132 357592768
133 -781603881
134 -1367806777
135 2145556648
136 -590056905
137 -236318134
138 -236318120
139 1082863493
140 20170351
141 40340697
142 60511055
143 60511071
144 60511076
145 60511078
146 60511091
147 302555379
148 544599700
149 544599715
150 544599717
151 544599725
152 -1814013057
153 -1814013038
154 -1814013034
155 666941229
156 -480130593
157 -960261191
158 -1440391774
159 2081124980
160 -319527974
161 321205248
162 321205262
163 -1890959761
164 -1569754498
165 834253057
166 1668506096
167 -636749843
168 1031756266
169 1328011081
170 -903443695
171 -1806887387
172 -1806887369
173 -1806887365
174 -1125694821
175 1362385121
176 1362385128
177 -207811923
178 -1778008967
179 -623435753
180 115513626
181 1801224281
182 -484706802
183 1432031118
184 947324323
185 -483580730
186 463743596
187 463743614
188 443906489
189 907650114
190 1351556620
191 -664366845
192 -664366833
193 -1328733666
194 -1305910716
195 1683145869
196 1683145889
197 731647385
198 1463294762
199 1463294775
200 -1368377754
201 94917028
202 1653128822
203 379668100
204 759336204
205 759336222
206 1898340531
207 -1637290540
208 1779722420
209 1779722429
210 -735522439
211 1044200005
212 2088400002
213 -1162367277
214 1234710303
215 72343045
216 72343055
217 72343059
218 144686124
219 289372257
220 651087560
221 1229832070
222 -1979989273
223 -750157190
224 -849226814
225 1945426103
226 1945426108
227 -2003499086
228 -2003499073
229 -2061572034
230 229896209
231 -1831675816
232 -1831675802
233 631615680
234 -1200060104
235 1894847071
236 1894847083
237 -1073717563
238 1515916489
239 442198929
240 442198930
241 884397862
242 884397864
243 -1641773710
244 -1641773701
245 -1514751680
246 -503331787
247 -122265708
248 -2140349161
249 1529020642
250 -611328511
251 917692143
252 1835384283
253 -624198737
254 2128877691
255 1504678969
256 549774930
257 549774941
258 438139249
259 987914199
260 987914210
261 -781449748
262 206464480
263 412928948
264 619393429
265 1238786873
266 -1817393550
267 40786763
268 40786781
269 -1735820003
270 2062114174
271 367080953
272 734161925
273 734161944
274 1835404836
275 -991238575
276 -1982477150
277 1321251576
278 1321251592
279 -331212544
280 328813481
281 328813484
282 657626982
283 657627000
284 1641668423
285 -1995671866
286 303623561
287 1264874119
288 1568497689
289 -1511975363
290 1321396452
291 -190578910
292 1187339883
293 996760984
294 996760992
295 -1304684331
296 688837662
297 688837666
298 2066512986
299 -850778972
300 1288725016
301 -1101670595
302 -1101670585
303 -1101670571
304 2091626141
305 75339416
306 -2128001732
307 -2128001728
308 114303261
309 -1974734635
310 -1746128106
311 574104568
312 -865489330
313 397023057
314 -468466254
315 -2108956052
316 1823183289
317 1823183307
318 1823183321
319 -648600665
320 -1297201328
321 -122618671
322 -2068420653
323 -2068420636
324 35507341
325 -2032913288
326 229140730
327 -1803772556
328 -1574631807
329 -887209622
330 258494059
331 516988105
332 804835493
333 1580317671
334 -1392826010
335 1509315268
336 1509315271
337 -1088845088
338 420470202
339 -668374870
340 1681880790
341 345131049
342 1358636984
343 -909318467
344 1807955505
345 -2037693269
346 -1139056227
347 1118217801
348 -1159894644
349 -41676827
350 -41676812
351 -1264086701
352 -1305763507
353 1725117102
354 -886409907
355 838707212
356 1677414419
357 -1778845657
358 1575983183
359 1575983200
360 -1244432144
361 128688595
362 460239654
363 -1798504800
364 1840958610
365 502693474
366 545147304
367 545147316
368 -861020589
369 -315873261
370 416094263
371 416094280
372 416094287
373 1248282836
374 -1798401612
375 -134024482
376 -134024476
377 -268048940
378 1960467806
379 1424369913
380 1424369922
381 514240350
382 -931987091
383 -417746724
384 -1349733806
385 -760857336
386 834642345
387 -1275948791
388 -441306441
389 -882612870
390 -1323919308
391 2088435134
392 764515834
393 -1442016327
394 87015340
395 1497949982
396 -1299067320
397 -1299067316
398 -1100184635
399 2094598026
400 -105771250
401 -105771247
402 782870900
403 782870910
404 1565741811
405 -1946354571
406 -380612751
407 -380612742
408 -1141838251
409 -1522450980
410 -1076901995
411 -207449418
412 -1284351407
413 1726264481
414 -842438323
415 -400525238
416 -1008499895
417 -525198964
418 -1934224080
419 -1934224064
420 -1107179696
421 2080607897
422 1399947356
423 -1495072582
424 -95125219
425 -95125207
426 -285375645
427 -285375643
428 -570751285
429 -1141502564
430 -1997629491
431 299708321
432 599416642
433 899124979
434 899124984
435 1798249975
436 -1597592317
437 1099782659
438 -1196277013
439 -1694086664
440 -1589923357
441 1010957286
442 2021914577
443 1442948513
444 1191810359
445 1191810370
446 -1730493483
447 -176976946
448 -1907470413
449 -2084447355
450 -2084447343
451 606099067
452 732171676
453 732171694
454 1464343377
455 -2098452208
456 1436333609
457 1436333614
458 774215030
459 -648085036
460 1562463622
461 266293559
462 1180672152
463 1446965728
464 1446965737
465 1608393518
466 207357706
467 207357713
468 207357718
469 414715443
470 414715460
471 1451504058
472 1451504073
473 -355170528
474 -917698782
475 178634771
476 357269535
477 -381794460
478 -763588916
479 -1145383359
480 -1908972268
481 95228309
482 572251073
483 -1241492884
484 -1241492879
485 -1815506367
486 568726242
487 565201423
488 -681578701
489 -1363157390
490 1568652517
491 -476083572
492 -386965712
493 -1339132856
494 -1339132836
495 1616701606
496 1616701613
497 168171826
498 168171832
499 -725220417
500 -557048574
501 670776294
