0 0
1 15
2 24
3 43
4 96
5 145
6 325
7 571
8 1042
9 2091
10 2104
11 4196
12 8405
13 8411
14 16829
15 33661
16 71521
17 71532
18 176729
19 370274
20 370289
21 988829
22 1906131
23 3635540
24 7271082
25 14171878
26 21442977
27 42885938
28 85771882
29 150100811
30 278758642
31 514631340
32 1029262693
33 1822652677
34 -649661926
35 -1578082503
36 -1578082486
37 -953911525
38 184890800
39 1947864092
40 -1977321616
41 -29457521
42 -827935761
43 -827935753
44 -827935743
45 -827935723
46 1811160082
47 1811160084
48 -1500582852
49 1293801599
50 -1707364087
51 1708174835
52 1605189581
53 1606000335
54 210834978
55 -872131650
56 944703680
57 72572041
58 355979056
59 355979071
60 355979090
61 2085212950
62 -1497796170
63 587416792
64 1886791738
65 976412372
66 1952824740
67 -389317821
68 719160540
69 -2012299817
70 -1682457087
71 1319370943
72 1319370944
73 -336854460
74 -1392869461
75 -773439104
76 1791804288
77 608012209
78 608012227
79 608012245
80 -1452565430
81 -2131691741
82 1318722373
83 -1049510312
84 269212080
85 269212099
86 269212112
87 269212113
88 27338097
89 1104186516
90 1131524618
91 -2059256148
92 -2059256132
93 176455018
94 -1706346124
95 705820062
96 -1000526055
97 -1000526045
98 -1000526043
99 -2001052085
100 -707662917
101 585726260
102 1171452528
103 1049515876
104 97979664
105 1147495550
106 -1999976189
107 -1999976182
108 -1704961267
109 -1704961256
110 -1704961237
111 885044818
112 885044838
113 -1639832818
114 130256845
115 -1509575972
116 -1509575961
117 -233760607
118 -467521213
119 574533547
120 -126748257
121 -253496511
122 -380244764
123 -653477187
124 -1033721942
125 1974026895
126 -346913503
127 593391460
128 1186782926
129 1433260894
130 545581393
131 -882864106
132 -337282703
133 -337282698
134 -674565393
135 -1686413502
136 376558904
137 -1984419987
138 1000692729
139 1326820066
140 343092813
141 1669912887
142 1669912904
143 1715464117
144 -1864731803
145 1520645228
146 -344086558
147 1176558675
148 -2091117636
149 -1602732091
150 -1602732076
151 -1602732068
152 -1427787887
153 -1427787877
154 -1427787858
155 1439391567
156 11603721
157 1462598978
158 58018551
159 1520617539
160 1520617558
161 -1253732191
162 266885368
163 -986846804
164 -453076057
165 -1439922856
166 -1439922852
167 -1439922846
168 -1464724106
169 1390320349
170 -99205007
171 1241512842
172 -1762339096
173 770289093
174 249462843
175 399720689
176 898646378
177 -1976848284
178 341270722
179 -87747649
180 -87747643
181 -175495281
182 -9719844
183 -19439689
184 -204654804
185 -409309598
186 -613964387
187 -1257088320
188 -1871052694
189 -61102487
190 -61102484
191 430656931
192 369554460
193 369554465
194 1169765865
195 1908874794
196 -46560761
197 -893332929
198 -893332913
199 -1786665830
200 721635639
201 721635652
202 -343394537
203 -686789068
204 -1373578143
205 -2060367202
206 861021958
207 -1199345224
208 522698691
209 522698699
210 -1353293065
211 -1353293054
212 1434433361
213 1434433379
214 1434433394
215 -1426100510
216 1523906590
217 -1328294428
218 1638378441
219 1638378453
220 2046268552
221 -610320287
222 -1220640575
223 -802902710
224 -587595007
225 -1175190014
226 -1175190008
227 1944587281
228 1944587284
229 -1580982728
230 363604568
231 -1623170882
232 -895961739
233 -895961738
234 -895961729
235 -16088788
236 -16088772
237 1574904543
238 1558815786
239 -1177335723
240 1956384613
241 -398286839
242 1558097794
243 1159810967
244 1159810975
245 -815534398
246 -815534390
247 688553160
248 217295349
249 217295366
250 434590725
251 869181448
252 1303772174
253 -1687422937
254 -1687422918
255 -1201892227
256 -1201892207
257 203759961
258 -1279903028
259 -1279903022
260 737029009
261 -1822777027
262 -1822777021
263 1386442263
264 2035855512
265 1599520755
266 -659591024
267 -1319182042
268 -1251921821
269 -1631174115
270 92689325
271 1504560698
272 1597250035
273 1563325947
274 370169400
275 740338803
276 740338816
277 -880794311
278 970052722
279 829597236
280 -1895434012
281 -1065836758
282 -1161620805
283 172075726
284 172075736
285 -1883306086
286 -1883306074
287 528355156
288 1228786034
289 -126164883
290 -126164865
291 -126164845
292 -252329709
293 597961736
294 93302333
295 186604660
296 625539035
297 812143712
298 812143717
299 -1858536157
300 577894979
301 577894999
302 109397550
303 109397554
304 109397573
305 906087677
306 1015485270
307 1921572966
308 -451821382
309 -794245187
310 -1246066561
311 1802834171
312 1802834191
313 -1935365491
314 -132531286
315 -265062578
316 -265062564
317 -265062554
318 1431882832
319 1431882840
320 -1696264168
321 -1696264160
322 -793825190
323 1540496633
324 1649110427
325 1649110433
326 -996746430
327 -996746423
328 -996746405
329 -1993492808
330 -1993492790
331 307981702
332 615963415
333 235180413
334 851143842
335 2010269373
336 -582410237
337 -1164820484
338 -1747230719
339 -1484192058
340 -101275954
341 962268572
342 962268587
343 1924537162
344 1924537179
345 -445892938
346 1478644242
347 586858353
348 -750820451
349 -750820446
350 -914782533
351 -914782531
352 -1829565059
353 -1829565040
354 -278945318
355 -2108510342
356 -1751618462
357 791730374
358 1226568883
359 1226568893
360 1493249689
361 -1308467909
362 -1308467901
363 1678031497
364 -938904308
365 -938904295
366 1478254392
367 -29990604
368 -429544799
369 -859089608
370 159629384
371 159629397
372 159629416
373 478888213
374 98686816
375 1056463233
376 1155150066
377 -2083353980
378 -928203905
379 -1856407801
380 1510355601
381 1510355604
382 236099505
383 1400402914
384 362246330
385 -785862934
386 -785862918
387 -785862899
388 -785862882
389 1151515676
390 -1991935956
391 -1991935938
392 -1991935928
393 -1991935919
394 1773706529
395 2084801994
396 2084802000
397 1959438687
398 1834075400
399 1146890033
400 1146890044
401 -2001187212
402 -208860335
403 -1063157485
404 -2126314977
405 -1104552712
406 1064099625
407 1065041759
408 1024588692
409 1024588705
410 1024588711
411 2049177418
412 827976241
413 827976254
414 1459340042
415 -2007650999
416 -548310946
417 559330611
418 290684966
419 -246606323
420 -1952552671
421 -1908474015
422 433940620
423 -1474533391
424 1345900512
425 1345900515
426 -1603166253
427 1088634793
428 -514531451
429 -514531446
430 -1029062894
431 1722310053
432 752819072
433 752819091
434 1684353896
435 617334833
436 -1993278550
437 1061229272
438 -314714438
439 -1246763709
440 -1876192579
441 -1876192566
442 -1876192559
443 1399878748
444 66268341
445 -410045456
446 1598683817
447 1598683836
448 -1097599626
449 -1097599621
450 -1097599603
451 -1694115002
452 906737281
453 -787377711
454 119359581
455 238719163
456 -1216676680
457 -739238354
458 -739238350
459 -1478476685
460 360056409
461 481393646
462 -637026627
463 -637026608
464 -792659588
465 -1585319163
466 1279961941
467 1279961950
468 -455081455
469 2104842454
470 -1365244335
471 1564478633
472 -1166010044
473 -1166010028
474 -767541431
475 -767541429
476 427864379
477 -1107218470
478 -1107218461
479 -1107218446
480 633634876
481 -1580802017
482 1133363267
483 1133363279
484 -2028240749
485 -1342316202
486 -1103830393
487 1848820710
488 -597325884
489 1251494843
490 654168971
491 1905663831
492 -1735134482
493 2076193182
494 -1394075786
495 -1053017066
496 -1053017055
497 794857402
498 -629059319
499 -629059316
500 -1258118634
501 -1721379861
