0 0
1 4
2 16
3 29
4 63
5 107
6 190
7 392
8 793
9 812
10 828
11 2449
12 4108
13 8200
14 15587
15 31180
16 61544
17 120638
18 228960
19 457920
20 869082
21 1738152
22 3065171
23 6359286
24 12489612
25 18848913
26 18848917
27 50187447
28 100374906
29 188260195
30 338822567
31 677645118
32 677645130
33 1355290265
34 -1584386778
35 448548636
36 448548639
37 448548657
38 1116549433
39 -1832771922
40 -716222488
41 -535347669
42 1210625222
43 1210625235
44 -663091619
45 1222811189
46 -1849344937
47 -626533734
48 -1253067469
49 1125740736
50 -753860448
51 -753860435
52 -1635047600
53 -1635047580
54 271011689
55 -1364035883
56 1566895538
57 1566895548
58 -1161176190
59 -1161176185
60 -755456826
61 1217158112
62 -1860651082
63 573665131
64 -1986460831
65 -1412795690
66 -391275168
67 1078100742
68 -725970100
69 856566263
70 -595373952
71 222047799
72 222047809
73 222047814
74 70769486
75 736912917
76 736912920
77 1766643138
78 1766643156
79 -24768079
80 687376770
81 -1865715436
82 -1178338650
83 1938289981
84 -443155405
85 -443155397
86 -443155381
87 608823812
88 165668441
89 331336889
90 331336903
91 331336923
92 994010719
93 994010722
94 -1644272009
95 -1644271989
96 1006423300
97 -294099253
98 712324055
99 -219623883
100 492700180
101 273076316
102 1258476678
103 -1778013948
104 -246460944
105 -246460937
106 -739382822
107 -739382811
108 545265844
109 -1179960707
110 -1374077657
111 -1374077639
112 366851299
113 733702609
114 -273523728
115 827030192
116 1287209078
117 -1353697833
118 760541455
119 -593156359
120 -1186312728
121 -1018927618
122 2089726955
123 -708669741
124 362129603
125 1743186818
126 2105316436
127 -84334419
128 -877338579
129 -1046007431
130 -2007680416
131 -2007680402
132 -1643739524
133 1007488260
134 -636251263
135 -1272502519
136 -901265504
137 2121199291
138 -52568717
139 2068630581
140 -1058971628
141 1009658970
142 -207018786
143 802640196
144 595621428
145 595621438
146 -1498444031
147 -1498444026
148 -1805645187
149 88055509
150 176111004
151 -1541478659
152 1212009973
153 -65302166
154 -394770838
155 751936974
156 751936976
157 1109103132
158 1109103140
159 -2076761013
160 -2076761004
161 141445280
162 1391993708
163 1674884273
164 1674884276
165 588240243
166 1035035205
167 -996807560
168 -318730853
169 -1315538400
170 -1315538390
171 1345159664
172 1693511776
173 1723133066
174 -848701166
175 874431916
176 874431934
177 900162700
178 -771508837
179 1003085810
180 -1414363765
181 -282624083
182 -1696987830
183 -1979611896
184 335743507
185 -742876759
186 1908222152
187 -478522992
188 -478522976
189 951176203
190 -5869746
191 -5869733
192 460913755
193 449174277
194 898348563
195 898348573
196 -1594051847
197 -1594051843
198 -1594051836
199 1309508922
200 -1878594744
201 537777812
202 -1625359830
203 1044247629
204 -1921929116
205 1791925999
206 -173337500
207 1618588506
208 1618588507
209 -1361130894
210 -1361130893
211 -1361130877
212 -846215636
213 726489906
214 -1480856606
215 -1480856593
216 2059744008
217 2059744022
218 1157774840
219 1157774841
220 2140070417
221 160652817
222 321305622
223 321305636
224 321305644
225 642611285
226 1767181024
227 -1242563699
228 524617334
229 524617342
230 1573852004
231 -1147263285
232 -1147263281
233 -1147263272
234 2000440746
235 -294085806
236 -588171599
237 -29079915
238 -617251511
239 -646331413
240 -1880834422
241 533298452
242 -1993867364
243 -310018953
244 643545026
245 643545045
246 977071119
247 -39725126
248 1914417125
249 1874692004
250 1874692010
251 1368833860
252 823250589
253 -2102882843
254 -1279632237
255 -1279632232
256 1735702844
257 -823561615
258 544961233
259 177470242
260 722431490
261 722431509
262 1622333261
263 -1050300776
264 1294464009
265 -983607797
266 -739444545
267 -1478889097
268 1337189106
269 -1864752328
270 -1864752315
271 -1864752310
272 565462673
273 565462685
274 -733826946
275 962561088
276 962561103
277 -1972746686
278 -781451426
279 -1562902848
280 -1562902838
281 387710197
282 -1197326303
283 -421905906
284 1500542458
285 1078636565
286 1078636581
287 2038583401
288 1401431718
289 1401431722
290 -1591214599
291 -1591214588
292 -379565738
293 -379565718
294 353406660
295 -405724782
296 -811449577
297 -863767695
298 -863767690
299 1755982352
300 -1188727387
301 -1160280413
302 1974406464
303 814126059
304 439524735
305 -1066910031
306 1000866832
307 -1132953218
308 54654390
309 54654394
310 54654405
311 -968990014
312 -1937980041
313 1497306041
314 1497306048
315 87642047
316 1584948100
317 1584948119
318 1957183076
319 1957183078
320 -1418030163
321 539152929
322 -878877216
323 -2138355575
324 1816887437
325 -2079222571
326 1554552311
327 -524670248
328 767546943
329 1797429016
330 -1729991324
331 -1729991313
332 -1729991312
333 902422372
334 -827568925
335 74853448
336 149706897
337 149706909
338 374267262
339 374267270
340 898241447
341 1272508719
342 -1749949848
343 420800325
344 1215867919
345 -113281587
346 1523386670
347 1410105091
348 -258889186
349 1151215918
350 892326740
351 2043542675
352 -466771141
353 1576771539
354 1576771554
355 1576771571
356 435347388
357 -706076769
358 164617992
359 -1247535540
360 -1788994301
361 716978683
362 -1072015611
363 903400541
364 548363626
365 548363646
366 1096727290
367 1645090942
368 -456421789
369 -1461207206
370 -272538045
371 -1733745231
372 -1733745212
373 827476856
374 1382415671
375 -1257597896
376 1779771497
377 1904589275
378 -610606510
379 1816156373
380 -1184828157
381 -589884806
382 -1774712959
383 -1774712956
384 786984802
385 942641397
386 1729626208
387 -835714884
388 893911341
389 893911350
390 -670591871
391 2011142151
392 -1166594312
393 -1166594307
394 -992638337
395 -992638317
396 -23497976
397 -23497957
398 -23497954
399 -46995891
400 -1110128091
401 -1157123975
402 1980719349
403 -333528593
404 -620061302
405 1027129456
406 407068173
407 814136344
408 -2046633319
409 -2046633314
410 1422905187
411 1624605866
412 1624605883
413 -1669483666
414 1579728097
415 287394078
416 1822244410
417 -605600707
418 -1211201412
419 1872564468
420 1878006772
421 -1755597452
422 122409330
423 906181707
424 1151000359
425 -2115375883
426 64215516
427 -900160004
428 -1800320004
429 694327295
430 -2006152711
431 -2006152697
432 282661897
433 1259651085
434 1824974875
435 1361135176
436 1361135180
437 -1572696935
438 -1320418999
439 -170845574
440 1231005798
441 -471820523
442 759185286
443 1347524991
444 -1599917302
445 -1599917290
446 -1093124298
447 2108718689
448 -836715198
449 -1421038092
450 -1421038072
451 1452891151
452 1452891164
453 1484744262
454 95559286
455 191118576
456 -1070654006
457 700768124
458 -369885881
459 330882250
460 -408889498
461 252875015
462 -156014481
463 96860536
464 115713827
465 56559898
466 269134267
467 538268539
468 1076537071
469 1614805623
470 -796221787
471 -1861577836
472 -1861577816
473 -1828034739
474 605354749
475 605354763
476 605354782
477 -11970432
478 1804093876
479 1804093891
480 -93395161
481 -93395158
482 -885540269
483 -978935426
484 -1957870852
485 -1957870833
486 -1485250083
487 1324467141
488 218442687
489 218442691
490 1761352536
491 -772262225
492 1425975691
493 -1879901285
494 535164721
495 81239144
496 -1263497419
497 -647093538
498 -1294187076
499 1171428408
500 -1952110465
501 309507212
