0 0
1 2
2 5
3 22
4 29
5 59
6 104
7 194
8 310
9 321
10 333
11 338
12 1320
13 2641
14 4304
15 4309
16 11258
17 11275
18 31154
19 62317
20 116021
21 220773
22 399122
23 399141
24 798279
25 1197433
26 3014757
27 3014764
28 6029535
29 9044314
30 9044325
31 30147711
32 57280662
33 105517015
34 201989728
35 307506744
36 672294166
37 1181790649
38 -1931386006
39 -1931386001
40 -1701180429
41 -1701180412
42 892606461
43 892606464
44 84032521
45 168065044
46 336130088
47 504195146
48 1092422809
49 1932748057
50 -1269796424
51 -1269796410
52 -606844770
53 -606844757
54 -1213689514
55 -1820534255
56 1260743535
57 -559790706
58 1354851600
59 235270187
60 1590121806
61 -1674514389
62 1505729209
63 -1283508880
64 373097941
65 -1079196103
66 -483877822
67 -967755649
68 2137235666
69 2137235681
70 -20495939
71 -1492625350
72 1793594417
73 1793594419
74 2094563506
75 -406809369
76 -406809364
77 -813618717
78 -1220428065
79 -2034046774
80 1040492476
81 1040492486
82 -1173489857
83 -132997363
84 774497762
85 -531989451
86 -1063978897
87 -2127957800
88 -2127957794
89 -1024927184
90 1713123483
91 1713123484
92 273361991
93 1986485483
94 -2035119819
95 224727675
96 -2132388468
97 -1956295110
98 431011408
99 -1173097005
100 -742085590
101 -1484171184
102 1326624926
103 -1641717427
104 -1641717416
105 -1956809915
106 -1956809909
107 -1956809903
108 -1956809884
109 -879022425
110 1840482477
111 -995349825
112 -995349816
113 -995349799
114 -2024589381
115 1275028127
116 1275028130
117 -469882903
118 55583980
119 860729209
120 -1298480751
121 -1298480748
122 2144436101
123 463787800
124 11262422
125 11262425
126 22524848
127 -1641693686
128 -1596643974
129 1090416915
130 -2114133465
131 32913099
132 32913108
133 -2048307248
134 -2048307244
135 -2048307232
136 -1817041304
137 -1817041294
138 660884714
139 1321769431
140 -1651428437
141 -1485815568
142 1157723299
143 -1979520690
144 -821797377
145 1165556979
146 343759607
147 687519224
148 1375038450
149 1375038458
150 651945432
151 2026983901
152 -1616037943
153 410945964
154 821891932
155 -1999238007
156 -766400103
157 -1943746165
158 818420932
159 818420945
160 1636841896
161 -1839704439
162 -202862535
163 412695885
164 825391770
165 1238087671
166 2063479460
167 -993400158
168 -748712661
169 -748712653
170 -748712634
171 -748712629
172 1300116730
173 -946021184
174 -1143329715
175 -2089350882
176 667669625
177 783935148
178 -1781075804
179 -1781075792
180 -1781075772
181 -1048260060
182 -315444326
183 -630888646
184 -630888629
185 -111590121
186 -742478743
187 -742478726
188 1436642444
189 -48315011
190 645848717
191 597533707
192 1243382443
193 1243382456
194 -1808202393
195 678562522
196 -1129639867
197 -451077344
198 1584610220
199 1133532879
200 1137425889
201 -2020115513
202 250843268
203 250843288
204 752529823
205 1003373116
206 1755902948
207 -532318101
208 -532318095
209 1694639881
210 630003691
211 1792325484
212 1792325497
213 1792325512
214 1792325517
215 1792325536
216 1792325547
217 1082009310
218 1082009321
219 -1048939352
220 -1048939335
221 -1048939316
222 -1048939296
223 1148149351
224 1148149352
225 -1998668576
226 -751309160
227 -1601828381
228 -1601828365
229 340001403
230 680002795
231 1360005593
232 1360005613
233 -1574956075
234 -2129907955
235 -2129907935
236 1180206548
237 -949701384
238 -949701365
239 -1899402745
240 -453539584
241 1222828770
242 1222828771
243 1992117968
244 -1080020548
245 -1080020544
246 -1080020527
247 -25114865
248 1029790824
249 -75344558
250 -150689122
251 778642285
252 1582399445
253 -1933925548
254 201082509
255 477509581
256 -1255333453
257 1784300389
258 -726366504
259 1057933888
260 331567387
261 1389501283
262 -1515964737
263 536671324
264 536671334
265 946879219
266 2020221880
267 -1327866179
268 -2119061026
269 -1426705313
270 1441556672
271 1441556684
272 -662652965
273 -1325305945
274 895154454
275 -1092804445
276 -1092804434
277 -1092804429
278 586402505
279 586402506
280 -2105608287
281 -2025607703
282 243751893
283 -1781855802
284 -1538103889
285 1218759507
286 411911315
287 411911327
288 823822657
289 1328300919
290 -2142843705
291 833102517
292 842382392
293 1684764795
294 -934717587
295 282688427
296 282688437
297 -369340709
298 -369340699
299 -738681404
300 -911985945
301 -2106660312
302 -201041764
303 336597873
304 336597886
305 472154000
306 944308002
307 944308003
308 -1261001518
309 -316693506
310 -633387005
311 -322466017
312 -955853015
313 -1911706017
314 1104942249
315 -1762616776
316 769733751
317 -1799646774
318 -1029913007
319 -1029912995
320 -2059825998
321 -854597723
322 -854597719
323 -854597704
324 1731174169
325 1402522338
326 1402522343
327 -1467943853
328 -65421499
329 1271679333
330 1271679342
331 1009993335
332 -741615281
333 -1483230547
334 2070121483
335 2126948342
336 -1312749945
337 814198403
338 1628396806
339 1628396818
340 -1536725202
341 -1536725194
342 1221516920
343 1221516938
344 -1851933436
345 -945624766
346 -1891249519
347 -393840414
348 -393840403
349 -393840383
350 -1181521181
351 -1575361554
352 1538084575
353 -37276959
354 -1649915493
355 1388976702
356 -298215734
357 -298215725
358 -894647200
359 -102101955
360 -102101936
361 -204203885
362 -1303054968
363 -1609360780
364 1076245735
365 -2040373888
366 418423405
367 836846818
368 291142072
369 291142074
370 291142079
371 1710273059
372 -2002410072
373 581289223
374 871436371
375 871436374
376 2032024970
377 2032024981
378 640519049
379 1281038095
380 1921557149
381 1580171998
382 -1134623302
383 -1134623297
384 -1781446646
385 1824446061
386 -646075168
387 1178370904
388 532295739
389 1064591476
390 2129182960
391 -568897116
392 -1137794231
393 -1706691345
394 881584616
395 1763169231
396 938062512
397 938062520
398 -655673031
399 1220452020
400 1220452032
401 1220452033
402 1220452042
403 1220452044
404 -633611162
405 1807292944
406 540070625
407 -1360762837
408 986600746
409 986600757
410 612438680
411 1599039448
412 1599039454
413 -484449711
414 1114589756
415 1114589765
416 -2065787773
417 163391763
418 163391767
419 490175279
420 653567054
421 1470525867
422 2124092922
423 606785594
424 560004151
425 466441252
426 1633231000
427 1633231014
428 1633231024
429 -1028505241
430 -2057010482
431 -1452284689
432 1390397916
433 1147564812
434 1085678043
435 1085678063
436 -1037933148
437 -1037933139
438 -2075866271
439 143234741
440 286469491
441 429704250
442 859408497
443 1718816982
444 -1287037550
445 2007361679
446 720324149
447 1440648296
448 305146262
449 305146279
450 305146296
451 915438853
452 1830877693
453 -938358165
454 -1876716326
455 236388353
456 -747808425
457 -511420064
458 -1022840129
459 -1022840123
460 -2045680236
461 -307813244
462 -307813232
463 610820462
464 -2050486248
465 -1439665777
466 1415635745
467 -1771509038
468 448941979
469 -1346597083
470 -897655095
471 2050715129
472 -1516104105
473 -1709641150
474 875685009
475 -299345101
476 576339922
477 276994839
478 276994851
479 553989694
480 1384974222
481 1938963930
482 -140044592
483 -1111073732
484 2072819833
485 2072819852
486 2072819870
487 672373936
488 -1549773481
489 -877399539
490 1867794286
491 990394751
492 1980789514
493 -333388269
494 -1657171280
495 -1657171262
496 -1666941283
497 -686316523
498 1941709509
499 1255393002
500 -1097864779
501 1412921228
