0 0
1 15
2 28
3 56
4 100
5 102
6 287
7 297
8 309
9 900
10 1213
11 1223
12 2451
13 4907
14 10704
15 19287
16 38577
17 75945
18 144529
19 220492
20 220512
21 220526
22 661541
23 661544
24 1543631
25 2866728
26 4410369
27 8820740
28 17641488
29 17641503
30 51380847
31 99894955
32 195379538
33 195379557
34 195379562
35 686033620
36 1372067249
37 2058100886
38 -178765534
39 1879335359
40 -536296584
41 299474088
42 1463747344
43 1226924849
44 38217766
45 -1802899820
46 925990155
47 388232952
48 388232959
49 1702456082
50 1602012341
51 -214032950
52 -1204531811
53 -1204531799
54 681371869
55 -339712345
56 -339712333
57 -679424671
58 -1358849348
59 1577268608
60 1577268612
61 1116263220
62 -1383016190
63 1528934906
64 -1455516746
65 -193334804
66 -1502932816
67 1143182936
68 -359749862
69 783433076
70 783433081
71 -1944668056
72 -377801895
73 -1539036869
74 2000326640
75 2000326660
76 2000326667
77 -210826084
78 1789500597
79 -715966113
80 1073534498
81 357568393
82 715136795
83 715136803
84 2145410395
85 -1434420089
86 -1796134997
87 -1085144680
88 -1455152562
89 -1455152549
90 299517522
91 599035037
92 599035047
93 -1412717502
94 84870106
95 169740216
96 39962912
97 39962928
98 39962934
99 39962954
100 329591962
101 369554926
102 699146907
103 699146919
104 2137403677
105 2137403689
106 -20159915
107 658827086
108 618507247
109 -900389169
110 376945172
111 -523443988
112 -523443980
113 -1570331957
114 -2093775919
115 107415453
116 107415465
117 322246371
118 1167936723
119 1490183105
120 -1207185613
121 1880596069
122 1880596085
123 -533775141
124 1346820963
125 813045836
126 1092316526
127 -1576559103
128 328803260
129 2004427491
130 2004427498
131 2004427501
132 470559359
133 470559369
134 -1349421066
135 -1349421046
136 -1349421042
137 -1349421031
138 246704187
139 -856012688
140 986816733
141 377508243
142 -594404550
143 -216896302
144 553024132
145 1106048258
146 1442176091
147 -2005019656
148 -2005019650
149 284928003
150 569855995
151 1139711999
152 -10523652
153 -21047298
154 1108141069
155 -2078685176
156 -2078685175
157 137596961
158 1362287679
159 1499884657
160 -1432794948
161 -511710813
162 917666587
163 473045490
164 -553793680
165 -80748173
166 -634541850
167 -715290022
168 -1984373719
169 326219853
170 1921523414
171 -451920465
172 -451920454
173 -903840918
174 113841585
175 113841602
176 -676157721
177 -676157713
178 -1238473812
179 -1914631519
180 1141861984
181 1607566255
182 -403677074
183 -403677057
184 1942074118
185 1942074124
186 -1218173169
187 -1218173158
188 1447801917
189 -988544397
190 -988544386
191 -1747460014
192 -1747460009
193 -1177041502
194 -1177041497
195 -1554035709
196 -1554035703
197 1380320175
198 -173715519
199 1206604660
200 1032889154
201 2065778305
202 10304837
203 20609668
204 2096692811
205 2117302496
206 -50057466
207 2067245037
208 2017187577
209 1856710357
210 1856710374
211 -581546547
212 -1163093097
213 112070738
214 -1632568895
215 1029829511
216 -1653761735
217 987443835
218 -1156986542
219 -793474926
220 -963017613
221 -1756492534
222 612439527
223 -1144052999
224 -531613467
225 1475247838
226 -1344471617
227 -932450710
228 2018044987
229 1085594293
230 1085594309
231 -1038184398
232 1133004211
233 94819823
234 189639651
235 189639664
236 189639684
237 379279361
238 758558722
239 1137838085
240 -2019291112
241 256385073
242 -625067948
243 -625067937
244 -993750800
245 2051080620
246 1057329835
247 1057329839
248 2114659691
249 1985432696
250 1919784770
251 -455397744
252 1464387043
253 619239474
254 2083626521
255 1336672788
256 753560796
257 1962519330
258 -1578887155
259 -1821101518
260 -1821101506
261 -1821101494
262 -1168337220
263 -515572908
264 -515572897
265 274382783
266 274382790
267 -1650717441
268 -1650717435
269 -1650717427
270 993532453
271 993532459
272 -1314369941
273 -1314369937
274 -1635207400
275 -1635207391
276 1024552524
277 1024552541
278 1759287649
279 -1511127104
280 1272713090
281 1272713094
282 1034299085
283 2068598178
284 80643077
285 80643096
286 -1030783840
287 1199100527
288 168316700
289 497919577
290 497919586
291 1164155883
292 -767555018
293 1392440035
294 -1510087232
295 -117647183
296 -117647166
297 -1120496556
298 -1120496553
299 -1120496542
300 933477663
301 -187018865
302 -187018851
303 -374037705
304 -374037694
305 -748075393
306 -1683169630
307 1489684584
308 -1315598120
309 2037808749
310 -2083072070
311 -45263313
312 83559831
313 -1322564908
314 -1284268373
315 -356641518
316 1415052337
317 1058410824
318 -1821504118
319 -988950838
320 -988950827
321 495561517
322 991123048
323 1982246096
324 -1814987451
325 1158381699
326 1325640363
327 -1810945229
328 -485304861
329 1998717212
330 -2108478096
331 -2108478093
332 78011111
333 78011130
334 -2062216735
335 -1984205588
336 404567222
337 731123333
338 1462246668
339 -2101597294
340 -639350614
341 1554019398
342 914668785
343 1189986963
344 917727246
345 917727257
346 -1269525812
347 1755915656
348 1404117113
349 -1486733076
350 403773899
351 403773904
352 724931859
353 1449863706
354 -1312623924
355 -1312623923
356 -1312623907
357 1669719477
358 -818288557
359 -461192978
360 -1279481532
361 -889243588
362 846760661
363 -1783157429
364 -1783157428
365 -593312012
366 92857508
367 92857512
368 321055458
369 -86541514
370 420228968
371 333687469
372 667374933
373 1001062421
374 1668437360
375 -624405105
376 1044032269
377 419627177
378 -786213171
379 677446281
380 310860292
381 1665752861
382 1867846278
383 226938432
384 226938440
385 -307491280
386 -307491274
387 -388044104
388 -695535359
389 -1391070717
390 -1391070700
391 121755160
392 -1269315536
393 -330269854
394 34995662
395 -295274177
396 -590548366
397 -850826866
398 -1736649402
399 -1736649401
400 -619706731
401 -648865084
402 1289746082
403 842842766
404 1483723766
405 -678654671
406 -1357309342
407 -552240233
408 -1104480475
409 2086006343
410 2086006355
411 -122954583
412 -1902629876
413 -1902629872
414 -1842207956
415 610551373
416 610551377
417 610551396
418 -1913183662
419 -81529501
420 -773610386
421 -855139875
422 -1628750252
423 -957246376
424 80220421
425 -877025950
426 -877025944
427 -1673831462
428 -9942000
429 857141950
430 -826631498
431 1764678356
432 1785246827
433 -714531643
434 -1459573740
435 1375819810
436 -798285565
437 -882039477
438 -1680325029
439 -1984830252
440 -1984830233
441 -1355018211
442 702891407
443 -2007145005
444 1961002300
445 -46142686
446 610606029
447 564463347
448 1128926708
449 1128926715
450 -908187169
451 -908187167
452 -908187164
453 -466708074
454 -466708066
455 636989660
456 636989675
457 1273979342
458 1273979349
459 1273979360
460 163960440
461 -1583048140
462 -1419087687
463 -290216669
464 -1709304336
465 -542729092
466 333629522
467 333629529
468 -1584774369
469 -1251144839
470 -1251144821
471 1792677653
472 1792677667
473 -501708703
474 1832501814
475 -1171496505
476 159296612
477 2111270901
478 1099071015
479 -2096825262
480 -2096825247
481 -2096825241
482 1214833474
483 1316150283
484 535475311
485 -1228508211
486 1837950876
487 -1833899025
488 -1833899008
489 1772087255
490 -61811749
491 -1957522514
492 -2081146013
493 132675283
494 327162304
495 654324616
496 1370460987
497 -1943019380
498 -1943019376
499 1779389544
500 -736188211
501 -1472376426
