0 0
1 15
2 35
3 66
4 79
5 212
6 401
7 406
8 1105
9 2144
10 3261
11 5415
12 11938
13 17365
14 34719
15 34729
16 69459
17 156288
18 312576
19 312590
20 625182
21 1406640
22 2813288
23 4219934
24 4219949
25 8439884
26 21099704
27 40792762
28 78772251
29 140664718
30 219436972
31 360101702
32 360101715
33 1080305125
34 1800508549
35 -474513226
36 -1528565132
37 1237837051
38 -765241304
39 -1055969366
40 1708515322
41 -112695347
42 539850629
43 1079701243
44 1079701263
45 -2135564787
46 -1055863519
47 -492175154
48 -492175146
49 -984350295
50 -1968700581
51 -1968700565
52 -1118959287
53 2057048737
54 1295655607
55 -2061222238
56 172522837
57 345045661
58 345045665
59 690091336
60 1380182664
61 -1534601953
62 -1534601940
63 -998929891
64 -998929887
65 608086291
66 608086300
67 217242709
68 825329011
69 1042571733
70 1042571737
71 -1167252105
72 1743220380
73 575968287
74 575968297
75 -1399810323
76 -823842015
77 671504637
78 -1552147694
79 1190671914
80 1190671927
81 -1913623454
82 467720398
83 935440787
84 680209667
85 169747415
86 169747416
87 1019704511
88 1019704516
89 -1916063427
90 462840441
91 462840446
92 462840451
93 1388521347
94 -1980765048
95 333437199
96 204033952
97 537471156
98 1074942324
99 1612413483
100 -866106362
101 -1936246680
102 -114997216
103 -1304936773
104 1685093761
105 -1671086891
106 -1671086888
107 952793529
108 -2009223242
109 -1056429701
110 1229314357
111 -883545045
112 -883545035
113 -1594205414
114 -1594205395
115 1106556499
116 1329567970
117 -1635831367
118 -306263391
119 -1942094738
120 410777801
121 -1837580310
122 926070059
123 -911510247
124 -911510245
125 -1823020476
126 648926335
127 1297852683
128 1946779029
129 1946779030
130 896443462
131 495034226
132 -956710561
133 -1913421124
134 468125034
135 -1010528952
136 1839142273
137 1839142288
138 1839142303
139 -616682687
140 -1233365387
141 -1233365371
142 -1233365363
143 -1233365344
144 594871226
145 -43622930
146 551248301
147 -130868729
148 971627873
149 1392007461
150 -1510952377
151 -118944906
152 733738068
153 -896159200
154 -281366025
155 -443787139
156 -1006519183
157 1667135765
158 -960695766
159 -1025232328
160 -1985928091
161 1283806891
162 -1727353522
163 -120435502
164 719824763
165 -1127964253
166 -528574990
167 -1656539224
168 -1656539206
169 -1656539203
170 -1203225326
171 -1203225322
172 -1424561743
173 -1192584289
174 1909798723
175 -1910572618
176 1677047376
177 -940872534
178 735400957
179 -205471566
180 1266104236
181 1796033646
182 -1643772538
183 152261124
184 -1491511396
185 -1186989154
186 1616466757
187 -1062033777
188 -1971806429
189 1690604711
190 -281201702
191 -562403408
192 2108126696
193 983319877
194 -1765924113
195 481917353
196 -300686869
197 1506752963
198 1206066111
199 -1582148207
200 -1582148198
201 1130670896
202 -827559384
203 -1279036668
204 -1279036648
205 2040005499
206 -518067798
207 242901060
208 242901079
209 2007739847
210 -2044326352
211 -36586494
212 169728087
213 -1911184744
214 -1778043135
215 775467506
216 1381206935
217 1381206942
218 1381206945
219 -1532553392
220 -908432356
221 -908432339
222 -1816864681
223 1569670288
224 1569670306
225 -1155626692
226 166849226
227 166849229
228 333698469
229 -488229748
230 -976459501
231 -797292322
232 -1773751818
233 747463671
234 747463685
235 -1076116765
236 -1354941208
237 1585084872
238 -98509401
239 131634267
240 263268545
241 526537085
242 -1886951908
243 -1886951893
244 1047600583
245 2095201179
246 -104564943
247 -1256730461
248 -1256730443
249 -1256730434
250 -1256730432
251 -1256730417
252 1781506454
253 -1988684819
254 -207178354
255 -1671087125
256 952793048
257 -718294065
258 -718294054
259 1932906761
260 1932906771
261 -1865741868
262 563483565
263 -1731412065
264 -1100763583
265 -1100763570
266 925511663
267 1287539757
268 11524281
269 23048549
270 -2047343033
271 -2047343020
272 200281247
273 -1847061757
274 -1423450705
275 1224736088
276 -1845495124
277 603977048
278 -16781983
279 587195070
280 570413088
281 1140826191
282 1140826199
283 -1442901799
284 -302075590
285 1107088105
286 1107088123
287 1912100648
288 1912100664
289 636322143
290 636322158
291 1908966451
292 -1113356525
293 -314612394
294 -1427968908
295 -1742581285
296 -1742581278
297 -618164160
298 -1550940712
299 -1359300138
300 1576367026
301 1576367034
302 1576367036
303 -925166336
304 651200705
305 160168188
306 -113797431
307 697571473
308 469976615
309 1213918865
310 1683895486
311 -229604847
312 -1626757788
313 1511428332
314 1511428344
315 1511428356
316 -1387440037
317 -1387440024
318 1520087252
319 1768063900
320 -1006816129
321 761247781
322 761247799
323 761247801
324 -1249976124
325 272519492
326 -216208818
327 328830153
328 385140840
329 497762190
330 995524373
331 -2087709731
332 -594423165
333 -1686608510
334 2013935635
335 327327136
336 -1953704522
337 -1299050258
338 1696866791
339 785374784
340 1183191331
341 412678137
342 1595869485
343 1379013250
344 -1320084553
345 58928701
346 2126405026
347 865249190
348 -1244384359
349 -379135159
350 1427063401
351 -196456098
352 -392912195
353 458559954
354 1296255081
355 1361902841
356 1361902843
357 183653438
358 183653448
359 183653449
360 -1020201266
361 -652894360
362 -1673095620
363 1132429512
364 -2030108277
365 -897678761
366 -897678749
367 -1795357507
368 -1795357489
369 -1091105201
370 -386852898
371 -1671384547
372 -649732822
373 -649732819
374 -153840984
375 -153840970
376 -1607147590
377 -1914829543
378 -184424598
379 434724602
380 1023290180
381 2046580357
382 -790372144
383 -2015468886
384 -759260672
385 -759260666
386 -1518521331
387 -1547916383
388 -289991743
389 938537847
390 648546105
391 -1769345494
392 -1120799379
393 -1593052660
394 -188230222
395 -188230206
396 -376460426
397 -376460414
398 -752920831
399 -752920821
400 2036204821
401 530363182
402 1813647184
403 -1420593754
404 393053438
405 -1027540300
406 -1027540293
407 -1662027142
408 1605399868
409 1605399875
410 -1084167545
411 -1084167542
412 1042464660
413 1042464663
414 1521994130
415 -688043836
416 833950296
417 145906461
418 291812939
419 583625878
420 875438825
421 1459064718
422 1459064720
423 374039796
424 456266659
425 830306456
426 -1175289659
427 111283471
428 -1064006183
429 -841439250
430 1325515687
431 484076439
432 484076448
433 388223159
434 388223171
435 1260522787
436 -1289845285
437 358900693
438 717801376
439 1047379580
440 1047379593
441 -1482406740
442 1689054512
443 206647786
444 -1786912563
445 -1373616991
446 1547733312
447 1547733324
448 1547733336
449 1547733349
450 -1199500592
451 1895966109
452 696465537
453 193430462
454 1586361531
455 -1122244247
456 1354013297
457 -1586940704
458 -1355171642
459 1584624006
460 1584624026
461 -1125719258
462 -1125719240
463 -666814455
464 1376714352
465 -1541538596
466 -1957357922
467 -2122182159
468 -2122182147
469 50603006
470 50603010
471 50603013
472 151809032
473 303618077
474 506030134
475 506030138
476 506030140
477 1821708503
478 -1461198500
479 1372570301
480 -2055856841
481 183253622
482 -500032915
483 -316779284
484 -316779275
485 -950337844
486 -2083929312
487 -2083929310
488 -823229151
489 -696120465
490 -1392240933
491 -1392240921
492 -2092793476
493 -582308023
494 227624887
495 455249778
496 -1992226824
497 -1536977040
498 1221013230
499 1221013238
500 -1852940819
501 -1852940804
