0 0
1 18
2 32
3 43
4 113
5 114
6 235
7 464
8 825
9 1642
10 1648
11 4824
12 6481
13 6483
14 21086
15 21101
16 48676
17 97360
18 97380
19 285607
20 285621
21 814646
22 1580623
23 2395271
24 2395285
25 7471466
26 9866753
27 9866754
28 9866764
29 29600275
30 49333812
31 78934104
32 128267935
33 286136132
34 572272270
35 1114944263
36 1114944281
37 -1492806481
38 -377862193
39 -377862185
40 -755724359
41 -1511448723
42 1272069855
43 1272069870
44 276966649
45 1549036532
46 -1436273094
47 389730098
48 389730108
49 -656812881
50 235410777
51 235410789
52 235410805
53 470821596
54 470821609
55 470821624
56 1647875637
57 2118697279
58 -57572754
59 -585967127
60 -1171934246
61 1951098802
62 779164567
63 972362000
64 -592341910
65 -592341894
66 -1184683791
67 -1184683787
68 1925599738
69 1925599757
70 1925599758
71 -887535609
72 1038064152
73 1038064164
74 1038064182
75 -142710639
76 1933417711
77 1790707089
78 1362575215
79 -1141684982
80 -349952250
81 1661645085
82 1661645090
83 -1100739126
84 1872598813
85 -199817416
86 1672781412
87 -388498508
88 1084465493
89 -1926218882
90 242712115
91 -1683506755
92 2012419284
93 -1354594230
94 657825059
95 -125144512
96 -821913672
97 -1643827345
98 -1643827342
99 60254445
100 1067567057
101 2135134113
102 -24699060
103 2110435056
104 -74097185
105 -74097173
106 -74097162
107 -222291515
108 -222291514
109 -444583011
110 -666874510
111 -1630137708
112 -1630137695
113 -299057138
114 -1929194822
115 -1193560049
116 1907847189
117 1150864801
118 -64042865
119 1086821954
120 -213476198
121 -426952401
122 -640428598
123 -258078088
124 -452113321
125 -1350619999
126 -1802733319
127 689500662
128 1831114657
129 1831114663
130 1831114675
131 -632737954
132 -632737941
133 -1898213842
134 1764015527
135 -134198301
136 -1533872501
137 -1802269116
138 824627392
139 824627406
140 -1821085117
141 -1974099422
142 499782761
143 -1646146967
144 178045974
145 178045990
146 -790272239
147 -434180256
148 -868360523
149 -2092812999
150 287387276
151 -1805425703
152 -618424904
153 1871116708
154 -265346620
155 -265346605
156 1340423495
157 1340423500
158 -2144813519
159 -2144813505
160 1345763775
161 -263016235
162 1082747547
163 1082747554
164 -2129472179
165 -226993305
166 -453986616
167 -453986609
168 2113276155
169 978309629
170 -2111354734
171 -1133045086
172 1050567481
173 -82477585
174 -82477566
175 -247432742
176 638179605
177 225791722
178 451583439
179 1068122040
180 2136244083
181 -639017728
182 1497226359
183 -232392529
184 625816109
185 1890649953
186 -2010893744
187 -120243773
188 152936026
189 32692268
190 32692276
191 -1912816933
192 -1847432388
193 534717992
194 -1312714380
195 -1312714379
196 -1555992785
197 1426260138
198 2074523898
199 2074523910
200 -1588366507
201 -1864018623
202 2122922831
203 2122922842
204 -1426982828
205 -633522284
206 -2060505099
207 -1998087356
208 298792588
209 535167441
210 -1164127310
211 -93792420
212 -423959687
213 -517752096
214 -1035504200
215 -1035504187
216 -1035504178
217 246742954
218 -1824265401
219 -1577522440
220 104418235
221 1244340654
222 -2053028934
223 -704270036
224 -704270021
225 -704270005
226 129128307
227 129128322
228 258256647
229 387384971
230 199628246
231 199628258
232 786641494
233 1831539631
234 -890144692
235 2127292955
236 -1226279397
237 1842408512
238 1853277394
239 -1825560779
240 1870125141
241 44564382
242 89128759
243 2031534907
244 -259614094
245 1905613963
246 -528303745
247 -528303740
248 -1056607469
249 -207600980
250 1974151380
251 181639207
252 363278412
253 544917626
254 -1438581648
255 -1438581645
256 1417804012
257 -1459359265
258 -1480136894
259 1334693507
260 1334693520
261 1189250135
262 -436330120
263 2087613554
264 2087613565
265 -119740176
266 -119740164
267 -359220501
268 -718441003
269 -718441001
270 -1796102487
271 -1796102481
272 -734119674
273 -1468239345
274 -1468239334
275 1358488637
276 1358488653
277 1358488658
278 -1577989974
279 1138987340
280 -2016992601
281 -878005260
282 -1975511824
283 1441450224
284 1441450236
285 -1987609221
286 895291253
287 -1092317964
288 2110331384
289 1913304679
290 -1363649194
291 -1832007123
292 -264338206
293 834972777
294 1669945569
295 -1790048937
296 -1381475912
297 1123442467
298 -378136803
299 -378136785
300 1490611331
301 734337753
302 1468675514
303 -1357616271
304 -1357616256
305 -1246557010
306 1690794035
307 -913379213
308 777414829
309 -1049343602
310 -741070956
311 -235584898
312 -2025999447
313 1020383238
314 -1982272057
315 -961888808
316 345190232
317 1695996674
318 2041186917
319 2041186934
320 -212593427
321 1616000046
322 1190813191
323 -1488154058
324 1318659183
325 -1657648923
326 -636330602
327 2000987790
328 1364657196
329 1364657215
330 -1565652875
331 -1130317960
332 -1331313604
333 -1297970025
334 -1297970013
335 367713673
336 2066740950
337 -1492799017
338 573941935
339 217627546
340 1733225090
341 1031995557
342 2063991115
343 751872018
344 1503744037
345 -1505106766
346 -448471334
347 -1928938225
348 -1626900253
349 -1214449276
350 -923791786
351 529825990
352 1059651972
353 1059651992
354 1725338184
355 -844290933
356 881047254
357 881047265
358 1762094529
359 110269022
360 -1504800142
361 -1504800122
362 1285367040
363 148130329
364 1433497375
365 1433497392
366 -1279842180
367 1735282918
368 -972531783
369 762751153
370 -209780629
371 -209780624
372 -629341865
373 -629341852
374 -1468464327
375 1567819270
376 -1159328764
377 -1689315667
378 916335970
379 -364489181
380 1998169670
381 1633680508
382 -663117103
383 -774387413
384 196176008
385 -1904445617
386 1812310292
387 1812310312
388 1141963601
389 -1340693371
390 1521445233
391 652368774
392 -2121153287
393 -1288032645
394 1718902020
395 -1037915130
396 -607045750
397 -1644960871
398 1435914930
399 -816091671
400 -816091662
401 -816091650
402 1637646377
403 625286328
404 630749407
405 2077590471
406 -139786349
407 -139786344
408 -1240913766
409 -1380700093
410 -823596079
411 570184675
412 1280155699
413 -1594869551
414 -1948825335
415 -1693354507
416 908258284
417 -785096212
418 123162086
419 -1447030333
420 1400906621
421 200200461
422 154076750
423 1755183837
424 2109461063
425 -430322383
426 -506367565
427 -1367012342
428 -1873379887
429 1054575076
430 1602782589
431 -583034546
432 -1166069092
433 -146321031
434 -1895424653
435 2106900564
436 -1683948756
437 -1472472843
438 1203700584
439 154179560
440 1357880156
441 -1579206984
442 -67147257
443 -1646354224
444 -1780648740
445 867964344
446 867964348
447 -44720030
448 1691208676
449 -912549952
450 778658732
451 -133891205
452 1423426266
453 1155643843
454 -1071129644
455 -2142259285
456 -634318804
457 447259581
458 2050163002
459 -1797544706
460 -2076700205
461 -1376822313
462 1541322660
463 -1659581556
464 -1659581545
465 -936395661
466 -936395656
467 644335544
468 644335554
469 644335570
470 644335589
471 1933006718
472 1933006737
473 1933006750
474 1933006753
475 1504052956
476 -1286861376
477 -1286861363
478 -1069669768
479 1938436175
480 868766420
481 868766426
482 1737532862
483 1118534600
484 -1438899823
485 -2009033224
486 847034258
487 -1161998954
488 1650604155
489 1335639474
490 1335639488
491 1335639491
492 -288048829
493 -288048823
494 -576097646
495 -576097640
496 -1440244100
497 1414479093
498 -601862627
499 -601862609
500 -1203725222
501 -992971346
