0 0
1 2
2 6
3 21
4 34
5 68
6 133
7 149
8 420
9 572
10 575
11 592
12 1752
13 2922
14 4689
15 4699
16 12326
17 12345
18 29387
19 58775
20 100520
21 213365
22 313886
23 527257
24 527276
25 527280
26 1895702
27 2950262
28 2950269
29 5900534
30 13696779
31 25497854
32 45095178
33 84289830
34 168579644
35 252869486
36 252869492
37 758608468
38 1432927104
39 -1850562223
40 846712340
41 429077226
42 1275789578
43 2133944026
44 -456156449
45 -1341390136
46 -1797546584
47 -1797546571
48 -1797546554
49 -1797546552
50 699874196
51 2099622528
52 1001950180
53 -493520375
54 1510379997
55 2018809807
56 -765777483
57 1253032331
58 -1788902628
59 -535870289
60 -1071740577
61 1385708655
62 -757772494
63 -757772491
64 -1201576899
65 1891813507
66 690236621
67 -1712917162
68 -332443918
69 536689050
70 -818435393
71 -1636870793
72 -1918617133
73 -1918617118
74 -1997573122
75 1118256434
76 -2058454416
77 1814929249
78 1253508329
79 -1226529711
80 -216546531
81 -216546516
82 -216546508
83 -649639549
84 -1299279085
85 1912955654
86 613676570
87 613676584
88 1227353161
89 1841029762
90 -1226584360
91 614445420
92 1228890824
93 -1837185649
94 -1220433763
95 -1828728581
96 1245804965
97 1245804973
98 1900229250
99 96871899
100 -1052061170
101 -858317361
102 -1813506616
103 -1813506608
104 667954077
105 -1145552528
106 -667961731
107 -477606104
108 -477606101
109 -1623173919
110 -96933078
111 -1720106996
112 -100458891
113 -1917498952
114 -1917498939
115 -1360596479
116 -1360596472
117 2033743766
118 1690019184
119 1002570014
120 2005140026
121 2005140037
122 2005140056
123 -1571944451
124 433195616
125 -1423436031
126 -1423436028
127 1448095254
128 1757441662
129 791860478
130 791860492
131 494290609
132 494290619
133 494290625
134 -1228374455
135 -239793204
136 -239793189
137 -719379600
138 -1933049815
139 1642537884
140 -1009891512
141 -2019783037
142 -1387136663
143 888047613
144 -499089049
145 -499089029
146 -499089021
147 -609219483
148 -609219477
149 -1717527972
150 360822316
151 1719822691
152 -855321922
153 864500775
154 2089823879
155 -476141861
156 1622860888
157 1622860905
158 1428937301
159 -1243169087
160 -1243169072
161 -1057400839
162 -2114801679
163 -120404283
164 -1483977644
165 -1483977641
166 -1965594771
167 -1965594762
168 -1965594753
169 -274804965
170 -1876621954
171 2143540380
172 355891244
173 355891253
174 -1439644410
175 -727861897
176 -1455723796
177 1027628458
178 2055256921
179 -540344710
180 -1752426609
181 790114063
182 1580228136
183 77570883
184 155141777
185 232712663
186 387854450
187 -1861459379
188 -1008179603
189 2045895435
190 -823743534
191 -1647487077
192 -1433514778
193 390221912
194 -1468628038
195 -1078406124
196 -942846796
197 -942846782
198 252461477
199 252461482
200 -1380770607
201 -1380770602
202 -1380770601
203 1533426104
204 1686081600
205 -1075459583
206 2144048127
207 2144048130
208 -6871023
209 596879957
210 596879977
211 -964030238
212 222858679
213 -741171557
214 -885463128
215 -1403775993
216 1264556630
217 -1542995361
218 -278438724
219 -1821434074
220 -1821434061
221 373660442
222 747320885
223 1120981335
224 1120981345
225 -1305683722
226 -184702360
227 751576609
228 751576620
229 1503153243
230 1515920404
231 42557221
232 269816808
233 1828294434
234 864774833
235 226396405
236 -1105684810
237 1813780872
238 934492476
239 1868984952
240 -783393801
241 -783393785
242 -1566787585
243 -330097725
244 -1594687930
245 20000285
246 40000563
247 -1534687064
248 -1534687045
249 1285594054
250 -1723779190
251 827408615
252 389223498
253 1216632115
254 1605855617
255 1605855629
256 1350008194
257 1872607771
258 2139359926
259 2139359942
260 2139359943
261 2139359950
262 -16247394
263 2123112572
264 -48742155
265 2041875630
266 1993133481
267 -259958178
268 -568658504
269 -828616674
270 -1917191539
271 -1917191538
272 -368032444
273 2009743330
274 1641710899
275 -643513057
276 -1287026110
277 -288828256
278 2075599882
279 1497943373
280 -721424023
281 -721424020
282 2130695222
283 -33576859
284 654270329
285 -1543578595
286 -922885109
287 -922885091
288 1526311977
289 1526311981
290 2129738886
291 -958374640
292 -993864172
293 1703812068
294 1881312148
295 1632885422
296 -1029196450
297 -1809966159
298 675034977
299 -1134931162
300 2025104966
301 1565208797
302 -1164549700
303 1290832914
304 1290832919
305 712462616
306 2003295553
307 1002456720
308 -576752401
309 -1865967406
310 563032479
311 -1879687313
312 1538049392
313 -341637909
314 -683275825
315 513135661
316 -170140153
317 -681918209
318 -1022198511
319 -1361121193
320 1572724895
321 -1662653151
322 1139801145
323 -522851991
324 527020900
325 1054041802
326 1581062711
327 -1132841879
328 -1132841876
329 896441678
330 211820635
331 -1157421426
332 -945600788
333 -2127601761
334 1221764762
335 -1851437771
336 -1851437756
337 -313745228
338 -313745222
339 1186366098
340 1150967419
341 1709843081
342 -561535909
343 1148307174
344 586771269
345 1735078457
346 323496786
347 -501313600
348 -177816797
349 1966216125
350 -949306318
351 337779422
352 1354689239
353 743162347
354 2097851600
355 -1453953339
356 -1553217437
357 -909319164
358 378477370
359 -2084059211
360 -1705581839
361 -1578732980
362 -1604248509
363 1995789434
364 -1187192040
365 -1187192038
366 -1982843134
367 1933529528
368 -1236505631
369 -1285819224
370 -588795311
371 1134533526
372 545738234
373 -194342760
374 1485929011
375 1291586263
376 -1711794767
377 -420208499
378 -840416989
379 1322547050
380 -358286938
381 -296365360
382 -592730722
383 -592730706
384 -1840113710
385 1862122893
386 22009184
387 -1141443046
388 -1141443032
389 2012081236
390 1613327248
391 1342522426
392 672963620
393 1345927253
394 1345927268
395 1345927285
396 415778149
397 415778161
398 415778170
399 -1701705519
400 -454371020
401 -454371003
402 1684519761
403 -925927774
404 -1851855552
405 -1851855539
406 1349848193
407 -1595270894
408 -1595270876
409 602418181
410 -1238275385
411 2063839227
412 2063839229
413 2063839244
414 658275022
415 490986202
416 -1249155649
417 1963944831
418 1864050420
419 -1225141489
420 -1225141476
421 1377712306
422 1377712317
423 1377712323
424 -161830333
425 -1701372988
426 -2025033669
427 406730320
428 813460646
429 1220190974
430 -1286024700
431 -65833706
432 -131667414
433 -263334828
434 -460835931
435 -855838158
436 -1777510017
437 937448374
438 -1695899791
439 1759005871
440 63106090
441 -713849466
442 1108262514
443 457519154
444 915038305
445 -1814147320
446 -47176795
447 -946285805
448 -1892571602
449 1408933114
450 1003718889
451 -1882315274
452 -1882315270
453 530336764
454 2064392419
455 712413921
456 1424827835
457 1424827845
458 1861831498
459 -1008307946
460 -1008307945
461 -2016615874
462 2123567040
463 -901356767
464 -794405589
465 -1588811173
466 -1161006479
467 1545149659
468 1545149676
469 -453923894
470 -113442191
471 977783603
472 977783616
473 1388201135
474 -951198934
475 -1902397861
476 -1465395648
477 -24025134
478 -1489420775
479 -1513445903
480 1292100638
481 1292100647
482 1292100661
483 -1932111243
484 -640010567
485 -1280021148
486 1734925003
487 1734925012
488 -382292935
489 -1207410213
490 -1207410204
491 672736669
492 -1742083738
493 810799817
494 -258547249
495 -517094487
496 -1706925642
497 2070947179
498 -153072946
499 -564693132
500 -353744535
501 999436575
