0 0
1 7
2 20
3 33
4 73
5 135
6 221
7 430
8 663
9 1451
10 2907
11 4367
12 9836
13 9848
14 28414
15 28422
16 66700
17 66702
18 200101
19 333509
20 695454
21 1295782
22 2324750
23 3620544
24 7241077
25 7241094
26 18102734
27 25343838
28 25343846
29 76031527
30 144821956
31 246197348
32 517738521
33 908757844
34 1817515684
35 -804757889
36 -1855713120
37 -1855713101
38 1596298879
39 1596298884
40 -1323586338
41 -1323586337
42 545425108
43 -505448676
44 -1010897343
45 676873729
46 -334023604
47 -334023585
48 -668047184
49 -659220641
50 -659220635
51 1974455267
52 656014001
53 656014010
54 656014023
55 -352469991
56 959558046
57 1919116106
58 1919116112
59 -456735075
60 46087898
61 46087911
62 46087931
63 92175853
64 184351715
65 322615500
66 506967219
67 829582726
68 1659165455
69 -976636376
70 -1953272755
71 1365058178
72 94314506
73 -1470536444
74 -11163751
75 -1387385687
76 1520195936
77 -1348889938
78 1597187423
79 248297496
80 1845484938
81 -432691431
82 -432691422
83 980102088
84 547410684
85 -1787352422
86 -1239941725
87 1815083838
88 575142120
89 1150284234
90 -1994398816
91 -268972458
92 -1113087037
93 -1651031951
94 -732522954
95 798325365
96 65802430
97 864127797
98 995732647
99 1859860456
100 288881415
101 -2146225422
102 2516465
103 5032921
104 5032938
105 12582344
106 -2121060748
107 -2103445460
108 88076379
109 176152769
110 176152780
111 176152799
112 176152807
113 352305626
114 528458444
115 1409222467
116 -2004980755
117 -2004980739
118 -2004980727
119 -2004980713
120 -1719974870
121 -1434969011
122 -1434969003
123 1425029292
124 -874896990
125 -874896973
126 -324764663
127 -649529319
128 1570879371
129 -1153208569
130 -231858508
131 -1385067075
132 -1848784091
133 1246928425
134 922977497
135 922977517
136 922977532
137 -1526034743
138 -1805141050
139 -1805141032
140 1004605528
141 163256010
142 1167861553
143 1167861569
144 -1959244161
145 -791382591
146 -791382589
147 -791382570
148 -1582765144
149 -1582765130
150 -453328130
151 -453328113
152 1805545943
153 -683875419
154 -1367750835
155 -1367750823
156 -1367750822
157 -492160596
158 -1859911398
159 2134610123
160 -1585212674
161 1124541945
162 1673939407
163 1487967416
164 1487967423
165 1487967429
166 1487967443
167 1656902422
168 337870002
169 -812227424
170 -1624454847
171 1858285027
172 -578397227
173 -818924460
174 -1975718916
175 -1514755566
176 1265456159
177 672627303
178 1923651836
179 -433231994
180 -433231986
181 -866463974
182 -1299695943
183 1695575396
184 -1337048500
185 -1807633015
186 1546165238
187 -261467761
188 1284697489
189 1023229732
190 1023229748
191 2046459491
192 -1225278046
193 -1427326367
194 -1427326354
195 -1010241520
196 1857399433
197 1062194451
198 1909352368
199 -1903588900
200 -1903588887
201 1021768470
202 1509557993
203 1509558005
204 1509558020
205 1509558021
206 1743264753
207 1976971507
208 934826991
209 934827010
210 1294922978
211 1294922987
212 2141504188
213 -1988930434
214 -617720552
215 829776200
216 -1776874774
217 -1412245356
218 -671027619
219 646875210
220 646875223
221 1293750452
222 1940625690
223 -1060591137
224 -827431853
225 1346353172
226 1346353192
227 804683382
228 804683398
229 7105863
230 -1332141455
231 -1332141441
232 -1852493623
233 1110332248
234 -742161370
235 1478503124
236 1846674021
237 -1711951510
238 134722516
239 269445034
240 269445043
241 673612604
242 -364726295
243 308886329
244 1156662718
245 1774435374
246 -1054982874
247 1820275263
248 765292397
249 -1709399631
250 -1709399629
251 1641460437
252 -1012046422
253 -1012046409
254 -2092032010
255 1820302900
256 1999145364
257 1727416260
258 -840134779
259 -1408540439
260 -996777983
261 -996777979
262 892870903
263 892870921
264 -207814133
265 -415628269
266 -623442382
267 -1246884780
268 1801197744
269 1801197764
270 -692571768
271 1662938966
272 1662938983
273 1662938998
274 1277898
275 1277916
276 1277925
277 2555847
278 3833787
279 3833794
280 12779286
281 12779297
282 12779308
283 42171694
284 80509589
285 80509595
286 80509615
287 241528815
288 525229326
289 847267758
290 1614025917
291 -1308444289
292 1919607547
293 611163265
294 -1764196467
295 -1153033195
296 -386458842
297 -772917674
298 -772917656
299 -554556526
300 -2100391837
301 1640018953
302 -1787847048
303 719273192
304 -1528946721
305 1237073848
306 1237073851
307 945200992
308 945201008
309 -1167491429
310 1959984434
311 792493014
312 792493023
313 -972287245
314 1405191808
315 1405191826
316 1838096390
317 -618774512
318 -1237549027
319 -1856323531
320 1201094754
321 -673455920
322 527638850
323 527638861
324 381821805
325 1437099529
326 1818921336
327 -657124610
328 -1696071025
329 1941771662
330 -1450370396
331 491401274
332 491401293
333 982802570
334 -1837960881
335 -855158308
336 -1218915308
337 382932816
338 1748668196
339 2131601026
340 -31765245
341 -31765228
342 -31765224
343 -95295683
344 -190591378
345 -381182745
346 -571774112
347 -571774092
348 -1143548187
349 1626688170
350 483139986
351 966279986
352 1449419973
353 -1396127331
354 53292656
355 -1342834665
356 -1236249353
357 373048604
358 746097214
359 -117103516
360 -234207041
361 767835263
362 767835273
363 1184359991
364 -1809143804
365 910886739
366 -898257060
367 -898257044
368 -1510411158
369 89784977
370 1976084090
371 2065869082
372 -163229127
373 -1836869415
374 2131639616
375 -2097557135
376 99853033
377 -1702933885
378 594329327
379 -1108604539
380 -1108604521
381 1069006722
382 -39597790
383 1029408947
384 989811164
385 989811184
386 -1285935994
387 -1285935989
388 -592249624
389 2120656877
390 -53653531
391 -1097118260
392 -908300510
393 -908300503
394 1327594507
395 -1586124757
396 -1586124747
397 1122717800
398 -463406929
399 -1185344116
400 -526033243
401 -1052066478
402 1531523473
403 -1695327281
404 1367719655
405 1367719674
406 -1723331766
407 -355612076
408 -711224151
409 -1066836209
410 -1066836208
411 -628873095
412 -1695709302
413 -1695709288
414 903548715
415 1178224339
416 2081773064
417 -1034969878
418 1046803194
419 2093606392
420 2105439718
421 -84087860
422 2021351861
423 -1406821270
424 -1406821264
425 -792290672
426 689034094
427 -1510077827
428 1274811646
429 -1745344009
430 -1291576081
431 1258047219
432 -504061218
433 2012033210
434 1474443143
435 -1346081009
436 1636334128
437 290253135
438 580506274
439 580506290
440 1161012566
441 1161012576
442 -1392435844
443 2090601873
444 -1274776120
445 584402505
446 584402523
447 584402543
448 1168805078
449 -1957357147
450 -788552060
451 -788552040
452 -1577104093
453 1140759105
454 1140759123
455 704414136
456 1845173272
457 -604620758
458 1240552523
459 -1813862242
460 667242801
461 667242812
462 761175909
463 1522351811
464 1522351824
465 -1250263651
466 -1250263636
467 544176360
468 -706087271
469 -1140086354
470 1742706398
471 440709145
472 881418280
473 1322127433
474 1322127452
475 1322127455
476 1322127470
477 -328584899
478 -657169808
479 -657169792
480 -1314339593
481 -1971509372
482 -305221260
483 -610442524
484 -610442511
485 -610442506
486 -1831327524
487 1853197284
488 -588572729
489 -1787587971
490 -1787587970
491 719791367
492 1439582725
493 1439582744
494 1811368873
495 -1044015675
496 -648448612
497 -1296897238
498 1305605780
499 1305605791
500 665865731
501 1980180078
