0 0
1 5
2 12
3 29
4 53
5 110
6 198
7 400
8 404
9 1183
10 2200
11 2204
12 2209
13 2216
14 8837
15 11071
16 11082
17 35423
18 68632
19 104057
20 172696
21 380819
22 553535
23 934363
24 1868729
25 2803104
26 6159732
27 6159745
28 17925684
29 30245162
30 54330602
31 54330606
32 156832070
33 265493279
34 422325366
35 687818653
36 1532469383
37 -1230028534
38 1678078156
39 448049628
40 896099256
41 1344148902
42 -2054719122
43 -1983310459
44 -1797781416
45 699404469
46 -1098376943
47 2098213423
48 -98540447
49 -197080906
50 1403619605
51 1403619607
52 -1783349428
53 -1783349426
54 2131888067
55 1372428441
56 -790650782
57 -853033121
58 -271255460
59 -271255445
60 -271255443
61 1837517061
62 1566261628
63 -1704954937
64 1698823760
65 -6131171
66 -12262345
67 -12262344
68 -30655853
69 -55180522
70 -110361054
71 -110361038
72 -220722081
73 -527280535
74 -748002610
75 -1716727307
76 971873742
77 -744853552
78 -1489707099
79 2060406647
80 570699565
81 396545578
82 1537944699
83 1934490297
84 1934490315
85 1111958020
86 685971346
87 685971356
88 2057914053
89 -1551081879
90 506832192
91 1699635725
92 -1581667199
93 -926281149
94 -808312616
95 -1734593754
96 943748320
97 943748323
98 943748339
99 1887496675
100 423774371
101 423774389
102 -616173521
103 -1232347037
104 -1848520546
105 1021700587
106 -826819957
107 792806839
108 792806845
109 792806856
110 -1721666125
111 -1721666115
112 -1064911691
113 -213276632
114 -1278188309
115 1738590682
116 247125748
117 707528126
118 707528146
119 1662182031
120 -1217728977
121 -1217728969
122 641780375
123 -1793677558
124 1925341145
125 -444284995
126 329158984
127 16537590
128 16537610
129 33075213
130 66150431
131 461459831
132 577223102
133 1154446191
134 -2101838170
135 157441399
136 -789950563
137 -1579901124
138 2082557015
139 -287294659
140 -287294644
141 1507967714
142 933378413
143 933378426
144 1866756859
145 946514133
146 -548317877
147 -2030014176
148 -2030014156
149 234938970
150 -78439936
151 -1873515116
152 -1482077106
153 1095874110
154 -2103219069
155 -146409802
156 -1153754749
157 1987457803
158 833703055
159 1667406121
160 -960155054
161 -766555355
162 -1533110708
163 -1592414976
164 1169441624
165 -1956084057
166 -786642429
167 1129267474
168 1129267491
169 -2036432330
170 222102653
171 -342437134
172 -1027499309
173 -2054998628
174 1092134883
175 -2110697517
176 193906732
177 193906744
178 193906753
179 193906760
180 387813514
181 581720289
182 1357347328
183 -1580272632
184 940515275
185 1299310272
186 -1696346744
187 -1696346733
188 -2093383191
189 108200906
190 -1985182279
191 -1985182275
192 -1985182264
193 649205504
194 649205519
195 -362168479
196 -362168473
197 -362168454
198 211905629
199 211905646
200 -662694114
201 -238882828
202 -477765652
203 -955531306
204 -2122968242
205 499819288
206 499819301
207 1738340691
208 -1556988006
209 181352689
210 1362343974
211 -2070098631
212 -2083389961
213 -2083389960
214 -2083389941
215 1632010078
216 1632010094
217 1308817609
218 1308817611
219 -496701836
220 -496701824
221 -993403656
222 -1986807303
223 818054532
224 1636109063
225 467356311
226 2103465376
227 -1724145591
228 -994127597
229 -147451498
230 -762259293
231 666983330
232 -95275946
233 -190551903
234 -190551886
235 -381103788
236 -571655671
237 -952759450
238 -2096070792
239 -2096070776
240 -849933705
241 -849933685
242 -1699867387
243 895232539
244 895232555
245 -1609269663
246 -1609269652
247 -1428074213
248 1257623435
249 1257623437
250 -2131366639
251 -1044193978
252 -660313739
253 -1704507706
254 -1704507700
255 -818555826
256 -818555810
257 -1637111625
258 1839299868
259 -616367560
260 1222932326
261 808753025
262 -1040349625
263 -1040349617
264 -665381435
265 -1705731046
266 651908603
267 -1053822428
268 -2107644852
269 1133500022
270 -2027967248
271 -2027967230
272 -1788934429
273 478065650
274 -1310868759
275 -354737466
276 -354737454
277 -2020343668
278 732345616
279 -1997472955
280 -1265127336
281 1032367015
282 -232760307
283 799606726
284 566846422
285 -2128907430
286 -2128907414
287 1403605614
288 2007604494
289 -279758302
290 -279758297
291 722786097
292 -720487679
293 -277459862
294 -277459849
295 -832379581
296 -1385000859
297 1800127017
298 1800127028
299 -694713247
300 688160372
301 1793574160
302 -1813232749
303 -19658576
304 -45870039
305 -1878761354
306 -1924631390
307 -1924631371
308 -1478926843
309 1337113614
310 1337113627
311 -729330971
312 1944896275
313 -1742288346
314 -2147463096
315 -1337072498
316 1013039635
317 81182993
318 1904654342
319 -1296090309
320 365714182
321 -930376109
322 -930376096
323 1503838976
324 8800956
325 8800963
326 1521440902
327 1521440910
328 -1252085467
329 269355446
330 2068952756
331 -1687303631
332 920360034
333 920360048
334 -2072598083
335 -1919181612
336 2143907701
337 -1847871978
338 -1847871962
339 -1248648624
340 1198446727
341 -1898073848
342 -699627107
343 1697266346
344 1697266354
345 796831761
346 -1800869176
347 -1800869174
348 -1107640231
349 -1107640217
350 -1107640200
351 1665275612
352 -1657645023
353 -1657645014
354 -1650014407
355 -670337147
356 1974615754
357 633941473
358 -1686410062
359 251810025
360 251810045
361 503620087
362 503620106
363 1259050240
364 -2028676848
365 489423650
366 223417150
367 -56785807
368 656055012
369 1312110008
370 -1670747277
371 464049102
372 704681049
373 1466147898
374 964130784
375 -1864688600
376 -900557811
377 1529720903
378 1194753180
379 -40772323
380 -40772315
381 1113208550
382 1113208558
383 2144872489
384 2144872498
385 1107986253
386 -965786235
387 136977717
388 279177739
389 -549630770
390 -1099261532
391 -1099261520
392 1962968947
393 -785184860
394 -785184854
395 392599248
396 785198498
397 785198514
398 1962996268
399 -368974756
400 -368974736
401 -368974718
402 -1106924208
403 -1475898925
404 1343169454
405 -1608628391
406 -1608628382
407 -1608628375
408 1077710550
409 1889962160
410 1889962178
411 1889962194
412 -515042912
413 1374919287
414 344833464
415 344833469
416 344833471
417 689666951
418 -1195880644
419 -161380204
420 -161380192
421 -161380191
422 -990354268
423 -1313114648
424 1507357796
425 194243162
426 194243172
427 388486349
428 -2010636807
429 -1427907282
430 856423227
431 2101332793
432 1529848746
433 -1235269810
434 -1042632328
435 -748053380
436 -748053373
437 -1496106749
438 -975148337
439 1823712223
440 -1395596216
441 -547032319
442 -547032308
443 -1641096952
444 1987921731
445 -200207517
446 1787714226
447 1934331503
448 -426304291
449 -1199433372
450 308593848
451 617187699
452 925781562
453 1851563127
454 -1791274415
455 986070275
456 -1705639032
457 -659280036
458 -659280028
459 465564065
460 1736332276
461 -822302754
462 1379593596
463 -2001344159
464 -2001344151
465 1671872585
466 -329471563
467 -329471549
468 1012929485
469 353986388
470 -1915121936
471 -1915121925
472 1502167760
473 -961160217
474 -961160200
475 -420152641
476 1539540075
477 1539540082
478 -1215887131
479 -1215887116
480 1863193058
481 -568581181
482 -568581161
483 -1137162324
484 -411131598
485 -2116875076
486 -507364029
487 122434287
488 1793162498
489 1408232757
490 1408232768
491 -1478501753
492 -1041406719
493 2089719561
494 -1908690662
495 -860377813
496 1095709917
497 416361023
498 1512070956
499 1512070963
500 -1270825369
501 1753316560
