0 0
1 4
2 10
3 20
4 41
5 71
6 115
7 187
8 380
9 766
10 1459
11 2228
12 4462
13 8155
14 12624
15 28940
16 49726
17 49740
18 49741
19 99493
20 149248
21 397955
22 746178
23 1442626
24 2586766
25 5173534
26 9202941
27 18405869
28 36811737
29 64420554
30 119638163
31 119638166
32 239276347
33 239276366
34 478552728
35 957105458
36 1435658191
37 -1423650911
38 12007292
39 -1411643614
40 -430523583
41 1041156499
42 610632928
43 -190377753
44 -190377745
45 840510358
46 1070387801
47 1720520419
48 -853926447
49 -1707852896
50 1733187973
51 891929065
52 -1669850238
53 -752586088
54 -752586085
55 2011873969
56 2011873988
57 -1023805412
58 988068587
59 -1059542247
60 -1366498407
61 -1366498399
62 1561970504
63 1561970516
64 390944222
65 1952914757
66 -389137792
67 -778275579
68 785501397
69 7225837
70 1578228634
71 -1924011416
72 -331331108
73 -331331098
74 1708293681
75 1045631494
76 1045631505
77 -1158072814
78 -1158072805
79 -224882603
80 -1382955392
81 -1382955378
82 1304173937
83 -1686619417
84 -1686619407
85 -540008355
86 1685894068
87 2067614202
88 -541459006
89 985421522
90 985421527
91 1970843065
92 -1338702693
93 -1691983873
94 910999563
95 -2119686988
96 -2119686977
97 966592914
98 1933185826
99 -428595647
100 -1768190855
101 -1416694735
102 -1416694720
103 -306612996
104 -1723307707
105 1958433585
106 1958433589
107 -378100103
108 1815459382
109 -664048537
110 395210623
111 -268837906
112 899683467
113 -2117500251
114 -2117500234
115 959650283
116 959650288
117 1979267391
118 -1356049613
119 -1356049606
120 1582868097
121 1809686566
122 1809686579
123 -1804825267
124 4861314
125 -1799963936
126 -1790241304
127 -1095201887
128 1409524114
129 314322233
130 -1161596827
131 -1161596812
132 -2008871394
133 1686748611
134 1649650888
135 -958567781
136 691083119
137 -1226052448
138 1842862401
139 349325309
140 -2102779581
141 -1753454262
142 1404868730
143 1404868732
144 1404868745
145 -1833815337
146 -1833815330
147 -1833815319
148 -1833815304
149 -1635425236
150 -1635425228
151 -1635425208
152 16028310
153 -1619396891
154 -579251717
155 476921805
156 476921819
157 -1228776673
158 -274933046
159 -1026787897
160 -1576653984
161 1691525420
162 1691525437
163 504675931
164 1284284913
165 -814481011
166 974479844
167 -654482162
168 319997688
169 -334484460
170 -14486767
171 291024156
172 262050621
173 524101255
174 524101257
175 1310253140
176 -1674461018
177 159893389
178 319786779
179 -1194780839
180 -1079308532
181 2020877931
182 941569401
183 -1332519960
184 -390950550
185 159668296
186 -231282238
187 -462564472
188 -925128951
189 -925128932
190 -1850257868
191 131887089
192 726338652
193 726338669
194 -1190822370
195 393742043
196 -70741638
197 323000425
198 646000848
199 898259647
200 -2104705966
201 -2104705964
202 1952816299
203 2038371668
204 680035688
205 376256376
206 1056292074
207 1808804812
208 -373578344
209 -373578325
210 1061648156
211 -1115378920
212 -53730756
213 -481039825
214 -588501327
215 2056316471
216 1467815158
217 -1894107573
218 1041522736
219 -852584818
220 -237354480
221 -1089939293
222 -1089939289
223 1877734242
224 -1392083637
225 -1931582442
226 -1445931827
227 -474630609
228 928473042
229 928473058
230 -1995198775
231 -1066725702
232 -1204978373
233 -1204978355
234 -1176913899
235 -1176913879
236 -1535542897
237 1582510530
238 1988107156
239 2035074808
240 1310725201
241 -1673516884
242 1672283131
243 -950401039
244 -951634782
245 -951634778
246 -951634758
247 -1903269522
248 -463206525
249 -463206506
250 -437984781
251 75665205
252 75665213
253 -1213067389
254 -1962928250
255 1270302086
256 -1754363127
257 634910621
258 1269821238
259 150368749
260 2055100622
261 -819676685
262 -1639353354
263 1016260587
264 612331181
265 1628591784
266 -2054044329
267 -436214111
268 -249335464
269 -1111002107
270 444371303
271 -1352180369
272 -1352180357
273 923975770
274 -428204567
275 -428204556
276 1658173226
277 373559524
278 2031732758
279 -659706337
280 -891208109
281 -1782416228
282 961636636
283 -1711987694
284 870991909
285 120640857
286 -720354922
287 -479073196
288 -1919783039
289 1896111066
290 -1102459224
291 793651858
292 793651871
293 1587303731
294 -326707991
295 -1447067809
296 -1773775782
297 747415729
298 -1026360045
299 468471401
300 -1584248682
301 -1584248662
302 1126469957
303 -1573555983
304 -1573555982
305 1147855347
306 -1999256598
307 -1999256582
308 1444309475
309 -554947097
310 -1961295440
311 -1071933054
312 1261738819
313 189805770
314 379611554
315 379611574
316 379611578
317 1138834726
318 1138834728
319 -1258074679
320 1019594781
321 1019594787
322 781114895
323 -1593902769
324 -1593902757
325 1888276675
326 501180842
327 795554770
328 -1109955000
329 2075057290
330 1760657068
331 -272472313
332 -272472298
333 -2114152548
334 -2114152534
335 66662218
336 66662221
337 66662231
338 133324471
339 266648931
340 466635652
341 733284600
342 1599893658
343 -1495153375
344 838024902
345 838024916
346 1676049821
347 1676049833
348 1676049841
349 -1885735268
350 1466364414
351 1256678994
352 837308154
353 2093987164
354 -1363671974
355 730315202
356 1460630407
357 -536398328
358 290875324
359 1215107416
360 -1864752472
361 -1864752471
362 1535046775
363 -329705685
364 1770803454
365 1770803468
366 -1083066058
367 687737418
368 687737430
369 687737450
370 -1544017580
371 519194721
372 1038389441
373 1389041475
374 1402608059
375 -1489751162
376 1301898376
377 -652781099
378 -652781083
379 -652781076
380 -656444874
381 1680179167
382 1023734306
383 2047468606
384 456414796
385 912829598
386 912829601
387 912829606
388 912829624
389 -187234061
390 725595575
391 538361525
392 538361545
393 538361564
394 1076723124
395 -1603159531
396 11925169
397 -514511229
398 -2105745576
399 -2105745572
400 -2105745558
401 1770111842
402 1853588011
403 1601430461
404 -839948806
405 -2015531336
406 -1925317121
407 354118859
408 -1571198260
409 -1571198253
410 -418627468
411 -1989825716
412 1886514125
413 -521939047
414 -521939032
415 -1565817124
416 1685272102
417 -402484051
418 -402484042
419 880304026
420 1760608036
421 -2056539271
422 181888767
423 -1874650495
424 545666305
425 -1443026651
426 1522956468
427 625596129
428 625596145
429 1876788409
430 1876788415
431 1876788433
432 -541390441
433 -1082780876
434 -288773345
435 -1912944651
436 469077992
437 1479546436
438 -1335874442
439 -1588968009
440 -1588968006
441 1117031296
442 -2060904710
443 173157885
444 -770715524
445 -770715513
446 -770715493
447 95073961
448 -675641519
449 -2121998559
450 821685703
451 821685711
452 821685728
453 343058585
454 1986430038
455 1986430043
456 -322107199
457 -644214395
458 -966321576
459 -1932643168
460 751788177
461 -2147176561
462 966935752
463 967549931
464 -1393545852
465 540939846
466 1081879684
467 229273686
468 1311153387
469 1311153390
470 -1672660500
471 949646294
472 1899292580
473 1899292584
474 453264166
475 -766132170
476 140396176
477 140396179
478 -32075631
479 -32075614
480 -549491048
481 -473246099
482 -473246080
483 -473246078
484 -2001304907
485 1347170247
486 -2073872916
487 -2073872915
488 1494391715
489 -1306183852
490 188207867
491 523637198
492 -594338774
493 -1188677541
494 -1783016308
495 -1783016296
496 -530444410
497 198490292
498 -791696959
499 -791696948
500 596602991
501 596603007
