0 0
1 16
2 31
3 49
4 112
5 173
6 379
7 675
8 1346
9 2030
10 3392
11 5432
12 12209
13 23067
14 23071
15 23079
16 86869
17 156106
18 289145
19 532122
20 977389
21 1798663
22 3753440
23 6529505
24 10282965
25 23341964
26 45706546
27 89614423
28 158662952
29 327608860
30 327608864
31 903495112
32 1231103996
33 -1505150448
34 629448678
35 1258897347
36 383195593
37 383195603
38 2025288551
39 2025288562
40 138805431
41 -2130873297
42 -1853262440
43 205246816
44 205246835
45 410493666
46 820987322
47 1436727827
48 -1216264817
49 1451944006
50 -1801572939
51 691821409
52 691821426
53 691821436
54 1725835345
55 1999726689
56 1999726708
57 1430321457
58 -1434324390
59 -4002930
60 -303519756
61 -303519753
62 -615045365
63 -918565098
64 -2140649958
65 620706882
66 1241413771
67 -278529299
68 1583591361
69 1583591376
70 1583591381
71 1418691310
72 -1292684592
73 -1292684577
74 -1166677858
75 1835604862
76 -623757558
77 -1247515121
78 -1247515110
79 1799937067
80 1799937077
81 1104843932
82 -2085279444
83 -1675528660
84 -856027086
85 -321867877
86 -643735768
87 -1821630723
88 -1023822813
89 483910127
90 -539912672
91 -1079825346
92 -1135827884
93 999488720
94 -1216164506
95 1322725621
96 1322725639
97 -1649516021
98 779259471
99 -870256533
100 -870256529
101 -870256510
102 -1740513019
103 1684197786
104 -926571741
105 1571567302
106 -1965773941
107 363419418
108 726838842
109 -875515680
110 -875515662
111 -660773064
112 -1684965550
113 925036200
114 1123233559
115 -297468847
116 -594937690
117 -529102309
118 -1124039995
119 1749418469
120 625378475
121 721654652
122 1347033133
123 -975522555
124 1093165238
125 117642687
126 1210807934
127 -1501840856
128 -55747535
129 -55747525
130 -1613335906
131 -2015863871
132 -2015863855
133 -1350096332
134 -1086856747
135 -157849622
136 -157849616
137 -157849613
138 -315699221
139 -315699218
140 -631398431
141 -1262796867
142 -1262796866
143 -1262796847
144 -1262796839
145 -1262796830
146 -2019016945
147 1013153526
148 -1005863410
149 -1005863409
150 -1005863404
151 271513672
152 271513676
153 271513680
154 271513690
155 814541062
156 1629082123
157 -1579830405
158 -1579830391
159 -444523910
160 -1160561502
161 1159303227
162 -2025612568
163 -2025612561
164 242483899
165 -1783128659
166 -1540644758
167 -811934769
168 159259122
169 318518234
170 -1874802155
171 -1397024794
172 -1397024774
173 -55366176
174 -1452390937
175 -1507757096
176 1334819280
177 -1625328733
178 1044309828
179 -581018890
180 -1162037794
181 -989256306
182 2143673211
183 2143673226
184 -996877148
185 -1993754302
186 1296715006
187 -697039286
188 599675736
189 -794402838
190 -1588805676
191 -1588805667
192 -1588805652
193 -471449692
194 645906291
195 174456601
196 1466269197
197 1640725805
198 -367609387
199 -367609373
200 -735218751
201 1636557496
202 901338746
203 901338761
204 1802677522
205 1802677524
206 -1545344530
207 2060010534
208 -1977623767
209 -1977623749
210 854385788
211 854385796
212 -268852153
213 -537704306
214 -1075408618
215 -1613112914
216 -1613112896
217 -6667130
218 -551038564
219 -564372816
220 -53337007
221 -1168748376
222 -1786458184
223 722050929
224 1444101852
225 -2128814502
226 -2128814486
227 1481440172
228 -610036027
229 871404151
230 1780146616
231 1780146620
232 136730099
233 273460194
234 -2104630368
235 85706557
236 85706566
237 -1523026945
238 1112183318
239 1950906444
240 -1231877523
241 393891875
242 702077188
243 1095969077
244 -2103029147
245 -304982873
246 -216073863
247 -1528116800
248 -1528116784
249 -1528116780
250 -1528116770
251 1238733765
252 -578766061
253 1898701460
254 1030552404
255 -1944479476
256 1644742107
257 -299737359
258 1345004767
259 -1604957775
260 -259952993
261 -259952988
262 -2124863755
263 -2124863740
264 -2124863730
265 -2124863715
266 90479653
267 90479655
268 90479656
269 90479668
270 271438983
271 542877965
272 542877977
273 1538154258
274 -1309138431
275 1314771786
276 -1665423736
277 421241863
278 299605757
279 720847636
280 720847650
281 -2132424375
282 30118540
283 30118558
284 30118559
285 30118571
286 60237148
287 60237159
288 120474319
289 180711489
290 361422982
291 722845968
292 1445691925
293 -2126429388
294 -2126429369
295 1487800472
296 -638628878
297 -1957995225
298 1059714312
299 -1536909777
300 -1586019080
301 -2063214541
302 645733693
303 814271920
304 2105739307
305 2105739325
306 -686697574
307 -686697555
308 -686697544
309 -686697543
310 -686697526
311 -2060092609
312 174782076
313 1722959250
314 1897741330
315 1048692532
316 549207893
317 1098415803
318 2022049523
319 -1973827496
320 48222033
321 -1925605451
322 443756398
323 -1433627019
324 -1433626999
325 -54135770
326 -1487762763
327 -1541898526
328 1265306025
329 -1764355250
330 -2040947735
331 213071830
332 426143649
333 -1900781473
334 -1900781472
335 1132619842
336 1132619847
337 -1536323238
338 -1171865014
339 -1171864997
340 414914052
341 1962447955
342 1962447965
343 44842685
344 89685370
345 134528057
346 -101015256
347 2130488826
348 2029473586
349 -135004876
350 1894468722
351 1894468735
352 1894468739
353 -1012059678
354 -1012059665
355 -1012059649
356 -1012059635
357 246728671
358 246728672
359 -1530661926
360 -1530661910
361 -1530661894
362 -297018414
363 936625085
364 936625102
365 1576231792
366 -845485305
367 -1987989016
368 -320617425
369 -641234838
370 2075872508
371 1434637684
372 -784457096
373 -1568914183
374 1157138917
375 -1196232358
376 -1196232348
377 -1235325782
378 255401558
379 -979924219
380 -1959848426
381 -1959848413
382 -1959848395
383 -1584577925
384 -1209307433
385 -458766445
386 1042315495
387 2084630994
388 2084631013
389 2084631033
390 -1752492489
391 -1878197731
392 -1878197714
393 -1339625876
394 -801054016
395 940366785
396 1216456483
397 1216456485
398 1216456494
399 -506285059
400 710171448
401 -1658167926
402 -947996472
403 1892689295
404 1892689306
405 -1457585155
406 435104153
407 870208312
408 1305312483
409 1305312503
410 -1684342292
411 1796491008
412 112148725
413 112148727
414 224297456
415 224297465
416 448594939
417 448594959
418 1345784832
419 -1827695100
420 415279649
421 415279661
422 -997135772
423 -997135756
424 -1578991855
425 1136983575
426 -2021000141
427 1831958877
428 947942328
429 1895884656
430 1895884673
431 -503197957
432 1392686735
433 -1509593835
434 1275779633
435 -233814194
436 -467628384
437 -935256766
438 -360919710
439 -1296176469
440 -1296176465
441 1702614382
442 406437928
443 2109052315
444 -76862655
445 -153725323
446 1878464357
447 -131600670
448 1516275728
449 1384675077
450 -1525617153
451 1375333661
452 1375333662
453 1225050179
454 -1844866932
455 -619816748
456 -1239633483
457 -1859450226
458 576066855
459 -692733224
460 -692733215
461 1626117493
462 933384281
463 1174035350
464 1174035369
465 612605214
466 -400907074
467 211698141
468 1597431657
469 -1100103985
470 497327681
471 -602776286
472 391879081
473 391879093
474 -421794402
475 361963786
476 -59830615
477 664096958
478 966230144
479 1630327118
480 -1698410019
481 1502413604
482 -195996400
483 1306417219
484 914424418
485 914424435
486 146715989
487 -1012985224
488 -2025970444
489 1256011641
490 -721803592
491 1936935685
492 -1823823558
493 -1823823557
494 -1823823556
495 -1823823542
496 -1176503340
497 -529183139
498 -1058366273
499 1530914556
500 1530914573
501 2003462874
