0 0
1 11
2 20
3 33
4 74
5 144
6 276
7 292
8 306
9 1027
10 2055
11 2069
12 4129
13 6199
14 10344
15 24810
16 35168
17 76530
18 111700
19 111704
20 223414
21 446834
22 893659
23 1340506
24 3016123
25 5697133
26 10947436
27 21001205
28 31948658
29 72610562
30 104559230
31 230119662
32 230119675
33 637409142
34 867528834
35 1735057671
36 -1692380783
37 1777734548
38 -969617875
39 850793572
40 -33470534
41 -33470528
42 1591969200
43 1591969202
44 -327176379
45 -1438205255
46 -1438205238
47 1091380435
48 -346824784
49 -2131854827
50 -2131854820
51 -2131854812
52 -2100597153
53 62515349
54 -2006824129
55 -1944308777
56 468865078
57 -1225382316
58 -412682844
59 -1169200081
60 1956567140
61 374684224
62 1162051285
63 1162051288
64 -808813431
65 -448426771
66 1066862374
67 618435605
68 428057786
69 856115569
70 856115577
71 2140288948
72 -442447201
73 -884894396
74 -1769788785
75 -1769788767
76 1568337103
77 1568337109
78 -1158293064
79 208592384
80 417184768
81 -1690808994
82 -1273624221
83 1747718864
84 1747718878
85 531004544
86 1062009079
87 1593013638
88 -1108940026
89 484073622
90 2030156315
91 -1296663742
92 -1296663730
93 1701639828
94 -891687641
95 -1783375275
96 728216737
97 -1541870075
98 1697938701
99 -899089902
100 -743021261
101 -757825797
102 -1500847055
103 -1500847043
104 -1500847025
105 -1708420884
106 -415147651
107 1963824953
108 1133529653
109 1133529664
110 -2027907963
111 -2091990984
112 1308598032
113 -544241589
114 -544241588
115 220114872
116 220114889
117 660344636
118 1100574400
119 1100574414
120 -1213358955
121 -1213358947
122 -225569087
123 -1438928026
124 1304326712
125 1304326716
126 1304326734
127 1304326746
128 1304326759
129 1304326768
130 -381987008
131 -2068300760
132 -2068300740
133 -2068300739
134 -2068300726
135 316731641
136 633463275
137 950194923
138 2058755676
139 -652553414
140 -1305106822
141 101095453
142 202190895
143 -1654373881
144 986219530
145 -465963440
146 520256093
147 520256102
148 1560768301
149 -1693686796
150 -1693686793
151 -786093085
152 1815187436
153 -664592427
154 364501935
155 -964682916
156 -600180975
157 -1864954379
158 1829831945
159 1829831958
160 1829831974
161 1829831984
162 -1270606713
163 559225273
164 1118450556
165 407069135
166 -1650997041
167 -1650997030
168 1400042375
169 -1901951681
170 -501909302
171 -10845380
172 -512754673
173 -523600037
174 -1047200073
175 -2094400157
176 629767031
177 629767040
178 629767043
179 -1252299108
180 7234985
181 7234994
182 14469980
183 -1223359137
184 -1194419160
185 1877189009
186 -518884301
187 -1059473587
188 -1578357882
189 1657135840
190 377609084
191 -603086534
192 1431658393
193 828571865
194 -603078646
195 1657151630
196 -980664042
197 676487602
198 676487615
199 372311182
200 -1893193306
201 -1520882118
202 1253203061
203 -1112073561
204 141129511
205 141129514
206 423388543
207 564518069
208 1270165646
209 1270165652
210 -1754635994
211 785695321
212 2135908702
213 -587667955
214 -1961031212
215 372904875
216 372904881
217 -1802889392
218 -1057079618
219 1807903180
220 750823580
221 750823590
222 -2042496551
223 -1291672948
224 -1291672946
225 1170772029
226 -120900913
227 -1533474765
228 1228017761
229 -305456986
230 -305456967
231 -916370952
232 -1221827916
233 1545854482
234 -592344381
235 -1184688750
236 -1777033122
237 -2008211760
238 -1267310700
239 -1942277019
240 1085379584
241 -2124208128
242 1313861736
243 -1667243822
244 960479661
245 607097579
246 1214195167
247 1214195172
248 1214195189
249 915195475
250 262813715
251 -688567734
252 -425754009
253 -1114321738
254 -1540075728
255 -1540075723
256 -325259882
257 -325259869
258 564296098
259 -1626299374
260 -1062003260
261 -1062003250
262 544661431
263 -517341801
264 571981056
265 -1524705820
266 -952724748
267 -1878129878
268 -1878129876
269 -1878129869
270 -1339422313
271 1077415127
272 1077415132
273 1354115499
274 -2125443840
275 -771328329
276 -465241519
277 932953623
278 467712112
279 164095892
280 328191795
281 1892953435
282 -1909726158
283 311419091
284 -1598307066
285 1098353166
286 -2098260949
287 98445396
288 -1999815535
289 -1999815523
290 -606126148
291 1689025627
292 1689025646
293 -1523042168
294 1855009118
295 1855009119
296 -584949046
297 1270060087
298 100161990
299 100161999
300 885435037
301 -1939148175
302 -1053713122
303 -2107426253
304 80114794
305 80114799
306 160229602
307 320459212
308 560803629
309 1121607252
310 1121607269
311 -1490949134
312 752265398
313 752265417
314 13581690
315 1518112507
316 1531694209
317 272951932
318 -958626939
319 -958626933
320 -112607719
321 -225215431
322 2039890278
323 1702067136
324 -778225295
325 -1556450592
326 1407281547
327 1407281554
328 479887221
329 959774443
330 -1448024060
331 -1448024042
332 -1456386422
333 -57467226
334 844839992
335 729905558
336 1574745570
337 -1145476168
338 429269403
339 429269408
340 858538819
341 571601468
342 1430140306
343 2001741787
344 996324505
345 996324515
346 1992649040
347 -309669224
348 -309669210
349 -309669207
350 -309669194
351 -929007605
352 -1238676782
353 2127282924
354 -40401451
355 848204697
356 848204705
357 -1750353192
358 -1750353175
359 1642465650
360 1642465667
361 -215775047
362 -215775037
363 -431550072
364 -647325093
365 -1294650190
366 1705666912
367 -667858424
368 1037808501
369 780966811
370 -1438383482
371 1418200325
372 1130733735
373 1891517403
374 1891517417
375 598618115
376 86685658
377 173371298
378 260056965
379 520113933
380 1638845977
381 -2136007379
382 283009501
383 -1852997866
384 -1852997853
385 -1852997850
386 -981016762
387 -981016761
388 -1962033521
389 959871846
390 959871861
391 1919743715
392 -1415351705
393 -1415351702
394 48912177
395 -862047509
396 2066480266
397 -162006765
398 1042425995
399 1042425996
400 1042425998
401 -1329696063
402 -1329696058
403 -1329696042
404 -1329696030
405 305879177
406 -717937712
407 -412058515
408 -1129996223
409 2034974851
410 492920132
411 1397898767
412 -369173540
413 -1868343293
414 1688276920
415 848658860
416 299418949
417 598837905
418 1746915716
419 1746915736
420 945779881
421 144644038
422 289288086
423 1379712007
424 1813644139
425 -812323045
426 -1913934192
427 -1913934178
428 -1913934171
429 -1913934152
430 -1913934148
431 467099014
432 934198016
433 1401297048
434 888659947
435 888659959
436 284946704
437 1173606668
438 -1059094011
439 399459362
440 399459380
441 1198378108
442 1997296869
443 -699832931
444 -699832920
445 -2099498788
446 795802659
447 -2003529047
448 987742130
449 987742132
450 1975484269
451 1947439501
452 1947439510
453 1947439511
454 1947439520
455 1547351259
456 1547351276
457 -1200264753
458 347086542
459 -106003435
460 588169632
461 482166216
462 111154220
463 111154225
464 1186640868
465 1408949321
466 -994902431
467 1600687768
468 2014734661
469 -1674447295
470 340287377
471 340287386
472 1020862143
473 1020862153
474 1020862173
475 1020862189
476 2041724378
477 1830205753
478 1618687216
479 -846074323
480 772612894
481 772612911
482 1545225811
483 -2050589983
484 267248756
485 267248769
486 801746265
487 1336243791
488 1336243800
489 -1622479692
490 1851754178
491 -1393205201
492 458548990
493 458549006
494 -476107199
495 440990804
496 423432616
497 423432627
498 1287856050
499 2099604913
500 -907506320
501 -907506306
