0 0
1 12
2 30
3 55
4 96
5 189
6 298
7 599
8 1192
9 2105
10 2118
11 4231
12 9663
13 16014
14 32040
15 57721
16 115452
17 205231
18 378415
19 583647
20 583658
21 1866422
22 2450090
23 5862239
24 10178763
25 10178777
26 10178779
27 36398562
28 66934891
29 113512249
30 227024484
31 443870189
32 851341819
33 1522236500
34 -1477518772
35 44717746
36 44717756
37 -1388083251
38 1518800791
39 175435300
40 395588349
41 701741203
42 -1503401633
43 -406072065
44 -812144145
45 -2019876629
46 1056874475
47 -963002143
48 93872342
49 -869129797
50 -681385122
51 -681385109
52 -681385095
53 -1362770203
54 1569426891
55 -474728391
56 -1630841887
57 -1630841878
58 1033283535
59 -1133701712
60 932865372
61 932865382
62 1765312589
63 -663923942
64 1101388656
65 -226459228
66 874929441
67 874929449
68 -1670178976
69 -795249526
70 -795249509
71 1034289290
72 -556209736
73 -1112419474
74 -1429589419
75 1435788459
76 -1106220428
77 2082526445
78 976306034
79 976306049
80 -259828749
81 -1625877925
82 66905418
83 -842495195
84 1893499609
85 1117909838
86 -2059147609
87 176672069
88 286438725
89 -478126966
90 -191688228
91 -206704392
92 -413408772
93 -620113147
94 -620113127
95 -1860339432
96 780992834
97 -1699459720
98 1516160983
99 1516160997
100 -1262645309
101 -1262645292
102 -1192428324
103 2093409373
104 900981058
105 900981067
106 -399595783
107 -799191566
108 -799191557
109 -1997978892
110 -1997978885
111 -1698969385
112 2095815885
113 -1601132379
114 1092702537
115 -111583334
116 -620013172
117 855789542
118 235776380
119 359969429
120 831522190
121 1191491621
122 -820418116
123 1202595713
124 382177608
125 764355223
126 1146532847
127 -2001901604
128 1493759807
129 1493759819
130 985618027
131 -1177198380
132 -1177198366
133 -1177198360
134 763372195
135 -1591024525
136 -1591024511
137 -1591024501
138 -891932403
139 1812010395
140 -670946493
141 -670946479
142 -2012839465
143 1860312853
144 -152526609
145 1707786246
146 -879394790
147 -1758789584
148 -1758789577
149 1605779604
150 -1083408082
151 420364873
152 -816053180
153 -1479096369
154 -1352413153
155 647404614
156 1715174092
157 1010165554
158 -1569627639
159 -559462083
160 1243654540
161 1243654549
162 -1807658192
163 -1807658178
164 679650931
165 679650949
166 2038952813
167 1590596518
168 -665417949
169 -651184948
170 -1316602895
171 -1316602892
172 1010576578
173 -306026310
174 704550285
175 1409100571
176 -1476766164
177 330858383
178 967743085
179 967743089
180 967743100
181 1757321497
182 1757321517
183 1757321523
184 -780324238
185 976997297
186 196673079
187 -386978108
188 6368031
189 -380610074
190 -374242042
191 -748484075
192 -1503336182
193 1288294928
194 -963525316
195 324769628
196 -853796940
197 -1492552612
198 -1492552611
199 456065149
200 912130285
201 1824260581
202 -1102511277
203 2089944749
204 -1483273236
205 -2054416185
206 757277891
207 1514555776
208 1514555781
209 -508577831
210 -1774433555
211 2011955923
212 2011955943
213 -2045488976
214 203989354
215 -2112555045
216 340912649
217 340912651
218 1022737939
219 -204002444
220 1500560814
221 -1975670981
222 -679112605
223 1640183720
224 -1014599850
225 -1014599844
226 -1068128570
227 -2136257147
228 1090581582
229 -1045675545
230 -2091351108
231 112265079
232 1270205725
233 1382470817
234 -1642290740
235 1122650901
236 2133036713
237 -1039279674
238 -2078559337
239 -1504442135
240 1805722882
241 -683521539
242 -683521524
243 1150645644
244 -216397416
245 250726721
246 250726734
247 285056044
248 786509518
249 786509521
250 1573019050
251 1573019052
252 709145908
253 -439783270
254 -879566546
255 -1319349810
256 -1929553717
257 -1929553711
258 2092127555
259 1208637626
260 1371211480
261 -1552544339
262 -181332857
263 845971912
264 -887905276
265 -404599074
266 -627865289
267 -1920369627
268 1342133320
269 -578236303
270 763897037
271 -392575571
272 -206914830
273 164406653
274 164406664
275 -270677067
276 -106270393
277 -212540782
278 -318811156
279 -743892732
280 -1062703874
281 -1062703861
282 -2125407732
283 -2125407727
284 -2125407716
285 -2081255871
286 -2037104005
287 220759291
288 -1728040990
289 -1507281679
290 -1507281675
291 1280403949
292 -1734159403
293 -453755439
294 372893066
295 372893074
296 -161724743
297 584061407
298 795229740
299 1379291156
300 -1325216647
301 -1325216628
302 108149045
303 -1162993072
304 -1162993053
305 1968981179
306 -1574072528
307 394908669
308 -1536168794
309 -1141260120
310 -1887611591
311 -270073190
312 -145237727
313 850784685
314 1701569356
315 249431553
316 -1638419424
317 1018128449
318 1018128461
319 647269046
320 647269057
321 -1982300724
322 1348494299
323 13462638
324 26925273
325 53850556
326 1442732781
327 1523508615
328 -1274875338
329 1772141902
330 497266565
331 497266570
332 1491799709
333 1989066283
334 -814101303
335 -1130936022
336 -1945037312
337 1218993971
338 -682014380
339 1755973572
340 -783020167
341 1509932999
342 1509933006
343 -984162257
344 2035703757
345 -1733492774
346 302211000
347 1130192734
348 1734614725
349 -1127948819
350 606665923
351 -521282889
352 692048959
353 1384097909
354 1033581098
355 -1185239317
356 1232439696
357 1080781495
358 1080781499
359 -2133404295
360 28158717
361 56317423
362 -2048928136
363 1277892514
364 1475003528
365 760285332
366 1520570665
367 -539107752
368 -1078215507
369 2138536274
370 -1492898264
371 645638030
372 -847260223
373 -847260220
374 -403244385
375 -403244383
376 -403244367
377 -403244362
378 -1612977494
379 -1612977485
380 665767963
381 1331535922
382 1997303891
383 768652813
384 468293301
385 1236946124
386 -1821075046
387 -1644846197
388 -1644846180
389 1005274928
390 1426420934
391 -857996503
392 1573699375
393 2142123815
394 -1437140597
395 -1437140578
396 -1437140568
397 1420686167
398 -16454386
399 1387777354
400 1387777358
401 -1535866953
402 -1535866937
403 -296179161
404 -1980135674
405 482785540
406 -1497350122
407 1004087895
408 -10476678
409 -2001089024
410 -2001089005
411 282312605
412 575101889
413 1150203778
414 -1994559743
415 -1994559726
416 2031153509
417 -1957965955
418 -1921372169
419 -1848184604
420 -1395961648
421 1050821054
422 2101642102
423 1756501522
424 -781964255
425 -781964242
426 -781964230
427 -589391189
428 -589391174
429 -589391158
430 -1178782316
431 -1768173465
432 -1768173464
433 -1598944264
434 1686469928
435 846146033
436 846146037
437 1692292090
438 -822857459
439 -1733240577
440 828486130
441 -1727611902
442 839743499
443 -887868400
444 -48124893
445 -1823861689
446 -1823861680
447 -288749364
448 358494578
449 69745215
450 69745233
451 69745243
452 139490483
453 278980976
454 488216717
455 906688196
456 1883121630
457 1883121641
458 -528724009
459 1354397646
460 1354397664
461 -231774336
462 1948296969
463 1716522635
464 492475639
465 492475657
466 123029285
467 615504953
468 615504971
469 1354039211
470 1969544196
471 -971383873
472 -1327262774
473 1024936764
474 -302326008
475 722610763
476 117958760
477 117958780
478 235917559
479 1194445869
480 1548322223
481 -1316281629
482 1662404030
483 1662404039
484 2008526458
485 -624036793
486 1384489670
487 760452887
488 -765535058
489 1379407506
490 -1536152281
491 -1536152274
492 -1536152268
493 -313489518
494 752428477
495 125449439
496 877877927
497 1442266335
498 -1849373577
499 470770705
500 470770714
501 470770729
