0 0
1 17
2 22
3 54
4 108
5 217
6 222
7 613
8 850
9 2019
10 2037
11 5749
12 7796
13 7812
14 23412
15 46821
16 85854
17 171699
18 327800
19 655594
20 983395
21 2224348
22 3207760
23 6415522
24 12831044
25 25662089
26 44908668
27 93025088
28 176426890
29 269451980
30 538903967
31 1077807942
32 -2139351418
33 -2139351415
34 1094072414
35 -1567918504
36 -1567918494
37 -2041764576
38 -1927913278
39 -1927913276
40 439140750
41 -1488772518
42 -610491016
43 -610490996
44 96440257
45 -514050725
46 -417610458
47 -1445711912
48 1917594204
49 -459778881
50 1457815342
51 998036472
52 -1827012053
53 628839781
54 -1198172260
55 1898622782
56 1329290315
57 2029740839
58 962686651
59 962686660
60 -339853127
61 -679706260
62 -679706251
63 -1699265632
64 -1699265623
65 216729806
66 1113165859
67 -2068635577
68 -2068635567
69 -2068635564
70 -1910939396
71 -1910939385
72 -1910939368
73 -1437850840
74 -1437850831
75 1419265629
76 -1456436025
77 -528844125
78 -566014519
79 -1094858627
80 2105250031
81 1010391406
82 1454768303
83 -1385430683
84 -1385430674
85 -1316093051
86 -1316093032
87 -1108080135
88 1870794148
89 -553379017
90 -553379006
91 764036142
92 764036143
93 764036153
94 1738729436
95 -1792201699
96 1474600034
97 -2109803357
98 75360578
99 -559842737
100 1700681783
101 1216199640
102 -1378085867
103 -1378085858
104 -399133035
105 -238423320
106 2117438867
107 101796670
108 1581679185
109 -494052573
110 -1226528463
111 -138901838
112 -1859482868
113 -1998384702
114 437099746
115 -1561284946
116 -1561284937
117 1609497160
118 48212243
119 -1464860467
120 -1464860449
121 -1464860432
122 -1464860413
123 -1516262220
124 1214230612
125 1063214861
126 -2017521821
127 1573768328
128 1573768330
129 1130014853
130 1130014865
131 -2034937566
132 1798860499
133 2023952666
134 2023952673
135 -483139014
136 1540813672
137 -1213339959
138 -402727254
139 -75253536
140 -75253531
141 -553234308
142 1975158726
143 1975158735
144 -344649824
145 -1317787482
146 -2007087126
147 970092705
148 970092710
149 -1384689176
150 -414596461
151 -1866187347
152 -1725287558
153 -125700527
154 -125700513
155 -1976688592
156 -2102389095
157 -2102389080
158 -2137900491
159 144866832
160 415434170
161 614978742
162 -962620730
163 67792201
164 280451220
165 280451232
166 281052676
167 561503928
168 561503946
169 1123007888
170 -1487447618
171 -1487447613
172 1320072070
173 -531815253
174 788256836
175 89066057
176 345507654
177 2011087366
178 -1849306214
179 507288807
180 1014577620
181 1521866439
182 -1251234421
183 270632031
184 2063130493
185 -1690572738
186 -1690572734
187 -1047382945
188 -133561109
189 1423450523
190 1423450531
191 1665957001
192 1665957020
193 1665957024
194 -745162481
195 920794554
196 175632082
197 1096426639
198 -1181319476
199 -1181319462
200 -1266212295
201 666116070
202 -1866308508
203 1828562577
204 1828562583
205 1790816661
206 1790816676
207 1790816692
208 439640603
209 -949281375
210 567841971
211 -381439399
212 -381439381
213 -195036805
214 -390073598
215 -390073589
216 -780147175
217 -2136770531
218 402865607
219 1390841611
220 -1513284057
221 -122442433
222 -1635726478
223 1023514335
224 -612212136
225 -1224424259
226 1723676328
227 -725172203
228 998504140
229 160371875
230 160371884
231 594075712
232 1913323626
233 -468320056
234 -2095516120
235 -650512539
236 -650512528
237 -650512508
238 -1301025018
239 1042404712
240 -258620304
241 -1818265645
242 -1034481234
243 -1034481225
244 407739210
245 407739224
246 -219002789
247 188736440
248 188736448
249 158470119
250 158470136
251 505676719
252 1200089870
253 1705766602
254 1705766609
255 822332505
256 1644665013
257 -1827969761
258 -1827969752
259 516824625
260 -672117365
261 -1983262488
262 1639587453
263 -498967761
264 1140619704
265 -2013727899
266 267511501
267 -605596686
268 -338085179
269 1605069038
270 928898675
271 1857797358
272 -846884074
273 1010913285
274 -1344242034
275 -1180212822
276 1770512452
277 -589913182
278 386463
279 772916
280 772917
281 -587980885
282 -586435044
283 -1174415928
284 1946135457
285 185284492
286 -217411903
287 -32127408
288 -32127406
289 -96382220
290 -96382214
291 -96382211
292 -192764408
293 -289146605
294 -771057643
295 -1252968639
296 1789030007
297 -716907283
298 -1241050146
299 -1957957416
300 915113833
301 915113845
302 1830227680
303 -1549625758
304 2110829619
305 -1903535739
306 1403009656
307 60677791
308 -439848282
309 1231133054
310 1231133073
311 -808861999
312 1213555857
313 404693866
314 404693880
315 404693895
316 1214081645
317 1214081652
318 -1462110094
319 -1462110084
320 -91362984
321 -1553473066
322 -274088922
323 913932251
324 1827864493
325 914234766
326 914234773
327 -638633253
328 -638633240
329 551203066
330 188171347
331 376342703
332 -161549365
333 954167768
334 954167775
335 1908335557
336 -263502851
337 -1695966807
338 -1695966805
339 903033685
340 -844067212
341 698497308
342 698497326
343 1396994636
344 1396994642
345 -1500978001
346 1293011297
347 -1708944710
348 -415933397
349 1962122503
350 -370722306
351 1591400213
352 -1112166871
353 -1112166861
354 -1112166848
355 -1112166837
356 2070633627
357 1916933509
358 1763233457
359 -768500374
360 -424833909
361 -1193334263
362 -1618168156
363 1058630979
364 1058630993
365 -694240438
366 -195146619
367 -195146609
368 -390293224
369 -1474826871
370 -2060266689
371 174433904
372 348867813
373 1283175454
374 1632043272
375 -1030880755
376 -2061761493
377 -1460598971
378 -1638022488
379 -264253122
380 -1902275593
381 2128438583
382 -38090127
383 2090348475
384 2090348480
385 -114270325
386 -114270313
387 -114270301
388 -457081261
389 1290456287
390 719104729
391 1552479759
392 1552479777
393 362471998
394 362472004
395 724944019
396 259880270
397 1347296299
398 -1600374695
399 1094217900
400 -506156792
401 334982732
402 669965447
403 498791389
404 1503739572
405 -1622470874
406 1050025541
407 2100051078
408 2100051079
409 -94865125
410 -189730244
411 -379460489
412 -664055839
413 -1328111684
414 -1328111664
415 595227634
416 -732884015
417 -1465768033
418 -1603424397
419 1225774878
420 -1981073913
421 470475845
422 -1510598059
423 1273771188
424 1273771192
425 -1747424913
426 -473653702
427 326463771
428 -147189929
429 -2041804759
430 2105972619
431 -230211984
432 13229728
433 -216982248
434 1672008121
435 -950951042
436 -950951035
437 -1901902060
438 -1901902053
439 491163203
440 491163206
441 1473489606
442 553913981
443 553914001
444 -731323293
445 -1953809778
446 -103815466
447 -1681120546
448 556221521
449 -1124899023
450 -12455978
451 -12455977
452 2020257306
453 2020257308
454 2020257321
455 -254452649
456 1498896020
457 1498896022
458 468629438
459 937258868
460 -145739585
461 791519298
462 1583038594
463 1583038607
464 454148501
465 -674741581
466 -557963872
467 804481674
468 -428223768
469 376257925
470 752515850
471 1128773776
472 1128773791
473 -908645942
474 220127866
475 -1973421937
476 -1533166219
477 -1533166207
478 -1533166205
479 -1533166193
480 483847840
481 -1353849677
482 358633075
483 -995216592
484 -995216580
485 1309317534
486 -1676332227
487 -1676332218
488 261187233
489 -1782159667
490 -1520972427
491 991835208
492 -529137208
493 1715720442
494 1715720451
495 -1392663597
496 -1392663580
497 116976516
498 -952630196
499 -1905260398
500 161389642
501 -1743870738
