0 0
1 7
2 25
3 27
4 47
5 124
6 180
7 319
8 327
9 334
10 995
11 1344
12 2346
13 5024
14 8726
15 16102
16 16118
17 32225
18 48353
19 80596
20 193401
21 322356
22 596368
23 918744
24 1837474
25 3352603
26 7027564
27 13136386
28 20163965
29 33300364
30 53464332
31 106928679
32 106928682
33 300622077
34 567943773
35 567943789
36 1650367020
37 -1508712694
38 1277541896
39 1987140019
40 -888631051
41 -888631033
42 -1777262077
43 1629074197
44 -1925449953
45 -2073637831
46 -2073637812
47 -1777758290
48 739450714
49 1478901436
50 -2076615140
51 141737021
52 -1494284239
53 865804949
54 -486742252
55 379062703
56 758125413
57 1516250815
58 -2020591054
59 632847890
60 632847910
61 1519480992
62 1519480993
63 -1256005296
64 -1879162694
65 1159799314
66 1063593320
67 -2071574654
68 151817995
69 -1919756654
70 1519047307
71 -1256872676
72 717628628
73 717628636
74 178384602
75 1875816502
76 2054201113
77 -364949672
78 1689251444
79 959352099
80 -2011313410
81 637290147
82 -1374023256
83 -99442967
84 -836176064
85 611301754
86 -324317258
87 -549191563
88 -873508803
89 -1747017615
90 1412233813
91 -2081801421
92 1878382088
93 -1411711929
94 -1615131259
95 -1818028703
96 -753323927
97 108483427
98 -644840492
99 -536357057
100 650900560
101 114543508
102 -415753461
103 -831506924
104 -831506906
105 -1313323206
106 -2144830098
107 836814004
108 836814010
109 836814030
110 1673628047
111 -1784525208
112 -1895422397
113 615019710
114 615019722
115 1845059136
116 -604849027
117 1240210121
118 -1199527339
119 1280892896
120 1321575680
121 1321575684
122 -370923026
123 -741846043
124 -741846026
125 788536272
126 -695155792
127 -1390311572
128 1514344148
129 -524432968
130 -400400391
131 -924833357
132 -924833350
133 -1849666695
134 595633910
135 2116101180
136 862068396
137 -721163800
138 -721163782
139 2131475920
140 1551216742
141 -1333438398
142 217778363
143 -1115660024
144 -680103310
145 -1360206616
146 1356775729
147 -683534180
148 -1367068367
149 1560830554
150 -493202865
151 -982974840
152 -1965949683
153 852839914
154 1705679836
155 -390404764
156 -390404752
157 -780809503
158 -1171214236
159 -1171214219
160 1171729353
161 515154
162 1030302
163 -1169153641
164 -1167093035
165 1960266086
166 -374950272
167 -749900551
168 -749900538
169 -1874751360
170 545464589
171 1465879446
172 1465879447
173 -1363208388
174 2114015098
175 -612401681
176 138405033
177 -473996634
178 -335591596
179 -671183190
180 -1954768048
181 -1954768032
182 -621343557
183 1718855720
184 1718855731
185 -857255838
186 4344038
187 865943936
188 13032138
189 878976088
190 878976093
191 878976112
192 878976127
193 1757952248
194 -779062798
195 1857865578
196 299739990
197 -279496131
198 -279496130
199 819550517
200 540054399
201 1100352661
202 1100352667
203 -734657032
204 365695654
205 -368961358
206 362429939
207 724859880
208 1084024118
209 -2123653358
210 47660598
211 95321186
212 142981796
213 142981797
214 142981808
215 571927201
216 714909026
217 1286836238
218 -1435331224
219 -148494972
220 -148494955
221 269424127
222 120929184
223 241858370
224 632211698
225 994999257
226 -2035544652
227 -408333690
228 -408333678
229 -408333677
230 2029420865
231 1621087204
232 -644459218
233 -2105585782
234 900463071
235 900463090
236 1800926169
237 -1593578018
238 -1593577998
239 -1593577988
240 -1593577984
241 1107811342
242 -971533334
243 -349488661
244 -349488651
245 -562699298
246 -912187935
247 -912187926
248 1907892149
249 -479183003
250 1428709152
251 1033042445
252 -1833215692
253 -1833215680
254 -1204679761
255 -576143819
256 -1780823575
257 1361856085
258 -995111303
259 1100064924
260 1466809713
261 1571763350
262 210415487
263 1782178854
264 1836265052
265 -1722502130
266 113762932
267 -1608739190
268 -1494976255
269 1191251861
270 773764523
271 -1024936127
272 -251171600
273 -502343193
274 -1778450907
275 -1778450905
276 738065487
277 1476130988
278 1476131005
279 -604639809
280 1307236780
281 1307236789
282 1307236808
283 1307236823
284 329340106
285 329340109
286 1965917051
287 -363133188
288 1932123976
289 1932123982
290 1932123985
291 -1190778766
292 -1190778757
293 1913409788
294 1913409790
295 -917581249
296 -917581236
297 78247311
298 156494623
299 312989257
300 312989269
301 312989288
302 312989294
303 938967867
304 -2104042316
305 -852085137
306 -1391181001
307 -1391180985
308 -504554267
309 -1895735241
310 503496810
311 1006993615
312 -889799068
313 -1275043881
314 -1275043870
315 855080493
316 -1695007249
317 904952793
318 904952809
319 114898370
320 1084877229
321 1084877249
322 1084877250
323 -925437181
324 -1965772732
325 363421832
326 -358033563
327 -358033544
328 -716067095
329 -1432134196
330 1794120749
331 -1070147636
332 -1782261715
333 -1058288582
334 -2116577173
335 -662160159
336 -662160142
337 854069831
338 191909693
339 191909696
340 575729084
341 575729089
342 -1905619889
343 -1329890790
344 -1329890777
345 305294948
346 610589885
347 645450682
348 231444756
349 1792780287
350 -1014701667
351 778078621
352 1556157260
353 -951208031
354 604949247
355 973275445
356 -1333714748
357 -360439285
358 -720878584
359 -1441757153
360 438177539
361 438177543
362 876355090
363 -409925556
364 1342784617
365 1342784629
366 1342784637
367 199816140
368 199816147
369 199816158
370 -1009949575
371 -1009949568
372 -1009949563
373 1265118591
374 -1764730098
375 765507086
376 -744053967
377 -1743276960
378 -1721823828
379 -913410455
380 1659733033
381 832135138
382 1578457722
383 1435091623
384 1435091643
385 1435091659
386 1435091679
387 -1424783956
388 1445399396
389 20615458
390 1476322578
391 -1342322124
392 134000463
393 1734015788
394 525694128
395 1051388257
396 2102776532
397 1118907424
398 -1073283331
399 -2146566659
400 1053222234
401 1053222247
402 -40122170
403 2066322328
404 1986077998
405 1823755350
406 -1700678827
407 123076528
408 3586097
409 -1574016184
410 -1574016182
411 1273597558
412 -1747772179
413 676346416
414 -1371844378
415 1851697170
416 -591572964
417 -111720162
418 -703293124
419 445110933
420 -369902337
421 75208610
422 -294693724
423 -589387439
424 -1178774872
425 -1987647415
426 319672466
427 -1667974945
428 -1667974943
429 -1667974926
430 -1667974920
431 959017464
432 959017469
433 1918034950
434 -2126872319
435 1709197571
436 1500360215
437 -1294246859
438 -1294246851
439 -1294246850
440 -673182770
441 1033290833
442 772334810
443 -161803965
444 -161803954
445 -161803950
446 -485411849
447 -198488891
448 -1169312593
449 2118146067
450 264932754
451 -1911888456
452 471190377
453 -1175765321
454 1678503904
455 973928972
456 1947857942
457 -1373180377
458 -1067856836
459 -1067856821
460 -587107103
461 2146824111
462 2146824118
463 1570827482
464 -85455492
465 1485372006
466 -1324223284
467 75693249
468 151386493
469 151386503
470 302773015
471 302773032
472 908319058
473 908319075
474 -1721396597
475 95241546
476 190483090
477 190483103
478 -336869763
479 -1582058604
480 -1918928359
481 457110583
482 914221167
483 -2129655212
484 -758323447
485 859392030
486 -2028586612
487 -1927518020
488 1198254706
489 1537117386
490 1537117402
491 316384870
492 293907079
493 610291968
494 610291985
495 610292002
496 1830875966
497 1830875977
498 587368644
499 -1876722655
500 -1922569358
501 1083043942
