0 0
1 7
2 9
3 25
4 59
5 93
6 110
7 293
8 419
9 984
10 1908
11 3330
12 6943
13 12182
14 25355
15 47827
16 95657
17 143492
18 143498
19 430482
20 717484
21 1530621
22 2965590
23 5787679
24 8753289
25 19754670
26 28507963
27 62803613
28 91311581
29 154115203
30 245426791
31 553657198
32 953199204
33 1906398399
34 -1435369677
35 -1435369672
36 -1435369659
37 -11141698
38 1884114998
39 1872973309
40 -549020675
41 1761556291
42 1761556310
43 1761556320
44 -1981313022
45 -1981313021
46 1322042898
47 -659270111
48 995114054
49 1657886852
50 -1641966389
51 1011034529
52 2022069051
53 1391137197
54 145193956
55 145193969
56 145193973
57 -446179142
58 1380539964
59 1079554814
60 -1990663708
61 -911108877
62 -1822217765
63 650531763
64 1301063536
65 -781731327
66 -781731315
67 -1563462634
68 1949773359
69 386310733
70 772621473
71 772621492
72 1545242966
73 1131602746
74 313432121
75 240553514
76 -1064135943
77 -1064135929
78 -2128271866
79 1102559520
80 1140983089
81 -948865184
82 -1897730356
83 -1897730350
84 -449358584
85 1947878366
86 1947878383
87 1548667820
88 -1197631660
89 351036170
90 302861803
91 1004934146
92 461200474
93 2120032596
94 -1713734206
95 406298405
96 812596814
97 812596816
98 1625193641
99 -1857176820
100 1799508870
101 1567525694
102 1567525701
103 -1217583850
104 349941860
105 -867641979
106 -867641970
107 -867641961
108 2041983263
109 -560942635
110 -560942624
111 920098020
112 972554080
113 1331709479
114 -1070605707
115 -1070605695
116 -809501921
117 -809501913
118 -809501901
119 -809501889
120 1056959690
121 247457813
122 247457828
123 -67128450
124 1484746893
125 1912534090
126 1912534106
127 947719361
128 477820265
129 -1854579872
130 -1854579852
131 2011347206
132 156767371
133 -1541045144
134 627069446
135 1254138889
136 1254138899
137 1751069470
138 -35620037
139 1715449450
140 1715449462
141 -899688410
142 -1763756792
143 -947995720
144 -1895991442
145 1450980151
146 1450980155
147 -1393006988
148 -1393006981
149 -1780045101
150 -1664098746
151 -1664098736
152 -1664098718
153 1817593296
154 1817593300
155 306989151
156 613978302
157 613978308
158 1534945767
159 1534945771
160 1534945773
161 923848332
162 1847696670
163 -1213552270
164 -1202028775
165 -1202028759
166 -1202028753
167 -524671256
168 -1049342502
169 -1049342499
170 1671611059
171 -951745197
172 -329476626
173 390389256
174 390389263
175 1171167771
176 1561557042
177 1561557061
178 -1171853173
179 -782149326
180 1169111616
181 386962304
182 386962305
183 773924613
184 773924628
185 773924634
186 773924646
187 -812306462
188 1509467460
189 1471085659
190 1471085664
191 1471085673
192 815450710
193 -1851759415
194 -1851759407
195 -1851759394
196 -1260310900
197 -668862387
198 -1929173279
199 -1929173267
200 950655381
201 950655392
202 950655396
203 950655399
204 950655409
205 -492345695
206 1408965115
207 -526381669
208 390237757
209 -136143905
210 1136677308
211 1000533412
212 1864922921
213 1864922926
214 -565121442
215 1299801492
216 734680062
217 734680070
218 -226004175
219 -226004169
220 -1977813997
221 1865144964
222 170002697
223 2035147662
224 -224671971
225 1980478393
226 -504013197
227 -838023708
228 -838023689
229 -199582191
230 -1037605867
231 -1237188044
232 982567506
233 -1491808588
234 -509241067
235 -1018482132
236 -1527723194
237 730279829
238 730279836
239 -1594886720
240 -1662050241
241 1038030347
242 -1488626772
243 587433926
244 587433933
245 -313758912
246 410512524
247 1271621475
248 1955809037
249 -383349228
250 1572459814
251 1189110602
252 1310684412
253 -1795172270
254 1893733350
255 1893733351
256 1893733355
257 1386232765
258 1386232777
259 371231615
260 -1151270133
261 1992427026
262 1212388524
263 1212388536
264 -657801722
265 -535564914
266 -1193366617
267 -1174344715
268 1946277869
269 771933174
270 -185065197
271 1358801132
272 -403020308
273 955780843
274 -1796537648
275 -70041165
276 -1866578793
277 -1936619944
278 -1936619928
279 421727438
280 -1023123921
281 -1023123901
282 733826999
283 1467653995
284 1467653997
285 1467654001
286 841821702
287 -517837593
288 -517837574
289 -1035675149
290 -1553512712
291 -1553512697
292 152266740
293 152266756
294 152266776
295 456800288
296 -639912130
297 121421695
298 121421709
299 242843406
300 -154225312
301 -308450631
302 -98410824
303 -196821638
304 -757908396
305 -757908390
306 -1712638419
307 869690467
308 1936202560
309 -422562174
310 670692450
311 670692462
312 918822746
313 918822751
314 -1538499058
315 -619676291
316 -320529840
317 -940206125
318 -940206122
319 1474348927
320 -1346269434
321 -1346269414
322 -1346269409
323 1730507973
324 1986667013
325 -321633252
326 -321633237
327 1727639099
328 1084372615
329 1084372628
330 -1041849440
331 -1440432385
332 1812685475
333 1499148900
334 829552561
335 -1966265830
336 362435646
337 -774277609
338 -49406317
339 -1597961543
340 -1597961535
341 1099044225
342 -498917296
343 600126934
344 1200253868
345 1301463522
346 -1793249901
347 -491786373
348 216681117
349 433362249
350 -333529373
351 -1968522280
352 -1652008280
353 990950732
354 990950744
355 329893206
356 1320843951
357 1650737176
358 988408517
359 -1655821589
360 -1660906029
361 1966648201
362 305742174
363 305742189
364 917226539
365 1834453092
366 1034844916
367 -202700541
368 -405401095
369 426743300
370 853486592
371 1280229905
372 -2139908588
373 -6192075
374 414359136
375 401974983
376 -49536628
377 760605420
378 1113043792
379 -2068879725
380 -955835926
381 1270251657
382 -1754463980
383 786039331
384 786039333
385 -182385297
386 1389693385
387 1024922781
388 -1880351121
389 351879760
390 351879764
391 -151668800
392 -151668780
393 -303337563
394 -606675127
395 -1213350262
396 1868266776
397 -255096157
398 1613170639
399 1358074487
400 -923901809
401 434172685
402 -1813451275
403 -1813451264
404 668064769
405 668064787
406 -477321707
407 -954643414
408 -763900325
409 -1718543730
410 1048622914
411 -669920811
412 1236581939
413 -867160012
414 -300498879
415 -600997743
416 -600997730
417 -1133072405
418 -1133072395
419 2028822511
420 895750125
421 658427838
422 -1845039208
423 -1186611362
424 1921744570
425 1921744586
426 1470266443
427 -167823050
428 1302443401
429 1134620371
430 1366284461
431 -491619050
432 2009285797
433 -1411016077
434 -1411016074
435 -1411016058
436 1579585848
437 1579585860
438 1748155667
439 2085295262
440 1286639293
441 -923032722
442 1481676079
443 558643374
444 1117286738
445 1675930123
446 -1501750429
447 -1501750422
448 1291466449
449 -1712034396
450 -420567943
451 -420567940
452 1741797022
453 480093193
454 -2073077073
455 -692322737
456 1529567493
457 -1235832316
458 1823302675
459 1424715135
460 1424715139
461 -1445537015
462 -1445537013
463 1781658934
464 -1109415084
465 2076137122
466 -142693042
467 1933444096
468 1790751074
469 -713465160
470 -713465140
471 363820790
472 -1633881616
473 -1983525964
474 -1983525958
475 -942145448
476 2046855620
477 -201256056
478 903454117
479 -176617717
480 -176617710
481 550218700
482 196983277
483 1297420674
484 2044622657
485 -205721982
486 -205721980
487 -205721969
488 -1570089878
489 -142633145
490 -142633137
491 -2061078126
492 378533026
493 378533040
494 -1304012056
495 -546945970
496 -1850958013
497 1897063315
498 -1426319668
499 -1380214350
500 -1380214348
501 1534538599
