0 0
1 18
2 25
3 56
4 117
5 233
6 437
7 876
8 1731
9 3414
10 5151
11 11619
12 20187
13 20204
14 20223
15 40435
16 80864
17 161733
18 303259
19 586299
20 1051308
21 1940882
22 2992209
23 2992221
24 2992222
25 2992239
26 2992249
27 2992253
28 2992272
29 8976785
30 11969067
31 23938126
32 44883996
33 89767975
34 170559180
35 341118356
36 341118371
37 852795916
38 1193914299
39 -1395461173
40 651249050
41 -744212109
42 -294509917
43 -589019849
44 -976492821
45 -1860022570
46 -1860022554
47 574922188
48 -415668307
49 -415668305
50 -831336607
51 -831336592
52 -831336580
53 1800957530
54 138284369
55 1107905327
56 1384474062
57 -694682585
58 689791497
59 689791517
60 1379583028
61 2064483469
62 2064483470
63 1903374201
64 1903374207
65 1903374219
66 1903374221
67 1088045745
68 599826893
69 -703720417
70 495933368
71 1480085605
72 1976018988
73 -342929315
74 -685858643
75 -1028787952
76 1398528687
77 369740739
78 53622840
79 1821892267
80 -1679970712
81 -1679970707
82 -1484426294
83 1326114706
84 -1696360738
85 -919646435
86 1520648555
87 -1253670196
88 -652668066
89 -385689694
90 -385689687
91 1617249663
92 1617249670
93 1810451895
94 749983952
95 -117281778
96 1382686123
97 -469127089
98 -469127073
99 1077134144
100 608007077
101 2129573201
102 -1557387008
103 1788200346
104 230813339
105 -1095760327
106 -1095760309
107 2103446669
108 1007686367
109 -1183834249
110 -264221839
111 -440369713
112 -440369704
113 -440369685
114 -1321109089
115 -1761478764
116 331640056
117 331640075
118 663280141
119 663280143
120 1658200366
121 1658200368
122 -315286412
123 -630572829
124 712341138
125 81768314
126 81768322
127 81768337
128 957646125
129 1202951111
130 -2134370046
131 189763865
132 215991071
133 -1728615101
134 -1728615091
135 -890877986
136 1675474228
137 -944018846
138 731455400
139 -212563445
140 359469367
141 -65657523
142 812703803
143 1106515664
144 2000467879
145 2000467888
146 -294031525
147 1331156415
148 1331156424
149 -1926685971
150 735626872
151 -1191059088
152 -1191059082
153 2052946458
154 -1520230800
155 -1520230797
156 2116393076
157 1128877950
158 -2037211401
159 -312171169
160 -312171159
161 583717308
162 -2077836411
163 -2118461415
164 58044470
165 740431251
166 740431270
167 1538907003
168 -1217153290
169 -1217153279
170 -895399560
171 -2112552836
172 -2112552816
173 -2042691188
174 -1972829537
175 279446579
176 558893151
177 1117786316
178 -16703488
179 -33406960
180 1626569025
181 -1041829233
182 1652415671
183 610586452
184 610586460
185 610586480
186 -1852621454
187 -631448500
188 -1262897004
189 -1894345495
190 -735758664
191 -735758660
192 -735758643
193 -1471517283
194 -1278171436
195 -661997383
196 883281205
197 -1056887609
198 -173606388
199 -347212775
200 -694425562
201 2022834970
202 -249297353
203 1079112062
204 -2136743173
205 -1057631091
206 1930407755
207 -434151780
208 1496255990
209 -201862287
210 1733018595
211 1531156322
212 -1030792369
213 500363971
214 1000727927
215 1501091904
216 -1292783489
217 678607964
218 886916384
219 272740870
220 2046573639
221 -1702911920
222 343661722
223 960064326
224 -399185866
225 -399185856
226 -798371708
227 -636679102
228 2061544768
229 227308120
230 1652173796
231 1652173809
232 661554112
233 -101757455
234 -430823021
235 1781147465
236 1248566996
237 -1696075838
238 902815604
239 -793260224
240 109555399
241 219110780
242 438221563
243 766887749
244 1205109325
245 1971997087
246 -1117860869
247 -1030612428
248 -176476194
249 -176476174
250 -529428571
251 -882380934
252 -1764761857
253 941919780
254 -1705223010
255 355092724
256 1239614005
257 831403513
258 720887243
259 1441774483
260 -61288048
261 2101373693
262 2101373706
263 1288266540
264 1196046658
265 1196046661
266 -614607426
267 1777485908
268 1162878497
269 1162878503
270 -1969210285
271 -1969210272
272 1519425253
273 -93238291
274 -1349355074
275 -1892378375
276 1053233861
277 1053233881
278 1053233884
279 -82031807
280 1185291446
281 -2138473770
282 18019763
283 -1017194364
284 -999174592
285 -999174574
286 -1998349146
287 298268998
288 -420656381
289 1175056204
290 -945680324
291 -191280482
292 -382560964
293 -344465562
294 -688931116
295 -1033396658
296 1845613013
297 -221180320
298 1624432695
299 -1046101896
300 357150488
301 -1735053297
302 -799571994
303 -1599143998
304 161198011
305 679546516
306 679546532
307 1359093053
308 2038639599
309 623056433
310 -1633271251
311 -1227902912
312 1159614933
313 1159614943
314 1159614944
315 -2044025386
316 -2044025377
317 -609205931
318 -609205927
319 1032530079
320 1032530081
321 -1197377056
322 -350728735
323 -1548105787
324 -1898834502
325 497298288
326 1345325302
327 -1955045414
328 -2011256322
329 328665569
330 657331143
331 657331149
332 1314662302
333 1971993470
334 -350980361
335 -44629576
336 -395609936
337 -1799531388
338 2099825987
339 -139944906
340 -139944901
341 -375205124
342 1444731059
343 1444731072
344 -1780710283
345 -335979210
346 -2116689488
347 1842298603
348 1903886933
349 -487193435
350 -487193427
351 -487193420
352 442306657
353 884613318
354 -134660297
355 705066272
356 1455019305
357 -1384928694
358 640496602
359 710587223
360 710587234
361 676742385
362 1387329633
363 1387329635
364 -1520308019
365 -1653286413
366 -1786264784
367 855416116
368 1577853835
369 -1861697340
370 571572629
371 287729134
372 859301773
373 1147030921
374 1147030927
375 -1141603658
376 5427277
377 1157885478
378 -1979196350
379 -810456317
380 -1626339892
381 1036860231
382 -589479656
383 326355322
384 773735917
385 1100091252
386 1100091254
387 -1321048859
388 -1321048844
389 331820735
390 -989228100
391 -1978456203
392 -1978456187
393 -1640401301
394 -1640401282
395 -1640401267
396 1690274571
397 1064038027
398 1113911351
399 -426743344
400 1801079356
401 -742681898
402 -742681892
403 -742681889
404 -853709649
405 1955893873
406 -1125861442
407 -766359091
408 -1532718190
409 1995890028
410 463171840
411 159984594
412 159984602
413 1246312883
414 2029453929
415 -859215875
416 1170238059
417 -548193694
418 -237171508
419 1555110931
420 1080767921
421 -1659088438
422 976790424
423 1716409345
424 2114879256
425 2114879268
426 2114879276
427 2049670522
428 2049670538
429 -260834979
430 -456461195
431 1201956876
432 484660708
433 969321424
434 1938642841
435 1938642858
436 -417681581
437 1520961293
438 1103279717
439 -2088407856
440 2056794450
441 -2120021266
442 -2120021258
443 -2120021243
444 -8302007
445 -2073398464
446 -2026775660
447 -2026775647
448 -2026775642
449 -1785359650
450 482832015
451 -1302527620
452 1931328055
453 -673727191
454 -44926755
455 -44926753
456 -89853498
457 -134780234
458 -988214413
459 -1212848138
460 1824344280
461 -601351988
462 1222992300
463 1222992303
464 -1838838522
465 607146082
466 -1231692420
467 -1231692403
468 -1856238736
469 1207036161
470 1207036166
471 -1905551227
472 508521105
473 -839196527
474 -330675404
475 -1359865882
476 -2021216698
477 583209318
478 1166418633
479 -1631454616
480 118173338
481 118173355
482 -228689277
483 -110515910
484 -339205181
485 -678410357
486 -1017615523
487 -1017615509
488 -1017615506
489 563710419
490 -453905082
491 -907810152
492 -1815620315
493 1681342180
494 1681342189
495 1547064060
496 -1200839179
497 1893288946
498 -2055453459
499 1865402576
500 502398889
501 312348014
