0 0
1 13
2 15
3 32
4 62
5 128
6 226
7 471
8 832
9 1319
10 1322
11 1339
12 3982
13 5330
14 9320
15 21303
16 35962
17 71922
18 143838
19 251735
20 503466
21 899042
22 899047
23 1798093
24 3596200
25 7192398
26 13485742
27 13485756
28 37760100
29 37760117
30 109684127
31 109684132
32 109684147
33 329052415
34 695864953
35 1244285663
36 -1916080098
37 24070523
38 -647723907
39 -599582854
40 -599582847
41 -1199165687
42 1272982527
43 1272982531
44 1346799389
45 2094015926
46 -854151964
47 -1708303927
48 -1708303919
49 -1708303903
50 -1684096402
51 1780926454
52 1780926463
53 169452620
54 1950379092
55 2119831731
56 2119831733
57 2119831747
58 -110607655
59 2009224103
60 1843312639
61 1843312655
62 -884861100
63 958451572
64 1916903145
65 -1419612568
66 -1880773582
67 -1309892515
68 -315311362
69 -315311358
70 -1940515222
71 -1940515215
72 -1940515200
73 -1940515183
74 413936927
75 1241810705
76 2069684552
77 1784917008
78 1215381906
79 2016826881
80 722158503
81 -780965727
82 663351294
83 663351296
84 1326702604
85 1872439477
86 -1095825203
87 776614276
88 -319210913
89 -319210894
90 -638421801
91 -638421798
92 -1138651120
93 1241050783
94 -1493654820
95 -252604020
96 -1746258838
97 904849288
98 904849296
99 -1682819082
100 -1682819072
101 929329156
102 -1531459699
103 -1531459697
104 1232047912
105 -901542313
106 330505618
107 330505626
108 991516859
109 750985804
110 1742502672
111 -1801478802
112 692009678
113 -1109469108
114 -476435542
115 -1585904648
116 -2062340179
117 170286929
118 170286931
119 170286944
120 170286948
121 340573901
122 681147806
123 1362295610
124 -1740663017
125 813641259
126 813641275
127 813641288
128 1627282577
129 1627282581
130 -1040402130
131 586880457
132 -1493923805
133 -907043328
134 1440478498
135 -373608162
136 1066870354
137 2133740699
138 -934529216
139 -962015121
140 1304066726
141 342051617
142 1646118345
143 1395692352
144 -1253156586
145 142535772
146 285071546
147 285071555
148 -540477708
149 29665401
150 59330804
151 118661609
152 118661619
153 -214158255
154 82495795
155 105660774
156 105660784
157 105660803
158 211321592
159 610799768
160 822121371
161 1749903549
162 -900821009
163 -2012963598
164 -1163881052
165 1118122655
166 1118122658
167 1118122668
168 1118122688
169 1118122698
170 1295646081
171 1295646092
172 1295646109
173 710093698
174 302064702
175 -1987162779
176 -975004373
177 1332800157
178 1332800177
179 1332800189
180 -296566765
181 -593133527
182 1775900075
183 1775900084
184 -743167125
185 1032732964
186 -453601296
187 -453601295
188 -617636737
189 -1235273480
190 -1235273471
191 -1235273460
192 -482091134
193 1342329235
194 -375035351
195 967293888
196 217223181
197 1669719830
198 -473436512
199 2005765052
200 2005765059
201 912846137
202 -1376356089
203 1542255123
204 1542255127
205 331798080
206 331798093
207 -546860866
208 -1093721723
209 -1640582574
210 1560663002
211 1560663013
212 -1173641266
213 1947684753
214 -1960260786
215 1935108718
216 748891426
217 1497782857
218 1497782865
219 -550510128
220 -1101020268
221 -153747519
222 -153747508
223 -153747491
224 -1562262767
225 -2023505275
226 401704272
227 -1621800994
228 -510897467
229 540467838
230 29570389
231 -1562660217
232 -1503519447
233 1798825878
234 -697315552
235 -1935098932
236 1957859263
237 1124270674
238 449715471
239 1573986158
240 -1124234643
241 899467004
242 1349218520
243 1349218538
244 -247311708
245 1101906848
246 -2091153600
247 -989246740
248 2069162111
249 -1011238228
250 68677157
251 -1953799290
252 -827198236
253 -827198235
254 -1654396459
255 -1654396456
256 1672945934
257 -1635846963
258 -1635846956
259 1041822868
260 -556925106
261 484897778
262 -666051410
263 -181153614
264 -362307228
265 -362307220
266 -1571819455
267 1817379784
268 -660207721
269 1157172076
270 -1980623142
271 -1238098447
272 -904377448
273 668832620
274 668832629
275 1337665257
276 1770953074
277 -517516326
278 1253436761
279 1253436773
280 1989357220
281 1454700221
282 402526919
283 805053845
284 805053858
285 1161724782
286 1966778655
287 -361409992
288 -361409986
289 1243958684
290 -1807049934
291 -1807049925
292 680867447
293 -2050683708
294 555009880
295 -814806371
296 1984487112
297 354874379
298 1524555134
299 -690847145
300 833708006
301 142860875
302 285721737
303 285721745
304 285721747
305 1000026105
306 1000026121
307 -2009193310
308 -1009167180
309 -2018334349
310 258298580
311 516597159
312 -1243438601
313 -1243438595
314 -1970280033
315 -1970280019
316 -1970280003
317 -1970279991
318 354407311
319 708814615
320 708814625
321 1417629246
322 1219385807
323 -1657952223
324 -1657952209
325 979062875
326 979062883
327 979062902
328 979062919
329 979062927
330 -1357778546
331 1579410214
332 -2115209767
333 -914515159
334 -914515144
335 -1829030290
336 636906709
337 1273813413
338 1910720135
339 1910720138
340 -473527008
341 963666098
342 -1894108058
343 -1877495974
344 523363266
345 1536865636
346 2060228907
347 2060228926
348 2060228934
349 -349018914
350 1711210022
351 1711210029
352 -1221566144
353 -382903350
354 1817950573
355 1924691128
356 -935228943
357 -935228942
358 1489280470
359 -933502996
360 -379451461
361 -1694131854
362 -1517805837
363 703578159
364 1407156320
365 2110734488
366 -777076470
367 -850574785
368 1890239569
369 1890239575
370 -2142139402
371 787764968
372 535865159
373 1323630131
374 -1899606848
375 -40111546
376 -40111545
377 -80223089
378 -2060053012
379 174861260
380 174861261
381 -1790553567
382 -1790553562
383 -1790553551
384 713860203
385 1427720399
386 2141580611
387 -1802359632
388 -1814165709
389 -47224326
390 -1861390022
391 -1861390016
392 572187263
393 572187265
394 572187278
395 1716561816
396 -1434030925
397 282530906
398 282530915
399 847592718
400 847592731
401 1977716381
402 -622065450
403 -2091723622
404 111520049
405 111520056
406 -1868683511
407 557600271
408 -1199563164
409 1784320899
410 1142358013
411 -1368288376
412 1558390550
413 1917217928
414 739031729
415 -306257445
416 432774287
417 126516851
418 253033710
419 812324861
420 1318392276
421 -1784699584
422 346017555
423 -120289748
424 -240579489
425 -240579482
426 -481158962
427 -962317925
428 -1924635842
429 -1924635831
430 -997781250
431 -997781244
432 -997781240
433 1301623568
434 1301623569
435 -1691720151
436 -86254238
437 825272751
438 825272753
439 1650545518
440 -1819149014
441 -168603495
442 488065766
443 150858787
444 470321062
445 1109245623
446 1579566692
447 -1606154962
448 -26588261
449 -53176524
450 -106353051
451 -212706103
452 -2004978883
453 2077282315
454 72303445
455 -2145381524
456 2081486558
457 2085690808
458 -127789919
459 1894005937
460 1894005941
461 1894005950
462 -950015865
463 309244758
464 309244773
465 618489543
466 618489552
467 618489568
468 -1821009089
469 -584029952
470 -549570358
471 1958847474
472 -377272338
473 -377272337
474 1204302818
475 449758151
476 899516297
477 -1741390021
478 -841873722
479 -1683747427
480 1377230575
481 -1148390568
482 1998186155
483 -298594971
484 1699591197
485 -666944898
486 1583846934
487 21117127
488 938019176
489 959136309
490 1918272628
491 -479539172
492 -479539155
493 -959078315
494 -1438617454
495 -1438501463
496 -20769077
497 438000999
498 876001989
499 1314002995
500 -1687730372
501 502274628
