0 0
1 18
2 20
3 27
4 73
5 83
6 102
7 308
8 575
9 1151
10 1744
11 3783
12 7269
13 14537
14 14551
15 14561
16 43657
17 72789
18 160107
19 160117
20 451247
21 887935
22 1659415
23 2547353
24 5094708
25 7642072
26 12736797
27 29680362
28 42417175
29 42417188
30 84834375
31 212085910
32 411435024
33 793189681
34 1204624715
35 1204624730
36 -469007222
37 -469007212
38 -469007208
39 -469007202
40 -1407021619
41 -1876028812
42 542909676
43 1085819359
44 -1654321391
45 -1901621152
46 1824844131
47 -645279045
48 1918589857
49 -1196812336
50 -1196812334
51 -1120313857
52 781028779
53 1562057549
54 25960151
55 1248732624
56 -1458216968
57 -1458216957
58 -1458216947
59 1169049050
60 -1956869194
61 -787820124
62 -1575640255
63 -1575640248
64 -1601002520
65 -457315720
66 -2058318231
67 1779333346
68 382023934
69 382023938
70 382023953
71 1146071826
72 1528095790
73 -856751787
74 -856751783
75 -856751768
76 -1713503532
77 1724712015
78 1724712023
79 1735920508
80 -823126273
81 -1646252551
82 991253726
83 257795415
84 1249049142
85 28719466
86 -1768149538
87 -490380920
88 2065156313
89 1574775411
90 -1145416489
91 235984781
92 -2054848190
93 675651833
94 -1379196352
95 -703544501
96 -1407089014
97 1480789269
98 -2009040586
99 -528251311
100 -1056502615
101 701172801
102 1402345592
103 1402345609
104 -1845605908
105 959085311
106 515825019
107 1474910337
108 1104214763
109 -1715842184
110 -1956774041
111 -577666101
112 44684988
113 89369972
114 134054963
115 268109940
116 536219877
117 1027754771
118 1027754784
119 -1301072951
120 1558766433
121 1285448270
122 1543141772
123 -180928986
124 1362212795
125 1362212803
126 -1570541684
127 -1778870591
128 -805915647
129 1501852196
130 695936559
131 -1957539154
132 -1261602583
133 1771762119
134 750409151
135 1260568700
136 563598246
137 1824166955
138 103775765
139 1927942736
140 2031718511
141 -231530275
142 -231530266
143 -463060528
144 -1261427113
145 -1261427099
146 1309052564
147 1309052570
148 -367809598
149 -2044671742
150 1882485972
151 -162185764
152 -162185748
153 -486557266
154 -648743006
155 -1135300271
156 -1135300257
157 889066499
158 1778133009
159 -1627767787
160 -1627767784
161 -1627767772
162 1039431756
163 -588336008
164 451095753
165 902191520
166 1353287286
167 -1137296975
168 215990317
169 215990336
170 647970983
171 647970996
172 1295941980
173 1295942000
174 1295942020
175 240829717
176 481659431
177 481659440
178 481659456
179 1444978331
180 1926637791
181 -923351162
182 -1365042866
183 -361756225
184 721465871
185 -2046585
186 357663069
187 1077082360
188 1434745433
189 -1427523013
190 -1427523000
191 -1420300579
192 1447143734
193 1447143735
194 -1400679817
195 73307085
196 1566914749
197 1640221838
198 -1014523609
199 -2029047213
200 -1403348964
201 1488269359
202 84920404
203 -1859206403
204 576554497
205 576554498
206 867092359
207 2020201372
208 -2113770965
209 773522769
210 1547045542
211 1547045556
212 -1200876181
213 552966733
214 552966734
215 552966748
216 458024043
217 1010990795
218 -1167052224
219 -1167052211
220 -1323113636
221 1804801451
222 -841425821
223 -1526790203
224 -1526790191
225 -1526790172
226 677972379
227 -448856708
228 -1297674493
229 172828118
230 -1124846370
231 -1124846360
232 -2076864611
233 -31590032
234 -2108454633
235 -2140044651
236 -2140044650
237 -2140044649
238 29755984
239 91102012
240 -2004308638
241 -1868572626
242 -1868572616
243 -1446486572
244 -1446486567
245 -1446486548
246 -1913065005
247 -1957557376
248 379852535
249 -642289083
250 -642289077
251 -1284578150
252 148106147
253 1873917147
254 95156086
255 832601250
256 -1493292793
257 -1493292780
258 -2058828229
259 -2058828224
260 177310861
261 354621706
262 709243421
263 1418486848
264 -1635304457
265 492425814
266 275608220
267 -867270414
268 -867270408
269 -966506780
270 -966506763
271 903021160
272 -1029992370
273 -126971200
274 -1220449172
275 -1347420368
276 -1347420354
277 252706210
278 1852832796
279 1852832807
280 -336595466
281 -336595448
282 1179641898
283 506451004
284 -1429232500
285 256860414
286 177125373
287 -995246703
288 -995246701
289 -1990493391
290 313980510
291 627961014
292 1255922035
293 1883883063
294 2091253239
295 1564052067
296 -1794824186
297 -550603111
298 -550603099
299 -1331978316
300 1861782786
301 1861782800
302 -571401694
303 1820185584
304 1820185592
305 -1225997803
306 -1225997783
307 -631809986
308 1211161744
309 -646646013
310 564515740
311 1129031486
312 1129031492
313 -1472388559
314 -343357052
315 -1815745605
316 1792507586
317 1792507591
318 1425912527
319 715960417
320 -360586743
321 1781286221
322 1060112718
323 327717849
324 -770476831
325 -1896327333
326 -1896327328
327 -1896327316
328 -1896327300
329 502312697
330 -891701943
331 112923439
332 2122174204
333 1343395710
334 1343395715
335 -264780152
336 362141633
337 1440757215
338 1538118698
339 124665817
340 -1094064081
341 -1094064070
342 -1094064060
343 -1094064044
344 -81288947
345 -162577899
346 -243866845
347 1619105509
348 1212660781
349 -1463200986
350 -250540188
351 -250540175
352 -501080359
353 -1252700917
354 2040105658
355 286324386
356 -1968537246
357 -1395888466
358 -1395888452
359 -1395888443
360 -1395888437
361 1503190418
362 1610492389
363 1610492396
364 -1073982498
365 -644774583
366 1502227711
367 -216529363
368 640923772
369 1281847551
370 1281847570
371 -1306877760
372 1681211772
373 -716014383
374 -341680357
375 623517049
376 623517052
377 623517053
378 1870551169
379 -895545322
380 -1449410287
381 1950011689
382 -394943902
383 1080663348
384 290775545
385 1371438903
386 -1552089492
387 1190788308
388 1300913279
389 -1693140745
390 798560856
391 798560862
392 -1899284721
393 -1995303734
394 1198939722
395 1198939730
396 -1496708984
397 -297769248
398 -1391902510
399 -1391902495
400 -1391902492
401 -178509437
402 -1570411928
403 -1629661547
404 916384397
405 1832768797
406 1119491665
407 -426322435
408 -852644871
409 -159475627
410 -1438442921
411 -1597918536
412 1258605849
413 1258605860
414 -519149745
415 400143442
416 800286877
417 681280582
418 1362561168
419 1362561180
420 311865966
421 223588493
422 535454465
423 1070908936
424 1606363406
425 -858651976
426 -1717303954
427 636770880
428 738087300
429 -342445760
430 395641541
431 395641561
432 1823695530
433 -2075630185
434 -251934650
435 1967402471
436 1967402489
437 -612096975
438 -1224193959
439 131111572
440 262223143
441 -1442956209
442 -1442956208
443 1671278042
444 1671278043
445 718866829
446 -1904822416
447 713644305
448 -1424722491
449 -1897033771
450 -1897033757
451 500899781
452 290721368
453 1292520927
454 1583242312
455 -627582897
456 -1255165792
457 1283735927
458 -2018216802
459 -2018216792
460 287103843
461 574207688
462 1119845246
463 1694052944
464 1656992936
465 -943921414
466 -767997582
467 -1711918983
468 -1711918982
469 -1711918966
470 871129353
471 1742258717
472 901469112
473 1802938220
474 151698762
475 151698768
476 455096285
477 758493819
478 1516987646
479 -1260991999
480 -1260991981
481 -1260991971
482 1772983349
483 -749000585
484 -1498001178
485 2047965551
486 312955178
487 -1934046557
488 -1071126988
489 1602748949
490 531621964
491 -870802615
492 -1741605233
493 -2080785879
494 472576197
495 74349775
496 1019502160
497 1019502179
498 505144438
499 -1750818518
500 -1245674071
501 1803619165
