0 0
1 18
2 34
3 61
4 113
5 234
6 423
7 424
8 440
9 1652
10 2104
11 4216
12 8843
13 15177
14 15188
15 15200
16 54420
17 99995
18 100010
19 284818
20 384832
21 869671
22 1739344
23 2993848
24 2993858
25 7727065
26 10720928
27 24435710
28 48871412
29 94748980
30 94748987
31 262805104
32 357554106
33 858728601
34 1479087813
35 -1599596760
36 1095773763
37 -503822994
38 1330170433
39 1922121210
40 1922121211
41 1471396330
42 -1944125397
43 -923453927
44 1427387988
45 1953326206
46 -1837707019
47 115619202
48 1658626379
49 1658626394
50 1595164976
51 617450462
52 617450466
53 617450474
54 1234900953
55 1234900955
56 -590264428
57 -1797979327
58 -1797979325
59 699008659
60 699008666
61 1506761556
62 -1390188400
63 -283388831
64 -1673577212
65 -1840392878
66 614181536
67 614181552
68 614181566
69 2151777
70 2151785
71 1846848231
72 -1215452381
73 -1215452371
74 -581904718
75 -581904704
76 -581904688
77 1333800817
78 751896135
79 921887575
80 1673783729
81 -947399849
82 726383889
83 -1920311946
84 -2141327904
85 959711339
86 959711346
87 959711362
88 1919422724
89 503589489
90 -912243714
91 1510768514
92 1510768528
93 -1682084469
94 1339452575
95 -1616062145
96 -447925506
97 -2063987650
98 -2063987630
99 -2063987624
100 1950046185
101 53050583
102 106101163
103 106101171
104 265252926
105 371354102
106 742708204
107 742708207
108 1485416421
109 -952780351
110 2018052486
111 -258862321
112 806409823
113 1612819652
114 1612819670
115 -262918131
116 1349901546
117 1349901557
118 -245262644
119 -245262628
120 -490525262
121 368851035
122 368851043
123 247176828
124 249091023
125 743444684
126 743444690
127 1735980400
128 -575829663
129 1903595431
130 255668257
131 -975552867
132 1183710831
133 1791591995
134 -2039549067
135 -39799106
136 -287756158
137 -327555245
138 -327555241
139 -942866643
140 -1925532384
141 483701640
142 -1441830743
143 -958129092
144 -1916258177
145 462450926
146 924901853
147 -528905391
148 858447405
149 329542030
150 659084049
151 659084069
152 1318168121
153 -1658631055
154 318621144
155 1296326343
156 1296326349
157 -1724156376
158 868496318
159 -855660054
160 -1711320098
161 872327104
162 872327106
163 33334116
164 66668247
165 972329483
166 1072331850
167 -1277976489
168 866687221
169 1633372085
170 -1794907987
171 -161535890
172 -734361041
173 1604162380
174 -1086642529
175 -378377066
176 -595218247
177 -456075454
178 1778654008
179 1322578561
180 -1649810176
181 1451422410
182 -1848197935
183 -724007138
184 1722762232
185 998755096
186 1997510192
187 1997510202
188 1997510217
189 -1598648874
190 398861345
191 -1499734392
192 -1100873029
193 494572357
194 494572366
195 -111728293
196 877416441
197 765688168
198 1531376335
199 -737642269
200 -737642268
201 56091802
202 56091804
203 168275416
204 168275427
205 336550860
206 504826304
207 841377179
208 1682754345
209 1682754358
210 416744899
211 416744904
212 745408401
213 -1033314725
214 -1033314706
215 -904476121
216 2069270147
217 1164794028
218 1296273367
219 -1702420574
220 1923440857
221 221020302
222 1738313962
223 1959334265
224 1959334269
225 1362015208
226 985716466
227 985716469
228 -1337817910
229 -1337817908
230 1619331492
231 915128616
232 -141175691
233 -141175676
234 -141175671
235 491601584
236 983203172
237 1051277736
238 2034480913
239 -226005467
240 -226005458
241 -678016399
242 904453608
243 904453615
244 904885383
245 2035776216
246 454601536
247 909203067
248 1363804615
249 -2021959597
250 -1553541442
251 -1553541425
252 1187884440
253 -365656979
254 2010111904
255 -274743497
256 1004054444
257 1004054451
258 -551489986
259 1181875418
260 630385436
261 -2030141963
262 -2030141957
263 2046944240
264 -2013339661
265 -2013339647
266 -2013339634
267 -1728249351
268 553378329
269 -906583004
270 -906582995
271 -706409352
272 -1612992336
273 1975565628
274 2137965241
275 887546189
276 887546209
277 1775092413
278 -744782480
279 1917856156
280 -1346801194
281 1601364914
282 1601364932
283 1855928656
284 -583109982
285 180581244
286 -1240202440
287 213197488
288 213197503
289 426395009
290 639592519
291 252180097
292 891772626
293 891772636
294 -1193254400
295 590290871
296 288809120
297 879099994
298 1758200002
299 -778567294
300 -2147425470
301 -2147425460
302 1858849086
303 1858965463
304 1858965465
305 1858965483
306 1281929125
307 127740042
308 1409669180
309 1409669196
310 -1347888861
311 1599189569
312 -1096588150
313 1974050942
314 -1818314931
315 -1818314919
316 -1159977477
317 1316674909
318 156697435
319 156697440
320 1630069792
321 1630069796
322 595242087
323 -2069655393
324 1942423724
325 468010431
326 -1728876631
327 -792855780
328 -2053721975
329 2129947069
330 -716630678
331 -716630674
332 2145075263
333 788039014
334 1499852927
335 -578630750
336 -1157261500
337 -1597892330
338 961182724
339 961182734
340 961182738
341 -1411419095
342 -450236337
343 -1861655425
344 -1800945368
345 -268106183
346 -85976003
347 -85976002
348 -85975991
349 1967987759
350 1710059766
351 -702895758
352 -702895740
353 -2108687247
354 -2108687228
355 381861095
356 459453933
357 918907864
358 1837815725
359 -1538243691
360 2059794941
361 -557238516
362 -1573930969
363 228197504
364 228197516
365 228197519
366 456395046
367 456395056
368 912790113
369 -2012992042
370 -2012992025
371 2094563461
372 -1931420601
373 163142877
374 595268982
375 921554731
376 1843109459
377 -935034117
378 -1706925348
379 -798849991
380 -676145253
381 178012592
382 -1296982644
383 1701002009
384 1701002024
385 -892963250
386 -1785926494
387 -977887718
388 -1955775433
389 1361304158
390 -594471263
391 -594471260
392 172361642
393 344723280
394 -671857597
395 -1343715189
396 -1498487860
397 1297991588
398 -1544211441
399 -246219852
400 -1990927556
401 2057819908
402 66892372
403 66892389
404 -2103362607
405 -2036470207
406 288919263
407 510946143
408 954999890
409 954999900
410 1909999800
411 -474967699
412 -438989253
413 -438989249
414 -1352946188
415 1589074914
416 -1116817465
417 -880688719
418 -880688716
419 1416772398
420 -1461422491
421 -925338804
422 1908206013
423 -478555263
424 -478555253
425 951095506
426 976852219
427 1927947738
428 -1396182338
429 1981157892
430 1981157912
431 -332651490
432 -332651473
433 1900830506
434 1235527561
435 1235527571
436 1235527581
437 1235527586
438 -588384554
439 -588384550
440 -588384544
441 -1765153633
442 764660027
443 2117704599
444 1117210996
445 1117211013
446 -943334292
447 -886174970
448 -886174951
449 -481262197
450 -481262190
451 616758708
452 -1231940626
453 -1096444092
454 -1711626002
455 390453106
456 390453112
457 780906224
458 -1246257636
459 -74898298
460 -1321155922
461 -1861405613
462 -1861405612
463 -2070155770
464 -2070155751
465 726811859
466 -979937974
467 -98470335
468 -351596445
469 1521618656
470 1170022219
471 -2053393185
472 188180913
473 -1865212256
474 -1038783639
475 -1038783638
476 -1513024502
477 -972655824
478 770503335
479 770503337
480 -1983457282
481 -1212953929
482 1098556105
483 1098556112
484 -228795639
485 -1228094614
486 -472731945
487 267490026
488 -205241914
489 -1638578429
490 1017810421
491 -558519876
492 459290557
493 -925239223
494 -1645236547
495 1724491540
496 -386693653
497 -307438642
498 -694132281
499 -1388264560
500 1905131828
501 516867279
