0 0
1 2
2 22
3 35
4 58
5 130
6 139
7 367
8 646
9 1358
10 2373
11 4386
12 8127
13 16250
14 31149
15 31167
16 62326
17 124651
18 124670
19 249322
20 498649
21 997303
22 1745280
23 3615234
24 6357828
25 11718355
26 18076202
27 41512912
28 81280532
29 158945844
30 281739308
31 563478602
32 1126957200
33 1126957201
34 -2041052879
35 -2041052874
36 212861548
37 -1615329795
38 -62649498
39 -62649485
40 726147211
41 663497729
42 1389644956
43 2053142701
44 -852179630
45 -314714309
46 -1166893938
47 1108999781
48 828354608
49 1937354395
50 1937354405
51 -420258495
52 -12162365
53 -432420851
54 -1285100188
55 -212587480
56 -1942270882
57 422587914
58 -1519682951
59 -1097095035
60 1678189322
61 1836695680
62 -1877177319
63 -1877177318
64 540612668
65 1081225333
66 -2132516627
67 1907111366
68 1907111370
69 -991423168
70 -991423148
71 -301140194
72 -376875120
73 -376875107
74 1257230579
75 -789082975
76 -285602604
77 182545012
78 182545023
79 547635055
80 627122502
81 1254244999
82 -1500874703
83 -1500874688
84 -1500874671
85 1046588234
86 -1955161114
87 -1955161109
88 384645086
89 315003731
90 699648829
91 1783942730
92 -1496371995
93 287570737
94 575141489
95 -633659751
96 -633659739
97 -1900979243
98 -1900979226
99 493008829
100 986017672
101 986017689
102 -1829923101
103 635121101
104 -1194801991
105 -417568626
106 -417568607
107 -2029939219
108 -2029939213
109 -600048357
110 -782528089
111 -782528072
112 2129862779
113 -35241726
114 -35241713
115 1276851273
116 1276851274
117 318114605
118 318114622
119 636229243
120 -1745657536
121 803652209
122 -305776083
123 -293437535
124 -904989692
125 -904989691
126 -1605540778
127 280233528
128 -1325307235
129 739363123
130 -585944109
131 153419031
132 -1018469170
133 -711631105
134 -1730100271
135 988185790
136 988185804
137 -1483828940
138 -1237557602
139 1573580764
140 336023179
141 336023181
142 1008069524
143 -1041270630
144 638845260
145 1277690519
146 1277690533
147 -1739586230
148 815794839
149 1631589677
150 1985488836
151 -323989640
152 -1001878412
153 -1187961978
154 -1187961973
155 593175294
156 1510340228
157 1510340230
158 1510340248
159 236053426
160 1065282136
161 1065282143
162 2130564290
163 -1099120852
164 -1099120840
165 997604754
166 997604771
167 896088703
168 1893693477
169 490024423
170 980048834
171 -931200544
172 538872729
173 538872734
174 1616618194
175 -1600603638
176 -1600603623
177 -1045716315
178 1664661931
179 1664661944
180 -917599700
181 -1883243102
182 -517235223
183 -517235222
184 459654052
185 1836907817
186 1262091434
187 -736313983
188 -736313979
189 -210536525
190 -210536521
191 -1893700989
192 -2104237504
193 297028820
194 594057628
195 891086457
196 -322064583
197 1163079504
198 841014937
199 1682029860
200 1682029865
201 1073186882
202 142279314
203 142279331
204 -1255191897
205 -1255191880
206 -1152638233
207 -1152638229
208 -1152638224
209 -418139262
210 -418139259
211 -418139243
212 1887911325
213 1887911328
214 -937283871
215 2002260297
216 1064976428
217 2129952861
218 2129952879
219 -35061545
220 994853338
221 994853340
222 1919583596
223 -420738562
224 -841477120
225 657367933
226 -184109173
227 -184109164
228 -973066070
229 -683916457
230 -1367832930
231 -2051749386
232 191468525
233 382937064
234 1449790570
235 1832727653
236 -1012449054
237 -2024898109
238 245171062
239 1502791197
240 -1289384886
241 458577380
242 458577386
243 917154776
244 2047715871
245 -1702326749
246 1262543904
247 -1769879474
248 -507335564
249 -1014671127
250 1003081151
251 1003081162
252 1003081172
253 1003081181
254 -282642629
255 720438559
256 -1851009012
257 592949277
258 182817396
259 -354803767
260 -171986358
261 -1602032451
262 -1946005179
263 746929682
264 1321872994
265 122797510
266 -2103367096
267 -658696587
268 -570463487
269 1085237644
270 514774158
271 514774165
272 885625905
273 -1865018904
274 -464618830
275 -929237660
276 -929237650
277 -929237647
278 -1858475291
279 -815839776
280 691414583
281 691414592
282 -1291485880
283 -724496463
284 -633153150
285 -1266306316
286 1070940084
287 1070940087
288 2141880179
289 -11206939
290 -11206930
291 -22413858
292 2097052469
293 2097052479
294 -100862342
295 -201724685
296 -403449357
297 -806898717
298 -1210348065
299 1571684131
300 361336071
301 722672144
302 638445582
303 2083789874
304 -488723615
305 -1338783307
306 894728537
307 -932778377
308 -38049837
309 -76099659
310 -76099650
311 -76099632
312 -266348769
313 -532697536
314 -875145919
315 -875145911
316 -1750291825
317 -4662656
318 257023465
319 257023484
320 -2116053427
321 -2116053418
322 62860454
323 62860455
324 -1990332495
325 -1864611582
326 565744138
327 1131488280
328 -2094851184
329 -397618760
330 -1360981657
331 2138748130
332 -1714703454
333 -1334555733
334 -1334555728
335 1625855850
336 1625855858
337 1917155986
338 -1795211046
339 1747800805
340 1747800808
341 1747800823
342 948435158
343 948435173
344 1097504675
345 -2099957948
346 -1002453270
347 -108036207
348 -1110489464
349 1071535097
350 1045565508
351 1045565510
352 1045565522
353 -1197225103
354 1939471449
355 1787811874
356 1787811877
357 -719343538
358 -696440717
359 372027623
360 372027629
361 372027647
362 372027657
363 372027669
364 1116082990
365 1116082999
366 1116083018
367 -202662954
368 -777353560
369 -777353546
370 -1554707101
371 2098973163
372 -1213103994
373 -668837923
374 -668837914
375 -1337675819
376 -2006513716
377 -386898061
378 563879717
379 458921508
380 -1370610539
381 -347809299
382 -1718419820
383 -1718419812
384 858127676
385 1368446061
386 -2068393540
387 1016307868
388 -1052085668
389 122402405
390 -613322858
391 -1543006117
392 1208955070
393 -334051036
394 874904053
395 1749808097
396 -795351095
397 1829361071
398 1829361085
399 -1431596220
400 -2067841356
401 -2067841338
402 -1908556747
403 -1351507276
404 1194187884
405 -157319384
406 1036868502
407 722229742
408 1444459470
409 1444459487
410 1444459493
411 38411171
412 76822338
413 -1290814787
414 268878226
415 -1021936544
416 -1021936535
417 -1021936522
418 -1021936514
419 -1021936508
420 -1021936495
421 -2043872986
422 -2043872968
423 -1836651643
424 414442699
425 -1422208942
426 -1422208935
427 -1422208932
428 28340488
429 1478889929
430 -1337187438
431 141702506
432 311745503
433 311745515
434 311745534
435 -260248367
436 363242700
437 363242720
438 726485421
439 1192722484
440 1919207915
441 -456551472
442 1462656451
443 549553523
444 -820100866
445 -270547324
446 -1090648185
447 -169086392
448 -169086391
449 -338172780
450 -338172761
451 -1014518304
452 -1014518298
453 1589585165
454 -777624180
455 -1217075602
456 -1419632898
457 -1824747514
458 -944112889
459 1526106896
460 415505302
461 415505315
462 415505331
463 1246515967
464 -275828484
465 -2077763854
466 -2077763845
467 139439610
468 278879218
469 278879231
470 -1380565776
471 1533835748
472 850468049
473 1003738037
474 2007476067
475 2007476068
476 -280015152
477 1727460930
478 -2123798632
479 -956367998
480 -1352705690
481 1309540769
482 1309540778
483 -1675885739
484 943195815
485 576850866
486 -1831724806
487 -678023083
488 -989701205
489 -989701199
490 1637541810
491 -1019883659
492 617658164
493 245615119
494 863273284
495 1108888421
496 1972161712
497 -1213917144
498 -1213917138
499 653215863
500 -1774618418
501 -1121402543
