0 0
1 7
2 23
3 31
4 75
5 138
6 140
7 399
8 697
9 1382
10 1391
11 4018
12 4036
13 8059
14 12115
15 12135
16 36365
17 68676
18 129304
19 197993
20 432353
21 828338
22 828350
23 1656694
24 3313396
25 7059149
26 13685947
27 25715199
28 49773701
29 99547410
30 188722273
31 377444533
32 741203118
33 1118647664
34 -2057671967
35 179623361
36 -759400931
37 -759400925
38 -1339178485
39 1616610327
40 277431851
41 -963938157
42 930104028
43 1860208052
44 1860208059
45 1860208078
46 1285656894
47 -1723653499
48 -1012547749
49 1558766051
50 108221707
51 216443415
52 1883431188
53 1883431189
54 1355326263
55 827221345
56 1870886105
57 -241533579
58 1629352543
59 1387818980
60 -1519329345
61 1497842196
62 1497842205
63 1497842221
64 67048972
65 -1232233892
66 -1232233887
67 -899576582
68 -899576575
69 -1799153140
70 -535572869
71 161088150
72 -374484718
73 -213396552
74 -213396545
75 -801277795
76 -801277787
77 1891133903
78 -138214761
79 951641365
80 1903282733
81 -488401834
82 -1928445021
83 299862496
84 -2116984352
85 -2116984333
86 60998621
87 121997241
88 182995864
89 304993124
90 670984860
91 670984878
92 670984889
93 2012954633
94 -1611027758
95 -1611027751
96 132868905
97 132868908
98 132868913
99 265737830
100 398606757
101 797213509
102 1594427010
103 -1238982187
104 355444843
105 1906709935
106 -2032812515
107 -126102578
108 -252205150
109 -504410294
110 -1008820599
111 370616176
112 -1142614715
113 2009737878
114 1237739341
115 2104862513
116 285373914
117 200131648
118 1542878015
119 1542878027
120 -1009079599
121 533798445
122 -475281141
123 -475281140
124 -475281130
125 -1425843410
126 -1901124536
127 967999358
128 -933125173
129 34874190
130 34874196
131 34874208
132 -828502563
133 -758754146
134 -758754129
135 1983830679
136 -327305936
137 -689486086
138 967038674
139 277552599
140 1244591288
141 1244591308
142 -1805784693
143 1927989196
144 1366795821
145 -316784356
146 -1878160010
147 2100022935
148 2100022946
149 -923069946
150 1176953009
151 158961652
152 -1782099616
153 -446184947
154 -2069322897
155 156321503
156 312643004
157 466324348
158 -1580218980
159 -801251621
160 -1602503235
161 1891212442
162 -2092761377
163 -201548933
164 -403097866
165 -403097849
166 -403097836
167 -403097835
168 -403097823
169 -1209293474
170 1473282491
171 -139108793
172 -139108780
173 1195064932
174 1055956153
175 -848881287
176 1402139807
177 1609214674
178 118527002
179 -2013967085
180 1115914410
181 829689021
182 -68363649
183 -18200290
184 -154927591
185 1704111920
186 -2002657870
187 -540037461
188 -993510991
189 758760991
190 -1073333396
191 -314572389
192 -1622655770
193 1284405757
194 -967394799
195 -1305644807
196 -988633835
197 2000688655
198 -293589985
199 -1554574764
200 -836109912
201 1610692638
202 927106643
203 1701689387
204 -891588530
205 -947067150
206 -1894134300
207 -1103993944
208 349771910
209 1646610965
210 892388936
211 -1755967392
212 -863578440
213 -80545928
214 -944124349
215 1543140131
216 599015794
217 1198031577
218 1797047388
219 842267611
220 -457620717
221 -457620716
222 1724073584
223 808832167
224 -1762061530
225 770844231
226 -182385115
227 -364770241
228 -547155350
229 -323466466
230 -1235392044
231 -1235392033
232 588791166
233 2089507925
234 1442907070
235 1650422093
236 887869811
237 887869813
238 1775739635
239 1775739648
240 1032251616
241 1032251629
242 -2086082247
243 -2086082233
244 1155054456
245 -931027760
246 346829527
247 -584198226
248 -1168396442
249 -1752594656
250 205579756
251 -1547014887
252 32541078
253 32541084
254 32541087
255 32541097
256 -1416850531
257 -1319227247
258 -1319227244
259 -1319227238
260 1656512818
261 576947863
262 -1724221047
263 -2129214835
264 -1619975194
265 -601495908
266 2073496209
267 -147974874
268 1324025429
269 -1646916428
270 1602630356
271 1131764501
272 -1883463424
273 850931436
274 1701862874
275 669330893
276 -1072842092
277 -1072842085
278 -1072842078
279 -1072842062
280 -2145684122
281 -2145684110
282 1080040148
283 10797169
284 1094436387
285 1105233562
286 -1004460022
287 1195209944
288 190749942
289 381499878
290 762999748
291 1144499642
292 1144499652
293 -2005968000
294 -2005967987
295 -2005967978
296 283031344
297 -1439905305
298 -873842624
299 -1747685252
300 1673439429
301 -948088436
302 958885111
303 958885115
304 958885128
305 1928566936
306 -448630099
307 61624912
308 61624919
309 61624937
310 1664811625
311 1664811637
312 1664811654
313 699467627
314 -1930688004
315 2098402933
316 867182561
317 -895790514
318 2069794999
319 2069795002
320 -183985235
321 -1235153031
322 -1419138252
323 1456690782
324 -1197600494
325 259090294
326 518180601
327 518180621
328 97851028
329 616031669
330 1232063320
331 1945946032
332 -1116957938
333 2061051431
334 2061051449
335 -172864399
336 483259291
337 -979427450
338 1392018900
339 412591460
340 412591467
341 1721033684
342 -1748750670
343 384874494
344 -1363876164
345 1567214966
346 203338808
347 791552110
348 994890936
349 994890939
350 -1310294484
351 679487402
352 1358974795
353 1358974814
354 -1212933827
355 874208710
356 874208729
357 874208744
358 1748417479
359 -1136857449
360 -1136857431
361 1223120075
362 -1050594797
363 -1050594782
364 -2014926932
365 265113441
366 1494559025
367 -1305849240
368 1683268810
369 122165118
370 1805433936
371 1805433945
372 -184514724
373 -184514709
374 -930963720
375 -1299993152
376 2064010442
377 -535975853
378 228041451
379 228041453
380 684124351
381 1140207259
382 2052373083
383 -1102386945
384 2090193406
385 2090193424
386 1975612940
387 758645539
388 -1560708811
389 1058969222
390 -2062448387
391 1730779327
392 -331669058
393 -1165077696
394 -1828415800
395 638135698
396 1939609513
397 -747417332
398 -747417320
399 -747417302
400 -302642438
401 -302642429
402 -2100119472
403 1892205398
404 -207914068
405 1684291344
406 1684291363
407 -1342212721
408 -1342212714
409 684157277
410 -658055418
411 26101860
412 52203729
413 104407465
414 182713056
415 -292629295
416 -109916219
417 -115424985
418 -335257426
419 -335257410
420 -895856027
421 -1681795831
422 931375637
423 -750420179
424 -750420175
425 1147850735
426 -1103409807
427 -525023773
428 -1231003010
429 1832961272
430 1832961286
431 1909895788
432 49848052
433 1959743844
434 1457481693
435 -827893701
436 254108391
437 -573785305
438 309911079
439 309911081
440 -527748444
441 -217837362
442 -435674715
443 -653512075
444 -1307024147
445 1680919003
446 -279617210
447 -559234417
448 -838851617
449 -1303808385
450 -2142659989
451 -549587108
452 -539939797
453 -1089526899
454 2115913506
455 2115913508
456 2115913526
457 -63140260
458 2052773269
459 1926492761
460 -315701265
461 -694542782
462 -1010244029
463 -1704786801
464 885393703
465 1455086125
466 -1069093778
467 -1443644777
468 -1057652418
469 -1057652398
470 -1057652378
471 1122010114
472 1122010120
473 128715471
474 128715476
475 1379441084
476 1508156578
477 -1149938680
478 1737658991
479 1737658995
480 -819649299
481 -819649293
482 -1639298589
483 1836019417
484 1836019432
485 393441671
486 -2065506175
487 -1672064485
488 557396655
489 1114793309
490 1672189973
491 1672315458
492 164331446
493 328662898
494 657325795
495 -1472331697
496 -815005892
497 -1301348886
498 1692269529
499 1692269540
500 1268184304
501 -1758598690
