0 0
1 5
2 7
3 17
4 33
5 67
6 110
7 228
8 457
9 803
10 1501
11 2764
12 4282
13 9359
14 13642
15 31551
16 54565
17 86133
18 172269
19 312985
20 571396
21 1197359
22 1197365
23 3451382
24 6417510
25 6417511
26 18681132
27 31516169
28 50197317
29 100394627
30 200789252
31 351381202
32 552170472
33 903551679
34 2108287247
35 2108287254
36 2108287272
37 -809350664
38 1298936625
39 411193200
40 900779179
41 -385121666
42 1416436679
43 -1951679890
44 -19585678
45 -554828873
46 -574414547
47 -1148829094
48 -1148829080
49 868065713
50 -1429592445
51 861367863
52 -848987934
53 -848987927
54 -1398134720
55 2060224586
56 2060224587
57 -174518121
58 -174518113
59 -349036228
60 -872590583
61 -1396144912
62 1502677462
63 -766058025
64 -659525462
65 -1425583473
66 1443800338
67 95310852
68 113527729
69 1652638928
70 1861477519
71 1861477534
72 1080626690
73 -2020186175
74 -1511571722
75 1843836092
76 -607295105
77 1999750398
78 -1058675895
79 666043779
80 999823192
81 1999646387
82 -629453932
83 -1924951634
84 1111107797
85 1111107817
86 1111107837
87 1408371820
88 -664379804
89 1855099868
90 526340250
91 -1169535144
92 1211904975
93 568710097
94 611079943
95 1748500134
96 -1366677106
97 1561613071
98 1561613078
99 1561613097
100 1561613098
101 584807943
102 -586933142
103 -586933139
104 -1173866261
105 -201311497
106 -1962110888
107 -216187612
108 154557904
109 2069915207
110 2069915213
111 2069915214
112 -155136849
113 -155136836
114 -155136835
115 -310273657
116 -310273643
117 -930820966
118 -1706505086
119 1657641261
120 -48863807
121 -1338822233
122 -1436549847
123 -1436549829
124 1691822856
125 255273035
126 510546072
127 -1837325329
128 -1326779255
129 -706462613
130 1190219207
131 483756607
132 2098375923
133 -1229078161
134 -1751693703
135 -882395923
136 -1764791862
137 1647779523
138 1647779537
139 1530767200
140 -2115828819
141 945705580
142 -1170123225
143 838300287
144 28821026
145 -1473125150
146 -606003819
147 -606003800
148 1638655555
149 426647939
150 853295891
151 1279943831
152 -1735079633
153 -1735079614
154 -910271577
155 1194480310
156 -1450870865
157 -341854082
158 1051371486
159 -741353443
160 -31836035
161 -31836024
162 -805025501
163 -868697559
164 -1737395109
165 883849128
166 1767698273
167 -759570752
168 -714116012
169 -559534464
170 -265522947
171 -265522944
172 1730700189
173 1465177259
174 -1364612773
175 -1364612768
176 -1364612765
177 -1364612755
178 201129009
179 402258028
180 -761225703
181 1407903120
182 1048935448
183 2097870905
184 2097870923
185 -1937354191
186 -2036579641
187 321033484
188 642066949
189 -1073479189
190 -2146958381
191 1716596689
192 -1503840868
193 1929352502
194 -4850056
195 420661598
196 -1949803237
197 -1949803225
198 395360848
199 1211383296
200 -1872200719
201 129904260
202 -1742296451
203 2021757689
204 279461251
205 -1993748352
206 -1993748334
207 307470629
208 -1686277687
209 -1071336437
210 -2142672872
211 1080958004
212 475638311
213 475638324
214 2032234642
215 1921796410
216 1691298408
217 -681872465
218 -1363744930
219 -2045617380
220 -2045617378
221 -1841884844
222 -1638152302
223 -1638152300
224 -619489598
225 -1442711735
226 -2062201316
227 1189227347
228 1189227361
229 -1745947926
230 632506797
231 -797187726
232 -721401480
233 -1518589195
234 1257788912
235 -1779389476
236 -521600555
237 1733176984
238 1211576443
239 1901552319
240 -1181838529
241 -1152100617
242 779189627
243 1558379257
244 -1957398398
245 380170490
246 -18848634
247 741492343
248 -854584180
249 -113091832
250 -967675995
251 -1212708297
252 2114583011
253 -1033477285
254 -1033477280
255 -2132755835
256 997131613
257 997131619
258 997131637
259 -1303572425
260 690690845
261 -612881576
262 -612881570
263 -1225763130
264 1843441026
265 82605605
266 1926046647
267 1926046653
268 1483172641
269 -885748000
270 -1771495986
271 1637723312
272 -1905268664
273 -1905268645
274 -1905268631
275 -1420838642
276 -936408609
277 -1872817230
278 1485741473
279 1550644308
280 1163568565
281 -1967830178
282 -2062843113
283 -1316460405
284 111402172
285 222804353
286 1249870323
287 267616451
288 1517486785
289 1517486787
290 480297423
291 480297428
292 -31782413
293 -1848668063
294 -1880450474
295 1494661209
296 2060509974
297 -173947345
298 -913743445
299 -1827486897
300 -854667707
301 699069265
302 699069281
303 1398138566
304 2097207849
305 -799620870
306 -201103185
307 -1000724039
308 -2001448086
309 -2001448080
310 -909756076
311 -909756071
312 -909756067
313 1857770219
314 1422021227
315 1460279316
316 -1374408666
317 -929305180
318 -1858610363
319 132643102
320 132643117
321 265286227
322 530572458
323 928501821
324 1989646728
325 -1376818729
326 -1376818721
327 164511114
328 -599479606
329 1106361366
330 -705425828
331 -34032942
332 -34032925
333 332869677
334 665739365
335 225117355
336 1189693491
337 1189693505
338 -691853901
339 1912650455
340 -1884477235
341 -663680678
342 -635507442
343 1111301942
344 -159712949
345 2062890943
346 1903178010
347 -12816783
348 -501428061
349 -501428049
350 -1344571229
351 1947539965
352 101540706
353 704509456
354 704509466
355 704509481
356 -2079898177
357 -1375388685
358 -1341758440
359 906940953
360 -1810206162
361 674554967
362 -228710239
363 -457420464
364 -1821781894
365 651403515
366 -1627798835
367 -976395301
368 1690773165
369 -262017453
370 -524034906
371 -786052346
372 -857726840
373 1865135765
374 -302678318
375 -605356625
376 -605356622
377 -1210713236
378 -1210713222
379 662827601
380 -547885604
381 -547885594
382 -547885584
383 2103424894
384 459768126
385 2015307449
386 -264352394
387 -2084244109
388 -2084244102
389 126479103
390 252958204
391 241564006
392 494522227
393 1115523557
394 2104568011
395 -1074875724
396 1029692294
397 1029692295
398 984508878
399 -1251073828
400 -1251073826
401 1792819658
402 541745841
403 816926730
404 1358672585
405 1358672590
406 -1577622106
407 -1577622105
408 -1577622101
409 -2015521118
410 -875798021
411 1403648169
412 1229674244
413 -1661644871
414 -1661644851
415 -689967297
416 281710286
417 563420567
418 563420569
419 1126841143
420 1845425281
421 85850551
422 -673429749
423 1257846098
424 670266911
425 1254683275
426 1254683279
427 -530917464
428 -1646251278
429 332197823
430 -1844970908
431 -1844970899
432 605025499
433 605025517
434 1815076513
435 1180156638
436 -89683121
437 -1389417250
438 -298943723
439 1217189058
440 918245351
441 1836490688
442 -323042194
443 1513448496
444 -1268070304
445 245378195
446 245378206
447 736134606
448 1226891018
449 -2086563446
450 -2086563434
451 1348731437
452 1470571871
453 1470571880
454 116748316
455 -1237075209
456 -1237075191
457 1820816905
458 -536585170
459 47156551
460 -489428611
461 -395115510
462 -1373972725
463 -1373972721
464 1151906359
465 1814384104
466 1592317756
467 263640942
468 1855958718
469 1855958726
470 -583049841
471 689859024
472 689859028
473 689859031
474 1486527247
475 -1321912789
476 854473508
477 854473510
478 -1731546774
479 -1344512532
480 2073381505
481 -1002677788
482 -1150882075
483 -1424690876
484 -1504869219
485 -788152645
486 -788152643
487 -788152631
488 -788152615
489 -362512445
490 -1938817671
491 1993637182
492 -307692917
493 -1403538460
494 -1403538456
495 1235016991
496 113884343
497 -1458175575
498 1378616144
499 1269341920
500 -1647009219
501 -457226721
