0 0
1 1
2 17
3 38
4 68
5 139
6 256
7 268
8 273
9 1017
10 1827
11 3137
12 6535
13 12796
14 24308
15 43655
16 87298
17 87309
18 255371
19 429993
20 903633
21 1589006
22 2492657
23 5415291
24 7907957
25 7907959
26 21231216
27 37047133
28 79509570
29 116556717
30 116556726
31 233113454
32 349670182
33 582783653
34 1282124028
35 1864907690
36 17631720
37 -197850008
38 1684689415
39 -925588472
40 578882666
41 1337983611
42 1916866286
43 297866217
44 -742251176
45 -1484502350
46 -1484502339
47 881577659
48 -2087427022
49 -622137925
50 1585402364
51 963264455
52 720679535
53 1683943996
54 -927079300
55 -268756239
56 -268756237
57 940031770
58 -524559996
59 146715551
60 146715564
61 293431124
62 1002334014
63 1002334015
64 -1703437026
65 594662140
66 895893158
67 -212881725
68 576570577
69 1854244168
70 -586478975
71 1267765204
72 1267765219
73 -491671677
74 -983343347
75 -1475015007
76 1836608948
77 361593950
78 -2096764397
79 -1735170443
80 824626409
81 824626420
82 824626421
83 -1358055579
84 1115823691
85 -242231873
86 340162675
87 1213754512
88 1069453439
89 -1671596654
90 -1671596639
91 -1059985338
92 -2119970674
93 -556585335
94 558425967
95 1116851929
96 1118692569
97 1118692577
98 -940730211
99 -1881460414
100 -584805459
101 -1169610937
102 659090504
103 -510520416
104 807660591
105 -213380255
106 -426760501
107 -640140740
108 -640140723
109 -1280281458
110 1307643882
111 -1679679525
112 -372035623
113 1630473851
114 -393878861
115 -815120142
116 421474862
117 -393645276
118 -1181169401
119 -1153339807
120 1173167551
121 -1133512051
122 2000113605
123 2039769113
124 -255084560
125 -1643681183
126 2141116991
127 497435826
128 -1515411089
129 -1515411074
130 -1515411073
131 246169894
132 -5096034
133 -1274337210
134 -1279433227
135 -1279433214
136 -1279433204
137 -1279433193
138 -2097102738
139 1375099033
140 1014097212
141 2028194420
142 2028194436
143 -238578429
144 1912039380
145 1434882512
146 -1186623821
147 1921719660
148 -212949562
149 1708770118
150 1495820558
151 -1090376610
152 405443959
153 -1775309259
154 744348770
155 -625516516
156 -1656476992
157 1387457278
158 1387457296
159 492921083
160 492921090
161 985842187
162 -935825627
163 -1871651260
164 -1328713600
165 1637540095
166 1796316910
167 -702333471
168 -468841320
169 -1171174773
170 -1640016076
171 2108918573
172 2108918583
173 937804988
174 860674856
175 -387568864
176 1333780850
177 -1550275447
178 -604063453
179 -820558032
180 -1641116072
181 1012735149
182 -2053002392
183 188962498
184 981988462
185 981988477
186 -2142027856
187 -178050904
188 -167139313
189 1807749229
190 302519637
191 302519655
192 302519660
193 -1579659095
194 -672100138
195 -672100131
196 -1344200258
197 26907685
198 26907695
199 1660382155
200 1660382156
201 -974202971
202 686179202
203 686179209
204 686179217
205 1084334670
206 -2126297964
207 -2126297952
208 -1795902813
209 16982463
210 389749011
211 -1389171324
212 1516624637
213 517202327
214 2033826976
215 -1616484660
216 1061997976
217 -554486682
218 507511313
219 1432364925
220 1939876256
221 1939876263
222 -415214761
223 1109446704
224 -1660859089
225 973249123
226 -687609947
227 -1375219895
228 -2062829823
229 -518302327
230 1713835166
231 1195532845
232 -1046984024
233 1344081672
234 -1606803951
235 -1309706298
236 -1423879742
237 1298658993
238 1298659004
239 1298659013
240 -1697649264
241 774448011
242 375457774
243 375457784
244 750915559
245 1501831119
246 -2042220603
247 585983867
248 1171967743
249 1757951623
250 -1365047918
251 1564871464
252 199823562
253 1764695034
254 -2130625138
255 33717012
256 -132389521
257 -464602605
258 -563275110
259 -1126550207
260 2041866866
261 -112561052
262 239480499
263 239480500
264 239480505
265 478961020
266 1084841474
267 1084841490
268 -1167362290
269 -1167362272
270 313919435
271 313919455
272 -1706885670
273 -1706885658
274 -1706885646
275 -511770212
276 369425785
277 -968034097
278 -968034077
279 -1936068169
280 792256750
281 -1143811400
282 -351554637
283 -351554617
284 -1054663899
285 -2109327799
286 779420985
287 1558841976
288 -1956704329
289 -1727769150
290 839428998
291 1449922826
292 1449922835
293 -555692620
294 -555692615
295 338537617
296 -217154994
297 -217154977
298 -95772350
299 -312927310
300 -408699640
301 -1251709266
302 -1660408898
303 661222190
304 2044071324
305 -1589673781
306 -1796498420
307 -1342100864
308 -2022979540
309 929886910
310 1859773807
311 766681193
312 -1668512295
313 -135149924
314 -1036981019
315 -2073962035
316 147043221
317 147043225
318 1342960777
319 -1473895822
320 16108198
321 -114826845
322 -114826835
323 -213545480
324 -443199147
325 -870290092
326 -870290084
327 1897642499
328 -499682299
329 -499682296
330 -499682278
331 -999364559
332 -999364558
333 -1998729110
334 1296873644
335 1296873646
336 595018182
337 190671814
338 -915530008
339 1167033643
340 1167033658
341 1609209127
342 -351690862
343 1257518285
344 -612897083
345 -612897077
346 -612897076
347 -1838691227
348 -1838691212
349 -608209292
350 -603521504
351 -603521487
352 641023806
353 1282047613
354 1282047618
355 1282047625
356 192199373
357 384398744
358 576598129
359 1153196247
360 1153196259
361 -835378528
362 -835378519
363 1212233592
364 1847869067
365 -2070243152
366 154481008
367 308962010
368 -1606800130
369 -1297838102
370 -216471056
371 1482820021
372 -1329327238
373 153492801
374 306985589
375 -868848846
376 -254877669
377 -1123726507
378 -1378604156
379 668910136
380 668910148
381 -1164510364
382 -495600211
383 -1660110555
384 -1660110552
385 -16454232
386 -16454222
387 -1693018993
388 -751181243
389 -751181223
390 1066677388
391 -2128704053
392 -1813207878
393 -82629704
394 1337103053
395 -1620761193
396 -366287837
397 -649945968
398 -1016233785
399 641738528
400 -1024441208
401 -2048882415
402 1221643676
403 -1851679929
404 1616048629
405 -1062870036
406 -1298501320
407 -745322713
408 952641945
409 952641957
410 1159961201
411 2112603163
412 137558261
413 137558275
414 275116540
415 -472169836
416 -197053293
417 -669223119
418 -866276406
419 -1929606113
420 632808372
421 1265616756
422 -897457381
423 368159388
424 736318778
425 736318796
426 -2086010947
427 -245213984
428 -245213977
429 -490427947
430 1964419247
431 -1102447598
432 861971662
433 861971672
434 2095487040
435 -475536907
436 1619950138
437 1144413250
438 1144413261
439 -861727547
440 -1247918192
441 1799130911
442 833898437
443 1385111165
444 -1524744969
445 -139633787
446 -279267579
447 -558535152
448 -837802717
449 -1675605439
450 -1675605431
451 -452581436
452 491175006
453 144547280
454 144547284
455 289094569
456 289094583
457 289094597
458 578189193
459 578189199
460 1156378407
461 -1982210494
462 -825832083
463 -495285776
464 -495285761
465 -495285748
466 1067448
467 1067465
468 1067481
469 -492083338
470 -488880933
471 -488880923
472 -977761851
473 1848427737
474 -599179291
475 271486610
476 1520735071
477 2063708295
478 -710523910
479 1353184386
480 -67863447
481 1285320947
482 1217457510
483 -1860052272
484 -642594757
485 -642594754
486 -1927784271
487 439398762
488 -2130980246
489 -1691581470
490 911804344
491 -779777106
492 1043831593
493 1175858834
494 1439913331
495 -503336287
496 -503336284
497 433240764
498 866481540
499 1299722313
500 1299722319
501 1299722335
