0 0
1 7
2 26
3 39
4 54
5 70
6 144
7 276
8 510
9 527
10 1463
11 2516
12 5036
13 9556
14 19105
15 28667
16 47785
17 76468
18 152937
19 152953
20 458812
21 764706
22 1223532
23 1223538
24 1223539
25 1223541
26 3670628
27 6117724
28 9788359
29 9788378
30 29365109
31 39153492
32 78306990
33 156613972
34 303439574
35 538360537
36 1115874572
37 -2102371639
38 -2102371636
39 90224036
40 1296322649
41 1386546705
42 -1431649876
43 -45103163
44 1296340365
45 1206134037
46 -1882699226
47 -856977849
48 -282305822
49 1272984411
50 133700755
51 -1615297722
52 -1347896217
53 1331773359
54 -1497719823
55 -165946447
56 -165946432
57 -165946414
58 -165946407
59 -331892812
60 -995678499
61 -1825410551
62 -1825410540
63 644146209
64 1288292415
65 1580906346
66 -1425768518
67 1443430251
68 17661751
69 1616229845
70 1651553340
71 -1009522347
72 642031001
73 -1377013695
74 -1744505040
75 805957221
76 1979405790
77 305875290
78 -1203728994
79 1887509327
80 989655640
81 1673435974
82 -948095330
83 1714996297
84 1022534624
85 -1557436371
86 -534901736
87 -302902514
88 -1372705985
89 -1372705968
90 -845685277
91 -133934172
92 1942641881
93 1808707716
94 -677551852
95 1131155882
96 1131155892
97 -901499638
98 -901499623
99 -1802999257
100 688968794
101 688968801
102 1377937603
103 51376335
104 1004252279
105 -1172432259
106 -1172432250
107 1950102801
108 777670567
109 -1567193923
110 -11852795
111 1148726663
112 -430320039
113 -860640081
114 -1721280155
115 -1875366393
116 -1875366376
117 -2037685708
118 -1493451164
119 763830429
120 -347705506
121 -347705490
122 68419434
123 -1356612280
124 -1983603828
125 675465136
126 675465141
127 675465154
128 42791606
129 1393721910
130 -1507523470
131 -71009951
132 -142019888
133 -213029828
134 -213029817
135 -213029797
136 -852119280
137 -852119262
138 -2130298141
139 1312549913
140 -817748216
141 494801702
142 -322946506
143 666656913
144 666656923
145 1333313850
146 -1951286098
147 -617972242
148 -617972232
149 -617972217
150 -1853916683
151 -1853916665
152 587133953
153 1174267909
154 1761401867
155 1761401887
156 -864678343
157 -1636841867
158 1021283547
159 -615558313
160 -615558295
161 -209833056
162 -2056507981
163 1413067972
164 -2084389664
165 -2084389657
166 -517252015
167 1693325644
168 1693325663
169 -1425568002
170 1443831296
171 1711588974
172 -1139547011
173 590305266
174 1180610526
175 -1952009529
176 -1320640741
177 -2092039741
178 -1069722713
179 1133204858
180 945768964
181 -1082788623
182 -73537502
183 -147075003
184 775572705
185 554960216
186 1330532932
187 -1633901433
188 -1633901425
189 -1382309694
190 1530347906
191 1175202669
192 -1589416704
193 -1900077238
194 -1900077233
195 494812831
196 494812847
197 1484438522
198 573986978
199 573986992
200 -1167741942
201 -1167741932
202 296928624
203 296928643
204 -1741626606
205 -1444697946
206 1108642763
207 -336055164
208 -336055153
209 -672110309
210 -672110303
211 -2016330921
212 598360626
213 1196721243
214 -893359342
215 -1114608391
216 -212885851
217 -1327494226
218 -1540380076
219 -793760585
220 420446572
221 -373313994
222 680464990
223 680464999
224 680465009
225 1360930011
226 -1265956261
227 1455903777
228 -2063624750
229 -607720958
230 1813569117
231 598127193
232 598127208
233 338477812
234 338477832
235 676955664
236 -1744801585
237 -390890268
238 -1120258353
239 1715972770
240 204824155
241 800538585
242 1601077161
243 27445385
244 27445387
245 -1838460768
246 -1811015370
247 -1993508187
248 -1348017015
249 1626378655
250 -1069655376
251 556723290
252 556723296
253 1670169882
254 1670169883
255 -910836312
256 -752017238
257 -1662853546
258 969260208
259 -693593335
260 275666877
261 -417926455
262 -1529446235
263 1929668149
264 -17704536
265 382517380
266 765034772
267 1147552162
268 -2017567503
269 259832281
270 259832291
271 259832307
272 779496884
273 1558993781
274 -1956476613
275 -1956476603
276 1941007864
277 -15468727
278 -30937451
279 1894601694
280 1863664246
281 -583107518
282 -1150746323
283 -1150746313
284 1993474678
285 972538785
286 972538789
287 1637059631
288 129898277
289 1410542873
290 827611073
291 -2056813334
292 311238893
293 -1745574429
294 1631429511
295 -1859719345
296 575528599
297 -1284190728
298 -936951950
299 -1873903898
300 199920738
301 975370071
302 1375211534
303 -260353492
304 1114858052
305 -2065251195
306 -950393137
307 1279322972
308 -621463293
309 657859694
310 657859710
311 1315719412
312 1973579136
313 -1005668728
314 -1005668708
315 1277961124
316 -1739045047
317 -461083913
318 -1927836524
319 1906046863
320 -943957495
321 962089383
322 18131900
323 18131915
324 18131935
325 18131947
326 1034617089
327 1107144795
328 2141761896
329 6688450
330 -4755056
331 -1044127205
332 -1044127185
333 -1044127178
334 1162585746
335 1162585762
336 -1969795777
337 -1969795773
338 1636420083
339 1636420092
340 1303044421
341 1303044438
342 -1688878432
343 -104916680
344 -1846253441
345 -1951170120
346 6793064
347 504336819
348 511129894
349 1519803521
350 -1752903985
351 -1752903983
352 -1752903979
353 789159354
354 1578318691
355 -1138329912
356 -1138329905
357 2018307496
358 2109125732
359 2109125734
360 -76715818
361 2032409935
362 1955694133
363 1955694148
364 -383579005
365 -767158013
366 498093914
367 1303051054
368 1303051057
369 1303051059
370 -385814125
371 917236953
372 -1157442347
373 -1157442343
374 -1397647721
375 -1397647707
376 102024133
377 -713188688
378 -268935018
379 -982123700
380 -1862223268
381 1181685317
382 1181685328
383 501147388
384 -1430449253
385 -428154474
386 -1357456331
387 -1357456315
388 -278549076
389 -1636005373
390 -762654262
391 1896307670
392 1133653419
393 -2027660465
394 -894007035
395 -1788014079
396 -1788014076
397 -175067890
398 1917171065
399 -45910891
400 -45910885
401 -45910873
402 -137732641
403 -275465286
404 -550930557
405 -826395836
406 -1790524304
407 851651321
408 -938872972
409 -87221633
410 -1964967587
411 -1964967580
412 -661062475
413 -661062465
414 -957092797
415 -957092779
416 1719719273
417 -194466288
418 -1049995046
419 -1244461320
420 -1726296142
421 274214799
422 -1452081327
423 -1177866525
424 1939234260
425 -690713584
426 -1107212374
427 -1797925943
428 699115410
429 699115419
430 699115433
431 1398230859
432 -799390155
433 598840717
434 1197681430
435 1796522154
436 -701922980
437 2091731184
438 687885223
439 -420751714
440 -1936102597
441 -1668969081
442 957029131
443 1914058271
444 -1154735986
445 1716351417
446 1763733767
447 -55559820
448 -55559810
449 -926001729
450 -1037121342
451 -310508928
452 2021335307
453 673705053
454 673705071
455 2021115175
456 -1600147047
457 1094673200
458 -505473831
459 -505473820
460 -1010947649
461 -1010947639
462 -1010947628
463 1262124383
464 -1770718528
465 -508594130
466 1255883756
467 -772252139
468 -24962498
469 -797214620
470 -847139611
471 -847139596
472 1803473474
473 -712982839
474 -1401003185
475 -2004791740
476 1132523413
477 -872268314
478 -1744536629
479 -1744536615
480 -66374249
481 999774905
482 867026403
483 1866801320
484 -627738903
485 1239062418
486 -1816842445
487 1528308809
488 1528308816
489 1851098705
490 -1204093405
491 -591344367
492 -591344363
493 -1182688718
494 -1718372131
495 1393906452
496 1605124174
497 -493374581
498 -395404796
499 2110251268
500 -74464765
501 1147007142
