0 0
1 4
2 6
3 7
4 17
5 26
6 59
7 128
8 240
9 472
10 854
11 1771
12 3103
13 4884
14 7995
15 17756
16 30640
17 48415
18 79069
19 175888
20 254971
21 430870
22 861747
23 1802565
24 3095183
25 6190382
26 9285572
27 21235460
28 41609170
29 72130207
30 113739392
31 257999812
32 257999821
33 257999836
34 773999486
35 1031999333
36 -1972968815
37 -940969474
38 -849939631
39 1563088713
40 713149093
41 -1487640100
42 788597710
43 1577195434
44 -1929174137
45 436619027
46 436619029
47 873238059
48 -182698011
49 -182697992
50 944461086
51 579065091
52 1340828197
53 1340828216
54 -1613310873
55 -1703095561
56 978560879
57 -997017328
58 -1721552005
59 851863287
60 1703726578
61 -1739377428
62 816212440
63 -89127108
64 691434488
65 1382868983
66 1985176367
67 -324614547
68 -560102000
69 1100459827
70 -711178657
71 -495435371
72 -990870746
73 -990870732
74 1817790453
75 -1370565033
76 -2029951412
77 730499840
78 -1299451567
79 325499129
80 -973952420
81 -973952413
82 -973952404
83 399157631
84 1772267710
85 1197472950
86 -1900021402
87 1468876897
88 -431144502
89 2107451669
90 1676307186
91 1676307196
92 -942352908
93 -942352900
94 -208398608
95 1259509984
96 1051111396
97 2102222778
98 -1032874627
99 1069348154
100 -1105159585
101 -35811423
102 -71622842
103 -1176120322
104 -1319366003
105 1692046715
106 -910873858
107 -1785936291
108 794717551
109 -1529411868
110 863462845
111 128768539
112 257537082
113 1249768480
114 1507305578
115 -1280356139
116 1476717938
117 196361805
118 -1145169630
119 527910133
120 -617259490
121 -1038157174
122 -1127506513
123 1512044138
124 -653619541
125 -653619529
126 -1307239054
127 -1960858578
128 -280369402
129 -280369396
130 1773369927
131 -748227437
132 1025142496
133 1489546189
134 -1780278597
135 -1780278587
136 734410118
137 -311458378
138 -311458375
139 111493367
140 111493376
141 111493378
142 23021748
143 357501872
144 380523635
145 738025526
146 1610566166
147 -1185328340
148 1901288870
149 -1968440586
150 358086122
151 290934423
152 -1319420028
153 -1319420012
154 1947061683
155 1947061696
156 -1720263913
157 -1720263906
158 -865824447
159 -865824438
160 -865824423
161 1697493989
162 -34154870
163 -934134174
164 729204956
165 592585479
166 387656270
167 1709446708
168 -1810208038
169 879480435
170 -930727589
171 -51247147
172 -51247140
173 -1963949470
174 -2117690910
175 -819894956
176 -606568031
177 -1264383195
178 -1870951219
179 -266830103
180 892802793
181 1179037551
182 -1330324172
183 -1396265147
184 1568377994
185 172112866
186 192939111
187 365051994
188 557991119
189 923043123
190 2039025361
191 2039025363
192 1629169668
193 -1401679946
194 -1401679932
195 -1401679925
196 -536844769
197 954762690
198 954762694
199 1909525402
200 -475916508
201 -475916504
202 -1427749518
203 -1427749509
204 -1427749495
205 -1427749488
206 11718820
207 23437641
208 46875278
209 1521500060
210 1521500079
211 -1205091863
212 316408219
213 -2093775506
214 -2093775500
215 107416304
216 214832609
217 214832622
218 -1556693947
219 -1556693946
220 -1556693928
221 -375114514
222 -750229020
223 -1125343517
224 -1875572526
225 -1387986208
226 -93934953
227 -93934937
228 -1575856093
229 1143255112
230 -2008457068
231 1759974327
232 1759974335
233 1759974347
234 984955720
235 -1550037213
236 -1550037206
237 1404829999
238 1404830010
239 1404830030
240 -80477239
241 -1565784488
242 -1565784485
243 -1807216170
244 680534954
245 -43760122
246 1558741476
247 388300145
248 1903281519
249 -488404269
250 -976808542
251 -1909856960
252 1408301803
253 1408301811
254 -70061868
255 -140123736
256 -1688549278
257 917868742
258 917868752
259 917868769
260 917868786
261 1835737575
262 -623492164
263 2130114215
264 -34738869
265 -987346537
266 -987346519
267 -1974693051
268 -1974693048
269 345581209
270 -1629111833
271 -937949410
272 -1875898830
273 1481119066
274 1481119081
275 148389927
276 1629509027
277 -1035949254
278 -2071898514
279 151170271
280 -1920728237
281 -1769557949
282 1942970921
283 -1596144976
284 346825958
285 346825961
286 693651933
287 1040477903
288 1040477922
289 -1520359524
290 -1520359510
291 -1520359497
292 1254248300
293 -266111185
294 -532222376
295 -532222368
296 -1330555912
297 1899966648
298 37188385
299 606599127
300 1213198257
301 1856985788
302 1856985802
303 632202553
304 1871004240
305 -1791760496
306 711446300
307 -1080314190
308 2134338928
309 1765471053
310 -764025191
311 -764025172
312 -764025169
313 1607734466
314 1607734477
315 -1843523516
316 -235789027
317 -471578052
318 -707367072
319 -707367053
320 -707367041
321 1701288083
322 -420813077
323 -134259079
324 -555072149
325 -689331208
326 -98187425
327 -98187410
328 -1575037266
329 -1673224672
330 160999320
331 -1512225332
332 -304520650
333 -609041291
334 -913561924
335 955618115
336 -566985099
337 388633020
338 -745337168
339 -745337155
340 -1102041292
341 -1847378429
342 -1847378421
343 -1992505155
344 455083730
345 -1537421406
346 -627253938
347 2130291971
348 420700366
349 1923738419
350 -1950528502
351 -26790069
352 -26790050
353 -80370191
354 -160740379
355 -241110552
356 -509011158
357 -750121703
358 -1500243396
359 1294480503
360 -205762874
361 -205762862
362 -205762846
363 677191941
364 677191947
365 677191962
366 1354383918
367 -1114770366
368 916805529
369 1156419088
370 2073224637
371 -1065323558
372 -1213841589
373 1867284120
374 -1477204585
375 -1889085597
376 928677117
377 1857354243
378 896945777
379 -611990142
380 -611990130
381 -327034478
382 1203285280
383 -347729464
384 855555817
385 1711111637
386 -1728299827
387 1693923444
388 -2110405687
389 421885401
390 421885402
391 -1266634867
392 1761697552
393 -771572184
394 145375918
395 290751826
396 -335444434
397 -44692601
398 -44692600
399 -134077793
400 -558907408
401 -782370396
402 -1564740778
403 1210178335
404 1210178355
405 -1874610596
406 545746105
407 -1328864486
408 -1328864480
409 -1328864467
410 1637238354
411 1637238358
412 616747782
413 616747783
414 213005001
415 213005016
416 1659505599
417 1659505608
418 -975956070
419 -1525902134
420 1030158028
421 1847311041
422 -1417498211
423 -1041887339
424 418083536
425 -2041302001
426 212363284
427 -1410855162
428 1055173429
429 2110346853
430 -1129447005
431 -1129446987
432 2036073323
433 906626340
434 683805688
435 1590432044
436 1590432060
437 -430297489
438 -860594992
439 299539587
440 -561055398
441 -1552408279
442 -2113463664
443 -493015449
444 1688488191
445 1824568108
446 -781910983
447 124666216
448 124666230
449 249332454
450 249332458
451 249332471
452 498664947
453 1246662344
454 1246662364
455 1246662383
456 1246662400
457 691682202
458 1938344605
459 828384304
460 828384317
461 -699854060
462 -699854059
463 -1399708106
464 -1142647600
465 1181287801
466 -2060921947
467 -2060921932
468 1354411236
469 1354411242
470 -1413021390
471 1468924517
472 55903137
473 55903152
474 167709421
475 167709439
476 167709441
477 559031472
478 1062159789
479 1062159790
480 -1443906790
481 1407153709
482 1025406714
483 -1181994069
484 -156587342
485 -313174688
486 780804341
487 311042315
488 311042334
489 622084656
490 1711798973
491 -558194659
492 2086731307
493 -432547007
494 -1487178677
495 -1919725683
496 -1919725672
497 -1464209734
498 1799094828
499 334885110
500 334885112
501 -915070343
