0 0
1 5
2 6
3 19
4 36
5 85
6 124
7 272
8 486
9 977
10 1877
11 1894
12 1910
13 1916
14 8579
15 8586
16 17172
17 38172
18 38178
19 102122
20 140305
21 318795
22 637586
23 637592
24 1734283
25 3328260
26 3328269
27 9028416
28 9028433
29 9028444
30 27085298
31 57498866
32 84584171
33 178196789
34 356393570
35 676673402
36 1353346811
37 -1730356721
38 -377009905
39 -377009902
40 -1131029697
41 679561076
42 -828478511
43 -2033966921
44 1432521871
45 -1429923548
46 -2031368584
47 -596248383
48 -364018255
49 1305930413
50 1179338944
51 1525002739
52 1525002742
53 1525002752
54 -1244961783
55 -964920835
56 2085084681
57 -1369759729
58 -249595880
59 -1619355608
60 1056256090
61 -563099511
62 493156597
63 493156604
64 -139885817
65 -139885801
66 -139885795
67 566655792
68 566655796
69 713654195
70 1846965795
71 -1167691497
72 -1167691482
73 791892809
74 -375798658
75 -1919288817
76 -1503194647
77 1288577988
78 1288577999
79 -845327461
80 1731828544
81 -2119888213
82 55190883
83 -2064697321
84 165572657
85 165572661
86 165572674
87 331145346
88 496718038
89 993436071
90 1490154117
91 1490154129
92 506640413
93 682135480
94 1188775894
95 1870911392
96 1443650024
97 1397145910
98 -2007315875
99 -610169949
100 1677481483
101 457141575
102 2134623068
103 1651760305
104 1626039141
105 -1017167835
106 100287400
107 709158724
108 809446130
109 601724429
110 2120329284
111 2120329301
112 -54308700
113 -54308686
114 2011711929
115 -271543439
116 1685859821
117 -868938975
118 -868938965
119 -323561540
120 -323561534
121 -323561525
122 -323561522
123 -1294246102
124 -1294246085
125 1382913601
126 -1205578584
127 1883810135
128 1883810155
129 -1644258055
130 239552101
131 -1932052944
132 -1452948740
133 909965625
134 -542983109
135 -1085966204
136 190981941
137 -894984249
138 -894984244
139 -1789968485
140 -1789968475
141 -179953907
142 -1969922381
143 -1969922371
144 -1614799819
145 -1259677274
146 1420490210
147 871058058
148 871058073
149 871058087
150 -1681793073
151 -1943095921
152 670078303
153 -1212694529
154 1809255153
155 596560629
156 1863199575
157 -1238646448
158 1817674393
159 -1852739765
160 589487775
161 554422419
162 -129801619
163 -838631183
164 -838631173
165 -1677262351
166 -1677262335
167 940442626
168 -736819692
169 -736819675
170 2084508235
171 610868878
172 -1599590170
173 -1599590150
174 -503803196
175 -1007606401
176 -1511409586
177 1272148118
178 -239261454
179 -1486129312
180 1322708673
181 1322708684
182 -1649549921
183 -490261862
184 505605586
185 1011211172
186 -622995023
187 -622995021
188 -219435135
189 -219435118
190 -219435099
191 -658305351
192 -877740446
193 -877740443
194 1881181064
195 1003440641
196 1129140818
197 2132581473
198 973636261
199 973636276
200 1947272549
201 -400422192
202 -400422177
203 1146428194
204 746006026
205 -1256104891
206 -510098853
207 126230484
208 126230492
209 -1513742762
210 1267481786
211 6200008
212 -240060950
213 1033620857
214 793559924
215 1587119841
216 -880666662
217 706453190
218 -1054880142
219 -1229093604
220 1836780080
221 -447193652
222 -187934125
223 -27441296
224 -27441283
225 -690010354
226 -690010336
227 -1434903260
228 -1434903246
229 735150467
230 1470300927
231 -2089515893
232 1541096295
233 -548419594
234 992676714
235 -104162464
236 888514251
237 888514262
238 888514269
239 -1629424508
240 147604031
241 -593306204
242 -298098142
243 -298098129
244 -1041898436
245 -1041898416
246 1021667983
247 -20230419
248 -40460844
249 -40460828
250 920515911
251 839594245
252 1719649340
253 -815207796
254 1744035805
255 -1646489935
256 1841581673
257 1841581680
258 -514258054
259 -1126061979
260 201261649
261 201261666
262 -1237796712
263 -835273387
264 1498358548
265 -373449878
266 -373449861
267 -1321611289
268 -1695061145
269 2029753681
270 2029753685
271 2029753688
272 -1222378671
273 -1457838591
274 1614750039
275 1614750055
276 1614750069
277 1614750077
278 706194366
279 -1424739985
280 -1424739974
281 -2143285588
282 1623146212
283 1623146216
284 -1048674850
285 574471374
286 1148942756
287 674739295
288 1823682066
289 -647603174
290 1850818189
291 1203215024
292 -64855185
293 -1953392429
294 -815032582
295 1526542291
296 -103522870
297 607986858
298 504463992
299 504463995
300 1008928004
301 2017856009
302 -259255278
303 1758600750
304 231162191
305 462324400
306 -1842879942
307 -1380555531
308 -1380555519
309 -309023687
310 1224832566
311 -1845302164
312 -620469595
313 -1549962864
314 -1549962860
315 -1270730185
316 1474274260
317 203544087
318 407088164
319 610632264
320 -1599428501
321 -988796221
322 -1570504283
323 136238306
324 1871905116
325 2008143433
326 2008143442
327 2008143460
328 -693599134
329 -972279508
330 -1665878626
331 684529654
332 -639084149
333 45445524
334 1747700211
335 1793145754
336 -663230291
337 -2010990242
338 912070971
339 912070984
340 1824141966
341 -646683359
342 -1293366715
343 -1940050062
344 1061550534
345 -878499516
346 -878499503
347 1659468755
348 -97530249
349 -195060507
350 488378502
351 488378504
352 -1951332282
353 -1267166012
354 -1267166006
355 -1267166001
356 493469295
357 493469301
358 493469313
359 213241928
360 1693649852
361 -1894606184
362 999224221
363 -895381955
364 116127876
365 -779254066
366 -663126183
367 -1326252372
368 -1989378547
369 316210206
370 -146833654
371 1148712943
372 1148712948
373 -1997541402
374 469261049
375 -379567397
376 -759134786
377 -759134777
378 -1518269546
379 -1518269532
380 -1518269515
381 -259841280
382 -259841279
383 -259841277
384 478904423
385 -40778132
386 178285030
387 356570053
388 713140116
389 1069710175
390 -1977261918
391 -907551725
392 -745393283
393 -1652944990
394 -988184608
395 -988184600
396 -987291904
397 -987291892
398 -1308930678
399 1998744745
400 2022012972
401 737243259
402 -1833188888
403 -1095945627
404 -1095945611
405 -1095945603
406 1007130471
407 181072049
408 1188202540
409 1369274592
410 -1556418112
411 -187143519
412 994987570
413 -748574060
414 -1497148112
415 -1437878112
416 1606354601
417 -1328671615
418 -1328671604
419 1637624082
420 586635479
421 -2070707731
422 -1175119759
423 -1021567922
424 2098279627
425 -98408047
426 -98408040
427 -196816069
428 683079560
429 486263508
430 874118971
431 1846645989
432 -601675330
433 2119089639
434 -930906988
435 1188182668
436 257275686
437 2031965677
438 370639388
439 -1892362225
440 767518546
441 1277761404
442 523557124
443 676474860
444 -1049655351
445 150376651
446 -899278688
447 -598525393
448 1897884532
449 1897884539
450 -1846625635
451 51258908
452 1401876959
453 -892687975
454 560447900
455 1069636887
456 1630084803
457 1630084811
458 34839209
459 34839225
460 69678441
461 -895440804
462 -790923129
463 -1547007039
464 1061596332
465 -485410704
466 576185629
467 576185649
468 576185654
469 -1990224720
470 -1990224710
471 2043074809
472 -785003305
473 1258071522
474 473068218
475 473068230
476 -832687805
477 113448663
478 -246170896
479 -492341800
480 -625064015
481 -625063995
482 -1875192031
483 1169647265
484 -1330608744
485 1008685781
486 847724318
487 1856410117
488 -1590832848
489 791378631
490 1904680225
491 -485606844
492 -2084515276
493 -2084515271
494 -2084515262
495 125936777
496 251873542
497 503747096
498 881557433
499 1763114857
500 1763114861
501 -768737573
