0 0
1 10
2 25
3 48
4 63
5 76
6 192
7 388
8 773
9 1493
10 2923
11 2943
12 8139
13 15513
14 15516
15 15517
16 54700
17 109395
18 195130
19 390275
20 765032
21 1155308
22 2615146
23 4535498
24 8305967
25 8305978
26 23762605
27 47525212
28 47525216
29 118813047
30 245932069
31 364745132
32 364745144
33 1141760613
34 -2058971280
35 -552465516
36 -1469676165
37 -2022141667
38 -666526709
39 1820153264
40 1956776028
41 -518037992
42 -1702602690
43 889761906
44 -1848916776
45 1633209754
46 674054900
47 674054901
48 -1313647737
49 1667671829
50 1667671830
51 -959623631
52 -959623621
53 -1919247244
54 -503150828
55 -46678015
56 -93356023
57 -93356006
58 -736540862
59 -736540843
60 -736540826
61 1898632741
62 -404345791
63 757746134
64 1515492277
65 1868892625
66 1868892638
67 1868892642
68 -1467764395
69 -156053769
70 -156053750
71 -312107502
72 -312107486
73 1890880406
74 1266665434
75 -1761636435
76 1083801932
77 -2127363430
78 -2127363427
79 1124042379
80 -1003321035
81 160961801
82 -1845680268
83 -1845680249
84 -238752448
85 364854343
86 126101902
87 126101917
88 617058180
89 743160117
90 1612422130
91 -1196224937
92 1776415493
93 -2102354599
94 -1522164041
95 -1848103128
96 598761028
97 -578893438
98 19867607
99 19867608
100 39735227
101 59602853
102 99338089
103 158940962
104 357617139
105 357617149
106 715234295
107 1688747647
108 -1890985339
109 512996620
110 310758934
111 621517881
112 932276831
113 1864553656
114 -52863372
115 -929482288
116 -929482280
117 -47274267
118 -47274256
119 -1953513075
120 387941142
121 -1660120439
122 -1272179293
123 -202904351
124 1547704372
125 -1587499693
126 -1587499687
127 -1587499667
128 877268274
129 877268284
130 167036907
131 1921573470
132 1921573471
133 -451820339
134 1469753151
135 566112459
136 1132224921
137 1698337390
138 -1464404968
139 233932438
140 1600089783
141 369617258
142 369617273
143 739234537
144 -1216408434
145 262060643
146 154504020
147 -799843754
148 -645339716
149 -645339708
150 -2090523165
151 1559104435
152 1559104442
153 382346012
154 -794412390
155 615619336
156 1762657416
157 1583864376
158 -948445496
159 -1896890992
160 1116804657
161 -780086324
162 1786349155
163 1006262841
164 -1165636952
165 -159374103
166 687514635
167 687514636
168 687514650
169 1375029305
170 -1016768159
171 1733290439
172 -828386416
173 1950679829
174 -1439383442
175 399432255
176 910728644
177 910728660
178 1821457310
179 -1692003853
180 1040182129
181 -651821707
182 -651821693
183 -134007794
184 -134007779
185 -268015553
186 -402023327
187 -804046651
188 -804046635
189 -2010116605
190 -2010116604
191 274734103
192 274734122
193 274734139
194 824202375
195 1098936519
196 -1822360135
197 375512908
198 375512925
199 851804595
200 -219529690
201 632274923
202 632274936
203 1264549865
204 1896824814
205 -501317668
206 1395507147
207 -239403124
208 654786370
209 654786384
210 -1829290513
211 -519717747
212 -1039435491
213 906523560
214 -652629664
215 253893908
216 253893911
217 -277753774
218 230034065
219 -47719706
220 158454512
221 340768887
222 340768888
223 681537787
224 1363075579
225 -1410361633
226 -1410361615
227 1474244061
228 1474244062
229 1474244067
230 -1282596715
231 1729773864
232 447177168
233 -2118016245
234 58934789
235 58934797
236 -1552969478
237 -1494034672
238 -1494034663
239 -1494034644
240 -1740106142
241 -1927242816
242 -1927242808
243 7273526
244 7273537
245 -1912695726
246 -1912695717
247 476849401
248 953698799
249 1430548201
250 948400701
251 -1916018381
252 -1916018364
253 -499389031
254 -1952476855
255 -1988935316
256 -1988935304
257 317096687
258 317096691
259 634193390
260 1268386781
261 1268386783
262 1268386793
263 -1758193714
264 -1758193704
265 288772944
266 1067352829
267 2134705669
268 1732637752
269 -829691786
270 98810129
271 -91152683
272 -822034335
273 -822034334
274 -822034325
275 -822034307
276 1828864341
277 -1459272959
278 369591388
279 739182788
280 1108774186
281 758275406
282 758275411
283 -560868102
284 197407311
285 -363460771
286 31353853
287 -332106916
288 -300753043
289 -632859948
290 -1597826805
291 1462774447
292 -135052340
293 -1203717681
294 -2106682318
295 -2106682300
296 -2106682294
297 81602711
298 81602717
299 244808150
300 244808158
301 652821752
302 1305643495
303 -2091693874
304 -786050372
305 -919278983
306 1803587579
307 1803587580
308 -687792133
309 1115795467
310 -1179067768
311 -751064421
312 -751064405
313 2041774049
314 -639422526
315 -99777295
316 1302574236
317 -1689818815
318 -1689818796
319 1478704117
320 -1900933489
321 -2112048156
322 70870983
323 141741964
324 212612954
325 425225921
326 425225927
327 1275677752
328 1700903682
329 -255321053
330 -1573706911
331 -128124273
332 -128124258
333 -384372800
334 -512497042
335 1568142022
336 543147924
337 1598792920
338 -584884411
339 1557056436
340 972172035
341 -208682391
342 -1974421208
343 -1974421193
344 -1974421174
345 -1974421156
346 -1628296211
347 -1282171236
348 -1282171217
349 1730624846
350 -833717598
351 -833717595
352 -1218981550
353 1857004189
354 701212297
355 1339234947
356 1339234956
357 941719107
358 -674778277
359 1606175793
360 931397524
361 931397538
362 -825996421
363 -1651992856
364 1816978025
365 164985181
366 435371470
367 600356665
368 600356666
369 1200713344
370 1200713352
371 -257455783
372 -257455779
373 1886515142
374 1371603593
375 1371603598
376 77299264
377 1448902870
378 -25557956
379 -1422719514
380 1449528276
381 1449528279
382 -1395910731
383 -1395910718
384 -1395910711
385 107235139
386 1610381019
387 -1074205251
388 2146556781
389 2146556783
390 2146556791
391 -1853711
392 -1853701
393 -1853698
394 -7414817
395 -12975913
396 -22244415
397 -46342535
398 -81562850
399 -81562833
400 -209468209
401 -209468189
402 -418936379
403 -1000998442
404 -1000998439
405 -2001996865
406 -2001996864
407 -2129959682
408 -1838986112
409 -384003367
410 2071977827
411 2071977845
412 1920966195
413 1385951221
414 1083927966
415 95878096
416 95878110
417 287634309
418 -1345697586
419 -962185158
420 -2020248433
421 -33163875
422 1279369835
423 1213042097
424 -1835719219
425 -1835719210
426 623528887
427 -555497600
428 68031296
429 68031311
430 136062625
431 136062637
432 408187882
433 680313157
434 1088501045
435 1768814221
436 1768814227
437 331162199
438 1342637572
439 2004961972
440 -1373544394
441 631417594
442 1262835183
443 520708385
444 1783543583
445 -1470006925
446 2097080229
447 -1884350402
448 -1884350394
449 -1358083900
450 -204744087
451 -1036561477
452 -2073122946
453 2033071797
454 2033071801
455 1993020665
456 1764196986
457 -537749632
458 -1304322955
459 1915145082
460 73072497
461 73072516
462 146145018
463 292290038
464 -1795242142
465 -1356807070
466 1581353158
467 -1132260979
468 -1132260969
469 -1132260968
470 1122730472
471 -692699273
472 -692699272
473 -1385398534
474 -1385398516
475 831470979
476 970242684
477 -1661782646
478 -1661782626
479 1387717183
480 1387717199
481 1113651758
482 1113651759
483 707770621
484 1821422398
485 -652122501
486 -1304245017
487 -134945112
488 -1439190126
489 -1709080347
490 -292493295
491 -2001573629
492 2000900392
493 -2002246866
494 -1346467
495 1998207445
496 1995514524
497 1990128652
498 1687536868
499 -617301765
500 -1234603522
501 -1234603508
