0 0
1 4
2 15
3 17
4 41
5 65
6 85
7 226
8 330
9 661
10 1000
11 1003
12 2676
13 5353
14 10045
15 18080
16 37167
17 73322
18 110496
19 239082
20 349579
21 699159
22 699171
23 699188
24 699204
25 1398395
26 2097602
27 3496010
28 8390413
29 8390430
30 22374473
31 30764919
32 30764920
33 92294746
34 176199069
35 176199086
36 176199093
37 620892003
38 620892005
39 1417983113
40 1417983125
41 -1459001048
42 -1676218088
43 321639123
44 321639128
45 -1073957757
46 -752318623
47 1435751088
48 1435751089
49 2119183566
50 -1130557918
51 -1130557917
52 -1565397385
53 -1565397367
54 -1096943282
55 2101080740
56 1004137467
57 -1189749088
58 -746871515
59 -932483130
60 -1679354633
61 936258023
62 682766958
63 -1739684287
64 -1800013920
65 -1800013909
66 -361977847
67 2132975542
68 1770997713
69 -58032407
70 1712965320
71 1654932915
72 -985101463
73 669831472
74 1339662931
75 2009494417
76 -275978468
77 -275978456
78 1457537500
79 1181559046
80 1181559052
81 1181559055
82 707247364
83 707247379
84 664204612
85 146850171
86 1518302169
87 -1258362955
88 406789401
89 666728622
90 1073518024
91 2147036060
92 -407684581
93 -407684561
94 -1889782342
95 1997500410
96 -299966482
97 -299966465
98 -299966446
99 -899899389
100 -1499832291
101 -1499832280
102 -1499832278
103 -1499832264
104 -1499832260
105 1295302773
106 -1704361738
107 -1704361720
108 -818117903
109 1363428728
110 -1568109851
111 -136555172
112 -1159354188
113 -1295909347
114 1498467482
115 202558137
116 -754237912
117 -349121625
118 -1103359536
119 -1103359532
120 1187446835
121 -1019272217
122 -1019272206
123 1237150654
124 -801393761
125 -1602787520
126 -1602787507
127 505876962
128 2031026142
129 2031026153
130 272961970
131 272961986
132 818885919
133 1131894893
134 1131894907
135 -939329579
136 -939329562
137 385130669
138 385130672
139 770261357
140 770261368
141 770261385
142 770261389
143 1540522794
144 326601001
145 -1657582101
146 209541707
147 -1448040379
148 -1028956975
149 696530567
150 696530575
151 1393061155
152 2089591734
153 -448210235
154 1641381509
155 1641381525
156 -1460414486
157 -831237233
158 991111329
159 991111342
160 -309429036
161 -618858075
162 -928287109
163 -865462868
164 -1793749963
165 88609292
166 796076655
167 796076670
168 1680762619
169 -1022051333
170 -2044102683
171 -589314712
172 1661549916
173 1072235213
174 1072235232
175 2144470454
176 -1078261605
177 2138444094
178 -18079105
179 -1108393453
180 2078180401
181 969786952
182 1921494815
183 -433898562
184 -1837584088
185 -1837584082
186 -1217784948
187 -1031884368
188 -2063768749
189 601328375
190 582857617
191 1165715228
192 -745751893
193 1604149334
194 858397458
195 858397475
196 -974023013
197 1601169372
198 1485543843
199 -1323879611
200 1647208071
201 323328468
202 646656946
203 -1516109576
204 -546124161
205 -546124145
206 -546124130
207 -1092248267
208 2110470770
209 2110470773
210 2036445007
211 870170992
212 -1462377047
213 1444238965
214 -18138070
215 -1424627443
216 -590732589
217 -590732575
218 -1181465151
219 489271469
220 489271471
221 -202922199
222 -405844404
223 -811688807
224 -931183932
225 -931183928
226 1215066233
227 283882315
228 -1175108106
229 -1538527404
230 -2145870870
231 -564539066
232 -1129078140
233 -1083048168
234 -1083048158
235 -1083048156
236 -647794383
237 -731049701
238 -1378844068
239 -2109893760
240 806229487
241 1612458962
242 1612458964
243 1612458979
244 -1070049352
245 -1070049338
246 -1597689077
247 -2125328773
248 -498099874
249 1671538655
250 675338906
251 1848777704
252 -597411889
253 1926704738
254 1926704755
255 1926704758
256 -1558454510
257 -73307550
258 -73307538
259 -1705069593
260 -1483434432
261 1033155742
262 2139619032
263 -1122192504
264 -1122192494
265 2050582317
266 -1315995196
267 -1315995194
268 1662976922
269 1662976941
270 -969013428
271 693963529
272 1387927045
273 2081890582
274 562777375
275 -1650299325
276 -1650299315
277 -1650299296
278 1988737327
279 1988737333
280 1988737347
281 -1629353899
282 359383455
283 401274284
284 -1186188767
285 -425531015
286 1814551362
287 963489339
288 -1942457606
289 -978968262
290 -1957936517
291 1358062518
292 -599873996
293 173793453
294 -2004922802
295 1264089964
296 1264089965
297 697050583
298 1220307722
299 -1854351853
300 -634044129
301 1806571315
302 1172527197
303 -1315868768
304 1029185618
305 -286683134
306 -573366274
307 -860049389
308 -1720098795
309 -1720098787
310 854769726
311 849490070
312 -15838975
313 -31677950
314 -31677934
315 1625064941
316 -1899607128
317 -1899607126
318 -1899607122
319 -1403854073
320 991506108
321 1983012226
322 1570664266
323 -741290797
324 829373481
325 88082698
326 -565125411
327 1181704240
328 1534035022
329 -2144353431
330 -610318402
331 -1220636792
332 1853693700
333 -587579896
334 1585772476
335 1585772477
336 -1077945318
337 507827175
338 -570118139
339 -62290946
340 -124581906
341 -249163808
342 -498327618
343 -1504482404
344 2042993471
345 2042993474
346 1834013118
347 120550379
348 120550393
349 120550395
350 361651184
351 723302354
352 723302374
353 1808255921
354 -1763408982
355 1853102865
356 -950412749
357 1670839433
358 810120570
359 -1814007281
360 1569642849
361 1286182838
362 1041818415
363 1041818426
364 -1169512043
365 -2094659643
366 2072614048
367 -149739211
368 1922874843
369 1922874863
370 -449217572
371 -1048174355
372 -2096348711
373 252009079
374 252009085
375 504018184
376 504018188
377 1008036389
378 1008036403
379 1008036420
380 -766839890
381 -1533679781
382 -1533679771
383 -1818126614
384 -1357358744
385 -1947877594
386 1932891886
387 -429183530
388 1503708369
389 1503708370
390 1503708379
391 216157828
392 1719866224
393 -2142785408
394 -1494311898
395 -1701073244
396 -1043203247
397 -1043203237
398 507487588
399 -535715647
400 -1071431283
401 -1099659327
402 2095648643
403 -611157602
404 -1222315212
405 262175848
406 262175866
407 262175872
408 786527588
409 1573055177
410 1573055183
411 1573055192
412 1472901725
413 1897099989
414 -500767310
415 1396332680
416 1396332687
417 1366932494
418 -636136733
419 -771506158
420 -771506140
421 -1543012283
422 572805993
423 1781748711
424 40036295
425 80072588
426 -1820303704
427 -1740231106
428 734432490
429 1588973878
430 -1237128434
431 1086277942
432 1086277957
433 1086277958
434 -684287976
435 1488267959
436 803979985
437 803979994
438 803980000
439 1607959999
440 -1883027282
441 1332892728
442 1861805463
443 1311670927
444 211401833
445 -1460223624
446 -1248821788
447 -1185972645
448 -1185972633
449 -574621559
450 1348400462
451 -1598166357
452 1098634569
453 848868693
454 848868699
455 848868711
456 848868725
457 -899492458
458 798244987
459 798245007
460 798245014
461 1495242554
462 -2001479719
463 1888497855
464 -1316216582
465 864289138
466 1436570426
467 -1994107719
468 -557537274
469 -1567002007
470 176320299
471 -1948218977
472 -1595578368
473 751169953
474 -844408396
475 -844408388
476 -186476861
477 -1124123690
478 -1310600541
479 -1310600539
480 -1310600535
481 1673766242
482 2036931942
483 -584269108
484 1815828560
485 1815828580
486 789352679
487 126042531
488 -332184045
489 -206141511
490 -206141504
491 -206141489
492 -950608545
493 -1156750022
494 1775325739
495 618575727
496 -1901065827
497 -1901065821
498 1111411395
499 1604247059
500 1604247061
501 517773881
