0 0
1 9
2 18
3 35
4 74
5 147
6 271
7 495
8 1023
9 1036
10 2066
11 4905
12 9534
13 18576
14 28116
15 61138
16 117370
17 234743
18 441372
19 854639
20 1648135
21 3178904
22 6123068
23 12246131
24 23196250
25 41565455
26 77007849
27 141769557
28 260342871
29 479120287
30 479120307
31 958240603
32 1916481217
33 -1420245472
34 1454476353
35 1454476355
36 1488707252
37 -1317552796
38 1625630819
39 1625630823
40 1933708859
41 1061157677
42 1951160888
43 -2018276333
44 -1367216202
45 -1434331640
46 -1434331633
47 -1434331615
48 1426304054
49 51060275
50 -1391298912
51 1512369478
52 121070576
53 242141147
54 1875581221
55 -543804862
56 -543804857
57 787971514
58 244166667
59 1032138191
60 2064276375
61 -1198552716
62 2142028534
63 943475837
64 943475842
65 943475848
66 -521063949
67 -521063929
68 -521063912
69 -521063909
70 -2084255693
71 -2084255687
72 -1436735826
73 773975790
74 -536304119
75 -536304105
76 475343368
77 475343380
78 475343395
79 1426030154
80 -1918250362
81 -492220188
82 -984440390
83 -984440375
84 1341646149
85 -1119454794
86 -1119454781
87 -1881703800
88 1516000083
89 1516000101
90 1150296387
91 1150296400
92 -1994374498
93 1822218407
94 1822218412
95 -1494608569
96 1305750168
97 1633360013
98 1633360028
99 -1217105638
100 1860756015
101 -384596860
102 1476159166
103 1091562315
104 -2111842655
105 1932037997
106 -1907050465
107 -1907050459
108 480866389
109 480866394
110 -945317660
111 -464451254
112 1939880719
113 530111817
114 2005541299
115 -1229202365
116 776338951
117 2082789709
118 2082789728
119 1423290041
120 841038782
121 -2030638465
122 233690374
123 -1744796834
124 -1744796826
125 -991574435
126 1558596049
127 1372395252
128 -1363975981
129 575440903
130 2142456227
131 2142456237
132 2142456240
133 1343866346
134 -808644709
135 535221647
136 -1082067761
137 -546846113
138 -1628913855
139 2119207332
140 -1138620391
141 -1138620378
142 1961173896
143 1803140466
144 1487073596
145 1487073612
146 482320394
147 964640779
148 1929281553
149 -918724560
150 -918724551
151 -918724537
152 -1837449086
153 -298655422
154 -298655413
155 22758291
156 22758310
157 22758323
158 -529035900
159 -529035889
160 -1058071784
161 -2093385245
162 108196814
163 1251707084
164 1251707087
165 1251707100
166 1251707115
167 711861109
168 711861121
169 711861126
170 -907676815
171 -1815353634
172 1571936859
173 1571936863
174 1328520093
175 -1394510322
176 1262529879
177 1196539664
178 1196539675
179 -2033868384
180 -837328708
181 1423770217
182 1423770232
183 1423770234
184 1400113607
185 -47313216
186 1352800409
187 1258173977
188 1092577724
189 -638728392
190 1712023313
191 1073294930
192 202374275
193 -1946003167
194 1041689353
195 -701939526
196 339749840
197 -362189672
198 -724379357
199 -1086569024
200 -1810948370
201 310880880
202 1708330783
203 -1602685079
204 1813976495
205 211291426
206 -1853172780
207 277740852
208 449836007
209 899672008
210 899672011
211 -2045787255
212 -2045787249
213 1103064814
214 -1189165670
215 117291939
216 117291956
217 117291966
218 117291985
219 351875926
220 703751845
221 1172919765
222 1876671623
223 1876671635
224 1335047578
225 793423557
226 793423577
227 503599052
228 1297022634
229 1800621691
230 99699677
231 199399336
232 199399340
233 199399346
234 598198027
235 1196396055
236 -1902175188
237 -1902175173
238 -1810356913
239 -1810356900
240 1164870429
241 -645486454
242 -1290972915
243 -771588933
244 -771588932
245 1980200507
246 1980200522
247 -1106155186
248 874045351
249 -1338265023
250 -1338265010
251 1618437267
252 1618437285
253 1434389874
254 -1242140135
255 2090859298
256 -393420958
257 -393420945
258 -393420932
259 -1180262826
260 1934441654
261 360757916
262 721515817
263 721515827
264 1443031664
265 -1048146065
266 -2096292117
267 -1701406506
268 -550877372
269 -1101754757
270 940928662
271 -160826075
272 -872529532
273 -872529519
274 -964956450
275 1584951803
276 1584951822
277 -2090020105
278 -2090020091
279 -1010136555
280 1194810669
281 1194810689
282 1194810691
283 -1905345898
284 1679086165
285 -936794974
286 -1163054691
287 -420763493
288 -1583818176
289 -1583818168
290 -456487217
291 250080261
292 920924016
293 -869301103
294 301703194
295 301703202
296 603406413
297 603406432
298 940918146
299 1544324596
300 1544324599
301 941412905
302 1279419396
303 1279419404
304 -794715580
305 -45106568
306 -45106567
307 394490695
308 304277562
309 698768268
310 1307323394
311 -1984598067
312 -1984598061
313 -1963104458
314 -1963104442
315 368758405
316 737516817
317 -509564432
318 227952386
319 824663177
320 1280567962
321 2105231142
322 2105231147
323 2020726145
324 -253515001
325 -253514983
326 -253514973
327 -929554954
328 330626243
329 -1105958661
330 -775332410
331 1561232547
332 10567728
333 -309490779
334 -309490759
335 952818743
336 333837211
337 333837217
338 1620493184
339 -1363471687
340 1877514688
341 514043003
342 -1646388105
343 745169604
344 -387175492
345 357994119
346 -416356861
347 -416356855
348 -416356835
349 -416356816
350 -832713640
351 -2081784141
352 -2081784139
353 -701314619
354 -569915592
355 941952947
356 941952950
357 941952952
358 1883905907
359 1883905910
360 1883905920
361 -527155449
362 1356750482
363 -1581466324
364 -1581466320
365 -449431688
366 -2030897998
367 233171298
368 2047808919
369 -1780815770
370 -1980165238
371 533986293
372 1067972601
373 1601958901
374 1601958906
375 -1091049480
376 -1091049463
377 1021818881
378 1021818893
379 -138461158
380 814127168
381 675666012
382 1489793188
383 -1453842080
384 1525744305
385 1525744315
386 -1207527551
387 -1207527549
388 636433534
389 -1778621557
390 -2031498788
391 484846967
392 398599917
393 -1148051901
394 1998863494
395 1734258483
396 -1311297302
397 -1311297298
398 -888336102
399 -888336086
400 -1776672181
401 -1880971665
402 1844321265
403 1593308632
404 -857337390
405 -1714674777
406 -1714674765
407 1601589005
408 -113085750
409 1496783625
410 -1309680406
411 -1309680392
412 365926097
413 -756651056
414 -756651046
415 1837910911
416 324608826
417 649217637
418 1298435279
419 -184794631
420 1762858304
421 -444641870
422 -1863110199
423 1987215234
424 -320536827
425 -320536820
426 -320536800
427 -961610438
428 -1923220884
429 1410135994
430 -2115768947
431 383966233
432 383966245
433 -1860921348
434 -1798621806
435 1403356621
436 2038780780
437 -217405750
438 -217405747
439 1603969301
440 1386563555
441 -1739245931
442 1033881182
443 1033881192
444 2067762384
445 -159442532
446 -2058130981
447 884070075
448 1768140142
449 -1792568203
450 859642023
451 859642042
452 -1716041203
453 3242874
454 -1712798315
455 -1709555431
456 -1709555415
457 -833698976
458 -1670640837
459 953685627
460 -716955204
461 317802506
462 317802509
463 -81350171
464 236452342
465 790707192
466 790707210
467 1817866761
468 -1686393317
469 1949340194
470 2080813648
471 -133339990
472 -133339984
473 2077080565
474 1545587144
475 -805639564
476 -1744619119
477 1744708620
478 1744708630
479 939158579
480 133608553
481 -1477402026
482 -1477402015
483 -137328272
484 -2019365174
485 660871852
486 -1495821593
487 -834949738
488 -834949731
489 -1669899463
490 1790118106
491 1249464892
492 1369683545
493 -1555600215
494 -1555600197
495 1298066140
496 -257534056
497 -257534048
498 -257534038
499 525464000
500 -247138134
501 -247138114
