0 0
1 14
2 29
3 56
4 109
5 177
6 304
7 685
8 1294
9 2293
10 4758
11 9340
12 17695
13 35382
14 35397
15 88475
16 159259
17 159276
18 477792
19 796347
20 1592686
21 2866840
22 5892951
23 11148840
24 21501323
25 41409970
26 74060153
27 115470129
28 115470141
29 367911720
30 672912162
31 1345824320
32 2018736502
33 110417411
34 220834825
35 -1944978548
36 405010200
37 810020403
38 -509113113
39 705917503
40 705917521
41 2117752533
42 -1274492843
43 -1274492832
44 1745981625
45 1745981629
46 -2077496864
47 1414466394
48 1554439958
49 -1657576167
50 -766166670
51 -869302868
52 -1738605738
53 1687058694
54 -920849899
55 -972396932
56 -206188121
57 -412376243
58 -1590961280
59 2085441657
60 494480396
61 494480402
62 988960802
63 1483441212
64 1251837189
65 418232709
66 1670069903
67 -954827488
68 -426213758
69 1959098565
70 -1628607357
71 330491216
72 234768681
73 469537363
74 469537364
75 1173843421
76 -1616789235
77 730897607
78 1227026521
79 341134910
80 -1995908256
81 303150801
82 303150813
83 -1389606639
84 -1389606622
85 1515754047
86 -960308385
87 -1920616783
88 150582930
89 -1214588181
90 -1064005239
91 -713968360
92 -1777973591
93 -324985138
94 -324985125
95 -649970262
96 503084831
97 -146885427
98 356199412
99 -262556561
100 -53242575
101 396599694
102 343357132
103 343357141
104 767514845
105 1797586241
106 -1386509052
107 411077201
108 1933026378
109 -772271677
110 1982909108
111 -2126735335
112 -143826212
113 -287652430
114 -431478634
115 -431478629
116 -1294435898
117 1849921716
118 -307471425
119 -183464216
120 -366928446
121 992057636
122 625129206
123 1066794196
124 1691923421
125 -1536249660
126 -1455312490
127 -1299638713
128 1540016104
129 1543782541
130 1784159935
131 -726647415
132 -1693672231
133 -1693672214
134 180975455
135 180975470
136 -1331721281
137 -969770349
138 -969770332
139 1023705338
140 2047410682
141 -200145941
142 -200145921
143 -1624143124
144 22975699
145 22975716
146 45951426
147 -1732386197
148 -1663459049
149 945073490
150 1844195555
151 1844195569
152 1237619375
153 1237619390
154 -1481231209
155 -243611805
156 -1700375964
157 869748328
158 -830627632
159 39120699
160 -1865746368
161 -1826625651
162 641715982
163 1283431965
164 -1767224067
165 157923895
166 157923911
167 -1451376251
168 1392214799
169 -1510537712
170 -1253851348
171 -1372174255
172 158403990
173 1827345695
174 1827345699
175 -481871901
176 -963743804
177 -1445615700
178 1403735909
179 -1005623588
180 398112341
181 -649391035
182 -251278683
183 -104445050
184 -104445049
185 -104445042
186 -104445041
187 -417780176
188 -731115292
189 -1253340489
190 -1253340487
191 639390860
192 639390879
193 -1227899230
194 -588508349
195 -1790966318
196 -1790966314
197 -463982028
198 2040018964
199 -214929372
200 -214929356
201 1146178226
202 716319512
203 -822309314
204 610329697
205 610329707
206 -2034119465
207 -813460049
208 1447387799
209 -789861996
210 -1579723994
211 1925381321
212 -444204657
213 558978477
214 114773838
215 229547673
216 459095345
217 803416858
218 1262512220
219 2065929085
220 525533902
221 525533904
222 1051067814
223 2102135630
224 2102135644
225 1485905704
226 -706925947
227 778979774
228 778979787
229 -1958027966
230 -1179048163
231 1157891170
232 -1200205168
233 -42313996
234 1073263180
235 1030949204
236 2061898400
237 -1202119689
238 -1202119682
239 -342340969
240 1548386959
241 -1198193363
242 1898580569
243 704313519
244 704313529
245 2109014270
246 -76938770
247 -854264728
248 -931203490
249 -1862406984
250 -1862406978
251 570153352
252 -645161515
253 -75008161
254 420137016
255 -1592286269
256 -1592286253
257 1110394778
258 -2074177735
259 -2074177730
260 -335279636
261 -670559277
262 -859227072
263 -1865065967
264 900114982
265 900114996
266 1800229997
267 -694507312
268 1105722694
269 411215397
270 411215416
271 1233646197
272 2056077018
273 2056077022
274 1462048366
275 1462048370
276 1462048381
277 2147254845
278 -2056534624
279 -2056534613
280 -503766006
281 1734666694
282 1734666713
283 -1329399878
284 -420367083
285 -1749766943
286 -1764867183
287 359966088
288 -1404901084
289 -264601820
290 -1669502887
291 -1934104700
292 -1934104694
293 426757920
294 -1507346754
295 1280273773
296 626442859
297 826127811
298 1652255617
299 1652255627
300 -164328229
301 1487927400
302 -1319112487
303 1656742322
304 1825557253
305 -643852796
306 -1456520516
307 62813792
308 1444740060
309 1507553868
310 914734414
311 -365125159
312 -793064093
313 1264099039
314 1264099051
315 -2010224035
316 -2010224024
317 2009653251
318 -2010794806
319 1537476740
320 1536335193
321 -1221155355
322 1852656591
323 631501237
324 -1495629617
325 988528214
326 -507101389
327 481426843
328 98725296
329 1061578966
330 1061578967
331 2123157934
332 50073884
333 50073885
334 -1010082607
335 -909934829
336 303288281
337 -1566655267
338 1161656764
339 -404998489
340 756658293
341 249949596
342 249949615
343 1256557516
344 1756456736
345 -1032003413
346 724453328
347 724453335
348 -2121607309
349 -672700644
350 1917562605
351 1917562606
352 1765270609
353 1765270618
354 -1224268145
355 -1988694201
356 -1447691713
357 858581390
358 1717162780
359 -2084909878
360 -367747082
361 123087221
362 -612406945
363 -489319711
364 863670921
365 863670931
366 625615208
367 1489286143
368 1489286148
369 -690779779
370 798506382
371 798506402
372 906233025
373 -993215108
374 -993215105
375 516815599
376 235124829
377 -328256741
378 -569531400
379 -145847696
380 -715379095
381 -861226783
382 1674725592
383 1674725593
384 1674725607
385 -945516087
386 -1077533373
387 1326401758
388 -696647695
389 -696647675
390 -2089943065
391 811728867
392 -1278214184
393 1738538925
394 -1514537129
395 -1054212373
396 -1054212356
397 -1884422914
398 -1212417460
399 1198126934
400 287829129
401 -1610884291
402 -1323055149
403 -1323055137
404 1523928795
405 1849730648
406 727549173
407 1455098344
408 -61715467
409 -324304582
410 1069078298
411 -1429261525
412 -1429261517
413 2119502523
414 5753206
415 5753211
416 -727514100
417 -727514083
418 -1455028174
419 1384910947
420 -70117219
421 -867748522
422 447045219
423 -420703293
424 -911523800
425 -885181860
426 -1796705643
427 701556010
428 701556030
429 -1278775461
430 -577219426
431 -1154438844
432 -1607321678
433 1533206787
434 -1228553718
435 -1302668593
436 1763745001
437 -841592181
438 -841592165
439 -841592151
440 -1683184315
441 1850751486
442 167567175
443 335134364
444 -1941514263
445 -1271245542
446 1417341871
447 146096336
448 1563438227
449 1709534582
450 541443730
451 -334454406
452 1916523914
453 1101518756
454 -1069935286
455 1948107387
456 -398752516
457 -797505021
458 -1196257531
459 -1993762548
460 -91310302
461 -2085072845
462 124821603
463 -946614312
464 -696971094
465 -1643585397
466 1132618102
467 2140414609
468 1629447327
469 -525105347
470 -1561177985
471 -1561177965
472 647506014
473 -913671946
474 -266165922
475 -532331838
476 -532331835
477 -1596995526
478 453470235
479 453470253
480 -690055022
481 -1380110051
482 -2070165059
483 1061577668
484 1216214835
485 1216214837
486 1216214856
487 1216214861
488 1631469767
489 -1447282658
490 1400401978
491 1400401991
492 -1309976208
493 43545106
494 1534372881
495 1577917990
496 -1048705519
497 529212479
498 -519493033
499 -1038986068
500 -1558479097
501 658516072
