0 0
1 10
2 15
3 20
4 25
5 76
6 90
7 236
8 467
9 802
10 822
11 2345
12 4684
13 9139
14 16171
15 25311
16 55325
17 96810
18 202767
19 202768
20 202774
21 760449
22 760457
23 760468
24 2484160
25 4005089
26 4005107
27 11254829
28 11254847
29 11254864
30 37769659
31 37769673
32 75539341
33 75539351
34 75539355
35 151078716
36 415466455
37 566545187
38 1208629718
39 -1877707856
40 464012232
41 464012241
42 258946351
43 -690737021
44 496233809
45 528455382
46 333952181
47 1358641378
48 1692593572
49 1692593582
50 448861256
51 1231674675
52 1231674678
53 309836899
54 309836913
55 309836924
56 619673849
57 929510793
58 -1816271908
59 352586578
60 -534174534
61 -534174520
62 -1068349035
63 -1068349034
64 1442506758
65 -1228365815
66 -1228365812
67 -1014224863
68 824010808
69 -1204438908
70 -1394652944
71 1505661404
72 -1283644494
73 -1553064114
74 1458258698
75 1458258702
76 -1378449887
77 -14996581
78 1523070942
79 129624493
80 1652695438
81 1782319950
82 -730327403
83 62416126
84 1114408686
85 446497414
86 1560906104
87 -1173155076
88 1948657138
89 -1958559113
90 -9901965
91 -1968461074
92 -1988265009
93 318437289
94 -1311782574
95 -993345273
96 -993345255
97 996494210
98 3148959
99 1996137377
100 2002435298
101 2002435304
102 -290096686
103 1415944007
104 -1463079273
105 -627328634
106 -674463893
107 -1301792509
108 1691382278
109 -912202755
110 -1824405493
111 -1045225954
112 1425335856
113 1425335858
114 -931162469
115 1919509248
116 988346799
117 -892937844
118 -1785875691
119 -1690466735
120 914033834
121 914033839
122 137600951
123 1965668630
124 -2054096765
125 963206668
126 1926413334
127 1926413337
128 -442140607
129 -884281213
130 -805355760
131 -205364236
132 -205364216
133 -2100365415
134 1783873438
135 -521856184
136 -1249076602
137 -1249076587
138 1796814111
139 1796814131
140 573618881
141 -1376796747
142 -803177853
143 1987272524
144 1987272531
145 -1926777949
146 -132207485
147 1112381784
148 1112381804
149 -2070203707
150 22352412
151 44704814
152 -2003146480
153 1401056154
154 1401056165
155 1401056184
156 1401056197
157 1309257424
158 1309257436
159 -275396229
160 850263731
161 850263746
162 1425131249
163 -135447343
164 -1304755894
165 1685455506
166 -1774320024
167 -103936498
168 -1497556907
169 -1690357903
170 914251481
171 914251498
172 -1359411824
173 1576143654
174 1576143667
175 -673588806
176 1119286708
177 1119286714
178 1564984619
179 1564984623
180 -45711331
181 -1210709368
182 1873548550
183 -547870192
184 114968996
185 -432901185
186 -202963183
187 -202963178
188 -1271728724
189 -1677655068
190 939657151
191 1879314299
192 -130412341
193 -1606408182
194 142493796
195 1224644728
196 -369681993
197 997456548
198 627774562
199 -1672279640
200 -1044505065
201 -1461235573
202 116947032
203 1906173709
204 -482619890
205 -965239768
206 458314059
207 916628121
208 1374942196
209 -2003396975
210 -628454760
211 -1256909526
212 -1885364283
213 1152693501
214 1152693519
215 1152693523
216 1572716276
217 -1149534759
218 -413705228
219 -413705209
220 748464623
221 -1228480561
222 1838006181
223 609525636
224 1967515888
225 -1717925770
226 1468641376
227 -129203975
228 1589027530
229 -1116912235
230 93626942
231 1905179653
232 -1824045387
233 646876515
234 728010793
235 -449158066
236 925729254
237 1204581984
238 -1238926809
239 891384441
240 1782768874
241 -1620813973
242 1053339361
243 -567474598
244 1539204112
245 971729524
246 1943459041
247 1943459059
248 1943459066
249 1535409875
250 1127360716
251 311262363
252 622524744
253 2061147824
254 2061147829
255 761115475
256 1522230948
257 49526957
258 99053920
259 99053927
260 -1763986068
261 -1763986055
262 866049113
263 866049115
264 866049126
265 -1696819927
266 901327432
267 -795492487
268 -795492485
269 -1590984963
270 2014324801
271 -266317692
272 157022151
273 -109295536
274 -218591063
275 1577142665
276 1577142672
277 1577142688
278 1577142703
279 1577142710
280 -1140681879
281 436460834
282 -267760234
283 -267760214
284 -99059609
285 -634580053
286 -832699266
287 -1467279316
288 -1467279309
289 -1467279295
290 -939569883
291 -1879139753
292 -1879139741
293 536687814
294 1073375633
295 2146751267
296 -538152578
297 1608598702
298 532293551
299 2140892271
300 2140892276
301 2127709518
302 2114526770
303 -52731001
304 -118644755
305 -171375755
306 1771775271
307 -751416761
308 -751416760
309 -751416740
310 -653850734
311 -1136325723
312 1753374112
313 -1539635829
314 1967112386
315 -2114116617
316 66734063
317 -80270162
318 -13536097
319 -2141188802
320 2126706300
321 -28018594
322 2098687709
323 2070669117
324 -153629060
325 -307258107
326 1609781958
327 1609781975
328 -1382661468
329 1376015314
330 -1082049501
331 293965829
332 815052163
333 1109018004
334 -2076931291
335 -967913282
336 -1935826550
337 -685703812
338 -1371407634
339 1552152030
340 -504959405
341 -1009918815
342 37273819
343 37273822
344 37273838
345 -898097330
346 -898097329
347 -1796194654
348 739851823
349 -1056342818
350 386087002
351 69596025
352 455683045
353 -144976744
354 766389333
355 1146691674
356 1146691684
357 1146691700
358 -2001583898
359 291799499
360 291799512
361 583599017
362 -834385860
363 -250786828
364 -1085172685
365 -1335959496
366 1873835123
367 -1632469735
368 241365391
369 -853228697
370 -853228692
371 -1706457385
372 882052525
373 1764105065
374 1764105076
375 115295378
376 1879400474
377 2109991229
378 -190280202
379 -495855792
380 1423855241
381 737719250
382 -709537562
383 765900937
384 765900952
385 1559983586
386 -1912719372
387 469528554
388 116792788
389 -1326398025
390 -1209605225
391 -1209605208
392 1875756869
393 666151663
394 -1753058748
395 -1630360635
396 -841510849
397 70037084
398 806225821
399 876262910
400 911014971
401 1822029947
402 1822029951
403 1822029969
404 -1336566824
405 -1336566820
406 970926296
407 -365640514
408 -731281030
409 -731281020
410 -1462562030
411 1004202712
412 -1189640327
413 1184405612
414 998968011
415 535373992
416 535373997
417 535374015
418 535374027
419 535374038
420 1606122088
421 2141496142
422 1058773018
423 1582172034
424 1582172037
425 -619199269
426 1450446682
427 -299375803
428 -598751601
429 1515292063
430 1515292082
431 -1863134749
432 -347842647
433 819606763
434 -1391370631
435 -1267449178
436 -1267449176
437 368698312
438 1557003398
439 -2000567274
440 -2000567264
441 -2000567249
442 -149731091
443 2144668961
444 288203393
445 -1717993237
446 714879128
447 714879134
448 1429758278
449 -1435450738
450 -5692448
451 703494243
452 703494251
453 1395603592
454 1395603600
455 -102464041
456 1293139565
457 1293139573
458 -1811152187
459 -1811152176
460 -1138489251
461 -465826314
462 361486945
463 -104339360
464 -208678726
465 -417357438
466 -417357422
467 -417357408
468 -1460750976
469 1999501497
470 1999501512
471 -295964284
472 1824930343
473 1528966061
474 1528966068
475 291930900
476 583861801
477 -1890208522
478 -1306346706
479 -1306346695
480 667858083
481 459923471
482 -178565122
483 949216435
484 1230574798
485 -2115176050
486 -113949925
487 2065841330
488 2016506602
489 -1211170527
490 642051449
491 642051452
492 72932387
493 72932396
494 1429967687
495 -1435031910
496 140800576
497 140800581
498 276536954
499 276536962
500 276536980
501 1111212069
