0 0
1 11
2 16
3 36
4 67
5 144
6 257
7 479
8 960
9 1855
10 3697
11 7254
12 7274
13 18243
14 18261
15 18275
16 62069
17 116854
18 197204
19 412672
20 788800
21 1398679
22 1398682
23 1398702
24 4984865
25 4984879
26 9969756
27 19939503
28 19939505
29 54833656
30 54833675
31 109667334
32 239274171
33 403775193
34 807550388
35 1450599765
36 -1393767766
37 -1393767748
38 -1336935739
39 1564263819
40 1734759881
41 -825447542
42 -825447528
43 311192909
44 395057738
45 -944644415
46 -238393755
47 -476787516
48 -953575019
49 -953575006
50 1911029757
51 3879736
52 -469028043
53 -469028040
54 -938056069
55 38797353
56 38797358
57 -860461347
58 -782866618
59 -782866616
60 -1565733215
61 303039515
62 -2045560314
63 203846670
64 203846679
65 407693355
66 -1230173597
67 -618633561
68 -1033420446
69 2024279735
70 -857947864
71 -1715895731
72 2093349432
73 377453714
74 -1824164145
75 -1927204579
76 -1280565569
77 -1280565552
78 -1640078832
79 637355934
80 637355935
81 1274711877
82 -371220621
83 -2116764164
84 -1213272901
85 1868421495
86 1868421496
87 35585321
88 35585323
89 -1700226559
90 2107787087
91 478731173
92 -1708449019
93 -822157306
94 55911947
95 -1995963188
96 -175690263
97 -175690253
98 -175690247
99 -175690240
100 1596243122
101 1596243132
102 -1453861525
103 142381621
104 142381630
105 142381641
106 569526515
107 711908164
108 1566197968
109 -2016861163
110 -2016861159
111 261244975
112 261244979
113 261244983
114 -1233126210
115 1828714875
116 595588668
117 595588685
118 1786766022
119 -1912612585
120 -1912612581
121 -1442870446
122 813637726
123 1627275445
124 998042738
125 998042757
126 142031379
127 284062760
128 1424136915
129 1424136927
130 -1446693435
131 1685643168
132 238949752
133 1924592921
134 -1892474872
135 32118064
136 -1860356788
137 -1796120665
138 -1796120658
139 -1796120647
140 1373333903
141 279939245
142 559878476
143 -2081815669
144 131335956
145 131335976
146 262671947
147 262671962
148 788015853
149 1444695742
150 -1799583721
151 -1799583703
152 -1103783855
153 -407983969
154 -407983953
155 -1919751767
156 1967231578
157 -1872271962
158 -1824792133
159 597903210
160 1243286223
161 -1855874658
162 -14685206
163 -29370419
164 -656644045
165 1738392984
166 1081748955
167 2119442277
168 644616921
169 -449159142
170 -449159137
171 -449159123
172 1416581801
173 967422694
174 1934845375
175 1934845393
176 -425276517
177 -850553031
178 -1701106059
179 1743308210
180 42202169
181 42202186
182 1827712581
183 1912116951
184 -555137750
185 -1068073310
186 -1068073297
187 1603682958
188 -532463640
189 -532463632
190 -1064927261
191 -1064927245
192 -1591098804
193 1638941251
194 -1017084787
195 -969242324
196 -969242323
197 1339397863
198 -599086774
199 -599086759
200 -599086752
201 -457862404
202 -457862393
203 -1514811544
204 1864430974
205 349619450
206 -216485914
207 133133541
208 615886514
209 615886516
210 615886531
211 1231773057
212 -1082401126
213 1997031510
214 2146403459
215 -151532325
216 -303064635
217 1691806511
218 1085677228
219 -1820548183
220 -1820548181
221 1739548179
222 875935570
223 875935574
224 -149677033
225 726258559
226 -1966514623
227 -1389933090
228 1664778154
229 -965410992
230 -690565913
231 947320837
232 956122101
233 956122110
234 -2125968148
235 -1169846037
236 -436249118
237 -1606095153
238 -2042344267
239 1209431886
240 1209431906
241 -1665824736
242 1399566952
243 -2142361280
244 10244737
245 -1188942401
246 -1188942390
247 1917082518
248 1917082520
249 -1649744643
250 -193464376
251 1990956034
252 1797491671
253 1797491688
254 1097507733
255 1097507753
256 1495031568
257 -1702427957
258 890111366
259 890111374
260 890111383
261 -1624633155
262 -656726977
263 388974008
264 -267752960
265 -1270027689
266 -1148806623
267 -1148806605
268 848547435
269 848547442
270 -1870546036
271 -1021998593
272 -2043997171
273 1228971540
274 587397041
275 1816368584
276 1588740010
277 926509897
278 36651207
279 36651212
280 -1706414957
281 -706602632
282 1918600926
283 -421114230
284 790884081
285 369769864
286 -1636826652
287 -476172698
288 -1373459632
289 -1373459630
290 -1373459621
291 -301584280
292 -301584277
293 -428580133
294 -730164405
295 -730164396
296 2104474102
297 2104474115
298 -1974928003
299 1503855821
300 -557091250
301 -557091235
302 -1114182474
303 -1114182467
304 952419886
305 -1833036278
306 -1994798857
307 -808812891
308 -341680728
309 -341680722
310 -341680714
311 466313401
312 -558728754
313 -92415350
314 -868192134
315 -960607478
316 -1921214960
317 -1921214940
318 -1376262201
319 997490161
320 997490181
321 1071255544
322 -231241236
323 1837504492
324 -1617448485
325 1060070322
326 1060070339
327 2120140670
328 165370044
329 -949386223
330 -1898772447
331 497422392
332 1944231025
333 542880971
334 -1310432898
335 1674101506
336 -1444186681
337 -1444186666
338 1406593951
339 192322125
340 154729426
341 154729443
342 154729463
343 464188338
344 464188349
345 1237835613
346 1702023965
347 -272001550
348 -1627109266
349 1040748775
350 -858362027
351 -14700090
352 -1731424154
353 1690481045
354 1690481055
355 1649537964
356 1649537965
357 1649537978
358 -260358576
359 -1256249918
360 1782467457
361 1915396951
362 1915396970
363 -198314408
364 1119979675
365 457491901
366 457491902
367 -542921253
368 372062553
369 372062558
370 658695774
371 1030758347
372 1890657996
373 -1373550947
374 -1716343548
375 -1199236483
376 -1367714621
377 11672663
378 -1356041953
379 -1332696627
380 1617901385
381 1617901386
382 1903106156
383 843941638
384 843941650
385 -703977841
386 209945696
387 -494032144
388 -494032136
389 -778118571
390 2034752308
391 1256633746
392 -1003581238
393 1509686252
394 506105021
395 -2026123496
396 242720298
397 -1277298168
398 1740370966
399 1740370984
400 -2091523502
401 1389218466
402 1501138752
403 -15391629
404 783442102
405 -2025778061
406 -1257727569
407 -1257727559
408 521784583
409 -735942967
410 1565353803
411 829410844
412 1658821681
413 -241380960
414 -241380950
415 -241380939
416 1764089679
417 1522708749
418 -1490930740
419 31778025
420 1586264775
421 1586264780
422 1586264784
423 463827062
424 463827076
425 -1781048360
426 -1317221270
427 1196697677
428 1196697695
429 -241047167
430 -241047158
431 714603372
432 232509051
433 465018103
434 1171083369
435 1171083384
436 -1952800532
437 -1952800515
438 -1952800505
439 389366277
440 -1563434218
441 1168098860
442 -5969077
443 -5969070
444 -5969069
445 -5969056
446 -17907187
447 -29845305
448 -53721533
449 -107443076
450 -107443070
451 -107443057
452 -405896021
453 -620782138
454 -620782124
455 -1862346392
456 1811838794
457 -50507582
458 -101015171
459 -822812464
460 -923827622
461 -1898162820
462 498641640
463 1047790869
464 -1275557920
465 1743851445
466 2014726046
467 -1811947715
468 671071860
469 -1677265650
470 -1677265634
471 1814286223
472 137020599
473 -732152601
474 -458111412
475 -1190264004
476 -429221176
477 -429221163
478 1055996946
479 -992709386
480 63287577
481 -929421793
482 -1858843600
483 -1858843598
484 -1858843582
485 -1858843567
486 225138461
487 225138463
488 -831286512
489 -606148044
490 -1437434553
491 -1437434548
492 -1437434530
493 -1454770881
494 -1472107200
495 1350752883
496 1350752890
497 -225372290
498 1125380614
499 -693453198
500 206555145
501 -486898051
