0 0
1 6
2 24
3 50
4 93
5 104
6 294
7 405
8 716
9 1524
10 2242
11 3777
12 6037
13 12059
14 25646
15 25657
16 69410
17 95086
18 95089
19 310906
20 406015
21 406019
22 1313133
23 1313138
24 3032299
25 6064601
26 6064619
27 15161538
28 27290768
29 42452324
30 69743095
31 69743102
32 69743117
33 69743121
34 321424766
35 460911020
36 782335796
37 1634414720
38 -1417305746
39 1781780568
40 -1513741950
41 -1513741930
42 1631958252
43 386254960
44 504471297
45 -504799352
46 385926921
47 385598879
48 771525818
49 1543051626
50 -1713663403
51 -1713663389
52 -727150463
53 -1839899809
54 14253648
55 -1825646146
56 643675003
57 560199533
58 -621771599
59 -61572051
60 520530894
61 1041061789
62 1500020646
63 -1916697599
64 1083343689
65 666666742
66 666666755
67 -1878290091
68 -1211623335
69 -673236229
70 -673236210
71 1736871525
72 -821224240
73 915647291
74 1158058370
75 1252481436
76 1252481438
77 1252481440
78 1536182688
79 998659719
80 -1760124869
81 2027198990
82 1265733844
83 1265733856
84 -1763499585
85 1035042237
86 1035042254
87 306584917
88 1341627174
89 -1611712938
90 1071541416
91 801455653
92 801455662
93 801455670
94 801455684
95 1602911369
96 1602911377
97 1602911378
98 1602911394
99 -1089144504
100 -575377639
101 -1150755288
102 -1212366027
103 267323846
104 -2095797460
105 -2095797455
106 103372391
107 474068623
108 577441019
109 1154882050
110 1732323085
111 -252880116
112 -252880099
113 -252880082
114 -505760170
115 -1011520343
116 -2023040686
117 1260406282
118 -1774154729
119 746657833
120 -1027496885
121 -1027496875
122 -1027496855
123 1212476691
124 1212476708
125 -1870013893
126 -657537165
127 -657537154
128 -657537149
129 1664818655
130 -307792812
131 -615585610
132 -923378416
133 -181938171
134 -1720902195
135 545370111
136 2014118642
137 838586569
138 -896891968
139 -58305391
140 -1852089326
141 -1968700099
142 -481019476
143 -65146984
144 -546166446
145 -618155033
146 -1229468455
147 1836030384
148 1836030395
149 1278270863
150 1278270883
151 -1738425533
152 -1640820681
153 -822704454
154 1371287519
155 -1092237608
156 -1092237595
157 -1635892123
158 -1635892109
159 -1161292122
160 -138109053
161 -276218093
162 -276218083
163 -552436172
164 -1242981390
165 -1242981383
166 1256568361
167 13586998
168 -1768243582
169 -1768243572
170 -1768243569
171 -1768243559
172 -1009763389
173 -251283201
174 -1261046581
175 1772874144
176 511827568
177 772371944
178 -1237893638
179 558133439
180 -1917653821
181 1697553284
182 1697553288
183 797692555
184 -102168152
185 -1901889590
186 -2106225905
187 286851818
188 573703638
189 -1245670430
190 -98263159
191 -770229931
192 -1540459874
193 1214047549
194 -1096642251
195 -1423054569
196 -1305649260
197 -1305649250
198 1683668806
199 378019571
200 -549610123
201 206429005
202 206429022
203 1924936291
204 -2128763522
205 -2128763510
206 -1919732702
207 -1882292426
208 -1839648561
209 -1309266114
210 1638994803
211 1638994811
212 129074955
213 129074966
214 1897144744
215 2026219714
216 -242527866
217 1783691860
218 1169561176
219 -1584242122
220 1126483061
221 -2042001172
222 -1330199054
223 2049250145
224 -1322950071
225 726300075
226 -1919600068
227 -1919600067
228 1182067247
229 1637834412
230 -1475065617
231 -574764024
232 770072029
233 358076812
234 358076832
235 911461657
236 911461660
237 -985818302
238 -985818283
239 -148713257
240 -2120349828
241 2025904212
242 2025904218
243 796927079
244 -1472135998
245 1350695305
246 -121440687
247 -121440685
248 1107813952
249 743491905
250 1608424489
251 -1078118305
252 -1913355238
253 468256818
254 -171300314
255 1600450263
256 1897406786
257 -797110227
258 -1297263961
259 1232182555
260 1035215166
261 173023548
262 173023564
263 1316180884
264 1489204463
265 -1143534833
266 345669638
267 -797865191
268 1209654978
269 -386075404
270 -772150800
271 -772150784
272 -1544301581
273 -1544301567
274 -1544301556
275 1206364177
276 96275994
277 -241661380
278 -145385369
279 -628708127
280 -1015754861
281 -1015754850
282 1634749462
283 618994628
284 618994645
285 618994652
286 618994664
287 1237989332
288 -1818988632
289 -1818988625
290 -1818988614
291 656990059
292 732980831
293 1389970909
294 960953190
295 1921906389
296 710844025
297 1421688059
298 720424376
299 720424390
300 1440848780
301 719262338
302 -694007411
303 25254930
304 1491358644
305 1516613593
306 1516613607
307 -439133921
308 -1700874013
309 -2140007926
310 14951453
311 469036811
312 498939709
313 1437013350
314 1935953061
315 -423061167
316 -377085512
317 -800146660
318 335659726
319 -1264633612
320 -2106206043
321 459640714
322 1383768366
323 1843409098
324 1580612143
325 512822329
326 1025644648
327 -1175888170
328 1943190963
329 1943190982
330 1943191001
331 1534605652
332 -817170624
333 308849731
334 617699454
335 1643984222
336 -1724433879
337 846099529
338 1383349332
339 -1528268623
340 701180244
341 701180251
342 701180257
343 1958621467
344 -1635165565
345 -1635165547
346 -610529387
347 -1221058774
348 1151669504
349 344717531
350 344717544
351 689435082
352 -1764427617
353 -385557454
354 -385557443
355 -1501389868
356 258034926
357 -2014469822
358 651585096
359 1688727639
360 583877841
361 -1370776702
362 1553413893
363 -1839724620
364 -1839724613
365 -1839724596
366 -1041569330
367 1413673390
368 372104068
369 1785777464
370 1785777478
371 -723412338
372 -1074720604
373 -1074720589
374 698701427
375 -376019157
376 322682282
377 -1504076633
378 -1933432653
379 857458020
380 857458028
381 -1722593218
382 849780852
383 -1091328959
384 -1106683281
385 2096955058
386 990271785
387 1738995463
388 1738995474
389 1738995479
390 -816976331
391 105042793
392 -711933523
393 315128432
394 -396805075
395 -688567364
396 -1085372422
397 1727417353
398 1727417354
399 1727417360
400 -840132569
401 -1680265139
402 -1680265135
403 -1680265128
404 -745828098
405 1963178529
406 471522336
407 8607653
408 480130006
409 480130023
410 1440390020
411 1440390034
412 -1414187226
413 -1868114430
414 78608432
415 78608442
416 1169882531
417 1248490991
418 -1876593759
419 620388219
420 620388220
421 -635817312
422 -15429090
423 -1287063704
424 -1938310100
425 1069593506
426 2123757925
427 2123757941
428 -47451415
429 974690679
430 974690686
431 974690691
432 974690701
433 1949381398
434 578486183
435 182281693
436 760767880
437 943049583
438 943049599
439 -1648100220
440 1181048555
441 475997949
442 951995892
443 -1685924884
444 -1685924881
445 -1685924876
446 -1685924868
447 -762807326
448 -762807317
449 2006545342
450 -1204994167
451 -1204994161
452 1884978970
453 -525009342
454 154975476
455 1514945114
456 -1265077073
457 1764813163
458 1644647358
459 -885506770
460 -1771013537
461 -1011872946
462 -1011872932
463 1259348476
464 247475558
465 -516921836
466 -269446263
467 -538892537
468 -808338785
469 -808338775
470 -1616677547
471 1869950981
472 -1363404112
473 -1110130673
474 1266367190
475 156236521
476 312473044
477 624946084
478 1093655667
479 2031074797
480 -76581163
481 -1246817989
482 -1868689881
483 -67358564
484 -1228372786
485 -1228372782
486 -1228372765
487 1838221753
488 -1914255125
489 -1304406119
490 457782266
491 457782286
492 1991870624
493 -1845314378
494 -242285314
495 -95729049
496 266324185
497 74866070
498 -1842138485
499 -1596677278
500 -1596677265
501 1101612767
