0 0
1 4
2 8
3 15
4 30
5 43
6 107
7 190
8 384
9 389
10 409
11 1390
12 2775
13 4969
14 7750
15 15510
16 31011
17 31026
18 31041
19 116350
20 178432
21 178443
22 535301
23 535317
24 1249073
25 1784406
26 1784414
27 5353217
28 8922057
29 16059692
30 30334986
31 55316736
32 101711417
33 212344895
34 399708047
35 399708061
36 1011761006
37 2125233446
38 -758264775
39 -1916237603
40 -549268930
41 -86776849
42 -86776835
43 -173553670
44 -347107337
45 -347107323
46 -954545164
47 -1301652481
48 2038769664
49 -911642630
50 -1129070606
51 2036826084
52 907755483
53 903868348
54 -1575587971
55 236035875
56 472071752
57 708107634
58 1180179405
59 1888287048
60 1888287055
61 1369893856
62 1369893866
63 -893393348
64 -560285854
65 -560285838
66 725822695
67 -394748988
68 -1682891330
69 1822577982
70 1822577997
71 -649811298
72 -1299622612
73 -1299622608
74 -1299622597
75 -253711808
76 142387689
77 284775372
78 -1126171333
79 -952720077
80 -2078891399
81 1263355824
82 1685315696
83 -1209111275
84 476204425
85 952408851
86 1904817708
87 2124319714
88 -265829868
89 1858489854
90 -2015728327
91 -157238465
92 -314476932
93 -314476929
94 -314476918
95 -1100669229
96 -1100669213
97 1779151942
98 -1051140332
99 -372657588
100 -372657568
101 -1117972751
102 -1117972731
103 -1117972714
104 195733945
105 1136783050
106 214544288
107 -688884159
108 858177127
109 858177130
110 1027470113
111 2054940215
112 503797295
113 1007594595
114 1007594596
115 1007594606
116 -1272183480
117 -1272183474
118 -529177740
119 -529177722
120 692244884
121 163067181
122 163067184
123 1018379258
124 1344513624
125 1344513641
126 1344513644
127 -1605939995
128 -261426336
129 -522852681
130 -522852666
131 -1307131678
132 -1307131672
133 373572283
134 2054276233
135 -1867118770
136 -2053533584
137 -1866376112
138 935787359
139 1498002437
140 567413700
141 2065416141
142 771652355
143 771652363
144 1379169718
145 1260337001
146 1260337004
147 1260337017
148 1260337032
149 1260337038
150 -513956202
151 -513956198
152 1492761673
153 978805478
154 1443654753
155 1443654756
156 1443654773
157 1443654793
158 35997043
159 1515648834
160 1515648853
161 1515648857
162 -1263669571
163 1767628145
164 1767628157
165 -2023380559
166 -255752399
167 -511504790
168 -1023009584
169 481319966
170 -541689616
171 -60369636
172 -1655253645
173 2037654405
174 322031140
175 644062280
176 966093430
177 966093440
178 966093459
179 -752624682
180 -752624662
181 1393030999
182 1393031000
183 1393031009
184 -1508905284
185 1917563079
186 -1100247491
187 -691589676
188 -1383179354
189 -2074769025
190 145429255
191 -809388983
192 -663959721
193 -1327919442
194 -435640611
195 1867447537
196 1431806933
197 1431806943
198 1431806956
199 453544
200 1868354636
201 -994352144
202 874456038
203 -119896089
204 754559955
205 754559965
206 -2031287423
207 -2031287403
208 1741512393
209 1973904877
210 1684129869
211 1684129872
212 1684129877
213 -926707530
214 -169285206
215 588137154
216 588137169
217 1006989125
218 1595126303
219 -516577540
220 -1033155078
221 1052382822
222 2104765638
223 -1137818829
224 986174570
225 1953121399
226 -388724505
227 -1744395816
228 -179998907
229 -179998904
230 1801849173
231 -691268955
232 750582414
233 750582418
234 -1683222230
235 -873326349
236 1738418731
237 -67547410
238 -135094825
239 -1020772068
240 -1223414295
241 -1223414279
242 692271833
243 -531142436
244 -531142433
245 -1062284852
246 -1432297879
247 738099706
248 738099713
249 1476199436
250 1520100977
251 1520100990
252 221434124
253 442868232
254 664302368
255 73839406
256 73839408
257 73839410
258 885820600
259 1107338837
260 1993159448
261 -308648405
262 -308648389
263 1375862655
264 -1543241979
265 -784676108
266 -784676099
267 -1569352201
268 -1569352191
269 -1956331279
270 769283830
271 -815460634
272 -815460628
273 -815460613
274 -1677098036
275 -1677098016
276 -1677098011
277 -1677098005
278 -736326732
279 1145215805
280 408889074
281 1554104895
282 1554104902
283 1554104915
284 -1186757475
285 -1186757460
286 734694898
287 -1638820036
288 1017327240
289 -621492786
290 -1695048126
291 2091628498
292 -846405195
293 -53990363
294 -1125307959
295 -1629123129
296 -1563198130
297 -76652271
298 1025993770
299 2051987544
300 -190992201
301 -1484630434
302 -1675622615
303 -273263931
304 861450329
305 -1087436213
306 2120094870
307 1620845069
308 -1641463561
309 2099476380
310 -1183450739
311 -1279465264
312 -363439604
313 -363439588
314 -726879188
315 378292930
316 -348586251
317 -697172503
318 -1394344992
319 -2091517479
320 -236653925
321 1966795904
322 1730141981
323 -25578499
324 -860261834
325 -885840320
326 -1746102141
327 -1746102126
328 -968917616
329 -968917601
330 -968917591
331 -968917574
332 -1937835149
333 -549620609
334 -549620594
335 288973377
336 -810267821
337 -1070915020
338 -1592209458
339 -1592209451
340 -1592209443
341 1110548405
342 -442027664
343 1779069147
344 -1847377391
345 -68308238
346 531904278
347 -1383781343
348 -920185300
349 -1772062349
350 750842596
351 750842606
352 -270377143
353 -1460939575
354 -980474095
355 -1210105596
356 1123913504
357 -1066666167
358 -2133332334
359 28302614
360 1037079328
361 -1067950379
362 -1067950372
363 -1098821405
364 -1098821402
365 -1098821387
366 2097324511
367 998503129
368 898184860
369 1796369713
370 1495414919
371 -104997792
372 788507542
373 788507555
374 788507568
375 788507579
376 -1929444582
377 -1140936998
378 1224585725
379 -1845795852
380 -1845795845
381 687024345
382 -1158771490
383 -1158771483
384 1977424331
385 818652856
386 478534233
387 957068453
388 -2040711753
389 -605109049
390 -1210218111
391 -1815327151
392 1269422040
393 -1756123220
394 782720864
395 296019703
396 592039388
397 -85343253
398 1585436714
399 1500093463
400 -702740971
401 -1997521339
402 385267880
403 -1612253454
404 -1226985560
405 1455728283
406 -998242841
407 1913213733
408 1143713631
409 2058684529
410 2058684531
411 -177598226
412 -177598218
413 1703488098
414 -887991098
415 -887991081
416 -250092286
417 -250092267
418 -500184542
419 -1888360175
420 1406238035
421 -1482491226
422 -1964613365
423 -1964613354
424 365740587
425 365740599
426 1097221775
427 -135910386
428 961311406
429 961311422
430 -1411033061
431 -1411033046
432 -1860754667
433 -1860754651
434 -1860754632
435 1596637601
436 309340954
437 309340973
438 354564909
439 973246851
440 -751836000
441 885316738
442 133480751
443 133480763
444 1373689109
445 1373689111
446 -1414108306
447 1466750682
448 1466750700
449 1519393095
450 157927191
451 157927206
452 1835247505
453 842278406
454 -1617441366
455 1060084550
456 284921601
457 -1889876585
458 -1889876576
459 -1889876569
460 -1889876556
461 1030428307
462 -344234090
463 686194221
464 341960151
465 1714348601
466 -866270091
467 1876232899
468 -1570655882
469 1495615685
470 934922622
471 859882426
472 859882443
473 -144664111
474 -1784943901
475 -1929607998
476 435751287
477 871502578
478 1887669266
479 -1100044151
480 787625120
481 1575250244
482 1262831233
483 1262831241
484 1262831246
485 1068776687
486 -1963359351
487 -894582658
488 736497177
489 -2121444828
490 2015436999
491 -264093291
492 366396066
493 -3705047
494 98597743
495 197195479
496 295793229
497 492988723
498 1080870141
499 2066847584
500 -1147249563
501 2000468166
