0 0
1 10
2 28
3 55
4 97
5 192
6 382
7 734
8 1421
9 2742
10 2743
11 8031
12 15687
13 26464
14 52934
15 105875
16 208992
17 314883
18 629761
19 629768
20 1574432
21 1574444
22 3148885
23 6927545
24 10076435
25 10076455
26 20152907
27 50382240
28 90688040
29 161223207
30 332522864
31 584434124
32 1078180214
33 1995137219
34 -637215720
35 -637215707
36 -1274431418
37 -553725614
38 -1107451225
39 1359359043
40 251907827
41 1611266887
42 1611266905
43 -568617857
44 1042649063
45 -598402279
46 1486895839
47 1931142641
48 -432682029
49 -865364043
50 633096582
51 -664949487
52 -897216931
53 -897216911
54 -1794433830
55 674246724
56 715396874
57 2095743232
58 -809580460
59 -1619160918
60 382398748
61 -2046342613
62 -2046342602
63 -1034480085
64 -1034480065
65 -1034480052
66 -2068960111
67 157047083
68 1348574223
69 -1597818846
70 -249244611
71 -341442144
72 -682884294
73 -1273571037
74 150006371
75 -1806448952
76 -1656442580
77 -291488886
78 540586883
79 -1407344574
80 -1407344563
81 2020865046
82 -253237196
83 -1047061283
84 -1047061282
85 -326494696
86 1621112851
87 1294618163
88 -1379236262
89 162938778
90 1699433543
91 1862372335
92 -733161411
93 -1303384034
94 -2036545429
95 955037838
96 -1081507575
97 -126469720
98 -126469719
99 -379409164
100 -379409151
101 -1011757739
102 -1897045762
103 -1897045759
104 -890291095
105 -1401173039
106 2003503164
107 602330142
108 -1689133972
109 -484473692
110 -968947377
111 -968947370
112 -1937894732
113 419177819
114 353881948
115 773059782
116 -1360722534
117 185397022
118 370794055
119 -804531447
120 -804531432
121 -1609062877
122 1633032633
123 -780561674
124 852470969
125 1704941930
126 -885083432
127 891767797
128 -1730870025
129 833227244
130 -5874970
131 -11749940
132 815602339
133 803852402
134 1607704805
135 -1085432647
136 1326124574
137 240691940
138 2089088674
139 2089088690
140 1450026592
141 1573928606
142 -1387802010
143 186126615
144 -1201675377
145 -1015548742
146 2077743183
147 2077743188
148 2077743205
149 -278961824
150 643751731
151 643751744
152 -1208682424
153 1877602436
154 1877602441
155 -539762407
156 1337840045
157 -1619287206
158 -1360971979
159 -304579105
160 -304579091
161 -304579081
162 -609158160
163 1411099895
164 192783572
165 192783575
166 882929814
167 882929824
168 1765859645
169 -377680861
170 -948145288
171 -1325826140
172 -885792627
173 2083348532
174 -1076415509
175 121140397
176 1128073436
177 1370354231
178 1543152567
179 -1381460490
180 -1513707137
181 -1513707130
182 -1495367951
183 -1609275397
184 -323383173
185 -1932658552
186 429650188
187 -636067585
188 -636067581
189 1196440613
190 353955648
191 353955668
192 353955671
193 353955689
194 353955700
195 1061867061
196 1769778465
197 -1109366067
198 1722279478
199 1722279495
200 1722279502
201 1722279507
202 -1700816600
203 -828945388
204 914797037
205 85851653
206 171703315
207 257554985
208 257555002
209 686813319
210 1373626637
211 -1719417351
212 -1719417344
213 -2065208039
214 164551204
215 329102422
216 1003995548
217 1333097971
218 765539115
219 -698681034
220 -1891015688
221 -491059623
222 1214210961
223 1214210966
224 1937362312
225 70816945
226 70816952
227 212450842
228 283267795
229 283267810
230 849803410
231 1416339032
232 -2028824844
233 237317608
234 -375168199
235 2128291867
236 -38383567
237 -76767134
238 1875290587
239 1875290595
240 1468755053
241 809218245
242 -2016993986
243 -2016993984
244 1070197581
245 1331176914
246 1331176917
247 -562415879
248 2099937972
249 1537522112
250 1442430745
251 222507669
252 445015342
253 2109953771
254 2109953779
255 2109953796
256 -1815057900
257 -1815057893
258 664851515
259 664851520
260 -485354852
261 -485354844
262 -305858165
263 -305858157
264 -1582426017
265 -1888284160
266 518398976
267 1342656096
268 1342656098
269 1315427028
270 -1664113241
271 -1439942335
272 -1439942327
273 -1885914775
274 -2134945376
275 -1165835170
276 523354617
277 -642480541
278 -642480530
279 -1927441619
280 1725045161
281 1725045163
282 -844876954
283 -1689753909
284 -1011982157
285 -96522680
286 -1108504829
287 -1205027495
288 -1205027485
289 -332097334
290 444310172
291 888620327
292 1332930505
293 -1961203606
294 -628273096
295 -1256546196
296 -1624472048
297 -1624472029
298 -1624472018
299 1046023264
300 1046023274
301 -1156897493
302 935149052
303 1870298112
304 1870298118
305 -554371053
306 1315927070
307 -1663113141
308 -1663113123
309 968741048
310 968741059
311 -72817068
312 -1461561210
313 -1461561205
314 -1461561192
315 1371844909
316 -89716280
317 -179432549
318 -358865096
319 743830994
320 1487661982
321 -2063474303
322 -370278962
323 -202260272
324 -1148351550
325 -1720890771
326 853185745
327 -867705006
328 1208945445
329 -526464571
330 -526464561
331 156016319
332 -896912800
333 -1267361032
334 1760245228
335 -774476831
336 -1178505419
337 -1178505408
338 -1371242425
339 1552482447
340 1552482454
341 -1190002386
342 362480072
343 724960147
344 1449920290
345 -2120086847
346 -670166541
347 -1340333097
348 1614301104
349 -396198531
350 -792397059
351 -914627563
352 -2103223140
353 1277116598
354 -826106531
355 -1652213063
356 -1201202989
357 -1201202980
358 1892561343
359 1306803078
360 1998161448
361 -990002761
362 1008158689
363 920714517
364 -51132306
365 887738146
366 1757320368
367 -1649908764
368 995149759
369 1102561382
370 -2089844537
371 -987283149
372 -979416535
373 1340984463
374 361567943
375 1940975498
376 -651439381
377 -1302878754
378 -13342617
379 -13342616
380 -1981003357
381 -1981003356
382 -1981003355
383 -1648042761
384 998881777
385 -649160981
386 -965361360
387 -1614522335
388 -1614522327
389 1065922640
390 2131845275
391 1583245589
392 486046210
393 972092432
394 878262221
395 878262225
396 502941393
397 -2035501452
398 1196056823
399 -336503221
400 -336503217
401 523050399
402 523050404
403 1569151205
404 2092201626
405 75983128
406 -34580922
407 -69161837
408 -103742742
409 -103742740
410 -103742722
411 -414970959
412 -414970941
413 -414970922
414 -1348655535
415 -1763626440
416 -1763626431
417 -1763626427
418 767714441
419 1535428882
420 -1224109522
421 1079033816
422 394441205
423 394441208
424 1867916245
425 -1638168627
426 -1638168614
427 -1638168612
428 -619538541
429 399091536
430 -220446994
431 -220446980
432 1995457712
433 1995457721
434 -304051855
435 -1048997691
436 -1353049543
437 -710641356
438 -1421282713
439 -2131924057
440 1924039251
441 -207884789
442 1747273637
443 -831539179
444 499964878
445 -331574284
446 -663148583
447 -1326297162
448 1642372982
449 -178682156
450 -178682137
451 -41288458
452 -398652738
453 -398652726
454 -398652723
455 -1415928776
456 1641791889
457 -571442331
458 -1142884655
459 -1887116594
460 693523727
461 1958489791
462 1958489805
463 -1571580548
464 -1256044512
465 -869135235
466 598207002
467 -270928217
468 327278786
469 -1470622167
470 -1143343372
471 2008280548
472 -549334402
473 315602775
474 315602783
475 2090151705
476 -1573610025
477 598412848
478 598412852
479 1196825716
480 1795238573
481 -1679687313
482 -1679687297
483 231102536
484 -136207778
485 -1584792521
486 -1584792502
487 -459410250
488 665972033
489 1331944070
490 1997916104
491 1997916109
492 1239370788
493 940235725
494 1880471445
495 1880471456
496 1645582129
497 -1003803033
498 107754719
499 215509433
500 -1449452579
501 -2129991454
