0 0
1 12
2 13
3 27
4 28
5 39
6 109
7 116
8 234
9 475
10 842
11 1555
12 3114
13 3129
14 8646
15 14892
16 31348
17 46245
18 92492
19 138746
20 277491
21 277493
22 786238
23 1063751
24 2404974
25 4254966
26 7723707
27 15447411
28 23171127
29 46342262
30 46342279
31 46342286
32 162197969
33 208540275
34 509765086
35 509765104
36 1228070470
37 1737835578
38 -819296131
39 2146609929
40 1327313818
41 -821043534
42 -821043525
43 1012540572
44 -1450590025
45 -2080136504
46 1776781343
47 -741404606
48 1035376748
49 293972147
50 284589140
51 578561300
52 -2102467945
53 90031408
54 -855313934
55 -765282522
56 -1620596447
57 -958662126
58 950426219
59 -1628832345
60 1037302605
61 358896496
62 -232633228
63 -232633225
64 -697899685
65 233032967
66 -697499933
67 -464466955
68 -1859466827
69 1506566550
70 -1281834197
71 -1281834186
72 -1057101815
73 -2114203630
74 -1440006530
75 -1598178853
76 -857421700
77 -1714843403
78 1722702204
79 -849562879
80 873139342
81 1746278680
82 -802409944
83 -1604819886
84 212188206
85 -1392631663
86 -1841394599
87 -1841394585
88 -568265340
89 1885307389
90 1317042063
91 -1092617837
92 224424235
93 1765890518
94 -194920917
95 1570969611
96 1376048713
97 -1542869869
98 -1542869855
99 -1709691001
100 -1848412387
101 -806005939
102 -1612011873
103 -1681153896
104 932659499
105 -748494395
106 379960709
107 379960724
108 379960730
109 1324047287
110 1715435066
111 -875524200
112 -1371087683
113 -531176807
114 261693670
115 1778872292
116 -737222720
117 772166444
118 34943737
119 807110199
120 807110203
121 1614220419
122 -1873636671
123 -1873636668
124 -1325942699
125 835971697
126 835971717
127 835971719
128 1181972444
129 -1441051399
130 -2046131099
131 1989757250
132 -1497425240
133 -1553799072
134 -1061467043
135 182275944
136 -879191095
137 -879191090
138 -1576106229
139 960478890
140 960478892
141 960478894
142 -1413530608
143 -1413530607
144 -1866582302
145 1014854401
146 1576657081
147 -1703455799
148 1902910079
149 1902910080
150 -615945851
151 -1231891686
152 55072557
153 2013055196
154 836236075
155 1672472147
156 -1786259072
157 -113786917
158 -227573841
159 381088405
160 -1746531409
161 -1746531395
162 955419061
163 1910838121
164 -245717201
165 874008601
166 -1755837757
167 783291784
168 1566583560
169 1468046193
170 1468046205
171 -1358874887
172 109171327
173 109171334
174 218342676
175 -922189547
176 -485504196
177 -1080179730
178 2025436503
179 2025436518
180 -1809778192
181 -1809778183
182 -1809778172
183 -1134367235
184 1350821905
185 216454675
186 -1376868808
187 -943959450
188 -2104373570
189 86220147
190 -2018153403
191 258660472
192 517320955
193 517320965
194 1293302404
195 1293302406
196 -1191041517
197 -1864762070
198 -469198774
199 769964939
200 300766168
201 601532342
202 601532344
203 -2021171491
204 -1419639135
205 -1419639129
206 1455689046
207 36049923
208 72099853
209 -1275439438
210 288399394
211 -987040034
212 -1865930286
213 1730396375
214 -834174543
215 896221839
216 1792443683
217 1718957081
218 1008877147
219 287357923
220 287357926
221 800026476
222 1374742345
223 -1832840548
224 -1832840547
225 -1490912259
226 -1490912247
227 -977795958
228 -977795951
229 -977795935
230 -129332791
231 1232246666
232 1102913883
233 -2089139530
234 246021020
235 246021028
236 -494183582
237 -2141518
238 -496325081
239 -500608113
240 -1247237256
241 1554471759
242 307234516
243 307234527
244 614469054
245 921703594
246 1536172662
247 -608152940
248 -608152924
249 -608152916
250 -1824458771
251 -2112744869
252 -250389252
253 1931833179
254 1931833185
255 -681690182
256 -1112991110
257 -1112991106
258 955993972
259 -1269988240
260 1073300631
261 -196687591
262 -550372332
263 -550372327
264 -550372314
265 -1847804547
266 1346418124
267 -501386421
268 -2103517483
269 638304673
270 638304690
271 1276609372
272 1914914073
273 1914914075
274 811470225
275 -2033722151
276 -2033722147
277 1038993240
278 2077986464
279 -138994359
280 1938992111
281 622010165
282 205027092
283 -1667932268
284 -1667932256
285 -569835139
286 594294737
287 594294746
288 1188589502
289 1807343847
290 1807343852
291 1696899396
292 -1495463239
293 709746066
294 911182241
295 1620928317
296 -1053110658
297 1478999917
298 2046817581
299 -1822260439
300 650446415
301 -1171814012
302 -296810448
303 1654528827
304 1357718394
305 -2100898101
306 911349122
307 1822698250
308 1990867682
309 -481401350
310 -481401345
311 -1444204056
312 -416139049
313 -416139048
314 -832278078
315 -1248417106
316 -1248417091
317 133576925
318 683292913
319 683292931
320 1366585848
321 1618331529
322 -1310049911
323 -1310049905
324 1048110502
325 1048110521
326 786171124
327 1572342248
328 -1936453915
329 -1936453906
330 -466283913
331 -44224423
332 1483893392
333 1439668988
334 -1881913245
335 1041649150
336 1041649152
337 1041649156
338 2083298328
339 913278509
340 -1298390454
341 1698186402
342 -898594501
343 799591907
344 1599183821
345 1599183834
346 -1096599634
347 2002765446
348 -190433815
349 1812331633
350 -1766903650
351 -145005822
352 -145005817
353 -2056915277
354 2093046203
355 -253880706
356 -253880689
357 -616636281
358 -870516962
359 98131569
360 -1896783054
361 -1798651472
362 -789488885
363 -789488870
364 -789488859
365 -789488849
366 -661639619
367 -1451128462
368 -1451128450
369 -58418082
370 672652703
371 672652720
372 -1615369556
373 -270064126
374 -270064121
375 -1482845080
376 -2022973326
377 519084775
378 1038169545
379 -465718986
380 572450575
381 1663985912
382 -1486080233
383 1322806816
384 2073163079
385 -721091704
386 1188797969
387 -1754097947
388 -565299958
389 -565299950
390 -1130599901
391 1468467517
392 -792732283
393 675735248
394 -116997028
395 103873558
396 -13123466
397 -143243963
398 -156367422
399 -156367416
400 -156367410
401 -156367407
402 -312734797
403 -938204436
404 -1250939228
405 1793088855
406 -865157001
407 -1261211800
408 -333279930
409 1835318567
410 1502038653
411 1502038664
412 1502038680
413 1713187341
414 -1079741255
415 2135484785
416 -1526036417
417 1242894465
418 772601584
419 -1670022877
420 -1180563232
421 1444381206
422 -633603312
423 -2039808204
424 215350887
425 215350906
426 2052257577
427 -1812007921
428 -1812007909
429 -1141056441
430 1797503510
431 656447078
432 656447080
433 1312894159
434 1969341253
435 2097665794
436 1084933929
437 -1112367564
438 1057500280
439 1057500283
440 2115000581
441 -64966133
442 -1187432553
443 862601915
444 -324830622
445 -324830614
446 -324830606
447 -649661203
448 -761551128
449 1909263128
450 1909263143
451 2082483335
452 194829981
453 1039321165
454 1039321177
455 2078642357
456 2078642374
457 -137682558
458 763956065
459 488590962
460 1252547035
461 151086588
462 1403633625
463 -235153007
464 -235153005
465 -470306001
466 -705459001
467 -1410917997
468 -1410917986
469 62213316
470 359579645
471 1189465279
472 1611258248
473 1611258268
474 476594153
475 593608660
476 -1613506208
477 -1613506202
478 2138157708
479 2138157713
480 1642911678
481 1624259814
482 -1046447659
483 63914252
484 63914270
485 705640678
486 769554963
487 1539109916
488 -1216747457
489 -1216747441
490 -124830012
491 -1341577449
492 -1466407443
493 -1071342492
494 290809904
495 581619821
496 872429742
497 872429751
498 -1677678073
499 648801253
500 -1028876806
501 -312894130
