0 0
1 11
2 29
3 48
4 90
5 181
6 364
7 372
8 375
9 381
10 773
11 793
12 2704
13 4665
14 9330
15 18270
16 27605
17 59887
18 119758
19 225533
20 405193
21 405210
22 1215582
23 2025996
24 3241592
25 6888398
26 6888408
27 17018405
28 34036815
29 57943641
30 108998870
31 166942531
32 367921868
33 701806924
34 1069728804
35 -1988567162
36 -918838348
37 -1135869766
38 1321420837
39 185551075
40 371102150
41 742204310
42 1298857551
43 -1882803276
44 714911828
45 714911830
46 845877952
47 1560789798
48 1560789808
49 -1173387679
50 1948191930
51 774804266
52 774804278
53 -409764685
54 -409764684
55 -819529350
56 -89450162
57 -89450142
58 -1408194323
59 1478578647
60 1478578666
61 1370062691
62 -1375941600
63 1472699773
64 1466820866
65 1563579054
66 1563579063
67 1771711469
68 -751544360
69 1020167116
70 1020167130
71 1288789899
72 -965843134
73 -1931686275
74 431594748
75 -156977626
76 274617139
77 117639527
78 117639537
79 117639546
80 235279102
81 470558202
82 823476864
83 1646953734
84 -1353978476
85 1587010339
86 1879985604
87 1879985606
88 -534996075
89 1344989537
90 -1604988217
91 -1604988206
92 -1604988191
93 -1604988174
94 1084990937
95 -1039994540
96 -475000869
97 -1514995390
98 744979278
99 744979279
100 -500037695
101 -1000075386
102 -1000075369
103 -2000150749
104 1294741183
105 -1705484924
106 1884072813
107 1884072830
108 -526821633
109 -526821631
110 -1053643254
111 -2107286501
112 1134037552
113 1741253478
114 768004548
115 -651671702
116 1857586332
117 1205914649
118 -1231466308
119 -25551655
120 1806483028
121 549465070
122 -1990122500
123 -1990122486
124 314722315
125 1178909713
126 -1937147880
127 -1937147860
128 1599581288
129 -1095804734
130 -1095804720
131 -1095804700
132 1007553145
133 -1184056256
134 -1184056254
135 -1184056237
136 1750351699
137 -794263898
138 956087816
139 -455936864
140 -294112943
141 -588225873
142 -1338275672
143 1618415956
144 -1058135381
145 -1366220950
146 -2144216034
147 -273605067
148 510925252
149 510925267
150 1532775776
151 136805198
152 -1603535800
153 -1603535791
154 -1603535776
155 1153940910
156 -449594858
157 704346068
158 -194843650
159 -194843634
160 -389687272
161 -75028481
162 -75028478
163 -150056957
164 -225085425
165 -914886605
166 -1440085930
167 1714909346
168 -865148597
169 -590325178
170 -1455473763
171 -1455473745
172 793694615
173 1587389231
174 -529863655
175 -529863642
176 1321356555
177 791492929
178 -1654455861
179 458393626
180 458393645
181 1375180914
182 -2002999108
183 -2002999101
184 1664150006
185 -508273634
186 -508273627
187 647602747
188 -707793603
189 -568464465
190 -1276258057
191 -1904913375
192 1113795866
193 1659127282
194 1659127284
195 137083154
196 -839629567
197 -565463272
198 -565463261
199 -565463246
200 -1696389767
201 -1696389766
202 336724525
203 673449055
204 673449066
205 -1709156879
206 -1035707797
207 -2071415593
208 152136099
209 -369176869
210 -369176855
211 -369176852
212 -738353706
213 -1476707411
214 2079906191
215 603198797
216 98867033
217 566910911
218 -946084351
219 -946084335
220 -1892168678
221 1077540844
222 -814627821
223 773542963
224 -41084852
225 -82169698
226 -82169696
227 -164339381
228 403779348
229 157270274
230 314540558
231 629081112
232 1100891950
233 1729973067
234 -520480589
235 -520480574
236 689011920
237 -351949236
238 -183417879
239 -183417871
240 -718784978
241 -718784963
242 -1804405673
243 1052991695
244 1052991707
245 -1135992192
246 -1135992174
247 2022982943
248 1856981993
249 1856982009
250 1441979658
251 -996005624
252 445974043
253 891948089
254 1783896178
255 -1619123013
256 506689676
257 -1112433321
258 -605743633
259 -605743615
260 -1211487246
261 759559495
262 -1057671350
263 1573880950
264 1573880951
265 1638162805
266 -566713925
267 -566713910
268 2078615938
269 -1711616377
270 366999581
271 -399428684
272 -32429100
273 -1776474563
274 2086634952
275 2086634965
276 -1898171932
277 466194329
278 654657380
279 1120851721
280 -2053263848
281 -1709732347
282 -1709732329
283 -1709732321
284 875502648
285 -2011990885
286 -260985574
287 -260985564
288 -521971123
289 2114536803
290 1070594546
291 -1892792632
292 1292338721
293 -1710289853
294 -1240149213
295 -1658100338
296 978766632
297 665194529
298 1330389068
299 1316249893
300 -4367172
301 1311882729
302 1307515563
303 966702790
304 -713233370
305 -1426466744
306 -1172997323
307 982269872
308 -1617194188
309 -1807921636
310 -747342716
311 122508769
312 245017531
313 -379816407
314 -759632818
315 -759632808
316 -759632806
317 1881270001
318 362004403
319 1483641617
320 -2087316874
321 -603675251
322 1035923901
323 432248651
324 1468172561
325 -1962297433
326 -61876206
327 -123752413
328 -185628614
329 1961412637
330 1652031611
331 -867151659
332 -1858055724
333 888236878
334 -969818841
335 -969818838
336 1385510785
337 1385510792
338 1801202752
339 -692561790
340 -1800815537
341 1801589984
342 -691787329
343 -691787316
344 418015353
345 -273771954
346 -547543907
347 -1095087813
348 -1642631709
349 1009703869
350 2019407749
351 2019407768
352 -1984167430
353 2054648106
354 2089888460
355 2089888462
356 -115190360
357 -230380729
358 1593886650
359 1248315564
360 -1683145805
361 1159056425
362 -1976854458
363 -1976854451
364 1500314814
365 1841573215
366 -953079252
367 888493971
368 -1017664529
369 -1082249807
370 -2099914333
371 95138646
372 -2004775673
373 285415944
374 -1624221072
375 -1338805116
376 -1338805107
377 1617357078
378 278551987
379 -781701148
380 -503149147
381 -727746329
382 -1734044618
383 1330027203
384 1878353258
385 1878353264
386 -538260773
387 253505662
388 507011325
389 760517006
390 -1433840792
391 -1433840789
392 -1346647585
393 1348166464
394 1518888
395 -1430803009
396 -1427765224
397 1437917956
398 1437917962
399 1437917966
400 -1408978616
401 -1390192008
402 1495796678
403 1495796693
404 1601401373
405 1793824137
406 1793824146
407 894082361
408 -1011005874
409 777158861
410 777158872
411 1554317741
412 -1186331812
413 -1186331793
414 -41186985
415 -82373971
416 -82373959
417 -205934914
418 -1598201615
419 -1968884446
420 -1968884443
421 -1241003192
422 1607025997
423 1607026007
424 1607026026
425 526110744
426 526110763
427 1052221514
428 1052221527
429 2104443057
430 440029571
431 -1750494650
432 -1750494633
433 -1750494628
434 -956516612
435 -162538573
436 -162538567
437 1262878919
438 937801780
439 1875603576
440 -381221586
441 -762443159
442 -1143664744
443 -1143664739
444 2007637814
445 2007637824
446 965503000
447 -1601518135
448 -2059371514
449 634077651
450 1268155305
451 1902232974
452 -490501363
453 -1615080361
454 -203348738
455 -203348731
456 1782688107
457 1579339378
458 1579339398
459 443050870
460 1089450477
461 1089450488
462 -1673015445
463 948936405
464 365371457
465 365371476
466 730742939
467 1096114432
468 -788430585
469 307683853
470 1346110642
471 1961478358
472 -372010584
473 -372010583
474 -744021155
475 -1488042318
476 1690893251
477 -1285191375
478 -1082340439
479 -1082340431
480 -1082340411
481 -237245348
482 -237245340
483 -237245326
484 -474490647
485 -948981307
486 -1423471944
487 -1423471937
488 1448023430
489 1448023448
490 -899878296
491 572696646
492 572696661
493 1693538478
494 1693538494
495 -662375303
496 -424872312
497 -424872295
498 -849744601
499 -849744593
500 -849744588
501 1320861225
