0 0
1 14
2 30
3 38
4 84
5 182
6 314
7 598
8 1186
9 2286
10 4075
11 4086
12 11637
13 15726
14 31454
15 31460
16 90281
17 180574
18 302322
19 482914
20 482915
21 482928
22 482935
23 482941
24 1448809
25 3380541
26 5312305
27 5312322
28 5312324
29 10624664
30 26561619
31 53123252
32 90309543
33 143432809
34 313427226
35 313427230
36 860596810
37 1487451285
38 1487451287
39 -1320064722
40 167386582
41 -1152678137
42 669546313
43 -315745237
44 -798877050
45 -445075955
46 -2042830062
47 1361985314
48 2054424307
49 2054424315
50 2054424323
51 -1064676322
52 -1250794971
53 1979496012
54 -522093936
55 -858069204
56 -1380163137
57 -2031625222
58 25109742
59 -471874446
60 -446764696
61 -446764688
62 923047993
63 29518616
64 952566627
65 952566632
66 952566646
67 1905133295
68 -484700703
69 -16834795
70 -501535492
71 902062317
72 902062329
73 1285754370
74 -1205088264
75 982728446
76 1965456897
77 -364053499
78 -1630169339
79 -251125742
80 -1881295078
81 -2132420801
82 281251427
83 281251431
84 843754293
85 1406257171
86 1406257186
87 -638698637
88 -638698629
89 -1277397265
90 257719827
91 -1019677420
92 -2039354843
93 1493654864
94 1709912462
95 1164212492
96 -1420842340
97 -1348029806
98 -1348029788
99 -1348029780
100 1598907729
101 1598907741
102 501755912
103 501755931
104 1003511861
105 -689035845
106 1317987876
107 -1658991550
108 -1658991547
109 1605936239
110 1605936257
111 1552880959
112 469786167
113 469786175
114 -1802513984
115 -862941627
116 -862941614
117 766570073
118 -96371538
119 -1055684700
120 -2111369392
121 -2111369384
122 -983456164
123 -2063283864
124 1320455805
125 457313693
126 1777769508
127 1777769517
128 -1024942634
129 13398610
130 -1293658585
131 -1293658574
132 1721048766
133 427390208
134 854780414
135 854780421
136 -1730626048
137 406324999
138 -469520621
139 -63195614
140 -532716231
141 1905233799
142 1246126334
143 -1676323386
144 -430197037
145 -2106520413
146 1758249847
147 -1208664647
148 -1208664632
149 1529367470
150 -887961805
151 -887961788
152 -887961769
153 1951784786
154 175861233
155 2127646038
156 -1815598795
157 1551731512
158 2039639993
159 -215687313
160 -919283088
161 -919283070
162 -2054253466
163 402147688
164 402147700
165 804295399
166 1608590806
167 1608590826
168 530805134
169 -546980528
170 -289665651
171 -305841035
172 -305841020
173 -1448328219
174 1398310844
175 -50017364
176 1348293500
177 1348293518
178 -1648397627
179 998172032
180 1996344069
181 -1600555293
182 395788784
183 -1204766493
184 -808977692
185 1076456613
186 -541498780
187 -1082997558
188 -1624496335
189 1313453557
190 -311042765
191 -1705083097
192 1967798666
193 -48327186
194 214388384
195 117734008
196 -2043373414
197 208220459
198 -1717418931
199 -1509198470
200 1068349909
201 301546859
202 1369896774
203 1671443650
204 116269900
205 1787713552
206 1787713557
207 1787713561
208 -1439080364
209 348633206
210 -1809987332
211 -1461354111
212 1023625865
213 1023625868
214 -1224089709
215 -1224089704
216 1846787889
217 -601391521
218 1245396384
219 42613341
220 1288009741
221 1330623088
222 1330623093
223 1330623096
224 -1633721101
225 -1633721089
226 1027525111
227 421329115
228 -184866856
229 -369733709
230 894253669
231 524519977
232 1418773666
233 1418773672
234 1418773692
235 1380127385
236 1866001115
237 1788708581
238 1788708598
239 -347615216
240 -1065165328
241 -1065165316
242 1099471334
243 -1030859307
244 -996553277
245 -996553276
246 -1993106543
247 -722105104
248 583202386
249 1166404777
250 -965604472
251 784002709
252 984803032
253 984803043
254 -1340558190
255 447446129
256 91691002
257 539137137
258 630828144
259 368544239
260 999372393
261 999372411
262 999372424
263 -297477667
264 701894777
265 1403789551
266 -488015789
267 915773768
268 915773777
269 915773788
270 -2035661739
271 -1119887939
272 -1324002097
273 731189318
274 731189335
275 1277794193
276 296282820
277 1712453572
278 -1008436696
279 -2016873389
280 261220514
281 1530877738
282 1792098272
283 558886447
284 558886462
285 1117772923
286 1676659402
287 -382762050
288 -382762041
289 -765524079
290 -1148286107
291 -1913810176
292 -298177142
293 934693876
294 934693878
295 934693893
296 934693907
297 -1490885612
298 -1490885595
299 1313196102
300 -1668575101
301 -1846264574
302 602438145
303 1382565770
304 -1529835746
305 455168187
306 -935928215
307 -935928210
308 1348443314
309 -68244908
310 -136489812
311 -136489798
312 -136489789
313 -477714305
314 -477714300
315 -1091918375
316 -2047346979
317 63783565
318 63783578
319 805554799
320 933121950
321 1738676769
322 1738676779
323 921063017
324 1036571237
325 1140020526
326 -2014926245
327 -874905713
328 1405135352
329 -1484696591
330 -1484696588
331 -1484696576
332 1325574142
333 1325574146
334 -318244867
335 -636489734
336 -636489724
337 -265650165
338 -902139888
339 -1167790049
340 1959387198
341 791597165
342 681054431
343 681054446
344 681054464
345 499180419
346 499180420
347 -1934497532
348 -1934497518
349 2105387552
350 -1264427073
351 840960485
352 840960489
353 417493904
354 417493922
355 834987845
356 1252481775
357 -1372509845
358 1549947602
359 -1612565987
360 652341403
361 -960224580
362 -960224574
363 -1920449137
364 1106410422
365 -814038695
366 746440749
367 -881636646
368 -949234580
369 -1084430476
370 -2033665036
371 92441319
372 1269313116
373 1269313127
374 -487027940
375 2144039639
376 2144039657
377 2144039659
378 -1375530432
379 274593299
380 274593308
381 1317695842
382 491352022
383 1809047883
384 -1994567372
385 -1994567370
386 -371038980
387 1743841473
388 1678635062
389 1678635068
390 -937697148
391 -1875394299
392 1481875854
393 2026054556
394 1632536119
395 -1029895063
396 -184395818
397 -1850667484
398 593632319
399 -1441430965
400 1412105352
401 1412105371
402 1976412092
403 -935775429
404 1040636682
405 2081273362
406 -132420581
407 1948852794
408 -397261710
409 1419170504
410 -1456626283
411 1381714731
412 -1399117246
413 -17402511
414 -72260799
415 -1563692088
416 -1563692068
417 1095322348
418 -2032061804
419 158582895
420 -778156556
421 1174962129
422 -1476673324
423 -301711186
424 -603422373
425 -1985001297
426 1706543633
427 -1183591222
428 522952419
429 -660638787
430 -660638781
431 -798325139
432 -1596650282
433 1239353106
434 -1155622297
435 -1512919462
436 1626425557
437 -1042116195
438 -2084232392
439 -1499923024
440 -217798213
441 493013674
442 -56088851
443 929938504
444 1149065127
445 2022914787
446 -193048864
447 -386097739
448 -386097719
449 -2088231696
450 1820637889
451 -653691518
452 1166946383
453 -140436645
454 1026509739
455 1399327971
456 -1496311358
457 929526363
458 929526377
459 -1506388191
460 -576861800
461 -224197247
462 -224197228
463 -224197212
464 -672591677
465 -1120986097
466 1828797843
467 -188977137
468 -377954261
469 140880359
470 140880366
471 -96193521
472 -381364177
473 -573751214
474 -573751210
475 -573751207
476 -1721253620
477 1426211264
478 -868793556
479 -1737587116
480 819793070
481 -360376326
482 -360376321
483 -1638546689
484 -1539506264
485 756538028
486 1513076065
487 -908438840
488 -1816877689
489 -455702432
490 1113948336
491 1113948355
492 1772194269
493 1772194273
494 363369604
495 -387209140
496 -23839516
497 -798257794
498 926257431
499 -283049008
500 -155049367
501 -310098719
