0 0
1 15
2 26
3 52
4 69
5 78
6 148
7 235
8 463
9 483
10 1339
11 1823
12 3167
13 7282
14 13626
15 27253
16 53161
17 101334
18 195385
19 349899
20 349903
21 1049686
22 1049701
23 2099400
24 4548703
25 4548707
26 11196819
27 20294246
28 40588489
29 81176971
30 121765476
31 275022006
32 396787494
33 915340437
34 1587149955
35 -1792476897
36 -1792476893
37 -1792476880
38 -1082463365
39 2130040577
40 -744899653
41 -1489799306
42 -104658380
43 -1291780124
44 1408729503
45 2072559350
46 595051063
47 -1615065882
48 -1615065877
49 1659886606
50 -1570245135
51 -1525424393
52 -370947366
53 873171146
54 -1023200597
55 -150029443
56 2098536652
57 1948507217
58 -547982308
59 1400524922
60 -1493917455
61 1307132393
62 -186785055
63 -373570110
64 653384713
65 1400161958
66 1400161971
67 -841258646
68 1959065286
69 276548001
70 276548009
71 -1782805993
72 -1782805984
73 1005903344
74 1005903362
75 1005903376
76 -547901889
77 687002220
78 687002229
79 687002249
80 2061006716
81 2061006723
82 514048408
83 341094570
84 855142990
85 1196237576
86 1196237580
87 -192206169
88 -898460739
89 -2138016056
90 -2032445364
91 -2032445363
92 -1907939483
93 -1907939475
94 -1428851143
95 -949762788
96 362996345
97 -586766429
98 -1173532853
99 519050440
100 -1828015265
101 1225703192
102 -602312059
103 -685573674
104 -1287885725
105 -1973459384
106 348048517
107 696097046
108 1392194092
109 -1858627640
110 -1858627639
111 577712031
112 -1280915589
113 1266702553
114 563498997
115 549285967
116 1098571941
117 -816907818
118 281664143
119 1676113245
120 -2055525782
121 -2055525767
122 1324785327
123 -828488832
124 -828488821
125 1907249213
126 1078760399
127 -1641150003
128 -312118035
129 204252771
130 -107865256
131 96387520
132 -119342994
133 -130820717
134 -57388673
135 -307552375
136 -615104751
137 -615104746
138 -1537761866
139 -1537761855
140 -318318286
141 286020557
142 1187145866
143 1473166432
144 1473166442
145 124532020
146 1597698480
147 -1099570346
148 498128153
149 -601442184
150 -1202884363
151 -808070246
152 -2010954603
153 273058085
154 546116173
155 1092232345
156 1638348536
157 -1018270240
158 620078303
159 620078305
160 620078323
161 1860234935
162 -1814654018
163 45580930
164 -1769073075
165 756821151
166 -921090066
167 -921090061
168 1440535263
169 -1413896772
170 -894451567
171 -867813063
172 1638251104
173 1638251105
174 -1018465069
175 -1018465058
176 1239572096
177 1239572110
178 1460679158
179 1460679161
180 -134036848
181 -268073706
182 -402110546
183 2117137224
184 1446952986
185 -1132987622
186 1760918344
187 -102946357
188 -102946350
189 -205892699
190 1349132941
191 1349132949
192 1349132961
193 -1596701366
194 1101564555
195 -742705246
196 -1237842056
197 -1126551147
198 -1126551145
199 2041865016
200 915313891
201 -533765435
202 -1871553809
203 1889648060
204 1889648061
205 -515671161
206 1373976907
207 342634589
208 -1204378882
209 1886209533
210 1024465252
211 -1384292497
212 -1384292477
213 1526382328
214 1526382337
215 284179708
216 284179715
217 -2058135673
218 -1489776234
219 747055405
220 -742720820
221 751389978
222 755724568
223 21672904
224 21672920
225 1550460376
226 1550460385
227 -1150700700
228 1993565892
229 -329508414
230 -680689752
231 1383127427
232 -1928472131
233 -1226034446
234 1513389986
235 -1641116584
236 -127726578
237 885007549
238 -883835598
239 -126554615
240 -1010390193
241 -1263499417
242 -1263499415
243 757578280
244 -1769420550
245 756126204
246 756126213
247 -257168124
248 -257168114
249 997916184
250 1239706169
251 -2057344934
252 180277432
253 -637361318
254 -637361299
255 -1274722611
256 1745522076
257 470799484
258 941598952
259 1883197913
260 -528571465
261 1354626456
262 826055009
263 -759659363
264 1421022107
265 -1452923067
266 1389121162
267 1389121168
268 -1516724958
269 1229616415
270 1102012643
271 -2090942017
272 -1276037909
273 2030000017
274 -1336979902
275 -1571947148
276 2140002355
277 2140002363
278 -1586909714
279 -215832033
280 -1802741730
281 -1802741722
282 473651823
283 -639606078
284 -165954250
285 -331908502
286 -1137468822
287 2020029649
288 -254908001
289 -254907984
290 -254907981
291 117836878
292 -646887071
293 -1038866153
294 -2077732308
295 1178368839
296 -1938229615
297 -759860756
298 -341352695
299 -1101213437
300 154310805
301 154310816
302 308621634
303 -825322867
304 -1309293029
305 -1671683431
306 488667980
307 977335952
308 -205679490
309 -411358969
310 848965479
311 1697930965
312 2135537489
313 -23892319
314 2111645171
315 -1819747795
316 -193493771
317 98403611
318 98403627
319 -1816434324
320 -1619627069
321 957309532
322 1914619081
323 -465729150
324 -465729137
325 -465729117
326 1474741224
327 77553836
328 77553838
329 698390658
330 1862510453
331 -1656512338
332 1059496461
333 1265494580
334 1265494586
335 1265494603
336 -498483522
337 2032505676
338 -229955946
339 -459911884
340 -689867820
341 -1379735648
342 -1379735628
343 155760371
344 -1223975250
345 -222586662
346 -222586653
347 -1513388185
348 -1513388180
349 -1513388173
350 -1513388166
351 -245197204
352 -1758585357
353 2045987529
354 1310395935
355 -938583812
356 659214310
357 1031026447
358 751656963
359 1782683430
360 -1760626901
361 22056547
362 795770053
363 -942800289
364 -124973679
365 -124973671
366 -396977575
367 -396977558
368 -1043902467
369 -1837857583
370 619252122
371 -1218605455
372 416876356
373 -2020334557
374 2092155782
375 2092155799
376 -1714113902
377 378041899
378 -1446727710
379 -690643895
380 -1381287796
381 -559764103
382 -559764089
383 1794151314
384 -706664656
385 -706664646
386 -706664634
387 -325842604
388 -1739171866
389 109958891
390 109958895
391 1743205982
392 -101890687
393 1641315311
394 -1012336673
395 628978658
396 1257957302
397 874599305
398 -1533432020
399 -1533432012
400 -305328752
401 922774531
402 -1574818941
403 -957373156
404 846788974
405 -1067957343
406 1541606834
407 1541606848
408 -1211753600
409 803502744
410 1607005494
411 1607005514
412 52399717
413 -1436807409
414 -1436807398
415 -1436807388
416 1643950336
417 1628495446
418 1835638411
419 813116912
420 813116922
421 -1855616550
422 1606255700
423 -249360837
424 1127512149
425 1441907401
426 -368652873
427 1951405848
428 1951405851
429 681098941
430 288943354
431 970042302
432 -403476844
433 -403476837
434 -403476822
435 -806953653
436 -806953648
437 -1613907283
438 1067152727
439 1730828635
440 1730828650
441 -833310008
442 -833310000
443 -1432777282
444 1195570009
445 -172998626
446 -2076825887
447 -2076825874
448 141315550
449 282631099
450 565262185
451 1130524386
452 42907365
453 1738693946
454 -817579401
455 2094546305
456 -1236399072
457 -1236399056
458 1822169187
459 -650628938
460 -1301257869
461 -1951886799
462 391193710
463 1433016341
464 -127676730
465 1696533330
466 1568856607
467 275762254
468 551524512
469 551524528
470 349233948
471 900758495
472 1249992452
473 1249992467
474 1249992480
475 355768610
476 -1439213729
477 166547380
478 1583087227
479 310420887
480 310420895
481 620841787
482 -1470196487
483 -1470196480
484 -1698709380
485 -1698709364
486 897548569
487 -801160785
488 96387786
489 1090324126
490 1186711927
491 -1825155658
492 -1825155657
493 -1373275261
494 1096536391
495 1554629053
496 1554629070
497 -1185709168
498 1646810087
499 371928155
500 371928164
501 371928173
