0 0
1 7
2 20
3 47
4 85
5 143
6 151
7 436
8 865
9 1315
10 2921
11 4249
12 8504
13 12754
14 28429
15 53948
16 103644
17 198793
18 302440
19 501243
20 1160080
21 2162557
22 4325114
23 8451448
24 16099213
25 24550672
26 53426453
27 106852905
28 160279378
29 267132297
30 267132300
31 267132315
32 1068529199
33 1869926117
34 -1356511972
35 2116207977
36 -596815958
37 162880053
38 162880071
39 488640172
40 217584353
41 706224527
42 1412449059
43 1412449064
44 1412449084
45 -1470069134
46 1354829026
47 1297208982
48 -1700549331
49 -1700549321
50 -1700549303
51 1845357360
52 -1555741249
53 -1555741242
54 -372256439
55 -372256430
56 1994713205
57 -1861282147
58 133431075
59 -1727851068
60 -1594419984
61 1106127329
62 -2082712644
63 -2082712639
64 129542025
65 -229208611
66 -99666583
67 -328875182
68 -528208349
69 -528208338
70 -1385291855
71 1424716993
72 -1016991530
73 -1505774725
74 -1505774723
75 1283417861
76 -1320406107
77 -1542762955
78 -1579751190
79 1135464909
80 -2024037464
81 -2024037457
82 246892394
83 493784788
84 -1283360271
85 -789575463
86 -789575457
87 -2121834005
88 -2121834001
89 -1527851619
90 2028839518
91 552287203
92 1053275117
93 -15283769
94 1037991352
95 2075982712
96 2075982722
97 1932980839
98 -286003727
99 -286003720
100 1360973403
101 -1573020495
102 -212047078
103 -212047067
104 -1997114631
105 -1997114626
106 300738051
107 601476100
108 902214159
109 -192686308
110 709527859
111 2020531825
112 2020531827
113 2020531838
114 1766628210
115 -761710880
116 1004917340
117 243206470
118 -21394303
119 -21394291
120 -42788586
121 1162546635
122 1076969473
123 -2098239773
124 77093465
125 -2021146302
126 -1944052826
127 406861639
128 -1537191178
129 -1130329537
130 90255402
131 -1040074122
132 -2080148255
133 -1402520386
134 -137520049
135 -365295498
136 -365295494
137 2024335884
138 1659040407
139 -611590995
140 1047449432
141 -541028058
142 -716760614
143 837110181
144 -420678476
145 206092482
146 622524199
147 407938209
148 407938226
149 1223814647
150 2039691101
151 2039691116
152 -215585066
153 1824106058
154 -1678216725
155 -69695714
156 -1747912432
157 -1817608145
158 -1817608140
159 1458893456
160 1458893460
161 1458893461
162 741464104
163 -994430947
164 1205926627
165 -1883114044
166 -1883114030
167 528739224
168 1057478454
169 -974083757
170 1140873145
171 1224267857
172 1224267858
173 -622163729
174 602104137
175 602104157
176 1806312436
177 -1886550698
178 1123970036
179 1645835932
180 -1003295427
181 642540510
182 1285081029
183 -1724805249
184 -1724805241
185 -1521988933
186 1048173137
187 1048173139
188 -1150447885
189 -1150447875
190 1994071542
191 1994071553
192 -306824188
193 1380423149
194 1380423164
195 1380423171
196 -153697798
197 -1687818754
198 -461093378
199 1992357383
200 1531264010
201 1221011482
202 449665588
203 449665604
204 449665611
205 449665617
206 449665631
207 1798662473
208 -2046639191
209 651354546
210 1302709094
211 1954063646
212 1861488098
213 -571991089
214 1289497018
215 -1715973263
216 863020780
217 436544537
218 436544551
219 873089097
220 893225717
221 -2092107914
222 547296002
223 -651586193
224 -1303172377
225 1688622549
226 385450173
227 770900363
228 1541800728
229 -1982266200
230 330434906
231 -1651831289
232 -1761861852
233 1211709076
234 -550152760
235 661556329
236 1323112663
237 1323112675
238 -987185621
239 335927059
240 -1638444186
241 2005264568
242 2005264587
243 -1586955253
244 -1586955244
245 -801825519
246 319231298
247 -2069549463
248 -2069549446
249 475099689
250 -1594449749
251 -1119350044
252 -1119350033
253 -1119350022
254 -182432854
255 1873834388
256 1691401540
257 -2031514225
258 231938829
259 -1799575395
260 -1799575380
261 587642676
262 -516116185
263 767343029
264 251226855
265 -709478995
266 309090903
267 -149161231
268 159929678
269 -138392781
270 181466574
271 53842260
272 107684507
273 161526781
274 269211296
275 269211300
276 699949390
277 1399898773
278 -1656696522
279 -256797747
280 -1913494258
281 -1913494254
282 -1445515468
283 1403936346
284 169601927
285 169601945
286 -1615869488
287 127270746
288 -1149394855
289 -1022124095
290 2123448356
291 79200168
292 158400327
293 158400338
294 396000849
295 -1379517257
296 -587515568
297 -587515557
298 1740418917
299 565387812
300 -248741641
301 316646174
302 -1921256025
303 452455252
304 -835508418
305 1990658112
306 1607604966
307 -1532212634
308 1230542032
309 1305934369
310 -1758490892
311 777985523
312 325429018
313 -655076345
314 448338206
315 896676409
316 1345014629
317 2034952915
318 430014876
319 860029746
320 -969969755
321 320074879
322 -649894863
323 -329819976
324 -979714827
325 -1309534794
326 2005717689
327 2005717690
328 1392365787
329 -896883816
330 495481974
331 495481975
332 990963967
333 1085044116
334 -1227995252
335 848012845
336 1696025694
337 -1893879883
338 507207530
339 309353356
340 -1077318982
341 -1077318968
342 -1077318958
343 1879571280
344 -1352385610
345 1590196076
346 -37256175
347 2080125589
348 -661901797
349 1380967629
350 -1533032036
351 -1533032026
352 -1685096431
353 -1685096419
354 -1685096403
355 468581296
356 1393355785
357 176840687
358 2038777782
359 -2079348825
360 -40571023
361 -81142054
362 -81142048
363 -81142046
364 -243426146
365 -243426131
366 -649136360
367 -1298272721
368 1860705941
369 -573555398
370 -573555386
371 -1147110779
372 -1731788337
373 268957398
374 268957402
375 537914815
376 -1803069498
377 1835939092
378 570784413
379 1410526238
380 -477717544
381 1536462711
382 1058745173
383 -196166292
384 1921324054
385 1921324060
386 1946722427
387 -426920790
388 -853841581
389 213640894
390 -640200669
391 -640200655
392 -640200647
393 -1706961070
394 1947805587
395 -399356122
396 -399356119
397 -1198068351
398 -1755936055
399 1340962891
400 -414973163
401 -414973157
402 -414973156
403 -829946307
404 -2074865781
405 560208902
406 1950364123
407 435707251
408 435707265
409 -912979738
410 1908798911
411 1431526456
412 -954641927
413 476884531
414 953769061
415 -478630263
416 952023344
417 952023358
418 1425416449
419 -1917527478
420 459912344
421 919824681
422 887626001
423 887626019
424 1237461572
425 97483326
426 1334944903
427 150174543
428 -1474902951
429 -1474902948
430 -1474902943
431 1355377913
432 1355377917
433 -239050058
434 -478100113
435 1993605679
436 -1663133859
437 330471835
438 -1332662007
439 -1149818453
440 479824817
441 -1672183796
442 1952789871
443 1952789884
444 1952789893
445 1952789913
446 1844008484
447 1454621010
448 1454621019
449 68895743
450 -1814998422
451 -1746102669
452 -1746102660
453 -1012236448
454 1536628203
455 1327153741
456 1851545499
457 1851545508
458 1259669217
459 -763392404
460 496276817
461 992553646
462 992553662
463 1985107312
464 171524150
465 -2138335820
466 -1966811669
467 -1966811651
468 379639624
469 -1397352219
470 1500262858
471 1500262870
472 1603173523
473 -708980636
474 -1900511524
475 493944234
476 987888487
477 475514088
478 56835293
479 2014182110
480 2014182118
481 265746333
482 -856727
483 264889616
484 529779238
485 794668866
486 1324448108
487 2119116986
488 737935532
489 -1437914759
490 -699979213
491 2043606672
492 -1532202074
493 -1626489366
494 1136275871
495 21191123
496 -2001224444
497 1824720487
498 -176503950
499 -353007891
500 -529511832
501 -1059023661
