0 0
1 20
2 29
3 58
4 111
5 174
6 291
7 678
8 1261
9 1274
10 3513
11 4798
12 8318
13 19173
14 19182
15 38375
16 89847
17 147420
18 237271
19 512922
20 750203
21 1500416
22 2763550
23 5527101
24 9791081
25 18081744
26 33399929
27 33399931
28 84881610
29 151681488
30 303362967
31 573326016
32 1028370490
33 1601696523
34 -636529795
35 -1728104058
36 -1728104047
37 1803925932
38 2006155347
39 2006155348
40 -206834708
41 1314434626
42 824943327
43 2139377959
44 -16211368
45 -1346857374
46 -1363068727
47 238183820
48 1823225028
49 -664728619
50 1396680247
51 731951639
52 2128631891
53 -37703507
54 -75407012
55 -1547494277
56 468027104
57 936054208
58 936054218
59 717234245
60 -1237597515
61 415690957
62 831381924
63 831381932
64 840857303
65 -1791346120
66 -1791346118
67 -1079071066
68 -1079071058
69 345479055
70 -733592002
71 -733591986
72 -1121704929
73 2051557439
74 929852525
75 1859705050
76 546147734
77 546147752
78 546147754
79 546147762
80 -2110376286
81 -2110376278
82 74214749
83 -2036161527
84 -1887732029
85 -1665087773
86 -1665087753
87 964791783
88 1929583558
89 1929583562
90 -1136096141
91 -1571896297
92 1586974872
93 -1121017563
94 -1105938970
95 946993211
96 307011559
97 307011579
98 307011599
99 1868027959
100 -2119927730
101 362123423
102 110223659
103 220447316
104 692794416
105 692794418
106 1716259813
107 -972671331
108 743588497
109 -2114995887
110 1950888592
111 -393190115
112 -557297396
113 1000401086
114 443103691
115 886207396
116 1329311104
117 -2079448789
118 -2079448787
119 136069735
120 -1943379047
121 -341928477
122 -341928476
123 1803801040
124 1119944091
125 -2055079101
126 -2055079083
127 -2055079066
128 -750325859
129 1674371498
130 -1131033413
131 -1131033398
132 -587695310
133 -587695307
134 857509874
135 269814587
136 -1179099552
137 -909284958
138 -1548755350
139 -1548755340
140 1197456618
141 1485628272
142 -414425791
143 -414425785
144 305477984
145 962254686
146 438881111
147 1401135803
148 -1492695682
149 1309575927
150 1218016065
151 1218016075
152 -549359218
153 1886672940
154 -521621425
155 815692309
156 1631384622
157 1925455509
158 77565162
159 2003020681
160 2080585845
161 -211360760
162 -345156352
163 -556517096
164 -556517076
165 -1669551266
166 1512381867
167 -1270203551
168 -1427372948
169 -1427372928
170 1440221429
171 1610239314
172 1623087819
173 1623087827
174 1623087845
175 -1048791616
176 1135743906
177 -961839331
178 -1923678655
179 -1175477849
180 -1175477830
181 20332982
182 1964344616
183 1984677601
184 -1501089912
185 -1847034990
186 600897317
187 1201794649
188 -1545432929
189 1204101447
190 -341331463
191 519131709
192 -163531234
193 355600476
194 1573970954
195 1943840453
196 -421555393
197 -843110798
198 -843110785
199 -163936517
200 -1850158084
201 1437761927
202 -576332669
203 -1995776113
204 1146525843
205 1146525852
206 -279057084
207 867468775
208 867468786
209 -1692560956
210 -1692560940
211 -1650184323
212 -740338917
213 1904444062
214 1904444076
215 1418364900
216 191946832
217 1124232581
218 -1560422963
219 1174121353
220 -1946724584
221 -772603226
222 -772603217
223 -1545206434
224 1977157654
225 -340651978
226 1636505695
227 1636505703
228 -1021955892
229 -407406109
230 1843649411
231 1843649421
232 -1015074557
233 -1015074540
234 1249743631
235 -780405446
236 -545736351
237 -545736334
238 -622134499
239 -1167870817
240 1959225665
241 1959225684
242 -1544386746
243 414838941
244 1621032739
245 1621032750
246 -223223913
247 1397808847
248 1397808864
249 1397808873
250 1296268139
251 1296268146
252 -1702431005
253 -2007053129
254 280861039
255 280861053
256 280861067
257 561722136
258 842583223
259 -2048078764
260 -1205495534
261 -1568407853
262 -527014844
263 -2095422694
264 -2095422683
265 1098170996
266 -893129773
267 -1890381445
268 -1581218292
269 1028408792
270 1028408807
271 2056817614
272 2056817616
273 1875485544
274 1694153483
275 1694153491
276 -1269324446
277 2118982548
278 1818483332
279 1761481116
280 134655267
281 -580347567
282 -445692291
283 -1606387423
284 -1606387410
285 1082192481
286 1138345088
287 1138345094
288 1138345113
289 -2018277071
290 -879931945
291 -621518803
292 -1243037609
293 -1864556408
294 1962612769
295 98056379
296 98056384
297 98056391
298 294169157
299 294169176
300 588338351
301 1372789473
302 -1745501121
303 -1745501102
304 -1745501086
305 -941536003
306 -510282535
307 -510282524
308 587365167
309 587365180
310 587365199
311 1762095566
312 -770776180
313 -1541552349
314 -1541552332
315 -1541552329
316 -329689699
317 882172945
318 882172958
319 -106896110
320 1657449806
321 1657449813
322 -980067666
323 -1184858488
324 2130041143
325 -34885010
326 -69770005
327 -69769991
328 1955616155
329 1781191167
330 -558159958
331 -558159949
332 -1744249865
333 -1744249852
334 -309852322
335 -619704641
336 -929556947
337 -1052646326
338 1693059398
339 -1218700819
340 -1507844693
341 1568421798
342 60577123
343 595512808
344 656089941
345 1312179888
346 1312179893
347 -1014517554
348 -1014517539
349 -2029035076
350 -2029035067
351 -1792137938
352 -1555240766
353 -1081446464
354 -1081446455
355 2132074379
356 -30818530
357 -61637061
358 -61637050
359 1977981746
360 1916344705
361 -523914943
362 -924555769
363 -1448470692
364 1398025898
365 -975000555
366 -1950001104
367 -1950001099
368 817990450
369 237955007
370 1055945474
371 161889849
372 323779690
373 1541615031
374 1865394726
375 653657490
376 653657500
377 1307314998
378 1726672467
379 46335177
380 -1214644648
381 -1214644628
382 -1214644622
383 651033400
384 651033415
385 1953100216
386 2040522413
387 -301344664
388 1739177751
389 1136488433
390 -1419301109
391 1155020427
392 872207757
393 1744415527
394 1744415545
395 1744415555
396 -1329459764
397 -1329459745
398 1636047802
399 721543858
400 1028131931
401 1749675806
402 -795615699
403 954060108
404 158444417
405 1112504539
406 -2069958223
407 -957453679
408 -1914907358
409 465152587
410 1887758862
411 -519449570
412 1368309311
413 1286863846
414 193667743
415 -1965575962
416 883264951
417 -1082311004
418 2130345301
419 1931299261
420 1897022559
421 1464653788
422 -1166613667
423 -1166613654
424 1028449033
425 -138164612
426 890284431
427 -552658453
428 337625980
429 675251976
430 1350503951
431 2025755939
432 2025755951
433 2025755954
434 2025755962
435 1782300577
436 1295389801
437 -1217276901
438 78112906
439 78112921
440 -1061051063
441 -826712316
442 -1809650440
443 -1809650420
444 -1212096935
445 1870773419
446 1870773436
447 -1765517361
448 -1765517342
449 -1660261256
450 869188714
451 869188715
452 842048767
453 842048770
454 1762213723
455 889721405
456 -800983388
457 -759918001
458 -759917983
459 -759917978
460 2103951356
461 -175802586
462 -175802567
463 232510243
464 1984856460
465 1984856468
466 -92744122
467 -92744110
468 -510742586
469 1288625670
470 -1717715961
471 -1125321106
472 -2065153980
473 -613223740
474 1616589596
475 390142112
476 -671646006
477 1335085720
478 -1624795854
479 1045375580
480 755665457
481 176245189
482 931910659
483 1108155863
484 -277614531
485 1938697198
486 1938697208
487 1938697209
488 -417572860
489 825936931
490 1929488393
491 -1539541969
492 798310506
493 -741231446
494 -1482462903
495 -1425383832
496 -95342336
497 550546796
498 1842325023
499 -1997437800
500 -1997437791
501 2142416746
