0 0
1 12
2 21
3 52
4 63
5 157
6 168
7 451
8 896
9 1744
10 2658
11 2677
12 5339
13 10688
14 16031
15 34748
16 66820
17 101573
18 219184
19 387591
20 708368
21 1095968
22 2411123
23 3507110
24 8110167
25 8110178
26 22138592
27 38358938
28 38358950
29 106966660
30 183684568
31 290651240
32 658020374
33 948671624
34 948671633
35 -1448952409
36 -500280760
37 -500280753
38 -500280739
39 -1000561472
40 -1500842202
41 -1500842190
42 -707840044
43 -707840024
44 -1122958635
45 1756328595
46 -782310101
47 -856780149
48 117238364
49 -888481922
50 -1628023701
51 1895700042
52 267676352
53 267676362
54 -85452852
55 -85452835
56 96770686
57 96770698
58 108088550
59 108088562
60 108088566
61 421036377
62 529124949
63 1274427019
64 1803551983
65 -266826954
66 -954690287
67 -1909380568
68 -52918793
69 -1962299358
70 -1962299356
71 -1962299353
72 -1591930753
73 1058186993
74 -163375163
75 -697118918
76 -1394237829
77 -1196544908
78 1704184564
79 -886598154
80 1824652065
81 -1652728808
82 989509670
83 1979019346
84 1315800228
85 -1000147717
86 -1000147715
87 1294524154
88 -1705918983
89 -411394818
90 -2117313796
91 -2117313792
92 -351055101
93 -351055090
94 -351055070
95 -1053165255
96 -1053165244
97 1837581732
98 -619803829
99 1217777911
100 1382390572
101 -477020897
102 905369684
103 428348800
104 428348809
105 1285046399
106 1713395223
107 -1296525655
108 1701915987
109 -891135332
110 -891135325
111 -1782270642
112 1621561343
113 1621561349
114 569716738
115 2030568805
116 -73120401
117 1957448423
118 1811207631
119 -599431636
120 831705539
121 2043481539
122 2043481555
123 2043481567
124 1835477381
125 1627473223
126 1003460691
127 -2080041711
128 -1908597709
129 306327887
130 612655773
131 612655779
132 1225311559
133 -1538016283
134 -1538016276
135 -1238065208
136 -19130470
137 1499755360
138 242559689
139 242559707
140 727679096
141 1212798494
142 -2111929979
143 313667027
144 384774352
145 -1413488591
146 1467990118
147 54501537
148 54501548
149 163504616
150 1740497838
151 1904002465
152 -486962375
153 -973924746
154 443115362
155 -1017771750
156 -2035543504
157 710842673
158 1952494718
159 -1631629901
160 -1631629883
161 -1631629880
162 -1631629867
163 -1631629853
164 2063415123
165 -168137049
166 1895278075
167 1895278092
168 -240762901
169 -240762889
170 -985936911
171 -985936897
172 1841567703
173 855630826
174 1711261637
175 -1858380937
176 -1744888064
177 -1892007354
178 -1892007353
179 -1892007341
180 -1381054751
181 -870102138
182 662755664
183 814558745
184 -773842464
185 40716294
186 -125913879
187 -44481289
188 -88962586
189 -259357749
190 -392801620
191 -785603227
192 -1178404829
193 1589837299
194 411432489
195 37261737
196 2038531528
197 -1396309055
198 -1396309040
199 1502349203
200 785524391
201 785524404
202 1571048807
203 -1152869676
204 1203703537
205 1203703554
206 -683856652
207 519846921
208 -2051569924
209 2079387660
210 27817745
211 575482416
212 603300181
213 -1008979281
214 -405679097
215 -208058024
216 -613737112
217 -1633153318
218 -1633153312
219 206865531
220 413731076
221 620596617
222 -391960080
223 642367624
224 250407556
225 892775196
226 2014186930
227 -495229976
228 -495229975
229 1916502177
230 1421272215
231 -1947652848
232 1390121556
233 -2009954163
234 1727481856
235 1107649255
236 825176961
237 -1254491822
238 678334408
239 249019565
240 498039114
241 1425393096
242 1425393105
243 1425393122
244 479251142
245 460463170
246 -504466737
247 -504466727
248 -548470279
249 -617689416
250 2119874140
251 953714457
252 1907428922
253 68360812
254 1975789754
255 -343387806
256 -343387791
257 1289014177
258 945626396
259 945626415
260 1891252816
261 -512461655
262 -512461641
263 -1537384952
264 274570993
265 274570995
266 274571002
267 823713006
268 1647426001
269 -1549257271
270 98168736
271 1294621483
272 -1980295326
273 -587505104
274 -1273178943
275 -1860684031
276 -1860684023
277 573599258
278 573599275
279 1720797787
280 1720797789
281 -853371718
282 -1133144162
283 2028678975
284 895534816
285 -1636471578
286 154598055
287 1442340270
288 1596938341
289 -1101090619
290 -1101090612
291 991695448
292 -109395158
293 882300306
294 882300308
295 -1648066388
296 7139071
297 -758626991
298 -1517253999
299 2026225387
300 -242516513
301 -242516496
302 -734688594
303 806503797
304 71815223
305 -341402580
306 -341402569
307 -682805129
308 -487291242
309 -1852901514
310 1271969424
311 1271969431
312 -479059026
313 211978335
314 1004888745
315 -1013220375
316 -1013220371
317 -1288632681
318 -1288632678
319 1717701947
320 429069272
321 858138545
322 1716277101
323 -1720551647
324 -1294332061
325 -1294332052
326 1706303201
327 1706303212
328 -896609346
329 -1778970216
330 737026855
331 1474053722
332 -464498971
333 1009554755
334 -1538830922
335 -1538830905
336 -1058552317
337 1168307917
338 -1958351467
339 -790043549
340 -1580087081
341 -33514799
342 -67029591
343 -67029572
344 -134059156
345 -134059139
346 -435692240
347 -770840102
348 -1474650623
349 -1474650613
350 139133736
351 -1335516875
352 -1196383132
353 1902201045
354 -490565214
355 215252701
356 -905011465
357 -689758755
358 32118322
359 -1347399178
360 -1347399165
361 1632287294
362 -1062511043
363 -1062511028
364 -1062511008
365 -1555245770
366 1184475753
367 1184475771
368 1184475788
369 935670537
370 194130564
371 194130566
372 1323931680
373 1712192815
374 -1064712234
375 -1935293894
376 -1287813310
377 -1287813306
378 -1280665439
379 1726488558
380 -2129803487
381 1323173637
382 919858717
383 113228871
384 -1938706070
385 -1825477180
386 530784053
387 1061568117
388 1061568125
389 -1641046998
390 -579478855
391 2074441454
392 915483736
393 -1884520950
394 -969037206
395 136367041
396 136367047
397 272734099
398 272734117
399 681835279
400 954569400
401 954569415
402 -1158524977
403 750613854
404 -407911104
405 -407911089
406 -1223733315
407 -1223733303
408 -1223733298
409 215856300
410 2063357004
411 -2015753979
412 -960273969
413 -1920547927
414 -1920547912
415 1772810811
416 -2068285023
417 -801876716
418 -801876701
419 -1603753407
420 1889337204
421 1889337212
422 -516292875
423 -516292855
424 1142335292
425 -406543316
426 219499134
427 219499149
428 658497411
429 1833287673
430 -1364183921
431 -1364183903
432 -236582732
433 -473165466
434 -473165464
435 1747869742
436 564956089
437 1366494920
438 1931451028
439 -997021343
440 934429698
441 -494656887
442 -557248520
443 -1051905404
444 -2103810796
445 582002594
446 1164005183
447 1746007793
448 -1384954318
449 361053495
450 361053501
451 722107007
452 59259695
453 118519395
454 899886113
455 899886127
456 899886128
457 -1595308924
458 1104349458
459 1308812793
460 1308812810
461 -572992218
462 1553673925
463 1553673942
464 857013958
465 405215128
466 74609672
467 479824802
468 554434492
469 1034259300
470 2068518596
471 -157930103
472 1910588507
473 1752658412
474 1278868131
475 647147773
476 647147781
477 1294295574
478 -427508018
479 -2133884175
480 -2133884170
481 27198953
482 -373110097
483 -345911135
484 -719021215
485 -1064932344
486 -2129864676
487 381149077
488 416387015
489 797536108
490 1595072215
491 1060279749
492 1060279753
493 2120559516
494 -1956207236
495 -2010055498
496 -785423447
497 -456718874
498 -1242142310
499 -1242142300
500 -1242142296
501 -1242142285
