0 0
1 15
2 29
3 34
4 84
5 155
6 316
7 487
8 1056
9 2020
10 3566
11 7139
12 14279
13 24986
14 39268
15 78544
16 117824
17 117826
18 353468
19 471298
20 1138975
21 1138978
22 2749262
23 5027234
24 5027240
25 15081694
26 27885433
27 55770866
28 83656319
29 83656337
30 167312667
31 390396203
32 780792411
33 1422157621
34 1422157631
35 -112150746
36 -782010367
37 -1564020733
38 386133426
39 -1177887292
40 1045031590
41 253277728
42 120422045
43 626977507
44 1000677294
45 1748076849
46 -919235636
47 1829518522
48 -1636607543
49 2022429488
50 385821946
51 -1886715857
52 -1886715840
53 1293179508
54 1293179521
55 -1708608256
56 1399286392
57 -309321852
58 674535815
59 1764500360
60 2129714330
61 2129714344
62 -35538607
63 1693423141
64 1693423161
65 -908120975
66 -908120956
67 -908120940
68 -908120930
69 -1816241855
70 662483582
71 -2061879201
72 -2061879187
73 171208928
74 -1890670249
75 -1719461313
76 -1719461312
77 -1034625561
78 -2069251128
79 156465040
80 -2091366974
81 290814237
82 -452997073
83 128631404
84 -33551421
85 -357917072
86 -715834144
87 -715834143
88 -1694505366
89 1168793663
90 -1241545831
91 -72752155
92 -1314297980
93 -1314297974
94 1666371351
95 -1034976757
96 -1034976749
97 1262789204
98 1262789207
99 1490601676
100 1946226589
101 632462641
102 -225676381
103 -451352751
104 1901660113
105 -491647080
106 732983903
107 2142996954
108 2142996959
109 724010533
110 -1427959798
111 -712922647
112 -1416871905
113 1461223480
114 -668571060
115 1529865376
116 861294321
117 -1111155171
118 -249860845
119 -1361015998
120 -1610876842
121 1323074470
122 -287802362
123 -1936620720
124 421725845
125 -479622759
126 -57896901
127 -115793812
128 -173690700
129 -827004169
130 -1000694868
131 -2117183537
132 1177088893
133 -1940789506
134 -763700608
135 650382555
136 650382574
137 650382581
138 1951147714
139 -1156372477
140 1445157838
141 -2055034204
142 835281471
143 -930967365
144 -1861934720
145 -1861934708
146 475411979
147 -1386522713
148 -1386522710
149 1521921884
150 135399176
151 270798369
152 1928119440
153 -1825251129
154 -1825251113
155 -1316185254
156 -1316185249
157 -1987905442
158 319156425
159 -6152212
160 -12304431
161 -18456636
162 -30761054
163 -67674317
164 -98435362
165 -166109676
166 -332219340
167 -332219327
168 -830548331
169 -1661096668
170 -1661096659
171 -1661096643
172 -1661096624
173 1114999681
174 426677066
175 1541676767
176 -238839745
177 -238839740
178 -477679473
179 586317823
180 586317837
181 456116453
182 1042434299
183 1498550770
184 1498550776
185 -255431431
186 -510862875
187 -766294293
188 -34037807
189 -1566626391
190 -1600664185
191 -1600664176
192 1093638949
193 620651509
194 113626297
195 1827916775
196 1941543075
197 208770361
198 -316737078
199 1833576370
200 1725609654
201 1097795100
202 1097795107
203 1143071864
204 -1692086494
205 1646575578
206 -45510915
207 1052050053
208 2104100101
209 -1184328043
210 -722080509
211 -1906408548
212 1666478247
213 -2146338834
214 -479860569
215 706757092
216 2135594693
217 1882630638
218 2098783033
219 -313553615
220 -627107228
221 -1254214460
222 -1254214453
223 845877556
224 -1662551338
225 -1662551336
226 -1662551321
227 969864657
228 1939729298
229 1939729299
230 554355975
231 138847278
232 693203267
233 832050556
234 1525253835
235 -1244459625
236 1112844785
237 1393639004
238 -675638725
239 -675638722
240 -1351277445
241 -196071102
242 1396341315
243 -1502284671
244 -302014439
245 -1804299101
246 686369090
247 -1419944443
248 1757092850
249 1757092864
250 -780781569
251 -1561563141
252 -1561563121
253 -389722111
254 782118927
255 783456300
256 1175853128
257 -1943261051
258 798167309
259 1596334629
260 1596334630
261 1596334631
262 1292203917
263 -1406428744
264 379811786
265 1861921596
266 2127508570
267 -305537119
268 1821971466
269 1516434361
270 865409988
271 1730819987
272 -1698737312
273 32082695
274 -1848957563
275 -919382186
276 -140027056
277 -1059409222
278 327191272
279 654382557
280 -217862438
281 -295697826
282 -513560249
283 -372737951
284 -1399858452
285 2008810650
286 236214258
287 236214275
288 472428546
289 -1341299565
290 -396442480
291 -792884961
292 -1189327426
293 -1982212384
294 -1982212372
295 -2048112315
296 -2048112303
297 198742683
298 198742699
299 -1385984304
300 -789756238
301 -1778255144
302 340971616
303 2067927548
304 -159112210
305 -159112209
306 2090674746
307 1772450333
308 -431842208
309 1340608138
310 476923715
311 1817531869
312 -1091745768
313 1202709818
314 110964069
315 110964072
316 332892199
317 443856281
318 887712556
319 887712574
320 -1631829604
321 920344013
322 1063939548
323 1984283578
324 -1246744167
325 -1573144322
326 -835604898
327 -607270241
328 2016487255
329 1409217024
330 1982829155
331 -329308981
332 1653520193
333 421290106
334 842580205
335 275943401
336 275943421
337 275943428
338 827830261
339 1379717121
340 -1811476466
341 396070922
342 396070942
343 396070945
344 1188212823
345 -1918541657
346 61813066
347 123626120
348 -544889632
349 -421263496
350 -966153125
351 -966153111
352 1941397576
353 -957061782
354 -947970441
355 -947970433
356 1441964654
357 1441964664
358 1935958904
359 -917043717
360 1018915190
361 626792403
362 -188379836
363 -188379822
364 -376759647
365 -126726899
366 -880246195
367 -880246176
368 2030988398
369 1150742236
370 -1113236651
371 -1113236647
372 -1113236640
373 2105999614
374 -1233710312
375 -1233710310
376 1707073018
377 232415379
378 -527932220
379 1411556186
380 1411556206
381 -1471854893
382 823325280
383 763026606
384 1526053204
385 -2005887477
386 283192337
387 -196641929
388 -393283860
389 -786567714
390 -1093301150
391 -1879868851
392 535229593
393 1070459193
394 1605688798
395 238207600
396 1843896413
397 2082104025
398 2082104036
399 -130759218
400 1820585567
401 1559067117
402 -1176833064
403 382234073
404 -1840672806
405 1659695503
406 -975576276
407 -1156553568
408 -2132129831
409 30707626
410 61415263
411 1098406795
412 1190529696
413 -1944615527
414 344320968
415 750057198
416 750057217
417 750057219
418 -1700474685
419 -1700474677
420 1644075157
421 -1756874196
422 -112799036
423 -112799018
424 -2038871768
425 2030497489
426 2030497498
427 1909324219
428 -476318868
429 1433005362
430 -1428956571
431 -827415653
432 -1299685712
433 1695595858
434 395910151
435 -35595349
436 2055910678
437 2055910691
438 1872764735
439 2049933618
440 -372268931
441 -372268922
442 -1116806788
443 -1861344629
444 -1861344624
445 572278055
446 1144556112
447 1716834176
448 -289020901
449 1283302822
450 1283302830
451 844007744
452 -884353896
453 1242956698
454 358602818
455 1601559526
456 -1976202138
457 1226916908
458 1210877131
459 -1857173243
460 580620804
461 580620806
462 580620808
463 1741862430
464 -811242430
465 930620006
466 -1853106479
467 8133540
468 16267085
469 -1709328267
470 -1693061178
471 908844944
472 908844960
473 124628745
474 1942318660
475 2066947414
476 -285701213
477 -446773672
478 -893547353
479 440925193
480 881850372
481 -17545457
482 411682756
483 1275987683
484 1687670459
485 -919626381
486 -1839252759
487 -1839252742
488 1384505883
489 1081341316
490 626594468
491 1707935794
492 -879095701
493 -373685521
494 -2131876929
495 -1050127885
496 -1050127867
497 -310850888
498 -248016262
499 1635844412
500 26849397
501 1414677549
