0 0
1 8
2 17
3 27
4 70
5 106
6 192
7 420
8 725
9 1163
10 1167
11 2346
12 2364
13 7042
14 11756
15 24693
16 48208
17 72913
18 121128
19 266960
20 266975
21 533943
22 1067887
23 2135778
24 2135789
25 5339467
26 7475257
27 17086297
28 29901038
29 29901045
30 59802088
31 144165732
32 144165751
33 288331499
34 666366133
35 954697652
36 1621063790
37 -1052839709
38 568224087
39 -1537455339
40 -2022070952
41 1871889192
42 -1119413005
43 -1119413004
44 2056141301
45 -182684698
46 1873456609
47 1508087204
48 960033131
49 960033142
50 -866813805
51 1053252487
52 -680375123
53 -680375119
54 -214278405
55 -214278391
56 -428556784
57 -857113571
58 1900365045
59 186137901
60 1229389380
61 -1836188537
62 1479703805
63 -356484727
64 516419927
65 -196549530
66 1443089492
67 1443089497
68 -1445402629
69 -2313131
70 -4626260
71 -4626253
72 -13878765
73 -1470847025
74 -1493978287
75 -1493978282
76 -1493978272
77 -1493978267
78 -1493978252
79 1307010790
80 -1680945718
81 -1867913160
82 746108422
83 746108430
84 -375696290
85 1116520568
86 1116520575
87 1857344864
88 165830863
89 -38750416
90 127080467
91 127080474
92 254160954
93 469571482
94 977893379
95 1447464863
96 -1869609050
97 555749206
98 1581069894
99 2136819118
100 2136819122
101 245881013
102 1805621853
103 -683723586
104 -683723568
105 438174712
106 -929272434
107 -491097714
108 -982195433
109 1646852868
110 -755712699
111 -582152959
112 -1337865657
113 1619235988
114 281370340
115 -19412271
116 261958083
117 523916165
118 523916177
119 1309790429
120 1833706608
121 -627554065
122 -1255108135
123 1784751032
124 1784751051
125 -1980573344
126 1588928742
127 1588928748
128 471818953
129 471818968
130 -1762400609
131 -1762400591
132 -992234527
133 249750553
134 27682139
135 1817764871
136 1845447012
137 -604073259
138 1241373772
139 -1812219755
140 -1806674639
141 676072920
142 -1130601699
143 -454528765
144 -1585130450
145 -5895326
146 -2045554536
147 -2045554523
148 -1387167529
149 1520632246
150 -1912089790
151 -1912089782
152 -1441302062
153 941575470
154 -499726590
155 1383424337
156 -1528118623
157 -644420857
158 -644420847
159 -1433535987
160 1427895335
161 1472366319
162 1472366332
163 -1355875287
164 -1355875278
165 232982095
166 1816198831
167 693305663
168 -1552480689
169 957023807
170 957023819
171 -1423895850
172 -1062328903
173 1808742548
174 1236565426
175 1982979075
176 733319758
177 -342103025
178 -684206047
179 -1368412092
180 321577677
181 321577678
182 -1409462778
183 1476041746
184 388156664
185 454735644
186 1231048961
187 1685784617
188 -535241399
189 -535241384
190 -1993880837
191 1765845082
192 387266080
193 159230339
194 318460674
195 477691023
196 -1186474084
197 -708783044
198 -1417566100
199 -2126349131
200 42269036
201 84538060
202 84538068
203 962397234
204 -952606720
205 -952606714
206 -1905213430
207 1437147166
208 1921687614
209 1453621358
210 -919658309
211 -1839316613
212 -1839316607
213 -1222982540
214 -606648457
215 -1213296917
216 -1213296903
217 -1800574117
218 1281096278
219 742247194
220 742247212
221 -248280328
222 -1777656936
223 -2025937254
224 985340008
225 1476713118
226 -1341541046
227 -1341541033
228 -221028952
229 1390856279
230 -1513254749
231 1268457801
232 925030388
233 1850060772
234 -251418320
235 -2016091385
236 2027457592
237 1610008660
238 1610008665
239 -1074949952
240 -2138533708
241 6533674
242 -1596941314
243 -1596941298
244 1107618378
245 -2079730549
246 -972112169
247 -1944224321
248 -701099738
249 -294581090
250 1355062155
251 -1584842974
252 1125281342
253 1125281362
254 1125281369
255 -2044404560
256 -2044404544
257 206158204
258 206158209
259 206158221
260 -1425929898
261 -1219771668
262 2061582168
263 -584119379
264 257691124
265 257691125
266 -68737110
267 -137474231
268 -137474222
269 171696695
270 171696713
271 171696725
272 515090149
273 1030180293
274 1030180302
275 1030180308
276 2060360629
277 855934243
278 681688190
279 1537622447
280 840638215
281 1681276440
282 1681276448
283 -932414406
284 -1024190593
285 -2048381172
286 1971257586
287 -1101314159
288 -1101314152
289 -231370712
290 -462741431
291 -925482854
292 -925482851
293 -925482846
294 1518518756
295 1518518760
296 1518518766
297 1518518781
298 -1257929733
299 1779107821
300 -736751644
301 -1473503286
302 2084712367
303 395635542
304 270092980
305 270092999
306 935821522
307 -338611877
308 1533031173
309 1533031185
310 -1567516798
311 -34485612
312 1125448074
313 1090962466
314 614408138
315 614408141
316 -884226074
317 1435552678
318 1780142888
319 -1963497785
320 -183354891
321 1068842910
322 -1078009752
323 -192521720
324 -385043450
325 -1655574911
326 2061827224
327 21208868
328 21208881
329 2104244992
330 2125453880
331 2038976557
332 1994917016
333 1864380167
334 1538038038
335 1102367938
336 -51254857
337 -51254852
338 107309142
339 4799440
340 1111966826
341 1111966840
342 1111966860
343 -959066763
344 -1918133516
345 1417767031
346 -1459433243
347 -1806899627
348 -1848565823
349 -819931394
350 -1639862783
351 1835173120
352 -624621039
353 -624621026
354 585931075
355 585931093
356 1171862184
357 -1951242934
358 -232139591
359 2111584788
360 -71797732
361 2039787064
362 -215393168
363 -430786336
364 1393607576
365 747428087
366 1710249330
367 -1837289878
368 620387544
369 620387564
370 620387574
371 23872812
372 23872820
373 1908908317
374 1932781147
375 -453277823
376 -453277816
377 1026225514
378 119669889
379 119669894
380 119669913
381 1385235211
382 1504905142
383 -1285157024
384 1724653253
385 -965330703
386 -1930661399
387 -1930661379
388 433644523
389 -1497016848
390 -1595058501
391 2070180992
392 475122501
393 475122511
394 950245032
395 950245049
396 -1444232188
397 456257910
398 -987974277
399 -987974268
400 -1975948537
401 799328134
402 799328141
403 -1365266525
404 -1365266507
405 1564434273
406 1564434275
407 1197663663
408 31564925
409 -1501304417
410 1292358447
411 -208945965
412 -417891926
413 -417891914
414 -835783822
415 -588155168
416 -588155164
417 1864981247
418 1276826084
419 -1741315116
420 -464489017
421 -928978035
422 7025169
423 1167210304
424 245257453
425 245257472
426 735772381
427 981029862
428 -920439806
429 -920439804
430 -124077364
431 -983927092
432 1346083245
433 -1602800805
434 2009805486
435 1753087932
436 -788791430
437 964296522
438 1928593033
439 1928593044
440 1490811823
441 2017327145
442 -260313006
443 -1484922549
444 -1745235538
445 804496212
446 1869305422
447 -816669442
448 111896668
449 -704772769
450 459759895
451 -133116193
452 -266232393
453 -399348575
454 -399348556
455 -399348538
456 -1464278061
457 -1863626591
458 168365565
459 336731127
460 1072810808
461 1577907520
462 -1644248953
463 1511566085
464 -1776931817
465 -1776931816
466 -1776931797
467 -1776931778
468 -1776931759
469 -1035828028
470 -1035828021
471 -1330552278
472 892758971
473 8586184
474 8586187
475 909931350
476 489310431
477 1407827980
478 -1487897525
479 1319172253
480 1239102720
481 -1327451429
482 1150754012
483 893680045
484 1956085357
485 -1621899294
486 1227866126
487 1227866131
488 833832975
489 -1005402060
490 662263885
491 490694803
492 1152958702
493 2134348312
494 -516965473
495 -516965464
496 -1033930921
497 66486472
498 -2001375370
499 -1934888891
500 358703042
501 358703055
