0 0
1 14
2 18
3 31
4 74
5 121
6 263
7 507
8 519
9 1500
10 1513
11 4059
12 7599
13 13177
14 24837
15 51195
16 51197
17 127243
18 254481
19 254498
20 254512
21 509019
22 763549
23 1272570
24 2036124
25 2036125
26 2036142
27 2036146
28 9417117
29 9417136
30 18834273
31 18834293
32 58538975
33 115041798
34 220666480
35 394247264
36 394247273
37 394247275
38 1182741818
39 1971236386
40 1971236401
41 1224494598
42 2054741923
43 955505643
44 -60225129
45 -1344944853
46 -1405169971
47 -1854834298
48 585298704
49 1620261745
50 -1054443802
51 -2108887611
52 1482362054
53 524591106
54 -101934435
55 -203868881
56 -203868866
57 -509672169
58 -713541020
59 -1630950927
60 1236934332
61 -1107557607
62 2079852084
63 2079852104
64 -5886365
65 -141149462
66 1932816293
67 1650517362
68 1221182647
69 362513182
70 362513191
71 725026379
72 725026386
73 -2119888152
74 -2119888138
75 780217393
76 835408406
77 835408426
78 331146101
79 2001962938
80 -1961858255
81 2042067628
82 -1046240441
83 1367077987
84 -1891957436
85 -524879444
86 -2095999333
87 -2095999316
88 -946790233
89 1252177759
90 305387535
91 610775066
92 610775068
93 1221550148
94 1832325226
95 285845766
96 266303984
97 -1910492312
98 1695532822
99 51344495
100 388534774
101 388534778
102 828414059
103 828414070
104 -1809725112
105 -1809725105
106 -1574087295
107 -1574087278
108 -1574087274
109 -1574087267
110 -427294511
111 -2001381776
112 292203743
113 -2136472540
114 449316737
115 471338958
116 1369972421
117 1369972429
118 -634366738
119 -634366730
120 1942550348
121 1308183638
122 1308183647
123 1308183663
124 -1678599979
125 -370416306
126 -2049016267
127 -1481665228
128 393869510
129 393869512
130 1181608524
131 1181608530
132 -1931750235
133 -1931750219
134 -1931750202
135 -318674826
136 112792054
137 112792068
138 112792087
139 338376221
140 451168321
141 451168336
142 1353504977
143 -2039125647
144 -685620657
145 -920072978
146 -1605693633
147 1083580029
148 128034413
149 -394079187
150 -394079180
151 423456081
152 -364702278
153 -729404555
154 -1094106829
155 2136130551
156 1042023739
157 989940635
158 989940651
159 989940660
160 -283121610
161 -1608266946
162 -901447893
163 -901447887
164 1590623640
165 689175758
166 -1131363316
167 -1131363312
168 17072773
169 34145545
170 -1522332539
171 -1488186991
172 1318593326
173 1318593336
174 1318593355
175 -339187260
176 -1996967856
177 1958812200
178 1958812217
179 1920656578
180 -792841397
181 750472320
182 -42369061
183 1835918457
184 1793549416
185 -750237560
186 1043311873
187 2086623736
188 -121719812
189 -243439628
190 -1530191115
191 -1895350552
192 625986017
193 1251972038
194 -1791023231
195 -1791023221
196 -1791023204
197 -1078102341
198 -365181468
199 -730362926
200 -1095544384
201 -765247011
202 260529172
203 -1600262205
204 -2104980031
205 -1010537145
206 -1010537140
207 168912987
208 -841624135
209 1601181883
210 759557766
211 759557783
212 1519115567
213 344445716
214 -1671848211
215 1710828623
216 1710828636
217 1749809062
218 -834329585
219 42169441
220 -1626489741
221 -668840807
222 -668840788
223 1330795980
224 661955203
225 661955206
226 1317024795
227 1317024805
228 1317024816
229 -1660917655
230 973131981
231 -1031678546
232 914585418
233 512146034
234 1368184888
235 1880330930
236 -1046451470
237 -1046451466
238 -2092902918
239 -937290017
240 -937290010
241 -1765418571
242 1810581620
243 45163069
244 -1784253897
245 1663749513
246 -75341314
247 -75341294
248 -150682601
249 -421869589
250 -723234778
251 -1371128255
252 1628052082
253 256923845
254 -631256690
255 -840643778
256 -1471900450
257 1351166398
258 -961377825
259 1740954964
260 658843096
261 1317686196
262 -1538860847
263 437668464
264 -1101192374
265 2092582552
266 1429058661
267 1319256462
268 -117593515
269 -117593512
270 1084069436
271 -2126828407
272 -1277945981
273 1739075335
274 461129359
275 -120500243
276 -120500240
277 -120500239
278 -361500704
279 -723001425
280 -1446002842
281 -1446002834
282 197959261
283 516418769
284 2117339655
285 -1661208858
286 -1661208857
287 -1205078041
288 1428680417
289 1196151960
290 -241454502
291 -1911589406
292 2141923400
293 2141923409
294 -11120471
295 2119682448
296 2108561995
297 2064080105
298 1986236788
299 1863911612
300 -444818880
301 1174442341
302 1174442351
303 -1946082595
304 -771640224
305 -368838108
306 -1140478314
307 -1509316412
308 -1441388347
309 -165053876
310 -1606442206
311 -427233531
312 -854467064
313 -199617718
314 1207206790
315 153122019
316 306244032
317 612488075
318 -2015906372
319 -1403418289
320 1947496765
321 -1471827877
322 1963799617
323 1963799635
324 -1295117433
325 -1662485459
326 1337364413
327 1337364421
328 -1620238443
329 -607995059
330 -1215990112
331 -2106859188
332 81248920
333 -1174866584
334 -1093617645
335 -1093617642
336 -1092744828
337 1014987195
338 855107798
339 855107810
340 855107812
341 -1729643857
342 -874536030
343 -893964255
344 1651930981
345 -116569287
346 641397447
347 408258860
348 408258875
349 1341345910
350 1341345916
351 -1204016591
352 -1204016574
353 1886934148
354 820246901
355 1640493816
356 -1834226566
357 -1834226549
358 -1207712382
359 -581198198
360 671830187
361 671830206
362 1343660397
363 1343660415
364 -845184274
365 1842136552
366 996952292
367 -1455878435
368 -1455878420
369 -72667992
370 -1528546408
371 1237874493
372 -363339904
373 -654011800
374 -1380691591
375 1606252104
376 446083305
377 -345707868
378 325935959
379 325935971
380 752247368
381 1058411450
382 1058411460
383 -1425897014
384 690925915
385 1381851831
386 2072777750
387 -1575308805
388 -1575308799
389 -1077839849
390 1641818654
391 -513861041
392 1127957628
393 -397233396
394 -397233391
395 -397233372
396 -63742522
397 -460975874
398 -460975867
399 -1382927620
400 -1382927601
401 543417817
402 -839509782
403 -1679019555
404 -1975111508
405 344744288
406 344744307
407 490815064
408 835559383
409 40751547
410 1711870306
411 1711870319
412 5084262
413 -825390855
414 -825390850
415 -1645697424
416 1823879040
417 1823879057
418 -647209198
419 529460643
420 1884312121
421 1119354382
422 414829724
423 -876471055
424 657713057
425 657713062
426 438955072
427 438955091
428 438955103
429 438955119
430 438955122
431 1755820439
432 -783326406
433 1411449156
434 -1033113849
435 -1033113829
436 -654778504
437 -1687892326
438 -113931207
439 805251443
440 691320245
441 -305251828
442 386068428
443 1463457094
444 -1254121896
445 209335205
446 209335215
447 1014074060
448 1223409281
449 -2057483939
450 598669830
451 598669841
452 363265019
453 -496879242
454 465055636
455 1528781099
456 1496957506
457 -1301052293
458 195905231
459 -1909320099
460 -1517509640
461 1064042793
462 1064042807
463 2128085609
464 829341484
465 -273497394
466 -1611037593
467 -1884534986
468 525897324
469 525897339
470 1051794664
471 2103589347
472 -613685927
473 1489903423
474 876217516
475 876217528
476 437274605
477 -2105257630
478 84452021
479 -1583530991
480 1127905307
481 -371173643
482 -742347301
483 -1484694599
484 1696751765
485 226441541
486 226441549
487 -2145332437
488 -2145332423
489 457185530
490 -1688146891
491 -1688146881
492 1375859073
493 -1543249150
494 1208468996
495 1959752445
496 1312684484
497 -1357310507
498 -1357310502
499 1580346288
500 223035794
501 -911238910
