0 0
1 11
2 23
3 39
4 89
5 145
6 300
7 552
8 553
9 1110
10 1682
11 2801
12 5608
13 11212
14 11227
15 32532
16 32552
17 93140
18 180672
19 273829
20 547642
21 821473
22 1823627
23 3647246
24 6292357
25 11763240
26 18055615
27 39758460
28 69577333
29 139154655
30 248490468
31 248490469
32 248490476
33 496980958
34 496980964
35 496980973
36 1490942910
37 -1810062434
38 -319119521
39 -141258064
40 -282516118
41 -423774179
42 -423774164
43 -847548338
44 -1271322497
45 1046032014
46 -1920387152
47 -1920387138
48 228902542
49 457805078
50 457805098
51 -775874404
52 -775874401
53 -775874381
54 -1869818080
55 873400440
56 1746800893
57 -801365527
58 -826856637
59 991979183
60 991979197
61 991979216
62 1983958433
63 -327050432
64 -654100871
65 -1308201749
66 -1962302606
67 370362074
68 740724155
69 1111086231
70 259869866
71 -1812924969
72 669117376
73 669117387
74 896265908
75 -2060466608
76 -2060466589
77 1739417408
78 -1485249877
79 254167536
80 254167547
81 -976914783
82 -722747231
83 -1445494464
84 1149810831
85 -1995345627
86 304276038
87 -1691069572
88 -1691069552
89 1217104218
90 -473965325
91 743138899
92 743138913
93 1486277832
94 -2065550540
95 907005114
96 -1158545419
97 -251540293
98 1726336163
99 316250461
100 316250473
101 316250483
102 632500975
103 -987378736
104 -987378728
105 -987378725
106 -1974757437
107 -641926318
108 690904821
109 -1925778923
110 -543969273
111 1825219111
112 -595550567
113 -1240079651
114 1814807998
115 1814808014
116 -675762380
117 1139045646
118 463283268
119 926566553
120 926566558
121 -839505268
122 -1679010525
123 -665382662
124 -1330765329
125 706870072
126 1326678855
127 2033548929
128 -1558634766
129 1801593027
130 242958266
131 -1775501825
132 743963643
133 1013013118
134 -18525052
135 994488079
136 1988976150
137 426948647
138 109933665
139 109933675
140 109933678
141 756749671
142 1513499341
143 -1804850911
144 -1804850908
145 -1804850903
146 1150663588
147 -654187306
148 -654187297
149 -1962561916
150 1678218089
151 -442054835
152 -726398652
153 -1168453484
154 1673716499
155 -663190463
156 -1326380920
157 -315854875
158 1989541040
159 347305253
160 -1958121000
161 -1958120992
162 -1958120972
163 -1232090408
164 -1232090392
165 -1232090383
166 598696128
167 1197392244
168 -668092385
169 529299878
170 1058599756
171 2117199504
172 -589868140
173 -1179736281
174 1406194849
175 -363409560
176 -363409549
177 -500360523
178 -1227179618
179 -1048164392
180 -1048164376
181 471098404
182 471098405
183 -1154131940
184 -1260099504
185 1880735861
186 408701245
187 346304073
188 221509738
189 567813812
190 -869902548
191 -302088718
192 -302088711
193 -906266146
194 -1208354848
195 -1208354845
196 669902763
197 669902780
198 131450710
199 131450715
200 262901436
201 394352166
202 657253615
203 1445957943
204 1445957959
205 -1403051376
206 -1754496983
207 -265632450
208 871786494
209 -1105436340
210 2041188025
211 2041188033
212 2041188051
213 -212591199
214 -212591194
215 -637773595
216 -1062955975
217 -2125911960
218 -2125911946
219 -1870177372
220 -1870177360
221 -1571299376
222 853490561
223 2005859118
224 2005859126
225 570241517
226 -430816334
227 -143823860
228 -143823859
229 1857636599
230 1709414071
231 -871740472
232 -1599657078
233 1095653140
234 333669671
235 333669677
236 -708405047
237 -708405031
238 346182422
239 346182436
240 -724445200
241 -32080331
242 -772565700
243 -804646029
244 -804646012
245 1881029238
246 1076383242
247 -1337554815
248 815211663
249 1630423334
250 1630423350
251 -480080513
252 -480080500
253 -1994281609
254 1820605193
255 -173676397
256 -173676389
257 1473252417
258 1473252422
259 1473252433
260 -48886395
261 -97772789
262 -146659171
263 -244431959
264 -391091116
265 -782182228
266 -1662137243
267 1215124751
268 -1864717793
269 -649593035
270 -649593031
271 -1948779089
272 1696595180
273 878879536
274 878879550
275 -840613015
276 664962174
277 -1016263859
278 -1016263851
279 -1367565534
280 719223231
281 719223250
282 1438446496
283 -2137297535
284 -2137297521
285 -2116925298
286 -2096553052
287 1540307692
288 1540307693
289 1540307710
290 -1214351885
291 325955840
292 651911676
293 1303823347
294 1955735040
295 -383497221
296 -441038594
297 -824535810
298 -1649071612
299 1380321282
300 -1917821943
301 -1917821936
302 459323431
303 918646868
304 1377970300
305 -1539026692
306 -1539026674
307 1216913946
308 -1861139401
309 -644225435
310 1467489739
311 823264322
312 1646528635
313 1646528652
314 1646528669
315 -1359594563
316 286934116
317 -428041783
318 1792355094
319 1938181541
320 1938181554
321 -418604200
322 -418604191
323 536542513
324 1637515684
325 -1019935934
326 617579765
327 1771702046
328 -1288105730
329 81240152
330 564836488
331 646076659
332 4047576
333 650124239
334 1946325133
335 -1698517920
336 1548055701
337 1548055713
338 1548055714
339 -1349318077
340 -1000118227
341 1945531008
342 945412785
343 2089563205
344 2089563220
345 829571929
346 829571946
347 1543303008
348 -1922092334
349 -378789312
350 901565251
351 973558577
352 -425757800
353 547800791
354 547800796
355 -1749999675
356 -654398083
357 -1308796152
358 581773397
359 1711347598
360 984324846
361 -1017521452
362 -1017521451
363 -2035042896
364 1242402960
365 -1843357991
366 641447923
367 1282895848
368 1282895863
369 1363881662
370 -1648189758
371 -2013483671
372 -1014895899
373 -381602026
374 -1396497918
375 -1396497917
376 -1396497908
377 -1396497897
378 105473593
379 210947186
380 316420784
381 632841580
382 632841584
383 632841590
384 1265683189
385 -1130759349
386 767765448
387 767765460
388 767765474
389 -1856747065
390 -1088981578
391 1349238672
392 -828724484
393 1869752850
394 1041028370
395 -1384186066
396 -1384186056
397 -1727343750
398 840279808
399 840279809
400 1479811049
401 48840880
402 -1085755730
403 -1036914843
404 246261169
405 -1876409384
406 590989408
407 -1039158804
408 -1039158801
409 -1487328192
410 -1487328177
411 -1487328159
412 -1487328141
413 -167017168
414 -167017164
415 986276682
416 1972553354
417 -1336137249
418 1622692793
419 -1049581710
420 -2099163410
421 -1526052319
422 -379830134
423 863032531
424 863032546
425 2015986527
426 -932745821
427 -1865491631
428 80781622
429 80781624
430 -620687670
431 1970351251
432 1511226832
433 1511226850
434 1511226855
435 1511226859
436 -574675925
437 1175264191
438 2111815140
439 2111815144
440 2040478119
441 2040478122
442 889916125
443 -1364573046
444 1423147176
445 734479218
446 1682969490
447 -929028328
448 1546994512
449 -1259552384
450 287442136
451 574884278
452 1149768559
453 1149768579
454 -1420545873
455 878991270
456 -1962100477
457 1791312226
458 1791312242
459 -712342827
460 -1424685646
461 -1424685638
462 1445596029
463 -2116118072
464 -2116118066
465 83641554
466 167283114
467 313655834
468 564580521
469 878236360
470 878236377
471 878236385
472 -782021811
473 1852687317
474 -589592662
475 -589592658
476 -589592641
477 -698112443
478 -1287705083
479 540371827
480 540371830
481 1080743663
482 1080743683
483 1954525934
484 -1259697660
485 1775571971
486 -743823364
487 1726576900
488 -1536641769
489 1221683754
490 -1851599802
491 -1851599797
492 276809691
493 868577403
494 1737154799
495 1737154805
496 -1526870387
497 -1478950667
498 -1268666245
499 20480004
500 1778114809
501 -949022084
