0 0
1 15
2 28
3 45
4 48
5 107
6 257
7 472
8 932
9 1824
10 1835
11 4609
12 4620
13 13834
14 24901
15 38737
16 38740
17 120833
18 223219
19 223234
20 606032
21 1212069
22 2264574
23 4305917
24 8611838
25 15182344
26 28100109
27 56200223
28 84300334
29 140500561
30 224800899
31 449601804
32 814903283
33 1264505105
34 1264505124
35 -951053765
36 -1902107535
37 -1588656157
38 804203607
39 1608407220
40 -1078152856
41 -254198167
42 -254198149
43 21858064
44 21858083
45 43716155
46 43716160
47 87432328
48 131148498
49 306013155
50 437161671
51 437161678
52 1398917348
53 -2021726588
54 -622809226
55 -622809220
56 -1245618427
57 -217996150
58 -1463614573
59 -1681610708
60 1149742029
61 2081487914
62 -1063737349
63 1017750574
64 -45986758
65 1989514384
66 -1333689080
67 609838559
68 -723850503
69 -723850494
70 -1447700983
71 2009403885
72 2009403888
73 2009403903
74 1733244400
75 1733244402
76 -1104637983
77 -1933116475
78 1257212855
79 -47297187
80 -1827838776
81 -617923105
82 1126004610
83 -1367054452
84 -241049825
85 -241049822
86 -723149483
87 -723149465
88 -1687348767
89 1161319600
90 -1249178615
91 -1249178602
92 -1249178599
93 21402326
94 568833824
95 -658942439
96 -68706283
97 -137412563
98 -865061273
99 -1071180102
100 1493664653
101 1493664666
102 1916149224
103 608511265
104 -1770306791
105 -553284275
106 1971376249
107 1971376251
108 -905499051
109 1065877202
110 -191836637
111 874040576
112 682203941
113 1364407889
114 2046611838
115 -201743612
116 1844868235
117 759177055
118 -1892665601
119 -1133488540
120 -422108832
121 -844217682
122 -844217663
123 -841731011
124 209203588
125 1974004535
126 1341477129
127 1341477140
128 1341477152
129 1703468680
130 1703468697
131 -888029910
132 906894472
133 1722333264
134 1722333271
135 1722333281
136 872032526
137 -1700601483
138 43463564
139 937227893
140 980691466
141 980691484
142 1961382959
143 1961382978
144 608490139
145 -2097295557
146 -880315288
147 1925846591
148 -1051764249
149 -1495038356
150 -1501271285
151 1298657672
152 1545551097
153 1342937492
154 -107821023
155 1235116485
156 1127295470
157 1127295489
158 -913080872
159 1341510089
160 -376830617
161 -1988777721
162 -809883616
163 1496305967
164 1496305976
165 1496305983
166 -1302355333
167 -1918288311
168 1074323668
169 1074323678
170 -1071996293
171 1076651057
172 235013805
173 235013821
174 1549006080
175 2023688473
176 -487258920
177 -739504019
178 -1949035675
179 -1949035666
180 -342608060
181 -1172475032
182 -1515083081
183 1661697089
184 977462565
185 1124076585
186 -531731038
187 -1063462079
188 -1063462078
189 1636312112
190 -1022343064
191 -1512955108
192 -1962448122
193 1433533128
194 -528914976
195 -1057829960
196 -153211804
197 -1739956731
198 1343968812
199 -395987913
200 -945187629
201 -1890375246
202 1459404432
203 1459404446
204 1459404457
205 -1376158390
206 -1376158389
207 -1292912321
208 1709142671
209 1958880871
210 -1919856071
211 1748167484
212 -2091544642
213 2031734077
214 -59810557
215 1628546374
216 -694497395
217 -694497382
218 179741048
219 359482104
220 -155274228
221 -155274227
222 48933662
223 97867314
224 97867329
225 97867345
226 187261428
227 480863427
228 668124871
229 1531984409
230 -2094857999
231 586114722
232 691366008
233 714607144
234 1429214303
235 -1459779835
236 684041624
237 2059449259
238 -867434797
239 1845490557
240 -573420651
241 404635120
242 -168785521
243 1507919512
244 1170348469
245 -1380849712
246 1128632763
247 1128632775
248 -740283481
249 -740283474
250 -1480566944
251 -703868359
252 2110532008
253 1406663652
254 -777771623
255 554988742
256 1183880788
257 961097918
258 -966107800
259 -5009867
260 1173861048
261 1173861058
262 -1947245185
263 -570640732
264 -175173659
265 1601907731
266 1426734085
267 -2012139869
268 1016501952
269 1016501953
270 -1245461431
271 -228959463
272 558583018
273 558583033
274 -357254824
275 -714509658
276 45401574
277 -1026362905
278 -980961324
279 1261280163
280 -700642476
281 -1446686527
282 -886048823
283 -1772097659
284 190134300
285 -320373878
286 -320373866
287 -450613440
288 -770987302
289 -1541974596
290 1211018103
291 1211018117
292 109074335
293 989135971
294 -774720763
295 214415209
296 1748922875
297 1188617328
298 -928596674
299 2008943543
300 -277080222
301 803266662
302 -1499816642
303 106716678
304 -866913512
305 -866913508
306 1168040322
307 301126820
308 301126825
309 301126841
310 1204507302
311 2107887802
312 -380318513
313 -760637024
314 -1140955529
315 -1140955525
316 872100715
317 872100735
318 1744201454
319 -1947519910
320 -1947519892
321 2144128950
322 -6709381
323 -1757620224
324 779726856
325 -977893349
326 -198166482
327 2141014100
328 1744681126
329 -1585331889
330 1124303514
331 -870300437
332 413352334
333 667355417
334 1080707761
335 1291115085
336 1291115097
337 35326078
338 35326093
339 -561377172
340 2091505187
341 1600780192
342 1600780199
343 1600780207
344 2037501327
345 944094450
346 -805998207
347 -2119369718
348 -2119369698
349 -2119369692
350 -1925045550
351 -1868817630
352 -1868817629
353 -1311485606
354 -1311485605
355 1671996087
356 360510484
357 1835685043
358 -426775681
359 1769419862
360 915868514
361 915868528
362 -1120586072
363 711150979
364 506433448
365 1928735400
366 -1148647459
367 -1148647455
368 849024922
369 -299622531
370 -1747892513
371 -2047515039
372 499559762
373 1548521902
374 1548521921
375 1548521938
376 350598475
377 1899120417
378 1051795472
379 2103590946
380 -1139580877
381 -380041333
382 583968747
383 583968750
384 -351684709
385 232284058
386 464568106
387 696852171
388 1042019645
389 -1859243311
390 -120371494
391 223825122
392 223825132
393 447650264
394 447650280
395 895300554
396 1342950845
397 -2056715896
398 -713765035
399 -532229515
400 992256856
401 460027351
402 -1850426236
403 -930371533
404 1514169530
405 185655985
406 1699825519
407 -895316254
408 -895316243
409 -895316235
410 -1790632463
411 1609018615
412 1609018622
413 1427404783
414 350474730
415 700949462
416 700949477
417 -1115188834
418 637184846
419 923894970
420 1847789932
421 -1300336889
422 -1300336882
423 -752883823
424 -581872683
425 -581872677
426 -581872673
427 496128563
428 -2002373276
429 1043104570
430 -1626885478
431 -583780907
432 1621160783
433 1037379888
434 1037379899
435 1037379908
436 1037379924
437 1475713124
438 292885578
439 292885585
440 292885586
441 292885595
442 -1647711821
443 -769055041
444 -769055036
445 1402031008
446 1402031023
447 2035007003
448 -224953280
449 -449906570
450 -674859848
451 -1124766404
452 1820481210
453 20854973
454 41709947
455 758279737
456 820844658
457 1641689323
458 -1832433304
459 -190743969
460 -381487943
461 -572231892
462 -953719834
463 -1907439649
464 -1907439629
465 -1045863705
466 -2091727397
467 1157376207
468 407312785
469 -527038389
470 -2099940486
471 2075301220
472 -24639248
473 -169004115
474 1881657862
475 1688014509
476 1688014528
477 769076241
478 -149862000
479 -299724015
480 2007504771
481 -279957767
482 2047037244
483 1767079481
484 1246696438
485 1246696458
486 2012542335
487 210967951
488 421935906
489 632903871
490 -1016617228
491 -1016617222
492 -978394668
493 -1995011877
494 -1995011863
495 304943559
496 609887125
497 914830703
498 1829661403
499 1829661420
500 -635644467
501 -1271288921
