0 0
1 7
2 16
3 35
4 71
5 122
6 266
7 402
8 870
9 873
10 2413
11 4175
12 8345
13 15822
14 24169
15 48355
16 100869
17 100879
18 100897
19 375173
20 677822
21 1355647
22 1355659
23 3764316
24 6475628
25 6475644
26 16715589
27 33431192
28 50146782
29 83577989
30 133724784
31 300880750
32 568330312
33 568330331
34 568330337
35 2005871750
36 -1152434859
37 853436905
38 -1451432818
39 -1451432798
40 1392101691
41 1392101710
42 734774697
43 734774704
44 734774724
45 734774740
46 36233293
47 1505782767
48 1505782784
49 -1247168448
50 1764397119
51 2023011474
52 2023011490
53 268284352
54 536568705
55 804853075
56 -662249655
57 -1324499310
58 -1324499300
59 1788572116
60 -717823066
61 -717823052
62 1998894703
63 1281071671
64 1844320265
65 -606326759
66 1237993515
67 631666769
68 631666789
69 -1793640203
70 707686880
71 707686892
72 253400374
73 -124866053
74 836221230
75 -1914837955
76 -1078616712
77 2137733878
78 1059117184
79 2118234362
80 -58498565
81 2059735800
82 883621489
83 883621497
84 -467988491
85 -994475563
86 304778941
87 -689696607
88 -689696599
89 1757888995
90 1757889000
91 -779189290
92 1357195518
93 -890879658
94 -1092062721
95 -1092062703
96 1219962233
97 -497847326
98 -1462010500
99 -1462010491
100 -1462010474
101 -1462010460
102 -1462010445
103 -1462010435
104 -91064036
105 -182128064
106 -364256132
107 -364256130
108 -728512261
109 -1457024509
110 1198790215
111 -986746552
112 1957218071
113 -2125705549
114 43556193
115 -124931270
116 -249862538
117 -249862536
118 -624656324
119 -1249312650
120 -1873968954
121 547029376
122 1718715072
123 1718715091
124 -857537132
125 -857537131
126 -857537113
127 -857537110
128 -1715074208
129 -1715074191
130 -1715074173
131 1729637816
132 1729637820
133 1744201480
134 1773328761
135 952200767
136 -660927937
137 2064601596
138 1578437376
139 -360655485
140 -721310978
141 1900144586
142 818178133
143 1997011758
144 1997011778
145 -300943748
146 2116435224
147 1815491480
148 -363040590
149 -363040574
150 -1390065487
151 -300655168
152 -1690720653
153 -1690720650
154 -1140235231
155 1464011428
156 1464011445
157 97066997
158 -1269877419
159 -1172810421
160 1949346464
161 -493341366
162 1456005114
163 1456005122
164 -1382957057
165 -1382957049
166 -1309908967
167 -1309908963
168 292192334
169 584384657
170 1168769318
171 -574471611
172 1178682371
173 1772980092
174 -749007124
175 -2092311953
176 -464128222
177 989520004
178 525391794
179 1050783583
180 9255212
181 1060038814
182 1069294037
183 2138588065
184 1032992423
185 1015201269
186 2048193703
187 -198579885
188 -397159772
189 -595739649
190 -1191479297
191 -334764894
192 -1526244174
193 646739285
194 -1214269772
195 1866427751
196 652157996
197 424811092
198 1076969101
199 1501780206
200 1227178861
201 -1566008218
202 1162950857
203 824121505
204 1987072367
205 -1886830768
206 521305750
207 521305756
208 1142853110
209 298633862
210 597267730
211 895901605
212 -1360310975
213 1574345350
214 2005837574
215 -714784360
216 1505087590
217 -1284792108
218 -1209273248
219 -988977764
220 811924193
221 811924201
222 -574402617
223 237521593
224 1286967377
225 1286967397
226 -1483510918
227 -196543506
228 -1680054418
229 -1876597923
230 345227939
231 886999391
232 1970542300
233 -1092197650
234 1765344057
235 -419051257
236 1346292813
237 1346292818
238 1346292822
239 1346292836
240 671152755
241 415063945
242 -1862457759
243 1916344611
244 53886872
245 107773741
246 630611429
247 792272057
248 1530657228
249 -1233652832
250 297004402
251 -936648412
252 -936648401
253 -1576292399
254 845378089
255 845378107
256 -822184584
257 23193533
258 23193534
259 -775797516
260 -1551595019
261 1990768299
262 -290237151
263 148936149
264 -477925223
265 1371542088
266 1371542093
267 2123857969
268 94049640
269 94049641
270 760074143
271 948173433
272 1708247591
273 -690372843
274 -1474795320
275 -456920562
276 -1931715876
277 1449410290
278 1449410302
279 -1396146695
280 53263612
281 1555937517
282 1555937524
283 -1129828642
284 -1129828630
285 2035310036
286 905481413
287 681134194
288 1586615615
289 -2027217476
290 1146013761
291 705411914
292 705411919
293 -1738129698
294 -1032717777
295 -214009862
296 -1246727625
297 -1246727618
298 -1246727608
299 -1246727590
300 -691943129
301 -1938670709
302 -829101732
303 1527194860
304 698093131
305 -542484446
306 853701819
307 -1758461923
308 -1447244531
309 1942962664
310 -951526411
311 2080697104
312 -133573078
313 1491315751
314 1491315765
315 -1445908853
316 -1445908852
317 90813828
318 181627649
319 -1173467372
320 -1173467365
321 2129660225
322 956192875
323 738918380
324 -1643663178
325 -1643663159
326 1007640974
327 -1540766980
328 1213433341
329 -327333626
330 352973722
331 352973731
332 705947471
333 1084561308
334 1084561313
335 1084561332
336 -335335871
337 -670671731
338 -670671729
339 -1341343453
340 1276944515
341 -1405742391
342 -2140813048
343 684012922
344 684012923
345 684012942
346 1368025874
347 1368025881
348 -874902595
349 493123287
350 -1256681901
351 -1638461191
352 -1638461173
353 -620416259
354 397628689
355 -222787564
356 174841130
357 -1909195167
358 2115038126
359 205842973
360 363739511
361 -1610346672
362 -1610346663
363 -1610346660
364 1074273988
365 901940818
366 -1244478513
367 -342537687
368 -685075371
369 -1027613050
370 1897203512
371 -158022589
372 1739180941
373 -1844218468
374 606530353
375 606530364
376 1108023203
377 -2078920888
378 242163038
379 242163054
380 484326103
381 726489175
382 1210815297
383 -1631173655
384 -1631173636
385 1032620025
386 -1018911952
387 -2037823904
388 -2037823887
389 219319507
390 452347097
391 452347116
392 1343333242
393 -1827620314
394 420407144
395 840814299
396 1229281507
397 -1804464335
398 265631482
399 951670115
400 642118789
401 642118793
402 1284237592
403 1284237598
404 509415607
405 -574957692
406 -574957679
407 1927975427
408 1287475664
409 -1079516190
410 -1079516170
411 2135934951
412 -1102613613
413 1033321356
414 987126525
415 2020447888
416 -1356685121
417 -1610756646
418 40132651
419 1367658190
420 460796971
421 1868587821
422 2126419004
423 2126419019
424 2126419035
425 -42129240
426 -384218948
427 -426348176
428 -426348157
429 -426348145
430 -852696290
431 -852696275
432 -852696267
433 -1705392526
434 -394862194
435 -363376246
436 1831336343
437 -1484990889
438 -2117285492
439 1765788835
440 -368527429
441 -368527410
442 1028734015
443 660206616
444 -1577292667
445 111647975
446 -145231463
447 -145231462
448 -1756107598
449 -2046570511
450 -2046570494
451 -1844744215
452 -1642917904
453 -1642917895
454 -835612700
455 1816436721
456 1989955537
457 1327861675
458 -1639243950
459 -1635569993
460 -1946952250
461 -1903948961
462 -1502886165
463 888132176
464 -614753977
465 -614753973
466 546756398
467 -67997567
468 -67997550
469 410761298
470 206768626
471 481534815
472 481534833
473 1512602025
474 -1201765692
475 1273905995
476 2066277171
477 2138417486
478 2138417491
479 2138417500
480 1165501065
481 1165501071
482 -1963965158
483 367036989
484 367036999
485 1101110983
486 1101110984
487 -1358671329
488 -257560329
489 585990311
490 585990316
491 -444251021
492 141739311
493 611908589
494 895387200
495 1507295792
496 1507295798
497 -1280375694
498 -1665364192
499 -1665364187
500 -1596512474
501 -1912649242
