0 0
1 7
2 19
3 31
4 71
5 112
6 248
7 255
8 690
9 1385
10 1397
11 1398
12 2815
13 5623
14 8453
15 16904
16 16918
17 33836
18 76118
19 76134
20 219925
21 422949
22 828980
23 828989
24 2300854
25 3129852
26 5430715
27 12519402
28 24209818
29 36729221
30 82019011
31 118748249
32 261706300
33 499202799
34 998405599
35 1878062955
36 -657589635
37 -2076088368
38 -855615032
39 705674276
40 -149940745
41 -299881492
42 255852053
43 511704105
44 767556177
45 1235230857
46 -1780476154
47 -545245290
48 -322934391
49 -868179670
50 -1736359342
51 1690428287
52 1690428288
53 1690428297
54 776317580
55 -137793125
56 638524471
57 362938232
58 863669580
59 863669591
60 -1566165405
61 524112017
62 1048224023
63 1733509826
64 -989121414
65 744388417
66 1488776833
67 -269189594
68 -1586603218
69 377372450
70 754744899
71 754744913
72 31069452
73 1917931733
74 1917931746
75 1917931757
76 -2050324986
77 1785538530
78 1194041486
79 1194041489
80 -121345779
81 1072695715
82 951349948
83 951349951
84 -1440917455
85 -1440917442
86 -1930484942
87 1385347370
88 1819344782
89 -1607627671
90 -1607627655
91 -10563169
92 -10563158
93 -1417036865
94 -358451219
95 -1796614410
96 2139901677
97 -1442763962
98 -1099476693
99 -402338973
100 -402338962
101 -402338942
102 -402338935
103 -1609355801
104 1076255691
105 -533100101
106 -1066200197
107 -1066200189
108 -1066200170
109 1096366744
110 30166591
111 60333179
112 90499790
113 1277366323
114 1458365885
115 1458365900
116 -100869185
117 -1479104683
118 1336757922
119 1336757931
120 1093542001
121 -527909433
122 -527909422
123 -527909405
124 -490186242
125 -2073914485
126 675047750
127 -1398866722
128 -1398866714
129 1497233866
130 -625451806
131 -1250903618
132 -1250903603
133 1167708281
134 -462316875
135 -545512190
136 -1007829055
137 -1007829035
138 1733797032
139 725968012
140 725968017
141 725968024
142 -2117063228
143 -665127168
144 -1330254339
145 908490599
146 -421763736
147 -421763735
148 -1930418367
149 1942785203
150 12366856
151 1955152065
152 1967518933
153 -359929440
154 1607589506
155 -1079788286
156 527801227
157 527801244
158 527801262
159 503615467
160 1007230920
161 -1200717169
162 837930500
163 1148059735
164 1985990247
165 -1523703978
166 1610346013
167 1610346022
168 -611988985
169 -1223977966
170 -225620920
171 -2061587854
172 171791577
173 955572136
174 955572154
175 21348033
176 2104283903
177 -258191061
178 -258191056
179 -516382108
180 1071519694
181 555137593
182 593893070
183 -2074416922
184 -2074416906
185 -1928283463
186 -633119328
187 -633119311
188 -633119299
189 -633119285
190 -1899357881
191 1129370841
192 -2036225609
193 -2036225600
194 -1180590231
195 171296706
196 -1009293513
197 -2018587031
198 1267086770
199 -751500251
200 1953969994
201 -1825410776
202 -622941019
203 1846615503
204 -601736289
205 621938207
206 1243876417
207 1865814626
208 -563338032
209 -1748614279
210 -1748614272
211 2100215352
212 -1397013195
213 -1397013186
214 -693811023
215 -1387622032
216 -580492121
217 1633042130
218 1052550029
219 23666984
220 2128767030
221 2128767045
222 1038783812
223 1025017589
224 1025017601
225 1025017612
226 1947636383
227 1766505713
228 1766505716
229 1766505733
230 -1342781034
231 423724713
232 -1681012151
233 1694898844
234 13886703
235 13886704
236 27773415
237 1750445676
238 1805992515
239 -682982263
240 -1421511355
241 -2104493616
242 1891972596
243 -511022104
244 -723543113
245 657407398
246 657407408
247 657407425
248 1314814842
249 1314814851
250 306884630
251 -1358452958
252 -1358452945
253 1578061406
254 219608480
255 439216953
256 658825446
257 1317650889
258 1317650904
259 1317650909
260 -342014575
261 975636342
262 -1026043715
263 -50407365
264 -1076451078
265 -1177265815
266 964799338
267 -1339324901
268 -1551791374
269 114933486
270 114933503
271 1633718018
272 311793640
273 1945511662
274 -2037661986
275 1853361349
276 -588244603
277 1172966429
278 1172966448
279 1757688282
280 -779590729
281 -2143903290
282 7160725
283 14321444
284 14321453
285 -2108099657
286 -2093778201
287 128893069
288 -1964885131
289 365197047
290 -1599688077
291 1224484217
292 -375203842
293 1944871526
294 -1500815375
295 -1500815370
296 1293336557
297 1293336564
298 -1708294170
299 -414957587
300 -1037393987
301 -1867309173
302 560348953
303 1535655520
304 -1223656261
305 311999261
306 -911656985
307 -287658447
308 -1199315419
309 -1486973847
310 1321019601
311 -1652928105
312 -331908491
313 -331908486
314 -663816957
315 -663816937
316 -1327633874
317 1639699538
318 -351751267
319 -351751254
320 -703502516
321 -1094939362
322 -1094939345
323 698083559
324 -396855782
325 1702813854
326 -185837057
327 1516976814
328 -959785902
329 2074167719
330 -1849445705
331 224722024
332 -510341857
333 -285619815
334 1874281945
335 -546403401
336 -546403394
337 495855355
338 -596951424
339 -596951404
340 -1790854265
341 -1790854262
342 -1790854247
343 713258798
344 -364336669
345 -728673343
346 -379751195
347 -1108424536
348 -1867926926
349 -1867926912
350 559113464
351 9802398
352 568915882
353 1137831756
354 1716550048
355 -871669598
356 1982712212
357 -329542877
358 -329542864
359 -329542861
360 994083615
361 334997907
362 334997926
363 1664079460
364 -966808386
365 1367266909
366 400458537
367 -1494972835
368 -694055767
369 2105938714
370 1411882957
371 1411882973
372 -1471201361
373 -1471201357
374 1352564595
375 -177955131
376 -296591877
377 878017598
378 581425740
379 1459443358
380 -1672672467
381 -213229095
382 -426458189
383 -426458188
384 1556149376
385 703233008
386 1193236925
387 -1268806159
388 -75569226
389 552094554
390 1104189122
391 311908303
392 1968191987
393 -2014867001
394 -46674999
395 -2061541983
396 -1842983688
397 -1842983670
398 -1842983653
399 -1842983643
400 -1842983630
401 -624983676
402 593016322
403 -1874950969
404 -1297918297
405 1090130678
406 -2114705937
407 1972473749
408 1972473762
409 1830241579
410 -634484141
411 -634484134
412 -1268968258
413 -1268968251
414 -1268968248
415 -1268968235
416 -1268968229
417 -780905656
418 -780905636
419 -780905634
420 -1561811261
421 -1561811253
422 -1171372124
423 -780932969
424 780850965
425 -109345
426 -109341
427 -300686
428 -601361
429 -1120721
430 -2241437
431 -4264202
432 -7626355
433 -15854068
434 -15854056
435 -43598664
436 -87197333
437 -87197329
438 -249701436
439 -424096084
440 -673797503
441 -673797483
442 -2021392500
443 1599777327
444 -1095412649
445 504364695
446 1008729393
447 1008729396
448 -1268779126
449 -260049720
450 -1528828842
451 -2048928289
452 457160463
453 914320923
454 1371481397
455 1371481406
456 2065515905
457 513511430
458 1027022845
459 1540534292
460 851617181
461 1703234375
462 1703234378
463 -888498525
464 615154423
465 -1161842632
466 1971282034
467 -2055637617
468 -1246198198
469 -1246198179
470 556372722
471 556372739
472 -133452705
473 979292767
474 712387351
475 1558227419
476 -1045059742
477 -2090119482
478 1159788078
479 -1975391138
480 -815603058
481 -815603052
482 -815603046
483 -1631206079
484 216952076
485 2065110249
486 -980349849
487 1301712478
488 972218886
489 -719323452
490 -1655598977
491 -100991056
492 -201982119
493 -1958572144
494 -1958572142
495 74849840
496 452672867
497 527522714
498 527522722
499 527522726
500 2035241046
501 -224485218
