0 0
1 4
2 21
3 28
4 72
5 139
6 244
7 397
8 860
9 1643
10 1662
11 4175
12 7482
13 15829
14 30802
15 58307
16 104946
17 217373
18 427273
19 807901
20 1452563
21 2905112
22 5165582
23 5165601
24 13236309
25 23567496
26 50040106
27 86843922
28 160451528
29 160451539
30 160451545
31 481354628
32 641806178
33 1123160814
34 -1888194128
35 -765033309
36 -1530066607
37 1876640256
38 346573669
39 -71885978
40 -71885966
41 202801730
42 130915766
43 189945553
44 379891119
45 569836676
46 569836683
47 1709510048
48 -875947197
49 -1941839965
50 -1108277109
51 2078413086
52 2078413092
53 -1246418222
54 1802130861
55 555712640
56 -1937123787
57 -825698499
58 -404978766
59 1682878902
60 452201654
61 -1032720487
62 -580518826
63 -1161037651
64 -1161037640
65 1392373196
66 -929702084
67 462671124
68 925342246
69 1850684486
70 1850684499
71 -135287020
72 -728885311
73 -532428391
74 -1990199030
75 908167556
76 1816335119
77 -1570464610
78 1154038079
79 1399908606
80 1399908622
81 -341111983
82 -682223955
83 -682223936
84 1094257366
85 -611302499
86 -881493023
87 -1762986037
88 1650488247
89 1650488263
90 656497453
91 656497470
92 656497484
93 656497497
94 -1668977384
95 957012527
96 601030142
97 1202060275
98 1747623059
99 -1456218667
100 2094494817
101 -1909068078
102 -1909068069
103 -1909068065
104 -793960761
105 2068769638
106 1751640057
107 1751640072
108 1751640085
109 -2060205485
110 -1100252547
111 2094462197
112 2094462214
113 2094462218
114 -106042861
115 -212085721
116 -424171443
117 1352162208
118 715905050
119 2068067261
120 -583004218
121 -2093999194
122 106968901
123 -501967243
124 -501967227
125 -501967221
126 -1003934438
127 -2007868880
128 781196775
129 2064360758
130 -668212995
131 -834458761
132 561689022
133 1904574819
134 -1828703439
135 637560413
136 -1191143020
137 83977809
138 83977825
139 2080636898
140 -2130352557
141 -1072903031
142 -1072903011
143 -2145806030
144 -2145806011
145 3355271
146 -2142450721
147 10065841
148 -2132384874
149 -2112253183
150 50329257
151 -2061923907
152 171119481
153 171119484
154 342238977
155 684477960
156 1197836432
157 1882314409
158 -1214816443
159 -1214816435
160 -547318451
161 -1094636900
162 2105693495
163 1011056607
164 2022113213
165 2022113221
166 -250740845
167 -250740836
168 1520631560
169 1520631579
170 -1253704156
171 -1253704152
172 533854849
173 -1973553453
174 1868491978
175 1868491990
176 -1997681927
177 -129189932
178 -258379866
179 -516759732
180 -1033519448
181 -1937848966
182 419269356
183 -1518579591
184 -292471067
185 -1391781284
186 -1391781276
187 1218933689
188 919287777
189 -645341088
190 -1290682178
191 -1016735483
192 -814537265
193 -814537245
194 1649157305
195 -996652687
196 -996652671
197 -344148043
198 -344148027
199 -688296063
200 -1376592118
201 -1376592113
202 165190936
203 1018677951
204 1183868905
205 991145682
206 -1101274754
207 2092417792
208 -1128809667
209 963608137
210 -165201517
211 1762014764
212 -1734545901
213 825875502
214 853344366
215 -55326018
216 -55325999
217 742692357
218 1485384708
219 2117425053
220 50534832
221 45743675
222 146813336
223 146813344
224 389905194
225 389905204
226 926623749
227 926623758
228 -1661909374
229 -735285610
230 -1470571215
231 -2014518676
232 809877416
233 1619754826
234 415113584
235 2034868413
236 -1429871731
237 604996696
238 -1050105500
239 -445108785
240 1974877992
241 1974877997
242 -790320086
243 -1580640175
244 1133686956
245 -1237273298
246 1820420698
247 -654125898
248 -654125885
249 -725104369
250 -1379230250
251 882380908
252 -1876079593
253 -1876079573
254 1425189050
255 1471147839
256 26558636
257 1046815957
258 -1750444861
259 794077584
260 90448695
261 180897394
262 180897402
263 452243505
264 814038308
265 1628076620
266 -1400608844
267 227467784
268 1721217388
269 -1304776033
270 871376922
271 114677223
272 1629963292
273 -1262508501
274 48732916
275 -1213775574
276 -682910633
277 -1847953278
278 -1847953263
279 -1297625434
280 -1381475293
281 1615866572
282 -1063234151
283 -1063234136
284 -2126468283
285 -2126468281
286 -468570963
287 -1489774353
288 -1958345300
289 -1748191591
290 -1369914905
291 1176860801
292 395376302
293 1572237105
294 26367720
295 1598604827
296 1598604846
297 -1097757621
298 -1097757607
299 2099452084
300 1001694490
301 1001694507
302 -1289883810
303 1715199681
304 1715199682
305 2140515560
306 987758335
307 -1166693382
308 -1166693377
309 -1345628415
310 615952142
311 1231904268
312 -664465380
313 -664465363
314 -664465349
315 -145539679
316 -1474470385
317 1346026529
318 -1602914228
319 -1731358069
320 960695014
321 -1027550745
322 -1798213785
323 -1865069508
324 -395866726
325 168961565
326 -622771893
327 -622771874
328 -1245543766
329 1972841335
330 104525715
331 831823300
332 831823319
333 1663646636
334 -863148306
335 1632321668
336 769173380
337 1538346754
338 1538346769
339 -449100383
340 -449100366
341 640146027
342 191045673
343 831191714
344 764182675
345 764182688
346 -1935410200
347 424146888
348 -1511263292
349 -1494161231
350 1289542777
351 1067822245
352 1067822264
353 -869780005
354 -869779998
355 -671737724
356 -671737709
357 -671737692
358 1409974184
359 66498786
360 1476472976
361 -1342021344
362 200950434
363 335402078
364 737302939
365 1408107098
366 2145410052
367 -741450133
368 -1482900259
369 -1482900248
370 -1561840574
371 1171286138
372 -390554420
373 548057951
374 -233050899
375 -75547360
376 -75547342
377 -384145591
378 -459692914
379 -1227984103
380 -1687677014
381 459920348
382 1839226531
383 -616514227
384 -616514216
385 606198103
386 606198112
387 1212396229
388 1191764021
389 -1284608917
390 1725749447
391 -1449666501
392 276082951
393 -1173583540
394 -621417635
395 1326382586
396 704964960
397 236346385
398 -2027273353
399 -380997046
400 -380997039
401 1505699870
402 -1047221179
403 1964178552
404 1660663167
405 -211646876
406 -423293751
407 1942679919
408 637613726
409 -688951102
410 -51337370
411 -102674728
412 -102674713
413 -256686799
414 -513373604
415 -1026747200
416 -1026747180
417 1471412527
418 -582081847
419 -582081843
420 -1746245531
421 1384558081
422 1384558082
423 1022870642
424 -502980479
425 -1005960950
426 -486070770
427 -486070764
428 -1978102483
429 1830794060
430 -147308419
431 -147308407
432 1536177248
433 1388868843
434 -1517229611
435 -128360767
436 -128360749
437 -1773951107
438 2135933916
439 -1411968307
440 -1411968291
441 1471030712
442 783028033
443 -2040908534
444 -1198818077
445 -1198818063
446 -143577362
447 -143577345
448 1610176450
449 124203699
450 248407389
451 1982787555
452 1982787573
453 -329392167
454 -286173242
455 1367222177
456 1367222185
457 2118878973
458 -57209356
459 2061669634
460 -171628036
461 -343256064
462 -343256046
463 -343256029
464 -1029768125
465 -2059536258
466 -2059536254
467 175894786
468 351789586
469 703579160
470 1055368747
471 227096045
472 1282464806
473 -1026458534
474 -2052917058
475 -2052917039
476 445139483
477 445139488
478 890278978
479 1969691168
480 1969691184
481 534694036
482 1514527567
483 1693636670
484 -1086803055
485 330779108
486 937612728
487 1268391844
488 1449980637
489 -1395006033
490 1323366461
491 -71639561
492 1306701519
493 -1681564264
494 -446502287
495 -821365015
496 -1714369601
497 -368833868
498 943896534
499 -1960671947
500 -1960671941
501 -1960671927
