0 0
1 7
2 16
3 24
4 52
5 114
6 176
7 377
8 386
9 399
10 1459
11 2634
12 4881
13 4883
14 4884
15 9770
16 14669
17 39090
18 68431
19 107525
20 229732
21 444779
22 674529
23 1349041
24 2023579
25 2023591
26 4047190
27 9443410
28 9443415
29 18886842
30 18886845
31 37773703
32 84990808
33 141651369
34 302189577
35 566605470
36 1010446425
37 1879241473
38 -536484341
39 -1375158256
40 -32401109
41 -1407559350
42 -1439960439
43 1447447523
44 1487335682
45 1487335691
46 -1312808829
47 -1312808821
48 349053727
49 -789228226
50 1229175152
51 1229175159
52 2018175823
53 -607669370
54 -607669361
55 -1033779886
56 998232380
57 -35547488
58 -71094977
59 -71094972
60 -213284942
61 -284379904
62 -284379898
63 -782044736
64 -1350804522
65 1380073306
66 1380073323
67 627297372
68 627297385
69 -1660299199
70 -1940525094
71 1321440402
72 -619084691
73 -1238169378
74 -535813664
75 -1773983041
76 1449356931
77 -860439758
78 -860439746
79 -860439734
80 -1131962303
81 581685764
82 581685772
83 -1689470232
84 -526098679
85 -526098672
86 2134985502
87 2134985509
88 -551094952
89 -576091217
90 -1678281121
91 2040594961
92 362313856
93 -1892058471
94 -1167430772
95 1960105756
96 -1099383486
97 860722286
98 -238661182
99 622061106
100 622061107
101 1005461044
102 1005461051
103 -1039922978
104 970999131
105 1941998260
106 -410970773
107 -410970765
108 -821941525
109 -821941521
110 1829142731
111 185259695
112 2014402431
113 -1088103955
114 -1088103945
115 23454244
116 2142213642
117 -2129299397
118 12914252
119 -2116385127
120 -2103470869
121 100939804
122 -1940334031
123 -1751368671
124 603264614
125 -796001851
126 -1944105895
127 406755498
128 1961615053
129 -371737175
130 1996633388
131 -708456027
132 1288177369
133 -128734687
134 -1847347242
135 -687904552
136 -1375809105
137 -1375809098
138 -991902696
139 -136458137
140 1790797379
141 1654339243
142 -1978191503
143 338584289
144 -1639607209
145 -1624875166
146 1030484938
147 -1895413140
148 -1895413137
149 -1729856402
150 -1820105600
151 1249146321
152 -570959260
153 1423192362
154 -1448582571
155 -1167308732
156 -514511865
157 2016797235
158 309586434
159 -1968583626
160 357800063
161 715600107
162 1431200225
163 1431200231
164 -716966726
165 2145433741
166 -4099811
167 -8199623
168 1416167597
169 1416167608
170 -1462632083
171 1369703137
172 1323238665
173 -1648489950
174 -418180216
175 -418180202
176 -1161611699
177 1971743897
178 1971743907
179 -1513091182
180 1268784931
181 -1757397438
182 -29959770
183 -29959762
184 -548532024
185 -548532021
186 -1097064033
187 2040919696
188 -183168139
189 -183168134
190 -366336270
191 -366336266
192 941910895
193 26070232
194 26070238
195 261378849
196 287449088
197 574898195
198 1123726142
199 -2021444772
200 -897718622
201 -933089957
202 -933089948
203 -933089937
204 597978843
205 -335111093
206 1758565224
207 1423454135
208 -850080180
209 -850080179
210 1146747911
211 1146747919
212 -2001471446
213 292024396
214 -562699112
215 2022821141
216 897422905
217 897422925
218 897422935
219 -1602698512
220 192147360
221 384294709
222 384294711
223 768589425
224 126627712
225 126627725
226 253255446
227 253255463
228 1528355775
229 1528355782
230 -985000268
231 2071711299
232 -1679900471
233 -1679900462
234 -1288089626
235 733787773
236 -554301850
237 -554301835
238 -554301821
239 -1108603639
240 1523458165
241 -693749123
242 -693749103
243 -693749101
244 -693749085
245 -2081247276
246 -2081247265
247 -1255025415
248 -1816301726
249 -857607104
250 1621058468
251 1987091529
252 -686817298
253 247423887
254 247423906
255 -878786787
256 916335238
257 532396264
258 532396266
259 1102341001
260 -1211498518
261 -1211498512
262 -255863496
263 -1576519506
264 -1832382987
265 -1832382976
266 -946318161
267 -946318159
268 -946318140
269 2086214179
270 1139896049
271 -2015175188
272 -875279123
273 -610662205
274 793850782
275 -1567369675
276 20331891
277 2055838972
278 1302651984
279 1302652004
280 1302652006
281 1302652018
282 -387011249
283 -774022505
284 1444270277
285 1585888553
286 -1123190184
287 1906968666
288 -481029977
289 -481029958
290 944908743
291 766627303
292 -1638522500
293 -1638522494
294 1784549621
295 1784549639
296 1784549646
297 -579840875
298 478840741
299 957681485
300 -1653736285
301 987494726
302 987494729
303 1757775406
304 -562202433
305 1516826157
306 -595073420
307 -595073407
308 -235523096
309 -471046195
310 -1896716117
311 -1896716111
312 -205034218
313 -205034203
314 -379579539
315 -789647947
316 -1374261673
317 1751478151
318 1751478153
319 1339046689
320 1339046702
321 -1616873894
322 -1482269645
323 1195823775
324 -286445854
325 -286445852
326 622932071
327 1245864148
328 1245864153
329 -1753198629
330 -1753198620
331 2034434203
332 2034434204
333 1808335330
334 1808335340
335 1356137597
336 -1130494339
337 -452653366
338 1581325234
339 -1822464
340 1126849406
341 1123204490
342 -2046735857
343 1782820825
344 1782820844
345 1782820846
346 -729325600
347 -1458651202
348 -1134481578
349 -1539637533
350 162196986
351 -404931626
352 -404931611
353 -647666231
354 -1295332476
355 1704302347
356 -238696352
357 -882324304
358 -712050779
359 -128769075
360 -257538155
361 -386307210
362 -772614438
363 -1158921644
364 -1931536079
365 1204509593
366 1636404734
367 909378250
368 909378259
369 -839806046
370 -1679612086
371 -700661612
372 -700661604
373 1214032000
374 -187291198
375 1026740806
376 839449622
377 -1402036056
378 1490895182
379 1955049556
380 1955049561
381 543440573
382 1649467587
383 1808039992
384 -837459713
385 970580284
386 1941160581
387 2074281162
388 691054744
389 411529195
390 1102583951
391 1925642345
392 -164157055
393 -164157042
394 1597328261
395 2273179
396 1271287357
397 1271287363
398 1271287372
399 1271287376
400 792455357
401 792455366
402 1584910728
403 1417428917
404 -1292627649
405 -1292627647
406 -1292627633
407 -1292627627
408 -1292627620
409 1709712060
410 2126796491
411 -458458738
412 2085422202
413 2085422210
414 -124122872
415 -706704478
416 -1413408968
417 -2120113431
418 2016039764
419 2016039771
420 -208147329
421 1703818782
422 1703818790
423 1703818792
424 -1670585775
425 33233027
426 -1637352730
427 -1570886669
428 1119960935
429 -450925730
430 669035221
431 669035226
432 2007105654
433 2007105673
434 388279268
435 388279284
436 388279292
437 388279298
438 776558599
439 1553117192
440 1553117209
441 -23894985
442 -436069273
443 -436069263
444 -896033520
445 -896033507
446 -896033505
447 1170797509
448 -1517303022
449 -346505504
450 -693011012
451 -1039516503
452 -2079032999
453 1176417803
454 1176417812
455 -1458724893
456 2070528532
457 1788221470
458 1788221486
459 1788221487
460 -718524306
461 -718524287
462 -718524269
463 -367351367
464 1772043078
465 -750881149
466 1021161947
467 2042323892
468 -210319523
469 -210319503
470 -420639006
471 -2072759478
472 1380929804
473 -691829672
474 -1804298333
475 1107009633
476 -1389118364
477 1516730570
478 -569676483
479 664945359
480 664945364
481 -2018022474
482 258922337
483 -429209403
484 -858418802
485 1248238955
486 389820156
487 389820169
488 779640334
489 -1487447676
490 -1487447673
491 2099712285
492 294277449
493 -580905604
494 325636470
495 -255269117
496 1883451489
497 1667190688
498 -744325104
499 -1488650208
500 -565784610
501 -2054434801
