0 0
1 4
2 21
3 27
4 62
5 105
6 234
7 349
8 601
9 962
10 1573
11 1593
12 4129
13 8261
14 14001
15 26396
16 54382
17 94782
18 94800
19 284373
20 528349
21 907523
22 907530
23 2343415
24 3250963
25 7937789
26 14439707
27 22377501
28 48005963
29 96011938
30 180835121
31 361670240
32 686523265
33 1229028637
34 -1836910024
35 621147244
36 13265868
37 26531729
38 660944854
39 700742453
40 2022632165
41 -870850213
42 1151781956
43 1151781970
44 -138878952
45 -138878940
46 -138878921
47 1886927118
48 1748048213
49 -659991952
50 -659991940
51 -1319983872
52 -1979975808
53 1423071955
54 1758087636
55 -778792026
56 979295611
57 1401687370
58 -934688700
59 -1869377390
60 -1402378710
61 1023211208
62 -379167497
63 1667254908
64 -960457472
65 -51537559
66 -1011995028
67 -1011995008
68 -1368730141
69 -1368730126
70 -1368730115
71 -823218083
72 2103019118
73 -88929075
74 -1546588273
75 -1635517336
76 -1635517322
77 -611584692
78 -1134240316
79 2026486663
80 1304594312
81 1585255980
82 1585255988
83 -1124455317
84 1082170348
85 137854021
86 1220024383
87 -1854918538
88 -1854918532
89 -1269788317
90 673220324
91 -596567987
92 -596567973
93 -596567966
94 -1789703909
95 -1789703897
96 -1074144435
97 -1074144415
98 -1432729351
99 713949099
100 -1792924665
101 709117983
102 1418235954
103 2127353957
104 -40259397
105 -789636774
106 -870155561
107 1845538182
108 185745867
109 371491728
110 557237613
111 557237620
112 1114475240
113 -1508779212
114 162933655
115 -1345845550
116 1603276197
117 257430658
118 -830984242
119 -316122924
120 -632245858
121 -632245852
122 -1580614614
123 1133738060
124 1133738074
125 -577630177
126 109231354
127 218462700
128 327694056
129 655388120
130 733146063
131 733146067
132 733146074
133 1466292159
134 -1362382977
135 1570201328
136 1570201343
137 -1154564613
138 1985838064
139 1985838077
140 -323291135
141 -1801146887
142 1847238131
143 46091252
144 1754729451
145 1523620825
146 -924434514
147 -1894960280
148 458955502
149 -836818452
150 -1673636902
151 -2051499840
152 191967614
153 761798173
154 686777893
155 1448576077
156 2135353978
157 -24259332
158 -735296572
159 -783815246
160 2040558913
161 497187780
162 1018634893
163 2037269771
164 2037269781
165 -220427725
166 -440855452
167 -440855446
168 -881710887
169 -1763421771
170 547696035
171 -1215725728
172 -1215725720
173 -1215725716
174 1195486169
175 -1903994947
176 -60718627
177 -1984953105
178 1540786797
179 -1213393703
180 -1657560006
181 919128661
182 919128664
183 1838257344
184 -618452621
185 -618452614
186 -1236905220
187 -1236905202
188 -1872458301
189 -51301422
190 -102602831
191 -102602826
192 929096725
193 723891075
194 723891076
195 -1918088417
196 356187634
197 356187644
198 356187647
199 -125634413
200 942928531
201 1173481772
202 2116410316
203 -1005075189
204 -1067221860
205 -2134443707
206 -916848658
207 1243674937
208 1420128027
209 -1631164319
210 -2018653708
211 -986015053
212 -340865769
213 -340865760
214 608567011
215 -73164516
216 -1132344077
217 -937807324
218 -2070151383
219 690067008
220 690067016
221 -1627824670
222 -247690632
223 -1185448274
224 1924070739
225 490931845
226 -645960973
227 -155029121
228 1614012500
229 813022425
230 2116976696
231 2116976704
232 -2083975372
233 -2144989251
234 4988782
235 -2140000455
236 -2140000450
237 -2140000439
238 29932785
239 -2110067651
240 -2065168456
241 -2065168448
242 239462395
243 239462405
244 -1586243630
245 -1346781218
246 -224301183
247 1137641282
248 -433441103
249 704200195
250 270759111
251 541518211
252 -2074289599
253 -2074289581
254 146388130
255 834294464
256 1668588933
257 574981952
258 -1070713812
259 -495731849
260 677125239
261 181393400
262 -132945062
263 725573591
264 725573598
265 1318202137
266 -1658563016
267 977841253
268 2088627576
269 -843285742
270 1882822213
271 -1847525003
272 -2036486994
273 -755847937
274 -755847926
275 -1100740562
276 -1856588482
277 1337638271
278 -1619690772
279 -2138640974
280 17685355
281 1891959192
282 1909644551
283 -493363534
284 -493363526
285 -1462405252
286 -1955768770
287 383429763
288 383429769
289 1150289282
290 1917148823
291 1878528883
292 1878528889
293 -1382008943
294 -1382008924
295 1530949432
296 1530949434
297 -2118557391
298 943341482
299 1886682970
300 -521601363
301 -1986544200
302 -621462582
303 -1242925173
304 -1242925169
305 -798889816
306 -2041814980
307 -2041814973
308 -587552458
309 1665599879
310 490494951
311 490494971
312 2059037363
313 -176892580
314 -1431832571
315 940807201
316 -491025363
317 -1158943297
318 -2140994024
319 504004622
320 504004640
321 1008009278
322 1512013923
323 1387038459
324 -387905634
325 999132840
326 1998265683
327 1998265692
328 -298435910
329 402261027
330 2102090829
331 -2089051346
332 -2089051338
333 -2089051336
334 116864626
335 -1972186694
336 -1738457430
337 701187800
338 1285510986
339 -1607080709
340 379618087
341 759236170
342 1138854258
343 1138854266
344 1138854275
345 260449778
346 -1756808958
347 781349371
348 -975459567
349 -551615093
350 2052882845
351 2052882859
352 -934926878
353 -934926877
354 1684296864
355 749370000
356 -1678271321
357 -928901309
358 -928901294
359 758893382
360 758893391
361 1517786778
362 2106672274
363 2106672290
364 2106672301
365 -752130946
366 -752130934
367 -1504261862
368 1204820850
369 -1051571932
370 -1351012930
371 1592941430
372 1592941435
373 1834869948
374 -625227411
375 100558122
376 -524669285
377 785531382
378 260862114
379 521724224
380 1144006567
381 -2107512276
382 -2107512266
383 -2107512252
384 -361838687
385 -281895897
386 -643734570
387 -1207526367
388 1799971788
389 -695023713
390 -746312847
391 358635232
392 358635244
393 717270482
394 -6795590
395 710474899
396 710474903
397 1420949820
398 -742592775
399 1388831960
400 2067189017
401 -1581539083
402 1131889133
403 -1288596256
404 -156707117
405 -1894953317
406 954710612
407 1909421234
408 -1430835439
409 -618364019
410 -2049199444
411 -1234267055
412 -1037698644
413 -1037698629
414 -2075397268
415 1181871409
416 -1931224485
417 -749353075
418 720863880
419 720863894
420 720863898
421 1441727806
422 -690647807
423 751080017
424 1502160024
425 1562592243
426 1562592258
427 -1169782788
428 -1169782775
429 -776973297
430 1178428450
431 -768327604
432 1588529289
433 1998630142
434 -1074680304
435 -1782488164
436 729990983
437 -128547334
438 -257094663
439 1782147834
440 2126496836
441 -771964613
442 -771964606
443 -1930251828
444 -1930251811
445 -1930251806
446 -1930251799
447 434463693
448 1303391052
449 -2122648845
450 -819257782
451 -1638515560
452 1017936166
453 -1439837162
454 -1439837148
455 -1861738143
456 993392023
457 1986784031
458 -1761236398
459 225547648
460 1444487316
461 -91201427
462 -182402842
463 1396430715
464 1396430727
465 1396430740
466 -288077950
467 -393753058
468 2111030470
469 -72906361
470 -1542243447
471 -185950330
472 -1728193771
473 765673390
474 1531346783
475 -1997947114
476 -1615071032
477 -2081671345
478 897297994
479 -1184373337
480 311149596
481 -873223724
482 -849149469
483 1699370378
484 -896226554
485 -46005633
486 757138203
487 757138218
488 -2023552672
489 -1451508435
490 -1451508421
491 1391950459
492 -59557942
493 -119115903
494 1213276626
495 1213276632
496 -2047087870
497 -833811233
498 -1667622460
499 -2121968290
500 -1162245914
501 -1490680596
