0 0
1 1
2 7
3 17
4 22
5 56
6 72
7 85
8 158
9 256
10 591
11 857
12 1949
13 3405
14 6227
15 12448
16 18677
17 18689
18 56045
19 105860
20 161912
21 323823
22 666330
23 1257932
24 1924270
25 3848547
26 5772831
27 11545662
28 11545674
29 34636991
30 46182676
31 92365345
32 92365356
33 92365360
34 323278743
35 415644118
36 923653578
37 1662576444
38 -1293093144
39 -1293093140
40 1708781024
41 1708824766
42 831419525
43 -45941970
44 -45941960
45 -45941954
46 -91883912
47 601709744
48 601709750
49 601709757
50 601709766
51 -1980012187
52 426826831
53 -951475578
54 1790306382
55 838830814
56 1677661629
57 1677661640
58 1677661645
59 1677661665
60 -1879288000
61 -201626332
62 1274408991
63 871156344
64 871156354
65 -1278245604
66 -1278245603
67 460230501
68 -353947991
69 1844758600
70 1951041124
71 1951041139
72 1951041141
73 -1246000575
74 -2138053149
75 910913586
76 -1227139553
77 1840688200
78 613548662
79 1227097315
80 -929859069
81 297238248
82 594476507
83 1188953002
84 -1917061274
85 -728108257
86 1649797782
87 788057764
88 -1857111745
89 -147364448
90 -147364446
91 286014908
92 286014911
93 286014919
94 572029850
95 858044771
96 1430074630
97 -1148803112
98 1997361063
99 1997361064
100 839071124
101 -609977147
102 -609977134
103 -1219954273
104 -1219954257
105 1474175618
106 2109280123
107 -1931465800
108 1651989954
109 -990987390
110 -1270463232
111 -1270463228
112 1754040856
113 -1777872988
114 -1777872979
115 -1777872978
116 739221359
117 1478442716
118 -2077303218
119 -2077303202
120 580151976
121 580151981
122 -916999241
123 -1833998473
124 1543969586
125 -626876133
126 -1253752272
127 -336658816
128 -1590411084
129 487268998
130 1601414132
131 161613241
132 161613248
133 1924640625
134 41582950
135 -2005517220
136 -2005517202
137 -1883197580
138 366958876
139 -1232305821
140 1546422787
141 1546422794
142 1860539772
143 -573887748
144 -1461892459
145 -175240420
146 -350480847
147 -700961699
148 1606391880
149 379708928
150 1285139124
151 1285139131
152 1285139148
153 -59840958
154 -1784529967
155 725907361
156 166675585
157 -951787959
158 -1843734965
159 1499444391
160 1499444410
161 1499444414
162 1499444428
163 -140924600
164 1358519842
165 1217595248
166 1217595265
167 -1859776765
168 -642181485
169 -1284362980
170 -1926544449
171 -1417898382
172 -1417898379
173 -1751736887
174 -292566347
175 -2044303215
176 1665531383
177 1871892238
178 1871892258
179 -551182792
180 -1481137422
181 -917971624
182 1344675471
183 -1054433566
184 -2108867131
185 -2108867130
186 367474941
187 734949888
188 734949897
189 734949915
190 734949918
191 -987692724
192 -987692719
193 -1240435512
194 -1240435493
195 -1240435488
196 -414031908
197 1400064412
198 1559693313
199 1559693328
200 -189548147
201 -189548144
202 -1554676940
203 -1554676937
204 1185613432
205 -369063489
206 -369063469
207 1633099898
208 525909450
209 1789945881
210 -346012061
211 -1061087593
212 382846237
213 765692468
214 87451132
215 -171109804
216 -83658665
217 -254768449
218 343606695
219 -165930212
220 177676488
221 177676502
222 355352994
223 888382469
224 1421411972
225 -1452143344
226 1213004096
227 2070655199
228 -1042039367
229 -2053347348
230 188272583
231 -1865074746
232 1593433630
233 -83368526
234 2074882895
235 2074882902
236 1364863612
237 1136293597
238 -1793810071
239 562145648
240 -95370806
241 -190741623
242 276033228
243 -1241743606
244 -1251822794
245 2077434142
246 -140099013
247 -140099005
248 -280198003
249 1517038129
250 1236840131
251 1236840148
252 -304248883
253 -2125535890
254 1560933638
255 1604829154
256 1040226914
257 -88977588
258 -88977571
259 -88977558
260 -266932713
261 -444887838
262 -711820532
263 -1512618628
264 2070528141
265 557909516
266 1115819032
267 1115819039
268 565108440
269 1130216892
270 1695325346
271 1327321473
272 1538823895
273 1961828758
274 -936418214
275 -1730732846
276 1627816237
277 1627816257
278 1524899659
279 -1142251367
280 1907547959
281 1907547971
282 -97223070
283 1810324918
284 1713101868
285 -868763578
286 -1737527146
287 819913008
288 1737049079
289 819434942
290 -1738483272
291 -99613385
292 718387373
293 -1119709267
294 -401321874
295 -902257143
296 1871679029
297 -551609244
298 16490786
299 16490791
300 -518627666
301 -518627663
302 -1555882994
303 1734810551
304 -841836963
305 -1700164720
306 1931893178
307 1931893193
308 1931893209
309 1931893220
310 -862361781
311 -1724723568
312 1276701091
313 -1741565116
314 -1741565096
315 2088538183
316 -117890927
317 229082163
318 -2095237866
319 -1637073526
320 562655909
321 1236503054
322 1236503064
323 -1821961162
324 -585458092
325 65586870
326 131173753
327 196760640
328 -2013897986
329 -1620376707
330 -1620376696
331 -1620376683
332 -1620376673
333 -1620376666
334 2108427893
335 1542265168
336 2030316410
337 -234334487
338 -956720200
339 -956720199
340 2147192424
341 1190472240
342 -957302623
343 233169637
344 233169651
345 233169669
346 -257793653
347 -257793651
348 -49247982
349 -564835277
350 -871876895
351 -2001547450
352 -2001547440
353 -1144839756
354 -852967331
355 -852967323
356 -557354536
357 -1410321843
358 -1967676359
359 916969101
360 -1050707238
361 -1050707228
362 -1050707214
363 2059814721
364 2059814723
365 -1226045051
366 833769682
367 -567613205
368 -959888559
369 -693732069
370 -1653620622
371 420112859
372 420112876
373 -1507126945
374 -1507126925
375 1280713428
376 -893314698
377 387398746
378 2055510922
379 1549594973
380 -302462651
381 -1498239992
382 1804403264
383 1804403266
384 -937268430
385 1173298127
386 -450131055
387 -900262122
388 690039792
389 690039795
390 1202984555
391 -1711903134
392 871161018
393 871161027
394 30418913
395 1263822393
396 1263822399
397 5418470
398 -1731485119
399 -462244236
400 2101237947
401 1638993713
402 -554735630
403 991766676
404 437031060
405 874062122
406 1748124229
407 -1235749867
408 1823467552
409 1823467567
410 -648032168
411 1763153094
412 -1356378790
413 1582209710
414 1340951866
415 -1613063573
416 -272111698
417 -1885175266
418 1865568643
419 -563830021
420 -855548324
421 -855548306
422 -409357995
423 -818716000
424 791966667
425 -2147203946
426 -2147203931
427 -2147203913
428 2121573475
429 -25071018
430 -50142033
431 -100843483
432 1945516947
433 1844673472
434 -504776870
435 1339896613
436 835119755
437 835119761
438 835119772
439 -1789608004
440 -119368457
441 -1073856687
442 -1312593607
443 -459447
444 -918895
445 1907138675
446 -480689952
447 1425070383
448 -1444826520
449 -1444826508
450 -1945272581
451 -539958299
452 345153780
453 710063706
454 1420127409
455 -9885980
456 1925500627
457 1915614654
458 -463737992
459 492651435
460 -424938563
461 67712891
462 67712907
463 135425814
464 338564496
465 541703224
466 541703230
467 541703242
468 1083406485
469 -1247886615
470 377223119
471 -870663494
472 -657920489
473 -657920483
474 1237799354
475 -948705100
476 -1897410196
477 1448852003
478 -817384415
479 -817384399
480 1262935200
481 -820391800
482 442543420
483 67702441
484 510245873
485 1463035137
486 1973281012
487 -348405272
488 -696810542
489 -696810526
490 -1393621057
491 1159319918
492 -1976327459
493 -1976327457
494 -1976327439
495 -1868316181
496 1951955981
497 1951955984
498 -1917059102
499 -1857790742
500 129062131
501 129062134
