0 0
1 14
2 16
3 26
4 61
5 127
6 201
7 433
8 827
9 1589
10 1600
11 4661
12 4676
13 9356
14 9367
15 9380
16 37448
17 56215
18 112412
19 168643
20 281059
21 618339
22 618350
23 1798812
24 2417163
25 2417176
26 6633157
27 13266315
28 26532626
29 26532639
30 26532658
31 99497399
32 99497410
33 278592752
34 504120221
35 782712992
36 1286833231
37 1286833249
38 -938587805
39 -1373055391
40 1983324113
41 610268724
42 1568782898
43 1568782900
44 1436191351
45 889058581
46 889058592
47 889058599
48 889058608
49 697458438
50 1586517061
51 -1121933178
52 -1121933170
53 40109153
54 -1081824009
55 1009386100
56 -1154261917
57 -144875797
58 -144875788
59 -1516451407
60 -1516451404
61 1262064498
62 -254386896
63 -508773784
64 -1017547577
65 -1017547557
66 1496711502
67 479163961
68 479163973
69 -1839927855
70 -1360763864
71 -1360763860
72 691839657
73 -2029688061
74 -2029688057
75 -1794096872
76 -866666027
77 -866666012
78 767538390
79 -99127614
80 -1064921248
81 -1064921241
82 -2129842475
83 -2129842461
84 35282372
85 -2094560086
86 -2059277699
87 176411901
88 176411912
89 176411932
90 352823846
91 529235782
92 1411295384
93 -1825200345
94 644566607
95 230661649
96 461323314
97 691984964
98 2028536543
99 -237894203
100 -237894184
101 -2050234171
102 2006838942
103 2006838948
104 1963443739
105 1682154352
106 1357469753
107 426811145
108 426811162
109 426811169
110 -1657064057
111 980839181
112 -249413693
113 -249413691
114 -249413671
115 -1424465915
116 -1191867772
117 1179806261
118 1179806277
119 1167744778
120 -1947416224
121 400134841
122 -379536588
123 -379536583
124 1988612762
125 1609076193
126 -1456351500
127 1761800880
128 305449398
129 2067250283
130 -160466727
131 -2082734330
132 2051766245
133 -30968083
134 -30968082
135 -253370965
136 -253370963
137 -568678084
138 -568678081
139 -1644098076
140 2082191140
141 438093073
142 876186155
143 1314279230
144 -1228315773
145 -812533453
146 587709245
147 -1453139971
148 -1677964164
149 1751572416
150 73608260
151 1825180677
152 1972397196
153 -497389414
154 -497389406
155 -497389386
156 -1492168204
157 -1492168201
158 1310630910
159 2123872427
160 -860463945
161 -410297008
162 -1270760935
163 1753445416
164 482684487
165 965368977
166 -1093468399
167 354585078
168 -1832351721
169 1723732259
170 -847502776
171 876229490
172 28726727
173 28726740
174 28726756
175 114906951
176 172360464
177 172360471
178 488354658
179 947982563
180 947982568
181 947982572
182 947982579
183 -14682338
184 -1465701901
185 -1465701883
186 1363563517
187 1363563537
188 1363563538
189 -1669978586
190 -306415039
191 -1976393617
192 2012158658
193 -1940628564
194 -1940628549
195 449475243
196 -1419623201
197 -1419623187
198 1905196166
199 485572997
200 -1904198121
201 -1904198106
202 972144083
203 -932054015
204 526661139
205 566751221
206 1133502429
207 1294860780
208 -773191721
209 -1546383438
210 -1024714369
211 950677784
212 -1098750956
213 -1172787521
214 403008809
215 -1942566242
216 1434549188
217 -508017050
218 -1016034100
219 -1524051139
220 738847969
221 1985712981
222 184475720
223 -1385930622
224 784258082
225 -601672524
226 966843639
227 966843645
228 966843657
229 -1996108870
230 904422075
231 904422077
232 1808844164
233 -1581701045
234 39878415
235 -1541822613
236 -1274801068
237 -1274801067
238 -1338280078
239 407085085
240 -931194990
241 -117024815
242 -641134705
243 -1282269424
244 -1923404118
245 1089293755
246 -834110350
247 703342474
248 2047819651
249 1917051780
250 1917051786
251 1917051803
252 -790959553
253 -790959546
254 335132708
255 335132719
256 670265432
257 549571318
258 1554969473
259 1554969489
260 -635457010
261 -1270914025
262 -1906371020
263 -1906371013
264 -1424145767
265 -941920501
266 -941920484
267 -1883840984
268 1491735852
269 2019021192
270 1626916063
271 -649030036
272 -1690165204
273 -712279163
274 -712279145
275 1180243797
276 1180243812
277 -754235883
278 1606251742
279 -1794742965
280 -1794742962
281 1557497246
282 -425736920
283 1131760345
284 468777729
285 468777731
286 2069315822
287 -582072583
288 -582072580
289 905170663
290 323098099
291 64123602
292 128247217
293 128247231
294 320618051
295 577112513
296 577112519
297 1474843085
298 -1665899159
299 963168975
300 1349225436
301 646495256
302 1995720703
303 -1006256082
304 -346613001
305 1289346886
306 -63522178
307 1868676329
308 -1547079256
309 -1547079248
310 -1289004340
311 1780480784
312 1780480797
313 -822201249
314 -822201234
315 627554763
316 763633082
317 1391187864
318 -2140146345
319 -2140146344
320 -2125471742
321 -2125471729
322 1449886299
323 1493910128
324 847673915
325 1665998619
326 -287384628
327 -287384618
328 -287384614
329 1651518684
330 1651518696
331 -1566699143
332 1736338244
333 -822290804
334 -822290785
335 91756665
336 91756675
337 91756690
338 -1369311547
339 -1369311538
340 1556344221
341 -1182278858
342 374065364
343 -1990492339
344 1496261470
345 -120165486
346 -120165481
347 1255930510
348 1015599549
349 -767506721
350 1504023346
351 1504023361
352 -2054427309
353 953619418
354 1907238817
355 806430940
356 -1581297536
357 1132372232
358 -448925299
359 -448925290
360 -897850583
361 2050340832
362 703564963
363 703564971
364 2110694912
365 1273198399
366 -1748570514
367 -1252514557
368 1086373229
369 -641513424
370 1738742037
371 1097228617
372 -1458996638
373 1821833835
374 -1737672857
375 -1374835647
376 1545296003
377 1545296021
378 1545296022
379 1545296042
380 340920805
381 -2067829698
382 -2067829681
383 159307918
384 659536645
385 978152500
386 1956304981
387 1956304984
388 1956305003
389 -382357308
390 -2125224425
391 1787385579
392 1787385580
393 -720196129
394 346993299
395 -1093398960
396 320783801
397 320783809
398 -451831341
399 189736282
400 -713926391
401 -655237630
402 -1310475270
403 1805064298
404 -874574975
405 930489342
406 -104734226
407 445769189
408 445769194
409 445769204
410 445769213
411 1783076817
412 -728813668
413 1500032373
414 771218718
415 -2023716187
416 1301798054
417 1549332971
418 -1443836267
419 -616421418
420 790873356
421 279948659
422 1070822035
423 1350770708
424 -1418973951
425 2073440820
426 -1218907670
427 -564440796
428 221889115
429 -342551665
430 -342551657
431 -685103319
432 -1712758307
433 1554554015
434 -843307610
435 -2029166861
436 -1317920443
437 1659126403
438 1763698794
439 -872142085
440 1232762686
441 1232762702
442 -1829441897
443 -236058585
444 400024920
445 163966346
446 -268746503
447 295244778
448 190464628
449 780954170
450 971418812
451 1752372986
452 -304511908
453 -1875687403
454 -1875687392
455 543592513
456 543592531
457 -788502341
458 298682717
459 53772923
460 -436046699
461 -83591057
462 -955684443
463 -1039275489
464 1780369617
465 741094130
466 741094146
467 1482188291
468 449778897
469 -880811817
470 -880811802
471 -1761623599
472 771720080
473 771720095
474 -218183409
475 -218183404
476 1107073381
477 888889997
478 -1963650631
479 32312755
480 32312756
481 64625529
482 64625543
483 -1769774044
484 -1640522952
485 -1640522942
486 1013921407
487 258068771
488 -368532745
489 -368532737
490 -478996708
491 -478996699
492 -1436990098
493 1899983805
494 -16002985
495 -32005957
496 -64011919
497 350972850
498 2138935803
499 -1869070557
500 620838102
501 1177664284
