0 0
1 15
2 32
3 42
4 106
5 215
6 230
7 603
8 1166
9 1775
10 2943
11 4732
12 7676
13 12413
14 12426
15 12431
16 37275
17 74548
18 74553
19 149117
20 149121
21 484618
22 931975
23 1565719
24 2497702
25 5629152
26 11109176
27 19236031
28 40037787
29 40037803
30 40037818
31 139349459
32 179387293
33 179387309
34 538161896
35 538161901
36 1076323816
37 -1962932372
38 -886608541
39 -886608536
40 -886608519
41 748533156
42 -1911292435
43 -1162759277
44 -1162759261
45 58156330
46 864845818
47 923002153
48 -479514224
49 203730834
50 1512064597
51 1236281218
52 -1342890633
53 1405455193
54 62564575
55 62564588
56 1530584371
57 1530584389
58 1530584397
59 421915029
60 781265496
61 -30617983
62 1172562558
63 -1949842195
64 -1949842178
65 -1976474293
66 -408628809
67 1909864198
68 1869886231
69 -515216850
70 -1439062525
71 1825471060
72 -644025180
73 -644025161
74 537420721
75 -106604423
76 968237035
77 1399053338
78 -2140885779
79 -741832421
80 -1483664851
81 1327637596
82 1327637605
83 1327637617
84 -1639692066
85 -1951746538
86 391474228
87 -1560272299
88 -465269373
89 -930538744
90 1730361127
91 799822402
92 799822418
93 -1895500089
94 -295855255
95 1138650621
96 842795367
97 589913064
98 -2019463484
99 256040333
100 807935919
101 477221204
102 1541197461
103 -1468612698
104 72584770
105 1430326667
106 2052717408
107 -666753673
108 1420262494
109 1420262505
110 1361848123
111 -92594168
112 -851942005
113 1837574460
114 1837574467
115 -1564354526
116 273219942
117 546439889
118 546439899
119 1639319672
120 -1289547889
121 1715871531
122 2065643318
123 -513452443
124 -1026904888
125 951609632
126 -75295242
127 1401600393
128 1251009900
129 -1642357002
130 934958057
131 -707398925
132 -1414797863
133 -1578585824
134 1529142751
135 2123327455
136 659086538
137 16589468
138 33178919
139 -1462784905
140 -753929966
141 2111431363
142 -72104571
143 -72104565
144 1213292281
145 1141187733
146 -2084696407
147 -2084696388
148 -1887017336
149 -1887017318
150 -1887017314
151 -1240510155
152 -719577481
153 -1960087631
154 374792039
155 -1585295577
156 1124376147
157 -86127377
158 -547046792
159 -1094093593
160 -1727267753
161 1473605954
162 1473605957
163 1219944168
164 -127811209
165 -1729228374
166 -637095406
167 1800832308
168 -565491465
169 1235340856
170 -1824285584
171 646396128
172 646396144
173 646396146
174 646396162
175 -1709382715
176 -1062986547
177 -833180791
178 689417244
179 689417256
180 1378834506
181 861501679
182 -1365213839
183 -1365213836
184 199325778
185 1763865407
186 1963191187
187 -1733798743
188 -1733798726
189 259459144
190 -1474339572
191 1575680596
192 360800173
193 721600356
194 1183741569
195 1183741575
196 -845083615
197 338657971
198 -506425627
199 -506425622
200 -506425604
201 -506425590
202 -1687044464
203 -1687044445
204 -91972790
205 -91972783
206 230507244
207 138534475
208 277068943
209 277068948
210 831206839
211 1385344746
212 -1801346761
213 969342724
214 969342729
215 1522683446
216 -833598392
217 -833598384
218 -1667196768
219 960573758
220 -706623004
221 -706622993
222 -452672224
223 -452672215
224 1976376864
225 1523704668
226 1888114106
227 1888114108
228 1004965594
229 -308659239
230 -308659227
231 -617318447
232 -617318446
233 -1851955342
234 591056599
235 1490772447
236 -387444741
237 1103327714
238 1103327728
239 1819210719
240 -656545856
241 -2028974694
242 -866309822
243 743136943
244 -989482704
245 -989482689
246 -1978965381
247 1080173480
248 -898791899
249 -1797583795
250 -289682973
251 -1905885186
252 2099399152
253 1502422604
254 -693145527
255 -1386291057
256 -383500011
257 1138885169
258 1138885183
259 1894270357
260 1894270368
261 1387843786
262 2020302413
263 1007449287
264 2014898566
265 -265170160
266 1870356606
267 -1942097863
268 -1609530842
269 68456309
270 -1877985949
271 -1066191040
272 -2132382077
273 1096394197
274 314802447
275 1411196652
276 -1472573991
277 -61377325
278 -61377324
279 -122754635
280 -184131953
281 -184131951
282 -491018523
283 -1043414371
284 -1902696779
285 1348856153
286 1348856162
287 -739417356
288 55598185
289 2013893161
290 2013893164
291 -951000122
292 -1902000258
293 -839107205
294 1553859842
295 1553859854
296 -584387879
297 -584387860
298 -1168775721
299 1957415846
300 1173724254
301 -1163827192
302 1967312910
303 803485728
304 443144254
305 443144268
306 -1801707312
307 1855379852
308 1855379868
309 -1499626356
310 852570323
311 852570330
312 -378693272
313 -173178955
314 -346357915
315 -45659805
316 -45659790
317 -45659780
318 -45659765
319 -528997054
320 -620316588
321 -1149313623
322 1905020504
323 -393606754
324 1511413759
325 -1272139772
326 239274007
327 84941246
328 169882498
329 254823759
330 254823778
331 679530049
332 1189177595
333 -1746729610
334 631625583
335 631625601
336 631625609
337 1337324792
338 1485471977
339 422706284
340 1908178271
341 -478610762
342 1852273800
343 -1013125973
344 -1013125967
345 -173978122
346 -347956243
347 -1535060322
348 -1883016551
349 876890424
350 -1006126121
351 747654740
352 747654749
353 1495309499
354 1984492878
355 680144571
356 -1630329832
357 1034307628
358 2068615257
359 2068615276
360 -753758950
361 -911495701
362 -911495694
363 1560480204
364 -1016270136
365 -2032540274
366 1246156906
367 -242173288
368 -484346584
369 -726519865
370 -726519852
371 -933402664
372 1424178339
373 -962264035
374 -471488356
375 -1433752379
376 -1433752373
377 -6289846
378 -12579692
379 1408593026
380 1396013347
381 -1509230448
382 1282796252
383 1282796266
384 -1842591861
385 723000666
386 723000667
387 1446001350
388 1446001363
389 43036754
390 1489038119
391 -1316891046
392 172147088
393 344294167
394 -800449772
395 -1600899558
396 -2057055152
397 -2057055137
398 -1420042549
399 -1420042540
400 -1420042529
401 215696690
402 215696704
403 466233079
404 897626479
405 1579556270
406 -1135854745
407 1341328009
408 205473273
409 410946546
410 1957747841
411 -1926272892
412 647894780
413 679369735
414 679369752
415 2038109232
416 2038109235
417 1139990663
418 1600611595
419 1600611607
420 -172502249
421 -172502231
422 -298757901
423 -471260115
424 -471260108
425 -942520219
426 2111168955
427 2111168972
428 -1015149582
429 1096019398
430 1096019411
431 -2102928474
432 -2102928461
433 -2102928454
434 89110390
435 -2013818059
436 267331176
437 -1746486869
438 -1479155689
439 -677162128
440 2138649498
441 -1764155182
442 -1781823483
443 -1781823472
444 -1032834835
445 72979841
446 72979854
447 72979863
448 145959724
449 364899284
450 510859026
451 1094697915
452 -2105571480
453 -500014526
454 -500014518
455 -500014509
456 -1000029011
457 -1500043517
458 1794894773
459 -1705206771
460 1884582778
461 1884582784
462 1884582794
463 -346425707
464 1538157095
465 665929684
466 1857661077
467 1304937653
468 725292514
469 -407076047
470 -814152093
471 809002046
472 1618004082
473 1205777991
474 -1883411300
475 935220727
476 -948190561
477 -1896381121
478 1707983051
479 -2084779199
480 2021790042
481 2021790049
482 -628183343
483 -879570542
484 514036173
485 1028072357
486 662538003
487 696892653
488 -1393428094
489 994074929
490 -399353154
491 -399353146
492 -1198059451
493 -1597412585
494 1694863905
495 -1100608126
496 2093751045
497 2093751054
498 -107465190
499 1986285870
500 1771355500
501 1771355512
