0 0
1 13
2 33
3 53
4 110
5 123
6 243
7 477
8 734
9 1464
10 1478
11 4159
12 7117
13 14962
14 14982
15 14996
16 52068
17 104133
18 104144
19 208287
20 312433
21 312446
22 624887
23 1458062
24 2082953
25 4790795
26 4790802
27 13122629
28 24787198
29 49574378
30 49574389
31 49574402
32 49574421
33 49574424
34 247872022
35 297446452
36 545318484
37 1140211387
38 -2064118933
39 -2064118916
40 -2064118897
41 -211859569
42 -2109249018
43 2140588209
44 2050328039
45 1869807665
46 1765756633
47 1390925060
48 627471025
49 627471040
50 -1649100155
51 996766976
52 -652333163
53 -677195282
54 -677195262
55 -1354390527
56 -1354390522
57 1586186262
58 -1799790030
59 -213603754
60 -213603747
61 -640811255
62 -854414987
63 -1708829987
64 877307323
65 877307339
66 -1449441561
67 2036895436
68 587453877
69 -1365444879
70 -777990985
71 -2143435860
72 595549458
73 1969089912
74 421203529
75 -1904673848
76 -1062266802
77 -1062266798
78 265759852
79 531519715
80 797279575
81 1594559150
82 2126851501
83 2126851504
84 1553294869
85 1512030582
86 -1270906134
87 1753155038
88 -747392938
89 -1494785873
90 -247899322
91 -1742685177
92 62204001
93 871800934
94 934004953
95 -122574597
96 1745435299
97 -866300690
98 -866300675
99 -866300656
100 -853466716
101 842598565
102 -1743469467
103 808028366
104 -946309237
105 -1039151771
106 -1177432631
107 2078382903
108 -138201481
109 762748801
110 -1592037059
111 1110893175
112 281604926
113 281604937
114 1674103055
115 -2057654359
116 -2057654343
117 1853761663
118 -203892669
119 -203892650
120 -407785318
121 -1019463299
122 18727735
123 -1816306191
124 1477925549
125 -338380632
126 1139544928
127 1139544942
128 1602328610
129 -1553093731
130 1989944128
131 -1116243334
132 2062480634
133 -1358785857
134 703694784
135 1407389571
136 1698535812
137 -1844132975
138 1261792422
139 -1067687663
140 48507597
141 -1019180049
142 1674266643
143 655086612
144 1310173217
145 -1674620870
146 1964905612
147 -365156072
148 -74871315
149 1524878243
150 1450006946
151 204796131
152 -1115285964
153 2064395375
154 1153905555
155 -537149248
156 616756320
157 1233512631
158 1313119710
159 -514822319
160 798297407
161 798297417
162 798297422
163 1596594846
164 -303480191
165 2091412083
166 2091412100
167 1180971562
168 1180971567
169 158387939
170 316775884
171 316775901
172 1972911296
173 -349144707
174 -1879260973
175 61281530
176 61281539
177 -132931310
178 2056193393
179 2056193407
180 -315511803
181 -315511796
182 1425169820
183 1425169827
184 -1760139433
185 -1760139418
186 -2095109020
187 104749269
188 544468142
189 544468158
190 -901423445
191 -901423425
192 -609161286
193 -1323071847
194 559887298
195 -763184529
196 -2135530349
197 633067879
198 -1705759695
199 -1072691798
200 14053350
201 14053368
202 14053372
203 14053386
204 14053391
205 28106790
206 56213575
207 84320381
208 84320382
209 267014532
210 267014536
211 618349455
212 885363999
213 1503713460
214 1503713473
215 483187644
216 1986901129
217 2067912428
218 -1044506452
219 -1044506433
220 -1044506427
221 -2089012843
222 -927564856
223 233883176
224 233883194
225 233883207
226 701649578
227 475734311
228 475734321
229 1653118222
230 -1690380428
231 1615856011
232 1615856025
233 -1063255252
234 -1063255237
235 -2126510475
236 41946350
237 83892683
238 125839053
239 -1874832375
240 545302536
241 -1329529837
242 1761746685
243 977519403
244 80206425
245 2035245215
246 -769779401
247 -210028959
248 -210028946
249 -210028940
250 -420057884
251 -840115756
252 -1890260476
253 -1890260468
254 -325669385
255 -1071396661
256 -1722735436
257 -715094643
258 -1430189294
259 -970118118
260 -1614566847
261 1710282334
262 1710282347
263 -594309570
264 -1468712166
265 -1468712147
266 -111169189
267 652064238
268 1304128465
269 1304128476
270 -1686710347
271 1573610836
272 -113099510
273 -1912909360
274 -452398031
275 1929659918
276 -435647454
277 -871294926
278 -1742589839
279 -1572270317
280 108812217
281 -218023021
282 -1681481112
283 932005083
284 -749476016
285 -749475999
286 -749475981
287 2046539302
288 -201888675
289 1095174648
290 893285984
291 -1211332017
292 575239953
293 257193936
294 514387862
295 135489751
296 649877614
297 649877634
298 -2088140498
299 -652895489
300 1553931327
301 112650590
302 1666581922
303 -961803439
304 -1923606894
305 447753507
306 -658424305
307 -210670791
308 988215379
309 119120296
310 896664894
311 1134905488
312 -1156061226
313 -1156061214
314 -280552044
315 -1436613244
316 1421740812
317 -14872413
318 -14872406
319 -44617247
320 1347378759
321 1347378767
322 -1674571830
323 960696063
324 -713875753
325 1267006025
326 1267006027
327 1106260545
328 -654694696
329 -654694690
330 1063877198
331 2127754402
332 -1758030381
333 -1758030362
334 -979123827
335 1557813122
336 -1179341060
337 378472073
338 756944137
339 1513888281
340 -1267190727
341 1003641701
342 1250339268
343 -2040986308
344 -1054196050
345 -841201382
346 -841201368
347 -482617801
348 -1323819154
349 1647328984
350 323509840
351 1970838837
352 -353289624
353 -353289606
354 1587769455
355 1587769459
356 -1119428363
357 2056110570
358 -1770515618
359 753936057
360 1039531023
361 2079062047
362 -1176374213
363 902687847
364 -273686354
365 1531689337
366 -2134276465
367 -1149959836
368 -1149959822
369 1118774162
370 -31185643
371 -1212331129
372 1870305036
373 626788281
374 1253576548
375 -1756628553
376 1994041327
377 237412782
378 -1939776902
379 -1939776890
380 -1648099671
381 998767946
382 -649331712
383 1056526974
384 1405963209
385 1163826761
386 -1725177309
387 -561350538
388 2008439466
389 -278088364
390 -556176744
391 612823837
392 56647111
393 1843645315
394 1678851165
395 -659176608
396 -1375000297
397 -1375000287
398 -1730326025
399 834315248
400 834315261
401 1483271212
402 -1143065564
403 1174520911
404 1514726579
405 -1605719792
406 -1605719773
407 1083527742
408 561335686
409 561335701
410 -2088768156
411 -1527432451
412 -1527432444
413 -1527432425
414 -1814762461
415 -574660032
416 -1149320050
417 -1723980065
418 1799779567
419 -1073520535
420 -997721013
421 1150205216
422 152484216
423 152484228
424 457452653
425 1912626317
426 1912626333
427 -469714636
428 -469714619
429 973197082
430 503482466
431 1006964946
432 -1811322786
433 -1811322767
434 1679286700
435 -1943358842
436 -2075394892
437 276213570
438 552427134
439 1104854275
440 1104854295
441 -2085258723
442 953090562
443 -27313861
444 -54627709
445 -54627693
446 816521304
447 679952046
448 679952062
449 2067170011
450 -105999565
451 -1653844785
452 1667229784
453 -92614552
454 1574615243
455 1495385697
456 1495385716
457 1845034605
458 540838732
459 -1909093955
460 476779396
461 -1432314548
462 1430338195
463 -893452168
464 -418649121
465 -1314077627
466 -1195840707
467 1903285874
468 707445169
469 -317836396
470 -317836380
471 -635672756
472 -635672747
473 -1589181878
474 -1589181869
475 -1589181852
476 1116603588
477 -472578250
478 -472578242
479 -472578237
480 -1890312988
481 2103523173
482 -731946276
483 -518736074
484 -1510050399
485 -2028786461
486 -2028786457
487 -2028786448
488 -2028786443
489 -1791392040
490 712183214
491 -1079208816
492 107763223
493 -971445588
494 -1942891174
495 1121368163
496 -821523010
497 -1643046016
498 1008875271
499 -1455693753
500 -2089864490
501 115238310
