0 0
1 15
2 32
3 59
4 107
5 169
6 185
7 525
8 1049
9 1760
10 3697
11 7229
12 12704
13 12712
14 12721
15 49072
16 74511
17 123596
18 198115
19 458028
20 854254
21 1708507
22 3342503
23 6561426
24 11612438
25 18173865
26 39690236
27 69476549
28 138953093
29 277906198
30 544199956
31 961059252
32 961059255
33 961059256
34 1922118520
35 510328990
36 -901460526
37 -901460517
38 -1802921026
39 -1802921020
40 689125265
41 476790008
42 476790025
43 -1963136738
44 -320431425
45 -1806778119
46 -1806778104
47 -1125367064
48 -443955971
49 -1208343372
50 -1652299329
51 990368630
52 990368647
53 -1323861375
54 2091200516
55 767339145
56 767339155
57 -1992949847
58 -458271537
59 1843745913
60 1385474393
61 -1065746987
62 -287748057
63 1417453734
64 -1001788290
65 447644806
66 447644807
67 895289631
68 1790579260
69 -713808786
70 -713808781
71 1705896146
72 1705896161
73 -883174987
74 822721194
75 822721198
76 1645442402
77 -1887257469
78 1403627333
79 -483630127
80 -483630111
81 -1450890361
82 -1934520465
83 909556490
84 1819112977
85 -1140371458
86 -1140371447
87 447926575
88 -692444861
89 -1384889724
90 384816384
91 -1000073323
92 2050302358
93 1435045438
94 -809619491
95 1675654992
96 56416011
97 1732071010
98 1788487037
99 -717993219
100 -1492402466
101 1366578378
102 -1618226555
103 -1744050630
104 88872817
105 -1906825974
106 -1906825955
107 570188194
108 570188197
109 1621691770
110 855242222
111 -1818033286
112 658900723
113 658900740
114 1976702177
115 -1963254718
116 1331248928
117 -1632469427
118 2030492086
119 2030492090
120 -535203601
121 1893311160
122 1358107563
123 451739926
124 -591808633
125 -1183617261
126 1927732765
127 152306886
128 152306891
129 -2062620737
130 -1758006945
131 -1588281129
132 -809327728
133 139351505
134 139351509
135 278703030
136 278703043
137 557406082
138 557406088
139 1672218248
140 -2065342947
141 -393124680
142 1836499682
143 1050250311
144 428282374
145 856564755
146 -516494842
147 340069918
148 -2136294764
149 -1027872555
150 1130799979
151 -2033367337
152 568302555
153 -334264800
154 234037768
155 -100227021
156 133810750
157 133810759
158 267621511
159 401432283
160 936675316
161 936675325
162 1873350650
163 1873350667
164 1873350687
165 -2033207247
166 -708122524
167 -867979081
168 -867979067
169 1850886625
170 982907562
171 1097836044
172 -363337064
173 1717406562
174 -860154187
175 857252382
176 -1845963558
177 -1845963541
178 600138404
179 1200276813
180 1800415237
181 -91096629
182 -785233454
183 -876330081
184 47755077
185 -828574997
186 -780819915
187 -1561639822
188 1952507565
189 -1218527160
190 -827659411
191 1858828557
192 -187358012
193 1577791542
194 1577791545
195 532086339
196 1064172686
197 456874823
198 -664041897
199 857005623
200 1714011236
201 1714011243
202 1714011261
203 1704072068
204 1704072078
205 -886823142
206 -1773646276
207 1634497884
208 1634497892
209 -1025971511
210 -417445149
211 -1443416646
212 -1860861777
213 1181770107
214 -679091651
215 1493367335
216 -1308232620
217 -493956929
218 -1802189533
219 -1802189521
220 381766042
221 1072354300
222 1072354309
223 -1768492642
224 -1044207499
225 -1044207494
226 -1044207477
227 1162344843
228 556197038
229 674334413
230 304461335
231 978795752
232 -618833897
233 664423198
234 1024385073
235 1069974380
236 2139948767
237 -1085044143
238 -1085044135
239 -1085044126
240 2124879043
241 1009695413
242 -120557932
243 1928972417
244 1808414491
245 -557580385
246 1250834123
247 -1793299064
248 -1657625696
249 2094876664
250 -105213969
251 -210427927
252 1779234788
253 1568806863
254 -946925637
255 -1893851267
256 1454190394
257 1961455145
258 -879321747
259 -879321730
260 -236849187
261 1420152892
262 1420152898
263 -1454661497
264 269473384
265 269473403
266 -915714709
267 -376767911
268 -376767909
269 -1399777107
270 2141654371
271 365109373
272 365109382
273 1095328118
274 1825546880
275 1825546888
276 451454593
277 902909198
278 710490266
279 710490282
280 710490287
281 2131470853
282 870883605
283 128367749
284 999251373
285 999251383
286 999251398
287 -297961780
288 -1466807168
289 -1764768933
290 -1764768922
291 -701377714
292 -1700717208
293 128103468
294 -1508562005
295 512413847
296 -996148150
297 -996148141
298 1434626316
299 -45256115
300 1389370217
301 1782592292
302 -729782726
303 1052809572
304 -845234043
305 1260385115
306 738177923
307 1153329001
308 1153329003
309 10253747
310 10253759
311 -1229623848
312 -55787334
313 -111574668
314 -111574663
315 -1498306747
316 -1721456058
317 1075204496
318 2038834341
319 -1180928442
320 857905904
321 -323022526
322 -323022515
323 1069766775
324 1069766786
325 1069766800
326 -1408689437
327 1477588410
328 1477588423
329 1477588425
330 1477588439
331 1615386417
332 -1201992436
333 413393986
334 413393989
335 -375204445
336 -375204428
337 -337014882
338 -260635776
339 -1348059526
340 1974052702
341 -346861908
342 1627190799
343 1280328904
344 -1108316313
345 172012610
346 1624354095
347 -699397181
348 1268982126
349 -1929015627
350 -1929015624
351 436936060
352 436936074
353 436936086
354 436936093
355 1747744323
356 -1673350784
357 74393553
358 585723191
359 660116760
360 1394627051
361 -1580106740
362 1060360276
363 874880602
364 874880612
365 874880626
366 -1670325443
367 2014676675
368 344351244
369 -1935939370
370 -1935939356
371 -1512850790
372 -1512850774
373 2036705560
374 1370031950
375 -888229777
376 -1776459555
377 742048182
378 742048183
379 189438985
380 931487179
381 931487194
382 -1500505735
383 551907628
384 914376284
385 -34221809
386 880154486
387 845932697
388 1691865377
389 3139740
390 3139742
391 6279501
392 1704424373
393 1710703877
394 -867280062
395 -1747119101
396 807008589
397 -940110494
398 -1036797185
399 -1036797176
400 -2073594353
401 147778593
402 -644553312
403 1724598229
404 -1882568016
405 -802523095
406 1609876203
407 1609876223
408 1609876224
409 534661357
410 -540553473
411 -540553457
412 1063430664
413 522877217
414 522877227
415 522877240
416 522877243
417 1045754494
418 -1680581082
419 410927898
420 -223898689
421 -1493551866
422 -1306522647
423 -1306522639
424 375399372
425 375399376
426 -555723874
427 195074890
428 -360648967
429 -345898563
430 -511472637
431 -1022945273
432 -1880316467
433 -1880316458
434 -1880316442
435 -1880316436
436 534334431
437 1068668862
438 1068668864
439 -1088960720
440 -297604979
441 -1386565698
442 -635793663
443 1975002975
444 -344961360
445 -392317743
446 1237723874
447 845406139
448 1690812271
449 1690812273
450 1169787266
451 1101850663
452 -332517077
453 -665034156
454 1274086714
455 1378386153
456 1987438730
457 344944308
458 -584198085
459 1748184966
460 1163986885
461 -1966993513
462 -1966993493
463 1524967179
464 -1245032925
465 -1245032919
466 1362875147
467 117842235
468 -1009348459
469 471368927
470 -302295063
471 640442801
472 338147755
473 338147773
474 1316738333
475 1993033879
476 -985195074
477 -1632242381
478 -624403569
479 2038321359
480 -1203519652
481 210398139
482 210398143
483 631194429
484 1886792425
485 -1776980433
486 1161802716
487 1271614722
488 -1861549849
489 -1861549848
490 1228304618
491 1228304633
492 -1838358037
493 -1243298618
494 -1853352018
495 -1853352005
496 1801573924
497 -51778067
498 -1956908156
499 -207112294
500 2079168783
501 2079168801
