0 0
1 18
2 29
3 60
4 79
5 203
6 389
7 406
8 419
9 844
10 851
11 2117
12 2984
13 2989
14 3003
15 6006
16 17103
17 32097
18 61214
19 116428
20 177653
21 294099
22 588198
23 1176398
24 1176418
25 2941030
26 5293857
27 9411320
28 9411329
29 24116509
30 33527843
31 76467014
32 134111384
33 134111400
34 402334166
35 670556957
36 1417580930
37 -1670383838
38 820088223
39 820088224
40 1387373549
41 -1267417293
42 119956269
43 -1147461022
44 -87460271
45 -87460254
46 -87460236
47 -1409841767
48 -1497301998
49 1387823540
50 1387823544
51 -131496662
52 1256326888
53 -394489983
54 861836910
55 -1314966597
56 -453129668
57 -906259340
58 -1812518691
59 -1812518688
60 -689459080
61 -19529148
62 -945317646
63 -964846777
64 -1910164421
65 1419956102
66 -490208316
67 1404386248
68 -540877156
69 -540877137
70 -1081754289
71 -759122314
72 1913213571
73 -468540151
74 -937080311
75 -251529195
76 -1188609502
77 -1188609500
78 260598649
79 1926817765
80 1926817768
81 1737015191
82 -631134331
83 -1262268655
84 -1262268650
85 1139295669
86 -279360769
87 -402333739
88 -2066936137
89 -2066936125
90 -520599459
91 -359504411
92 -1121342569
93 226584737
94 -894757819
95 -1789515639
96 356431608
97 356431621
98 356431622
99 -1614978603
100 -545683744
101 2134304967
102 2134304974
103 -572041088
104 -572041075
105 -1716123245
106 1408404548
107 -307718685
108 -615437367
109 -1802915812
110 -1317667300
111 1174384186
112 1174384203
113 -1946198903
114 -771814692
115 -1686912503
116 -1686912494
117 -622487075
118 1985567743
119 1985567747
120 -946318866
121 -1892637729
122 1456010714
123 602621871
124 165994869
125 331989733
126 -1738350098
127 -1240365477
128 -1240365471
129 75886258
130 151772514
131 151772531
132 379431319
133 379431338
134 1138293969
135 1138293987
136 1138293991
137 -880085334
138 -1760170679
139 -363668016
140 -727336032
141 1443792586
142 352788558
143 -1054593576
144 14651548
145 -1039942019
146 -2079884043
147 -2079884023
148 -890091235
149 -1780182473
150 -1780182466
151 -1780182453
152 734602393
153 -310977701
154 1158227071
155 1158227074
156 -1978513150
157 26963303
158 -793322758
159 -793322756
160 -793322741
161 1941962348
162 -438005894
163 1503956457
164 -1287054380
165 216902083
166 216902092
167 212700359
168 429602454
169 429602468
170 1505709468
171 -1717352542
172 -211643071
173 -1928995610
174 -1922679273
175 -1922679266
176 -1922679263
177 -1922679258
178 449608777
179 449608794
180 1348826353
181 1348826364
182 1348826376
183 650729377
184 1999555763
185 -1893170339
186 2105941190
187 -2082640669
188 23300534
189 23300554
190 23300573
191 69901665
192 139803335
193 209705019
194 442710607
195 862120645
196 1304831263
197 -1335796417
198 1483571133
199 1452605994
200 1600380721
201 241590566
202 -852615280
203 989356026
204 989356033
205 989356035
206 -1937923910
207 1030144195
208 1030144198
209 2101076565
210 -2071526237
211 151914829
212 -1919611399
213 -1767696562
214 789124504
215 -978572049
216 570126627
217 -1387017472
218 1520932355
219 1520932366
220 1520932384
221 1520932397
222 -1253102506
223 -1253102488
224 2056592172
225 2056592178
226 -181782927
227 -363565869
228 1511243399
229 1147677550
230 -124802960
231 -2124415156
232 2045749192
233 -78665951
234 -78665935
235 -235997834
236 -314663760
237 -550661583
238 -865325326
239 -1966648492
240 361670313
241 1274002216
242 1274002219
243 1274002225
244 -2077938800
245 -2077938782
246 -1607873119
247 -1607873110
248 -1607873099
249 1079221092
250 -1527369707
251 631072484
252 631072488
253 -265224720
254 996920265
255 996920268
256 1728615819
257 -837735656
258 -1675471302
259 212329133
260 -572261990
261 -1144523989
262 -1716785961
263 1073724503
264 2147449001
265 -212398428
266 -1286192212
267 1722582869
268 436390672
269 872781331
270 -1263212409
271 45959596
272 -1217252796
273 -1217252783
274 1860461726
275 -1791296652
276 -1791296637
277 712374013
278 -1078922619
279 345825405
280 -1812019836
281 -1466194420
282 1362578463
283 -103615948
284 -103615942
285 -310847829
286 -518079707
287 -518079687
288 -1347007209
289 1600952879
290 253945690
291 -528268026
292 -274322333
293 -274322325
294 -274322317
295 -548644639
296 -822966945
297 -1920256224
298 1551744141
299 -2014445966
300 -2014445957
301 -925403644
302 -1027840338
303 -1687168604
304 -1687168597
305 920630102
306 -111983783
307 1729276432
308 1617292651
309 1617292663
310 668894467
311 668894485
312 2006683412
313 -2010876910
314 664700999
315 -1346175902
316 -681474902
317 -681474895
318 1585841615
319 222891835
320 -900392235
321 908341235
322 908341255
323 916290266
324 1824631536
325 -637755220
326 2103166596
327 -88634099
328 1376777278
329 1288143196
330 -253269530
331 1034873680
332 1034873693
333 1034873702
334 -1190346218
335 1661005335
336 1661005341
337 -93555433
338 1567449914
339 -1160067461
340 407382460
341 721209484
342 1535974412
343 1535974413
344 -94426512
345 -1317444965
346 124102944
347 248205897
348 248205913
349 620514756
350 1116926584
351 1985647266
352 -571878671
353 -571878657
354 -571878654
355 -1715635976
356 863695350
357 -1995697926
358 1447328762
359 -1972188433
360 922469093
361 -1049719326
362 -652109893
363 1543418747
364 891308870
365 732898406
366 1465796805
367 -313654359
368 1152142447
369 -366475108
370 472012996
371 -1885144511
372 -1779606607
373 1102229183
374 1732445370
375 1732445381
376 902368828
377 72292288
378 1246813761
379 1391398349
380 -1656755169
381 1956118068
382 -1285099982
383 1652475036
384 -1971474162
385 -1304736207
386 1386131990
387 1386131991
388 1467527775
389 1467527792
390 26220279
391 -1333691447
392 -1307471156
393 1653804701
394 506390178
395 -2134772415
396 -1628382236
397 531812651
398 531812664
399 -564756902
400 498868426
401 498868436
402 1496605276
403 1929585242
404 -369908329
405 1559676920
406 1189768608
407 1189768616
408 -1915430054
409 1653875767
410 928214345
411 -1712877180
412 869212933
413 869212950
414 -1687328466
415 51097426
416 -1610682323
417 -1559584889
418 -1559584880
419 1175797542
420 -383787319
421 -767574637
422 -767574627
423 -1535149249
424 840881468
425 -694267769
426 2138857133
427 750321600
428 -1405788561
429 -655466948
430 827923240
431 -1233332268
432 -405409023
433 1422893738
434 1017484724
435 2034969447
436 -1458360658
437 576608801
438 -881751850
439 -881751832
440 -1763503677
441 -113791903
442 654168043
443 1308336096
444 -796543262
445 511792843
446 1677753727
447 -1593627884
448 84125852
449 168251702
450 336503405
451 673006807
452 1177761928
453 -1855317592
454 331954550
455 663909112
456 318308011
457 1314171687
458 -1998578473
459 297810341
460 -1700768128
461 -2087364564
462 804644946
463 -389288568
464 922190988
465 1844381974
466 -1917682895
467 -73300903
468 -146601818
469 628987352
470 335783723
471 -1172814526
472 -427946168
473 -782591431
474 -1418581043
475 2093794832
476 -1708138331
477 -1815515967
478 -1429859464
479 1049591872
480 -380267576
481 669324312
482 669324325
483 669324331
484 2007972985
485 -279021335
486 1728951670
487 -167739629
488 -1004803599
489 -1004803586
490 -2009607178
491 108013306
492 383766257
493 -1517827600
494 -1134061337
495 1643078365
496 1643078373
497 634267821
498 634267837
499 634267856
500 1902803528
501 1153718132
