0 0
1 13
2 28
3 36
4 85
5 104
6 120
7 381
8 503
9 1113
10 2134
11 3262
12 3264
13 8670
14 11954
15 20633
16 32601
17 53249
18 106494
19 159756
20 159767
21 479276
22 905303
23 1544360
24 3248466
25 5698140
26 11875565
27 20822190
28 38395904
29 80040280
30 156832090
31 236872374
32 532962856
33 926667325
34 1853334664
35 -745130064
36 2034871933
37 307739437
38 -1952355925
39 -354874615
40 -1999491095
41 -1999491087
42 -58889492
43 -58889491
44 178206148
45 60427174
46 60427191
47 240171036
48 480342078
49 780940314
50 1622307806
51 -1891719175
52 -269411363
53 2133836768
54 1864425416
55 -835527825
56 -835527814
57 -1671055627
58 -1671055617
59 -1671055613
60 1905712112
61 1187512561
62 1422169065
63 220426453
64 440852897
65 661279360
66 -1550239510
67 -448107245
68 -675788026
69 -675788023
70 1606323870
71 930535853
72 -1758107572
73 102964138
74 102964155
75 205928309
76 205928311
77 -1140322655
78 -934394333
79 -2074716978
80 557389962
81 908851622
82 1611774926
83 1003299551
84 1003299563
85 -676593238
86 1330005880
87 -23180609
88 -1658136131
89 -1027904090
90 -1379214945
91 206531539
92 436243673
93 436243686
94 436243701
95 1308731071
96 1744974779
97 -368774057
98 -1173791782
99 1947383728
100 404817909
101 404817916
102 404817923
103 1214453753
104 81323946
105 81323950
106 -2108229790
107 -2108229789
108 78507731
109 319663346
110 476678812
111 953357620
112 1749699793
113 1749699794
114 634468730
115 -1910798754
116 -2071897728
117 946739546
118 -651788398
119 1241690701
120 1241690719
121 706434851
122 -810199857
123 -103765000
124 -207529994
125 -415059989
126 -726354968
127 -1141414953
128 1804607404
129 -63162516
130 600029936
131 536867431
132 1736927322
133 -1421142589
134 852652177
135 -1989633001
136 -1136980809
137 1168353500
138 -1958260290
139 -1958260283
140 -1958260270
141 -411460030
142 -822920060
143 -822920051
144 279406894
145 -543513143
146 -1909946342
147 2120914724
148 -332544757
149 -665089517
150 -997634261
151 -1662723771
152 636975008
153 636975023
154 -1386407985
155 -112457951
156 -112457941
157 -974348845
158 1709294592
159 734945751
160 1357433568
161 -1580100170
162 512279164
163 1024558319
164 2049116635
165 2005853953
166 784561623
167 784561628
168 -719990081
169 -719990066
170 -655418501
171 -1375408555
172 1544150188
173 -486676850
174 -486676837
175 570796502
176 84119678
177 654916183
178 739035876
179 1393952068
180 -1507063167
181 -1507063156
182 -1507063148
183 -1507063129
184 -226222125
185 -452444252
186 -678666360
187 -76491708
188 1354079736
189 -79744690
190 519176989
191 1038353972
192 1038353977
193 -1778827029
194 -1778827011
195 -961769086
196 -224455826
197 1329915389
198 1329915393
199 1329915410
200 -529676919
201 2130153887
202 -34659512
203 2095494392
204 -633655438
205 -633655418
206 -1371289371
207 -543105820
208 -1914395183
209 -801133918
210 1579438207
211 1579438224
212 443347345
213 443347347
214 -1050530075
215 1415602861
216 1415602873
217 -1463761554
218 1367444198
219 1367444200
220 1367444213
221 -1560078875
222 1078492201
223 -481586667
224 404270885
225 808541759
226 808541772
227 1617083550
228 -1138115985
229 478967579
230 478967595
231 1436902750
232 1436902763
233 -1421161767
234 -1421161755
235 510449587
236 1963093365
237 1963093382
238 -368780542
239 1594312850
240 1367201352
241 -1333453082
242 1628061121
243 -1407625586
244 254183815
245 -1153441759
246 1988083774
247 1309261384
248 -997622122
249 1400465094
250 402842983
251 -191936178
252 210906820
253 18970651
254 1841249371
255 1879190683
256 -536585929
257 -536585913
258 -1647699079
259 2110682311
260 -610188604
261 -1220377194
262 -1830565797
263 633835708
264 1877860014
265 1877860022
266 1338612773
267 1338612779
268 1338612785
269 -279128942
270 1059483848
271 2118967698
272 2118967712
273 1002451974
274 -1173547595
275 -171095606
276 -342191219
277 -342191202
278 -855478010
279 -1710956034
280 1044150848
281 2088301683
282 1421496503
283 1421496523
284 -1451974258
285 -815646831
286 -846124563
287 -1661771385
288 -480549740
289 -2142321119
290 1672096450
291 -950774408
292 -1901548814
293 -1901548801
294 491869683
295 32964964
296 32964968
297 -1343749175
298 -1310784198
299 1706363871
300 -915204525
301 -1863374025
302 568219264
303 568219282
304 -726935470
305 -726935450
306 -885651628
307 -1771303246
308 1638012438
309 1638012449
310 -107865426
311 1530147028
312 403339207
313 1933486252
314 1102152223
315 -1259328819
316 -157176577
317 2022472296
318 605966918
319 -1823704646
320 -611770811
321 -611770800
322 -418807033
323 1434880925
324 404303095
325 1420376997
326 -1454213304
327 -33836300
328 -67672605
329 -101508894
330 -1657231085
331 -1657231076
332 777487344
333 1588810994
334 -1928668951
335 -1928668941
336 -1491039535
337 -1491039524
338 1750517651
339 1134736957
340 1394215091
341 -1766015237
342 762936824
343 -1018576009
344 -1018575992
345 -1646015304
346 -391278410
347 1239097603
348 1459619188
349 -1596250495
350 -1596250494
351 -885062598
352 1677022917
353 1894426638
354 -1608580331
355 1962869243
356 -2046251737
357 202463816
358 -1843787907
359 -1724706578
360 726472830
361 726472839
362 -271760889
363 -271760874
364 -543521762
365 365902153
366 -177619595
367 -355239184
368 -166956619
369 -699815396
370 -1399630784
371 -1399630769
372 1495705752
373 1495705760
374 1495705776
375 1687855753
376 1687855772
377 2072155780
378 -1646361498
379 1002244305
380 -644117184
381 358127122
382 -285990048
383 -571980106
384 -141715901
385 -641558917
386 -1355254917
387 -1355254915
388 942898553
389 1744081218
390 -1607987515
391 -1631517567
392 1055462216
393 -576055347
394 -1016016985
395 -1592072322
396 -2128682430
397 -2128682418
398 1724480452
399 -846006400
400 -846006387
401 32467685
402 -1659545099
403 1821883500
404 194806095
405 357144508
406 -1921133178
407 -1563988653
408 809845468
409 809845487
410 55702315
411 865547814
412 1731095624
413 -832776040
414 -1665552082
415 154017640
416 -613214840
417 -459197183
418 -918394377
419 -1836788741
420 1080587013
421 -1674596086
422 -1674596081
423 -728820971
424 -539247563
425 758293618
426 436000223
427 1194293852
428 1194293859
429 -1906379582
430 1676501974
431 1676501982
432 -941963325
433 1698954926
434 1698954942
435 1698954946
436 1536436187
437 -1956633579
438 381700134
439 1660457693
440 1621960453
441 -630849013
442 -630849002
443 360262450
444 360262455
445 -541173091
446 -180910632
447 -632407814
448 -633966628
449 -1988458161
450 1040134706
451 1040134715
452 -542155360
453 -1084310710
454 -1626466064
455 1584190524
456 -1668741602
457 957484092
458 -711257509
459 246226597
460 -1176288418
461 -1176288408
462 -1860123633
463 328493445
464 328493460
465 328493468
466 328493474
467 328493479
468 985480431
469 1642467387
470 -681539037
471 -681539026
472 279389340
473 -1083688716
474 -1083688707
475 1725440197
476 1725440203
477 1725440208
478 -1286024102
479 -1488359479
480 -1893030251
481 -372446516
482 2029490535
483 1284597496
484 -1353325764
485 -68728262
486 1519587492
487 1519587497
488 -1255792292
489 1714654448
490 -865658399
491 848996055
492 1961787328
493 1945124992
494 460941091
495 56223782
496 129109910
497 129109927
498 314443631
499 1089828349
500 1404271990
501 1404272000
