0 0
1 16
2 20
3 48
4 93
5 172
6 327
7 510
8 1121
9 1646
10 1650
11 1667
12 6091
13 11065
14 11083
15 28250
16 28260
17 28279
18 84807
19 113097
20 226188
21 424098
22 650297
23 1074402
24 2488098
25 3562507
26 7125022
27 14900327
28 22025359
29 22025370
30 58951059
31 58951068
32 176853185
33 338806054
34 633561376
35 1149220631
36 -1937574971
37 -1937574967
38 -2092367925
39 -2092367914
40 530048828
41 640280301
42 1280560587
43 358521815
44 1639082410
45 1997604241
46 -658280628
47 -1316561265
48 -1316561253
49 1661844783
50 -1629558343
51 32286453
52 64572912
53 -1187415439
54 -1090556062
55 -1090556059
56 991012656
57 991012665
58 1982025340
59 -330916620
60 -1752389303
61 889732089
62 1779464187
63 1779464201
64 -1929612736
65 766658458
66 -1898993166
67 496980961
68 1730000819
69 -834965646
70 1392016135
71 -1510935016
72 -953884516
73 -1907769036
74 -77621271
75 -155242537
76 -232863805
77 -388106326
78 -620970128
79 -1474804062
80 1811086786
81 336282729
82 336282734
83 336282749
84 1345130939
85 -129901344
86 1215229607
87 -1191942608
88 -1191942607
89 1911082086
90 742426493
91 1484852985
92 -2067687816
93 2070673765
94 1487838942
95 -576862916
96 910976030
97 -402341470
98 1419610594
99 1351382255
100 1351382257
101 -574933653
102 -574933651
103 1552897227
104 -1189172846
105 -1189172839
106 -1975315761
107 -1975315759
108 -1975315745
109 -1630979956
110 688671596
111 1721678970
112 -1195945117
113 1903077056
114 707131940
115 1414263897
116 1414263904
117 -52175609
118 -1518615085
119 -156526783
120 -1727317470
121 -1727317463
122 840332369
123 1680664744
124 -1090164597
125 -296484945
126 294015217
127 294015221
128 -798619090
129 -1597238177
130 -1807826817
131 385298451
132 770596903
133 2045797658
134 -1093274273
135 952523400
136 -1234025138
137 -281501736
138 -281501733
139 -563003454
140 1934935246
141 1090430067
142 1090430068
143 1090430084
144 911258188
145 911258192
146 798839319
147 -1673611585
148 36485939
149 36485956
150 -801800353
151 -728828442
152 -728828428
153 -728828409
154 -728828389
155 577853290
156 -150975080
157 -301950175
158 -1332728746
159 -1634678907
160 -1634678901
161 -609069415
162 -609069404
163 -1218138801
164 1858689689
165 1858689696
166 1890171195
167 -546106397
168 766476888
169 -325735907
170 -105365403
171 1679440380
172 1248339078
173 -1472553231
174 -224214152
175 -224214142
176 -672642438
177 -1121070725
178 2052825842
179 34898556
180 2087724402
181 -1240589220
182 882033741
183 -358555467
184 1370613475
185 1012058013
186 -1912295803
187 470375703
188 -1441920095
189 1411127110
190 439582724
191 439582739
192 848372484
193 848372486
194 848372495
195 -870684353
196 -870684352
197 -870684342
198 -870684340
199 -1741368666
200 1682914306
201 -1799823035
202 -1858277393
203 578412525
204 1215279412
205 1215279430
206 -1864408450
207 -649129017
208 -649129013
209 -732107630
210 400193194
211 800386398
212 1200579600
213 -1893808101
214 -1893808085
215 507351127
216 -1386456938
217 -879105798
218 -1758211591
219 778544113
220 -1858773275
221 577420761
222 577420776
223 -703931725
224 -126510933
225 -830442646
226 -956953565
227 1677128447
228 1677128461
229 1566860701
230 -330803240
231 -1381781357
232 1531404569
233 1531404573
234 -1232158152
235 448869635
236 -2015446664
237 1496232122
238 228901532
239 -290313001
240 -61411456
241 -642037465
242 -642037452
243 -1635799369
244 1023368570
245 -1896505704
246 -1896505696
247 -110474885
248 391481014
249 -1615499556
250 1063968186
251 -551531354
252 -822056586
253 -1533638279
254 836209713
255 -2071016499
256 -1234806783
257 1825353743
258 590546962
259 -1879066582
260 -1288519605
261 -751685479
262 966242602
263 214557129
264 1180799736
265 1395356868
266 -1289696435
267 105660444
268 211320885
269 1603441505
270 1920422837
271 -771102943
272 -771102937
273 378216960
274 -1935091861
275 -1556874893
276 -360988362
277 820229146
278 1262241341
279 -1770484619
280 -1605877377
281 -1605877361
282 1083212562
283 395940512
284 1479153093
285 1875093613
286 -1067444860
287 -1612224933
288 1070517428
289 265941250
290 531882507
291 -811328590
292 -279446081
293 -1090774662
294 -1383725566
295 1261574919
296 1991267319
297 -1042125057
298 -1042125038
299 -2084250083
300 1168592185
301 1295059320
302 -1831315772
303 -1451914333
304 1011737196
305 -440177119
306 -880354252
307 -308794159
308 -1189148408
309 1916670488
310 418727926
311 1146250021
312 -813318858
313 -1626637716
314 1041691862
315 -252014677
316 789677190
317 537662514
318 1327339719
319 -850610677
320 1552054089
321 -938844443
322 1089938696
323 1089938700
324 -2115089894
325 -874056921
326 -1899208105
327 -1899208097
328 496551109
329 119045283
330 238090577
331 1350238064
332 1588328658
333 -1356400564
334 1939302037
335 -535408517
336 -535408513
337 -1070817018
338 -1558732569
339 1665417728
340 -964131852
341 -964131843
342 1402571760
343 1402571769
344 876879843
345 -2015515681
346 1666507709
347 -349007966
348 178863918
349 -170144028
350 -689296036
351 -689296023
352 -1369872167
353 -1369872159
354 865926953
355 1042557881
356 -831259477
357 -292646796
358 -1123906264
359 -339327698
360 1707827068
361 -48053676
362 1659773408
363 -975420485
364 2004798631
365 -1605815722
366 -1605815717
367 2112714008
368 2112714013
369 -1276372068
370 -1345911340
371 -1345911329
372 1603144632
373 -252336074
374 4897239
375 -1336116870
376 -1583555701
377 1127855892
378 -455699799
379 -911399591
380 1136051241
381 -686747941
382 -462096271
383 -462096263
384 -1610940458
385 -2085829688
386 -1012743311
387 -1338738692
388 -1338738679
389 1617489931
390 278751263
391 -1793979485
392 -1236476961
393 -1134215234
394 -1134215230
395 2026536840
396 2026536859
397 2026536871
398 -241893551
399 1542749739
400 -1209467815
401 2117925256
402 2117925263
403 -59116775
404 215048384
405 -2021110415
406 -1924295577
407 -1924295558
408 -1359685850
409 1575595579
410 662285907
411 -2057085805
412 -2057085789
413 843081626
414 -1033208479
415 -1033208465
416 -1042539598
417 -27993406
418 -27993400
419 -1098526391
420 -1154513192
421 2013934317
422 -239105250
423 1774829071
424 -745309147
425 -745309139
426 -1490618272
427 2059039895
428 852632422
429 -1383294972
430 -1383294964
431 1528377370
432 -1238212548
433 -1093130126
434 1963624625
435 -222635625
436 938023700
437 347670032
438 1063058115
439 -1946215432
440 -883157299
441 -1418644570
442 -1418644551
443 -1418644550
444 1504628202
445 1504628220
446 171967322
447 1676595547
448 -855792548
449 -855792544
450 136977790
451 -1574607292
452 -1437629497
453 1282730527
454 -1729506250
455 -446775713
456 -893551425
457 -1787102860
458 1614313027
459 1614313039
460 547971791
461 1095943580
462 577574153
463 1673517738
464 -2043875387
465 1851131877
466 2058348390
467 -385487011
468 -770974027
469 -770974010
470 -770973996
471 -770973977
472 -1541947965
473 1982045373
474 -330876560
475 -330876548
476 -330876544
477 989415735
478 1978831475
479 -1326720079
480 1641527141
481 314807068
482 314807083
483 314807099
484 944421265
485 1259228382
486 1259228401
487 1259228412
488 1259228420
489 -1776510457
490 2001174793
491 1483892770
492 -1327181764
493 156711020
494 313422037
495 -1666948432
496 -1040104366
497 -1040104352
498 -1040104337
499 -1040104327
500 1174654295
501 -1945658710
