0 0
1 9
2 28
3 51
4 101
5 186
6 377
7 394
8 1077
9 1092
10 1104
11 3274
12 6565
13 9848
14 16417
15 36122
16 62405
17 124795
18 124812
19 312027
20 624041
21 624049
22 1684933
23 3245063
24 6178104
25 6178116
26 17910274
27 33511577
28 63778085
29 97289678
30 218667731
31 315957420
32 729204494
33 1424897421
34 1424897431
35 -181342796
36 1243554646
37 -382960584
38 860594069
39 1539845351
40 -1033933803
41 -2067867613
42 1193165887
43 -368790169
44 -1243491881
45 -419116160
46 -2031398198
47 1425336793
48 1425336801
49 -1444293699
50 -18956893
51 1387423015
52 -1520121262
53 -1520121257
54 -1652819498
55 989328309
56 1978656620
57 -1326982358
58 -1531938176
59 -1531938175
60 -95891398
61 -95891390
62 -287674189
63 -2011395147
64 272177014
65 2076292187
66 -1946498089
67 -1897098223
68 788445041
69 788445054
70 -190414014
71 1386476094
72 1386476107
73 -923984050
74 462492067
75 462492077
76 1387476213
77 -1520014870
78 -1520014869
79 -1652553523
80 -1652553514
81 -1652553503
82 989860281
83 327167057
84 1317027349
85 -1660912603
86 -343885237
87 -360603420
88 -704488654
89 -704488644
90 520588746
91 -1248991968
92 -1248991953
93 1796983394
94 -180411770
95 -881412296
96 -1762824584
97 1470318663
98 -1354329972
99 1586307346
100 -60528540
101 1641767517
102 -1127420956
103 2040125378
104 -1740495347
105 753448053
106 753448071
107 679105209
108 1432553289
109 1432553302
110 -750755490
111 2114351111
112 -1498818369
113 1297330561
114 1162107828
115 -1219996156
116 1854974990
117 1854975009
118 1854975018
119 1854975021
120 1854975040
121 1269957802
122 99923310
123 -1070111136
124 -1070111119
125 1084633902
126 14522786
127 1099156691
128 1128202267
129 -968451630
130 1273430127
131 1273430130
132 -489199698
133 -489199687
134 -978399374
135 -978399359
136 -978399342
137 -1956798699
138 1359769274
139 1359769289
140 -1194058829
141 165710473
142 -1028348348
143 -696927413
144 -1559565282
145 2038474611
146 -1080655942
147 -1298674007
148 1697619277
149 -681710653
150 -282765374
151 -964476009
152 -231332746
153 2134682533
154 938873795
155 1877747579
156 1877747589
157 -1992215822
158 -114468226
159 -228936441
160 -457872899
161 -686809337
162 -1144682221
163 1776666412
164 -741634473
165 -741634456
166 -741634443
167 -448236943
168 1621826996
169 1621827010
170 1621827026
171 -619357649
172 -619357643
173 2004938749
174 2004938756
175 -904447414
176 -1189537198
177 1915892909
178 726355714
179 726355721
180 1274619740
181 -1567636106
182 -1219379313
183 1507951892
184 288572590
185 288572600
186 865717772
187 -1344152429
188 -1344152412
189 -1822587068
190 -1822587060
191 -1172793882
192 1299586363
193 126792483
194 1426378852
195 1553171338
196 110961752
197 221923510
198 1886056609
199 1886056621
200 1886056637
201 1363202572
202 -1568562143
203 1157843014
204 -410719118
205 541764326
206 -279673903
207 1009214339
208 860585646
209 2131890415
210 -293276890
211 -866227672
212 1832971516
213 1832971519
214 343361611
215 -1151890317
216 1991186672
217 839296369
218 1678592741
219 -1777078180
220 -98485428
221 -1661455119
222 -1759940542
223 676600770
224 -1083339752
225 -406738978
226 -406738977
227 -1220216928
228 -1626955899
229 -449023230
230 185293296
231 777325563
232 777325566
233 1554651133
234 1554651146
235 -1185664997
236 1923637284
237 1923637296
238 -78706565
239 -157413115
240 -1869477377
241 -1869477368
242 -1869477354
243 -1869477346
244 -1869477342
245 556012626
246 1112025239
247 1112025256
248 -2070916796
249 -2070916792
250 -2070916780
251 -2070916775
252 306267465
253 459401226
254 918802448
255 1378203688
256 1378203697
257 -1538559905
258 -1538559900
259 -1698916095
260 1057491311
261 1057491328
262 2114982644
263 -65001997
264 -130004001
265 1919976653
266 602477347
267 602477362
268 1204954729
269 1807432106
270 1842350903
271 1764725163
272 -687891225
273 -1375782449
274 -944132788
275 599269621
276 -643811661
277 -988674811
278 -988674804
279 1673806038
280 -947355231
281 726450826
282 1452901637
283 -2115614832
284 -883617581
285 -1546330767
286 1865018962
287 318688211
288 -2111260114
289 72447074
290 -1401436616
291 -1401436605
292 -1401436588
293 -1948155540
294 945375174
295 -912122859
296 33252321
297 1011879813
298 1011879816
299 2057011970
300 -1093066234
301 -1093066233
302 2108834844
303 -77297622
304 -77297606
305 1954239628
306 -1479554282
307 474685349
308 794775485
309 -210093445
310 -210093438
311 -420186866
312 -840373747
313 -1680747491
314 933472325
315 933472336
316 -1074363438
317 -140891093
318 -140891075
319 -281782149
320 -704455404
321 -1127128624
322 -2113366158
323 1054472524
324 1404489641
325 345596021
326 691192047
327 -1853689569
328 1642060665
329 479563158
330 267934258
331 747497431
332 1494994863
333 337083095
334 337083096
335 337083115
336 -1788723121
337 717521065
338 -1071202055
339 -353680986
340 -1424883024
341 -1778563993
342 737839308
343 404476556
344 -636248116
345 -1272496230
346 -1272496210
347 1113726751
348 1113726765
349 -2067513763
350 -1112556443
351 2069854404
352 1117237722
353 1120748686
354 -1099682918
355 2095601470
356 995918563
357 -1182381477
358 1930204325
359 1743741428
360 -807484450
361 -807484449
362 2058976855
363 2058976858
364 -48241040
365 -48241027
366 -48241011
367 1914253795
368 1914253813
369 -466459671
370 -466459660
371 981334487
372 -418044522
373 96830324
374 96830331
375 -224383859
376 -30723202
377 -30723198
378 -285830245
379 -571660496
380 -1143320987
381 -1714981482
382 1436664837
383 -1421637621
384 -1421637613
385 1173375418
386 -1948216446
387 676851036
388 -1271365392
389 1503974312
390 1503974316
391 465217840
392 -1416315173
393 -951097327
394 -1902194657
395 1441675329
396 1441675348
397 1441675363
398 -1872135906
399 -430460539
400 1992370857
401 -1721842156
402 270528703
403 -1451313444
404 1392340401
405 -1510286476
406 -117946067
407 -1416676863
408 -1534622916
409 1343667530
410 1343667542
411 -263964700
412 888747471
413 1777494935
414 -549022032
415 2117220381
416 2117220384
417 -609548558
418 558397820
419 2066069648
420 2066069655
421 395569843
422 181591124
423 -1651736657
424 -1237403665
425 -1237403650
426 168423337
427 336846666
428 336846684
429 842116699
430 1684233396
431 1684233415
432 -84383779
433 -84383762
434 -168767528
435 1346698364
436 1177930845
437 -2107873147
438 -929942292
439 -681953749
440 -681953729
441 2001117536
442 1319163821
443 1956373898
444 -1019429574
445 936944339
446 1873888665
447 1791403439
448 1244213479
449 1244213488
450 -1499271164
451 -1514408046
452 -1769465711
453 -488177610
454 2037323991
455 -1734727375
456 -1955046693
457 -2140627672
458 -2140627656
459 -1941334707
460 -1927622727
461 426009882
462 -1288607898
463 1717751502
464 1717751522
465 1717751542
466 858287283
467 858287300
468 1716574593
469 -1720105389
470 -1720105373
471 -865348865
472 1709513067
473 -879471953
474 819448796
475 819448809
476 819448823
477 1578874484
478 -257746380
479 1321128108
480 -1652711073
481 -1652711065
482 -1652711050
483 -1652711047
484 989545217
485 989545218
486 1979090439
487 1979090446
488 1642304040
489 -673572795
490 1621490063
491 947917273
492 -756828703
493 1139005839
494 1139005842
495 1521182980
496 1521182987
497 -1252601322
498 -1366196795
499 423567859
500 -674047264
501 -1616676194
