0 0
1 10
2 22
3 52
4 85
5 172
6 344
7 662
8 1325
9 2007
10 3349
11 7351
12 7361
13 14723
14 29444
15 58882
16 110428
17 110432
18 220863
19 441743
20 883472
21 1766955
22 2650446
23 5300876
24 5300883
25 15902647
26 29154858
27 45057517
28 100716784
29 196132702
30 296849492
31 667911356
32 1160893567
33 -1973180170
34 152474265
35 304948528
36 313047566
37 770470371
38 770470390
39 1540940772
40 -595089651
41 -1808175410
42 -1808175391
43 -1900029270
44 -1816502416
45 -1229739768
46 1248725120
47 -1210754412
48 -613333434
49 -575362720
50 -1150725435
51 -1726088141
52 -981296832
53 -981296821
54 -981296816
55 -981296797
56 -981296791
57 -981296781
58 -1962593568
59 -611516640
60 1720857092
61 1109340456
62 1109340463
63 1109340470
64 -2076286349
65 -966945872
66 284789179
67 -682156682
68 -682156662
69 -2046470023
70 884183935
71 884183936
72 -278102141
73 -1238360937
74 251904802
75 503809596
76 503809604
77 503809613
78 1511428828
79 2015238455
80 2015238471
81 -2040409603
82 -2040409598
83 -50342272
84 -2090751856
85 113463572
86 -1977288275
87 -1750361119
88 -1409970376
89 -842652455
90 -1685304916
91 924357452
92 -760947455
93 163410009
94 326820013
95 -270717418
96 382922613
97 112205213
98 112205225
99 663435655
100 1000051300
101 1663486965
102 -855788148
103 -855788130
104 -1711576265
105 871814766
106 871814783
107 -1679522985
108 -1647469700
109 -1647469682
110 1064134494
111 1064134498
112 480799326
113 -1685898962
114 923169357
115 923169365
116 1705373595
117 -1948354597
118 -242980998
119 437207366
120 194226374
121 -1559901846
122 -1365675468
123 1369389983
124 3714518
125 -1358246437
126 -1350817399
127 1593332503
128 1593332521
129 481315708
130 -1977803955
131 339359379
132 436203670
133 872407326
134 -329833561
135 978777442
136 648943889
137 648943895
138 -2018302067
139 -71470394
140 186892769
141 -1902879679
142 -1715986899
143 -1715986879
144 -1715986859
145 -1715986843
146 -1715986835
147 10000297
148 872993923
149 30000980
150 -802991618
151 100003297
152 -672987322
153 -1345974654
154 1573017005
155 1573017025
156 1573017043
157 -1148933210
158 -724849427
159 -724849411
160 -1449698837
161 1819653462
162 -1079744194
163 -1079744180
164 1780584147
165 -378904208
166 -757808429
167 -757808421
168 -1894521047
169 -2008457949
170 -365820105
171 -1489448639
172 2073878437
173 2073878454
174 -147210387
175 2145277777
176 1850856991
177 -446042910
178 1181792643
179 436917222
180 873834437
181 2046501393
182 -201964494
183 -201964480
184 -1778560428
185 2112477912
186 131953015
187 465870518
188 931741018
189 931741021
190 931741035
191 1863482074
192 363737857
193 727475717
194 523210424
195 1250686155
196 1773896597
197 -19698388
198 -39396772
199 -39396764
200 -98491917
201 -196983836
202 -196983816
203 -492459551
204 -492459533
205 -1181902880
206 1734177687
207 552274816
208 -2008514777
209 -2008514770
210 830212576
211 -900364456
212 -900364451
213 1315936209
214 -484792690
215 -139372808
216 -208593738
217 -832759235
218 -1041352971
219 -2082705942
220 -9817397
221 1161091000
222 -1972785302
223 1390749667
224 569237969
225 -12797656
226 1947190000
227 1934392361
228 -426182574
229 -283127178
230 -709309749
231 -1418619481
232 -902846614
233 1973501220
234 -1340401787
235 633099442
236 363352275
237 726704543
238 1090056820
239 1816761364
240 1816761382
241 428612285
242 -232832251
243 -465664500
244 1546876928
245 1546876930
246 -1666877933
247 1426875935
248 -240001981
249 1186873964
250 -1921219371
251 452528555
252 -1468690798
253 -1750507647
254 -392921964
255 1135375444
256 1135375458
257 -2024216381
258 -146387437
259 100147096
260 -2070456710
261 1289429336
262 -827267702
263 -827267691
264 -365106045
265 -2019641424
266 1545113782
267 1545113789
268 -121787582
269 948798582
270 -1922842495
271 449282314
272 449282315
273 -1024277865
274 -574995534
275 -700708751
276 -700708739
277 1294276409
278 -107141072
279 486426601
280 486426609
281 -2134978741
282 25009810
283 -1137115719
284 1534309266
285 397193548
286 1931502834
287 1931502853
288 -34768042
289 -34768033
290 -34768014
291 -69536036
292 -139072074
293 -208608095
294 -347680155
295 -347680137
296 -695360274
297 -1390720563
298 -2086080825
299 -572554645
300 1636331842
301 1063777213
302 41473586
303 -1553384648
304 -1511911049
305 1229671604
306 1229671620
307 -605952460
308 -605952451
309 -264472719
310 -264472716
311 -528945423
312 -1663843297
313 1837705876
314 -619555557
315 -1239111109
316 -1684804067
317 1371052125
318 -334712714
319 -334712698
320 -983177340
321 -281550619
322 -1264727948
323 1765511407
324 500783460
325 720016303
326 -1308656108
327 -1308656091
328 -1308656087
329 1089015331
330 -2116936638
331 649733829
332 -1467202802
333 1140920949
334 -1793484657
335 707997994
336 -1085486646
337 -1085486640
338 -1462975289
339 -1462975277
340 1369016732
341 1652546839
342 95613013
343 95613021
344 95613030
345 95613036
346 2034998952
347 -1973129256
348 157482743
349 314965477
350 534317923
351 1006766151
352 40403058
353 1047169213
354 -1666310942
355 -1666310922
356 -1666310911
357 -1666310896
358 -1666310895
359 1924690987
360 -1407930785
361 -1149550675
362 -632790458
363 -1265580912
364 1247045268
365 1247045279
366 1228509642
367 -572367087
368 -572367077
369 -1717101266
370 1433131879
371 -856336446
372 -1140305817
373 -1140305814
374 -1703816194
375 -545796974
376 -235257493
377 -235257476
378 -470514960
379 -941029915
380 -941029913
381 -941029904
382 766105131
383 -1115954666
384 -1290879423
385 -1640728945
386 247404264
387 -1393324680
388 217438513
389 434877031
390 434877037
391 869754085
392 563621988
393 1433376077
394 -1428215144
395 5160945
396 5160946
397 -1417893246
398 -1412732281
399 1474663661
400 61931392
401 -1288869515
402 1712067308
403 1712067323
404 -623107117
405 -1493939780
406 -1493939778
407 683980641
408 1991068391
409 -1619918247
410 371150164
411 -67658815
412 -1316426893
413 -641785382
414 1020328132
415 1020328152
416 82444029
417 2123100325
418 -690552039
419 -690552036
420 1844768447
421 1154216425
422 1154216430
423 -832318024
424 -832318010
425 -1664636018
426 965695253
427 -1209360353
428 -1209360341
429 -1453025425
430 -1453025414
431 -1453025407
432 -64108940
433 1324807546
434 1324807550
435 -1645352188
436 940153978
437 -705198207
438 -705198192
439 -470242401
440 -940484816
441 -2115925389
442 768314699
443 1536629395
444 189018715
445 -562447395
446 1931515419
447 -431936448
448 -1632187602
449 -132608630
450 -1764796220
451 -2030013477
452 -1696575062
453 -1696575054
454 -1696575039
455 -1696575023
456 -794757817
457 1803634457
458 1910693887
459 -473579515
460 -1054218462
461 382895921
462 -671322521
463 94469318
464 -193957273
465 -193957262
466 -193957245
467 -193957236
468 -387914472
469 -775828940
470 -1551657886
471 1191651536
472 -360006337
473 -360006321
474 -720012653
475 -1080018956
476 -1800031590
477 1414916754
478 2109820859
479 644687069
480 -125542613
481 -1666001978
482 -1917087201
483 -1917087181
484 -1330751666
485 1759006585
486 428254939
487 -1060577307
488 -204067433
489 -836389789
490 -1040457209
491 -1876846987
492 541273317
493 1918936429
494 -1293484230
495 -710121458
496 456604067
497 913208133
498 -633793471
499 -1267586945
500 -1267586943
501 1759793410
