0 0
1 20
2 24
3 48
4 101
5 200
6 356
7 366
8 385
9 1412
10 1414
11 3942
12 7157
13 11102
14 22207
15 45827
16 68043
17 154337
18 268222
19 490611
20 490628
21 981240
22 2230719
23 4193205
24 7405168
25 11598386
26 23196764
27 23196774
28 46393547
29 69590337
30 115983903
31 278361326
32 394345247
33 858280824
34 1646971311
35 1646971325
36 251601415
37 108857581
38 217715175
39 578174174
40 -1491647625
41 -1491647619
42 1889846232
43 -515274821
44 1374571418
45 859296607
46 -686527852
47 1547340189
48 -1200286922
49 -1200286902
50 -1539761477
51 354632011
52 -2038363083
53 -1683731054
54 -1683731037
55 927505221
56 171279359
57 -12073279
58 -597019719
59 489691588
60 -119401400
61 370290193
62 250888805
63 621179005
64 872067818
65 1744135646
66 -806696012
67 1809507470
68 -54773363
69 948038104
70 -1592195070
71 1110577143
72 411646819
73 823293637
74 -1949449695
75 -1949449689
76 1219361566
77 1219361575
78 -636882600
79 582478981
80 582478986
81 528075373
82 1056150745
83 1584226122
84 -1126515055
85 -1126515040
86 -668803970
87 -281457197
88 -2076776198
89 1267929939
90 -1759107412
91 -1759107404
92 2044682432
93 285575046
94 285575054
95 -902382269
96 -902382253
97 811068014
98 -708121453
99 -1701817942
100 1793713677
101 -616225714
102 -616225702
103 -1232451398
104 1830064499
105 -634838314
106 1195226204
107 1195226216
108 1755614119
109 1046325439
110 1046325457
111 2092650913
112 -1155990921
113 1982985469
114 -1375321821
115 -548327255
116 995996400
117 -927652665
118 -479983513
119 -959967028
120 -959967008
121 967397087
122 1934794172
123 502273717
124 1484530942
125 1484530956
126 1484530970
127 660899302
128 -665006065
129 -4106757
130 -8213506
131 -12320261
132 -28747281
133 -28747267
134 -69814795
135 -69814786
136 -139629575
137 -139629561
138 -418888712
139 -698147828
140 -1466110450
141 1572190754
142 -1010956234
143 -1010956217
144 -449721690
145 -899443373
146 -1349165049
147 585680973
148 1171361955
149 1171361962
150 -1366562387
151 -195200423
152 -1561762801
153 -780801684
154 1562001972
155 781200292
156 637797
157 781838107
158 781838111
159 1563676223
160 -1167614842
161 1960375412
162 -1938530484
163 417906315
164 439751251
165 857657574
166 -223215331
167 1492099817
168 1268884505
169 -899540721
170 1861443604
171 -795295408
172 1066148202
173 -1793327103
174 -1793327093
175 1774461310
176 1774461323
177 1028416659
178 -1510955089
179 -1228583082
180 -1711121509
181 -1711121502
182 -355858782
183 -2066980280
184 161006737
185 -1905973533
186 127161453
187 -1778812069
188 -1651650599
189 864504629
190 -787145959
191 1069024769
192 1146383441
193 1146383454
194 1146383467
195 -573938108
196 1718828825
197 289073788
198 289073808
199 578147614
200 -1993781367
201 -1993781361
202 885552200
203 2060178204
204 951949053
205 -397287827
206 -397287816
207 -397287813
208 -794575617
209 -1986439068
210 1513952625
211 -472486433
212 -944972872
213 -1889945734
214 987562274
215 1975124548
216 1975124555
217 1975124557
218 728022910
219 728022917
220 728022920
221 1456045849
222 1456045860
223 -654852647
224 -581682392
225 -581682382
226 1093874307
227 -69490451
228 -138980911
229 -208471356
230 676931604
231 468460265
232 797939614
233 1266399881
234 1266399894
235 1266399905
236 -495767603
237 -495767590
238 1541264615
239 1816129336
240 -1433340932
241 1428285430
242 1428285446
243 -1438396418
244 1800962875
245 -1075829954
246 -713263478
247 -713263459
248 -713263447
249 -2139790378
250 1441913477
251 -697876892
252 -1395753786
253 -2093630675
254 107705950
255 1657325387
256 1657325393
257 1328726069
258 -1637515158
259 1348536317
260 -1597894666
261 -1886873504
262 521220292
263 -1615011555
264 -283592133
265 -567184261
266 -850776385
267 1499623263
268 -201929502
269 -120266875
270 -322196366
271 -322196362
272 -966589085
273 -1933178189
274 630540434
275 1381347744
276 -887879076
277 493468675
278 -315700407
279 177768286
280 849005230
281 849005231
282 1698010472
283 -898946351
284 799064135
285 1598128258
286 1598128265
287 499417490
288 -699175484
289 1398370289
290 -1498226719
291 -99856418
292 -898888319
293 -1797776648
294 -1797776636
295 -1797776624
296 -2097107334
297 400083346
298 800166694
299 -896857288
300 -96690580
301 -96690570
302 110011620
303 110011629
304 220023252
305 330034898
306 673390836
307 1443472251
308 1443472261
309 -184573788
310 -184573780
311 -369147565
312 -553721327
313 -1107442660
314 -1661163967
315 972639355
316 1945278704
317 -1377049229
318 1540868835
319 1420573712
320 -1333524731
321 -2098819987
322 862622583
323 1725245177
324 576096758
325 -268380197
326 796764340
327 -1465241206
328 -668476861
329 -1605333913
330 1084299478
331 1640214809
332 -1014537684
333 -563834165
334 -1578371835
335 -432229378
336 -2010601203
337 -1304606960
338 -1304606956
339 -324847818
340 -1629454772
341 -268549207
342 -268549191
343 1803566318
344 -362986837
345 -362986831
346 540494265
347 -185479391
348 355014877
349 -15943908
350 153591597
351 492662573
352 630310277
353 1615635422
354 -2049021595
355 689586679
356 -1359434914
357 -1359434900
358 1832298004
359 -196985129
360 1635312888
361 1635312905
362 -1221326619
363 -1221326612
364 -807340308
365 -2028666919
366 237633459
367 237633462
368 -1553399996
369 -1078133059
370 1901067720
371 -492831853
372 1408235876
373 1408235877
374 -1148392730
375 259843153
376 -888549567
377 -888549559
378 -1517255954
379 1260455389
380 -1145350122
381 -1402150673
382 -1287045389
383 460421114
384 460421117
385 -366203149
386 -732406303
387 -732406289
388 -1464812590
389 -1464812576
390 -465673608
391 -565144065
392 -565144057
393 -230619581
394 -1826581307
395 -2057200872
396 -949722572
397 -769157016
398 -1718879573
399 1268393269
400 68400546
401 -2100965331
402 -2100965324
403 -289049108
404 -289049090
405 -416661001
406 -705710073
407 -1122371058
408 -1828081122
409 -66905034
410 -1894986150
411 -1323086131
412 1076895034
413 2086885034
414 -1131187216
415 955697829
416 1911395661
417 1735906293
418 1735906303
419 -823154680
420 265086282
421 265086294
422 -1116136790
423 -1409118880
424 2034797933
425 -490457724
426 -715829160
427 -1206286865
428 -1922116005
429 450735285
430 1617299724
431 2068035021
432 1007667168
433 398034630
434 -821230460
435 -821230441
436 -236759088
437 -1481185341
438 1755792437
439 37848024
440 -745534396
441 -669838353
442 -1102917623
443 1776676926
444 -741613427
445 -737692457
446 -1479305880
447 -1181934825
448 1931097645
449 1931097646
450 1200954602
451 1200954621
452 38039588
453 38039599
454 1277033818
455 -539945052
456 737088779
457 1550256742
458 1550256761
459 1550256776
460 552946728
461 552946734
462 1105893469
463 1658840212
464 -977286872
465 -1401627022
466 -720073666
467 -334253864
468 -334253847
469 -668507697
470 -1002761530
471 -2005523057
472 -2005523048
473 -718840331
474 -718840321
475 -1437680633
476 2138446343
477 700765722
478 -1455755218
479 -773064095
480 -773064091
481 1293083895
482 -1008033779
483 285050123
484 -722983649
485 -722983648
486 -875867040
487 1250149311
488 -1071685010
489 -2143370025
490 -2143370014
491 -2143370001
492 1088139555
493 -2118688180
494 1129275937
495 98727315
496 -1945915370
497 -1945915369
498 403136564
499 403136580
500 1308137027
501 1711273613
