0 0
1 4
2 7
3 17
4 33
5 77
6 84
7 207
8 220
9 607
10 1203
11 2033
12 3256
13 7109
14 12403
15 24814
16 49635
17 93980
18 168447
19 168464
20 168477
21 168482
22 336969
23 673948
24 673958
25 1347921
26 3032808
27 3032825
28 8761461
29 16175027
30 16175036
31 47177162
32 91321520
33 179610207
34 318108894
35 636217785
36 954326686
37 1908653381
38 -477660531
39 -477660529
40 1907659023
41 1429998507
42 -1434970276
43 -1434970264
44 -1439942019
45 -14915243
46 1405139781
47 -49717466
48 -1534405191
49 -1584122649
50 -1763105524
51 947739134
52 1895478270
53 -2038415956
54 -142937678
55 2113613671
56 1827738320
57 -639490652
58 1120507709
59 1120507720
60 -2053951850
61 1375311267
62 1562374851
63 -1170217589
64 -286483304
65 -1456700882
66 -1456700881
67 -75135350
68 1306430200
69 1231294855
70 1231294863
71 -1832377576
72 630212144
73 630212152
74 1260424304
75 1890636475
76 -1715859789
77 174776702
78 -2054777446
79 -1880000729
80 709742521
81 1069931656
82 -100326547
83 -100326535
84 -200653078
85 -300979610
86 -702285758
87 -702285746
88 -702285726
89 -2106857226
90 -219726752
91 -219726745
92 1748656589
93 -1499939854
94 248716742
95 277706738
96 -973516362
97 -447092873
98 -447092871
99 -447092859
100 -447092840
101 -1341278556
102 1612410172
103 -1070146941
104 -1246108160
105 1978712214
106 732604064
107 732604080
108 732604090
109 -118442841
110 -118442838
111 1228322498
112 1724040924
113 -846885446
114 1987035153
115 -1430776658
116 556258503
117 1989672479
118 -1192777814
119 1909411665
120 -1032402461
121 -2064804912
122 -2064804907
123 -867044970
124 -701687485
125 1859189873
126 290457437
127 1447959842
128 -697360129
129 1041057154
130 -353663107
131 -9966065
132 677427998
133 313798831
134 991226835
135 991226841
136 -1998714787
137 -16261096
138 -2014975880
139 -2047498082
140 -2047498063
141 199971171
142 -1631294644
143 -1431323464
144 1432320377
145 996929
146 -1429329613
147 -1427335770
148 1440295762
149 1440295781
150 24923093
151 1465218888
152 -1351569539
153 113649369
154 1692517602
155 1692517614
156 2147115052
157 2147115054
158 -737170
159 1691043272
160 1691043278
161 -914355094
162 319142061
163 -595213017
164 -2103306776
165 -1602689537
166 312900035
167 625800068
168 -663989422
169 -38189338
170 -76378688
171 -778557444
172 -931314813
173 -1824440278
174 646086749
175 1406741523
176 1406741531
177 1635129545
178 1635129552
179 1635129554
180 2017162899
181 2017162915
182 2017162920
183 -903316286
184 -1806632578
185 1324376988
186 -1385571859
187 -1867827437
188 -1867827428
189 559312433
190 1057430012
191 790483023
192 -1328429393
193 -1328429373
194 -1866375740
195 1619645827
196 1391378626
197 1391378645
198 107435805
199 1498814455
200 1498814468
201 -1189902567
202 1915162177
203 -464642941
204 -464642934
205 985876316
206 521233402
207 1507109738
208 -1280747822
209 -1280747802
210 1733471690
211 679085809
212 -148938110
213 530147701
214 1060295415
215 2120590827
216 -583933352
217 -583933349
218 -1167866688
219 1959233926
220 1744091367
221 1367591922
222 775949923
223 -407334068
224 368615857
225 2104823638
226 -1821527799
227 244577630
228 489155259
229 1017028731
230 2034057475
231 2034057481
232 790176409
233 790176420
234 -680556969
235 672943534
236 672943541
237 672943545
238 1338273666
239 -1610806534
240 1073354237
241 1073354242
242 -1747848137
243 -1747848134
244 1335172987
245 2134444017
246 -825350281
247 -851429536
248 457664202
249 -1219115610
250 -761451405
251 -761451396
252 1552948886
253 1552948904
254 1552948914
255 -1189069464
256 -825190037
257 -2014259483
258 -2014259480
259 -1747811154
260 532896678
261 532896690
262 -415569442
263 -1097587226
264 -447363282
265 -1427623255
266 1322393552
267 -105229687
268 -1755409895
269 -1965869282
270 468458440
271 468458447
272 468458452
273 -560493940
274 -92035487
275 -184070956
276 -368141912
277 -1204742287
278 1885482722
279 312598538
280 625197075
281 1618536056
282 -1738635621
283 505097527
284 1322793585
285 1827891123
286 1917146620
287 -460674061
288 -460674045
289 -460674025
290 -921348064
291 -386223563
292 -1307571607
293 1679824071
294 -935319144
295 -949290231
296 -1898580456
297 -2103365755
298 293021096
299 293021110
300 -70226922
301 -70226919
302 -70226900
303 -140453805
304 -210680704
305 -351134508
306 -772495897
307 -1474764904
308 1696571991
309 -901823299
310 -901823287
311 -1581839490
312 1811304525
313 229465038
314 458930084
315 458930096
316 1147325229
317 -2000316836
318 294333614
319 -99727889
320 194605726
321 94877851
322 189755699
323 189755707
324 474389263
325 474389278
326 948778558
327 1897557112
328 -974242339
329 -1474095404
330 872387206
331 -601708192
332 -601708187
333 1515600395
334 312184019
335 312184034
336 624368059
337 -2132338960
338 -2132338954
339 30289390
340 60578780
341 121157571
342 242315135
343 -1677998061
344 -1314525338
345 1726495390
346 -1023712860
347 -2047425725
348 -42199286
349 1593599484
350 -496025520
351 1055374679
352 -2142018640
353 -1582669480
354 1625653864
355 -1539685086
356 656247955
357 742216734
358 1398464690
359 2140681433
360 -13604438
361 629039087
362 -140386523
363 488652577
364 -1190585157
365 -701932573
366 -1403865152
367 1346850488
368 -57014646
369 1289835857
370 1232821227
371 -482474365
372 -482474356
373 1500693737
374 1768566262
375 -1508181649
376 796129645
377 -1737759281
378 -681245017
379 -681245000
380 1194718018
381 1194718036
382 -710813237
383 -710813225
384 -1421626453
385 -1421626444
386 1224805989
387 1254893935
388 -363552966
389 2116146970
390 -62673366
391 2053473611
392 1990800264
393 -250693411
394 -501386826
395 -501386812
396 -1504160457
397 1537339803
398 1537339804
399 567745515
400 2105085321
401 1452543162
402 -737338800
403 630407710
404 -106931086
405 1238681004
406 1238681011
407 -2031467455
408 969371199
409 1415265764
410 -1910330329
411 -1910330309
412 474306670
413 -1436023629
414 -1436023619
415 -1923433905
416 -26207179
417 909302595
418 1818605194
419 1818605211
420 -1698095379
421 -1446549671
422 1150322251
423 -296227408
424 -471944978
425 -471944959
426 -471944946
427 -471944932
428 -943889871
429 1463297621
430 -424482122
431 -377019300
432 -801501417
433 -139705210
434 -941206624
435 -941206619
436 -941206611
437 -941206595
438 -941206587
439 1471347505
440 2001488402
441 2001488421
442 -703056146
443 -995046618
444 -1698102749
445 898761801
446 -495955289
447 2004624448
448 2004624452
449 -1581014626
450 -1463926505
451 468352500
452 1432660287
453 860696109
454 1297782392
455 1297782399
456 -1699402501
457 -401620101
458 -803240190
459 -308697988
460 -1513558259
461 -1822256234
462 -1822256217
463 -1822256197
464 1609607697
465 -212648482
466 -425296979
467 -425296966
468 -1063242412
469 -1913836342
470 -1913836335
471 -1913836330
472 1785183184
473 -724600937
474 -385959459
475 674622801
476 1349245599
477 1349245614
478 -1596476072
479 -247230455
480 1529407497
481 -1910775108
482 -628598061
483 1441295111
484 431329446
485 -666748598
486 1205875974
487 1783153878
488 -100061475
489 -100061463
490 -100061448
491 -200122901
492 -300184348
493 -500307237
494 -1200737388
495 -1200737369
496 -1200737354
497 692755197
498 -1708719514
499 -323209128
500 -2031928624
501 1939829562
