0 0
1 17
2 29
3 49
4 65
5 125
6 244
7 435
8 934
9 1816
10 2761
11 5965
12 11478
13 17452
14 37658
15 72565
16 72576
17 200253
18 345404
19 345420
20 345430
21 1236525
22 1581968
23 2818495
24 6327841
25 10728322
26 19874672
27 19874673
28 59624012
29 110101691
30 209475058
31 418950113
32 418950117
33 1047375303
34 1466325422
35 1466325423
36 1466325433
37 1570334415
38 1674343407
39 -946280484
40 936080911
41 -10199561
42 -20399118
43 -30598670
44 -50997769
45 -50997752
46 -163192868
47 -295787041
48 -591574084
49 -887361109
50 -887361102
51 1469691098
52 -896605181
53 -1793210373
54 -2107485548
55 394271387
56 788542764
57 1577085542
58 -1140796211
59 -1140796195
60 84035909
61 -620470942
62 1476939863
63 1476939878
64 -1341087553
65 1076357172
66 -264730364
67 947479136
68 682748791
69 682748793
70 682748809
71 1365497607
72 66255857
73 1431753466
74 -65962763
75 1365790708
76 1299827951
77 -1695311392
78 -1695311389
79 -790966877
80 1413205601
81 622238737
82 2035444354
83 -224078595
84 -1239124065
85 572241706
86 1766722153
87 -1956003422
88 382960451
89 382960465
90 576639663
91 1342560587
92 729117747
93 -1263688820
94 1767589649
95 -1719388128
96 -1719388110
97 856191075
98 -863197015
99 -7005934
100 -7005924
101 -1740405901
102 -1740405891
103 814155510
104 814155525
105 1628311042
106 -224189701
107 1292026498
108 -784663921
109 283172895
110 283172899
111 -218318119
112 -218318110
113 -436636212
114 -873272428
115 -873272416
116 -1746544827
117 365241427
118 730482849
119 1897601904
120 373508950
121 373508956
122 373508971
123 -1276838510
124 -529820580
125 -686132195
126 -686132175
127 1489552814
128 -412532124
129 1077020698
130 1077020717
131 1077020736
132 1077020754
133 -399416497
134 677604264
135 1355208530
136 1355208540
137 -906945959
138 -1813891910
139 -1365629310
140 1563708660
141 -1615812544
142 -1615812536
143 -552470342
144 708951236
145 1219823130
146 -239508498
147 -239508484
148 897287047
149 418270080
150 836540148
151 -2142870020
152 -1306329858
153 -1306329848
154 -1306329846
155 375977755
156 375977757
157 1127933273
158 1879888802
159 -911167445
160 -1822334904
161 1561464950
162 -1172037381
163 1950892524
164 778855160
165 -1565219599
166 1553955659
167 1546446380
168 1546446393
169 -1213338460
170 333107937
171 666215884
172 1332431774
173 1332431791
174 -1630103718
175 -297671915
176 737087946
177 439416037
178 -751271631
179 -1502543269
180 -1502543258
181 538609154
182 1828489928
183 1828489931
184 -99378270
185 -99378253
186 -99378244
187 -936122197
188 -1134878680
189 2124588194
190 989709528
191 989709540
192 989709551
193 -336129162
194 -1661967822
195 -1661967819
196 -1661967804
197 -690936134
198 -1381872272
199 -2072808400
200 -2072808391
201 -1923457900
202 -1774107386
203 -1475406371
204 -1475406367
205 -131251807
206 1810304767
207 1810304786
208 2013951381
209 1208341838
210 -1072674076
211 -1072674065
212 -937006296
213 139938793
214 -1869741561
215 -1869741554
216 -241583311
217 -2111324854
218 72317585
219 -2039007254
220 -1894372075
221 -1919002597
222 698545408
223 698545414
224 698545418
225 -1717738431
226 377897814
227 -1339840602
228 -1981135783
229 1351888737
230 -1969087634
231 356792015
232 -260406879
233 96385151
234 -164021721
235 -328043442
236 -299294862
237 -955381742
238 -1254676584
239 1785614112
240 -1051782511
241 -1775521580
242 1998600751
243 -828703329
244 -828703311
245 1808857322
246 374529871
247 -2111580099
248 -1585599540
249 -1585599532
250 1123768236
251 1123768241
252 -923662589
253 -923662585
254 400211311
255 -523451265
256 -123239935
257 -646691191
258 -1816833645
259 1184751268
260 -1925464749
261 1090728991
262 -834735742
263 255993269
264 -578742462
265 -578742451
266 -1157484909
267 -1157484904
268 822512584
269 1645025171
270 1645025188
271 -1339889244
272 -1522293582
273 1250380124
274 33222490
275 -238690967
276 1044911653
277 2089823319
278 -1398923283
279 -1398923269
280 -708023214
281 -708023198
282 -2124069625
283 -644072006
284 110779254
285 929581741
286 929581743
287 1325870737
288 -1643225819
289 -317355070
290 294871611
291 294871613
292 -44966921
293 249904707
294 477325954
295 1272006980
296 1272006998
297 -1273627349
298 1747712601
299 474085256
300 948170524
301 1896341034
302 -502285215
303 -502285207
304 1839941149
305 -615085001
306 220285740
307 1445141903
308 1665427644
309 1665427648
310 481029906
311 481029907
312 962059832
313 962059852
314 962059867
315 -1408787729
316 -1408787723
317 -1855515575
318 -378123724
319 652540284
320 1305080577
321 1305080580
322 -1410389563
323 -105308982
324 1094462628
325 -421235907
326 462608761
327 462608779
328 925217546
329 1429199185
330 -1940550545
331 -511351343
332 365123630
333 -146227707
334 218895935
335 72668240
336 72668245
337 583128362
338 655796614
339 1603157399
340 -2036013274
341 806069121
342 1612138239
343 1612138252
344 1994332339
345 -306302601
346 -994799303
347 -1301101895
348 1692763510
349 1692763530
350 1692763531
351 1692763544
352 -909440213
353 783323343
354 657206455
355 -378350626
356 -378350614
357 -99494774
358 -477845384
359 -477845367
360 -1055185512
361 -2010876247
362 173720030
363 -1837156206
364 -912375992
365 1545435103
366 633059125
367 -2116473063
368 62021177
369 -1421392757
370 1452181795
371 92810219
372 92810235
373 278430684
374 464051142
375 928102286
376 1670584128
377 -1232229728
378 438354407
379 -793875302
380 -1587750604
381 -1587750587
382 325590810
383 651181625
384 2096238552
385 -1221956289
386 874282283
387 -1895221114
388 504525059
389 -516413752
390 -11888679
391 -528302414
392 -540191087
393 -540191073
394 -1608684554
395 1605900583
396 -542975025
397 -1626141145
398 1582876094
399 1019660514
400 1019660518
401 -672770162
402 346890364
403 1713441236
404 -1887745339
405 -1887745326
406 519476650
407 519476662
408 1558429953
409 2077906624
410 -658630704
411 -278308109
412 -278308095
413 -1873877614
414 -1873877609
415 268903995
416 816116069
417 1353924046
418 -1308811101
419 861229024
420 1991362035
421 -1397263273
422 1500440748
423 103177485
424 1603618242
425 1809973216
426 1809973218
427 1031774874
428 1031774883
429 2063549758
430 -1199642653
431 442462802
432 -1956822487
433 1580964969
434 930512395
435 997117688
436 -786372240
437 -1572744482
438 1149478332
439 -423266146
440 -423266136
441 -846532281
442 -1269798413
443 -2116330676
444 -2116330656
445 62305968
446 -1145186474
447 -1145186467
448 2066900336
449 2017470010
450 2017470018
451 -260027255
452 401659362
453 141632117
454 -1994233045
455 -1994233025
456 448133353
457 754634596
458 1650901296
459 -1134796823
460 -275360601
461 995378482
462 -414778938
463 -829557865
464 -1659115726
465 1391514785
466 -267600921
467 -1779538655
468 1150668928
469 495044148
470 495044165
471 495044170
472 1485132484
473 1485132492
474 1485132508
475 1150518543
476 1150518555
477 976334808
478 -1017595385
479 -2035190757
480 -2076451323
481 1292583202
482 1434647846
483 -1567736230
484 -916956501
485 -1050044877
486 -1050044865
487 -1050044846
488 -1339860021
489 1905062441
490 565202431
491 565202443
492 -1259499968
493 436107335
494 -823392627
495 -387285272
496 -2034070530
497 226826241
498 1277045111
499 -530199175
500 -1447683620
501 -1977882785
