0 0
1 14
2 18
3 49
4 101
5 178
6 196
7 560
8 1048
9 1064
10 2871
11 3955
12 9509
13 13466
14 30873
15 60686
16 105028
17 165726
18 362323
19 693774
20 1056106
21 1056109
22 2112230
23 3168358
24 8086588
25 13367184
26 13367190
27 37989333
28 64723715
29 137534023
30 202257756
31 442504845
32 442504847
33 1289525196
34 -1780640611
35 596152042
36 105036635
37 210073279
38 420146544
39 420146558
40 420146566
41 840293130
42 1260439708
43 2100732851
44 -933794728
45 1166938142
46 233143419
47 233143438
48 1633225017
49 -1028517260
50 604707769
51 604707777
52 604707778
53 604707786
54 1209415570
55 1209415584
56 -1271428336
57 -1938148896
58 -2000161642
59 294644014
60 294644029
61 -1410873587
62 -464928778
63 -1286514318
64 1132650624
65 -2029666040
66 235635212
67 1882144015
68 -65750491
69 2052028737
70 2052028756
71 1625483730
72 -1043999830
73 -1043999829
74 -2087999652
75 -498486823
76 -498486811
77 -498486798
78 711507228
79 711507229
80 1423014458
81 -1947425173
82 400116952
83 400116956
84 -1147191257
85 -871368062
86 -871368055
87 -871368046
88 -871368037
89 1680863167
90 809495134
91 747622224
92 1495244447
93 -1242605474
94 -804347782
95 1005408559
96 -1041544681
97 -36136120
98 -72272228
99 -72272223
100 -144544436
101 -1366769671
102 -1691994677
103 -1691994674
104 910977947
105 455186241
106 910372479
107 1365558729
108 -652871881
109 1623059347
110 -1959221096
111 -1959221094
112 -1582695975
113 753050228
114 1169938724
115 -1618928098
116 -1278635105
117 1397404111
118 118769008
119 118769015
120 -1262621051
121 -1143852022
122 2007263251
123 -161671784
124 701739465
125 1403478913
126 2105218389
127 1761060956
128 974790967
129 -1643645889
130 305936043
131 -362918873
132 -56982827
133 -1757611543
134 779744208
135 -977867323
136 -977867322
137 1361365325
138 -1572236643
139 -1572236640
140 1150494015
141 -1610481245
142 690506784
143 -1341717080
144 2033275766
145 691558699
146 463142934
147 1846260332
148 -1294005311
149 -554734866
150 1152221807
151 1149741978
152 1149741985
153 -1397996389
154 901487581
155 1802975170
156 -1590504534
157 865703822
158 865703830
159 865703836
160 1006606972
161 -691248830
162 -691248816
163 489813171
164 489813186
165 603735689
166 603735696
167 -2107869537
168 -2107869517
169 -2107869498
170 -2028641238
171 237684819
172 475369622
173 -1236358506
174 -1236358499
175 1822250304
176 62587754
177 62587773
178 -525291162
179 -525291148
180 -987994524
181 -987994508
182 -1975989030
183 -182301902
184 -364603799
185 -546905699
186 -546905683
187 -546905673
188 -1640717048
189 1013533206
190 -1720995196
191 -1720995191
192 1866510123
193 2092303198
194 516822953
195 -1685841141
196 1068799946
197 1068799965
198 -1234082363
199 -165282386
200 -947605967
201 -1278170749
202 -1278170747
203 -608344910
204 -608344890
205 1800106761
206 -1972924517
207 -1389507552
208 2124297108
209 -46373089
210 2077924023
211 2077924026
212 2077924031
213 2077924038
214 -324611551
215 1614193255
216 1614193265
217 1614193274
218 547612501
219 1095225003
220 -1037936512
221 -1037936510
222 1181157759
223 200509759
224 401019508
225 744750527
226 1145770038
227 1890520575
228 87603115
229 87603119
230 -1083470443
231 2128026423
232 1044555984
233 -2118252195
234 58462908
235 58462918
236 -2001326349
237 -1884400519
238 467703354
239 -1416697160
240 -1416697142
241 -1416697133
242 -1371821285
243 -1371821282
244 1551324734
245 269255199
246 -923062619
247 -1846125252
248 -1846125244
249 -1846125234
250 -1243408422
251 -1243408408
252 -1884100003
253 526767282
254 450817751
255 977585045
256 1428402807
257 -1438161690
258 1945411207
259 1945411211
260 -1842306560
261 610354187
262 1220708365
263 1220708374
264 -1140091716
265 -1140091708
266 2014783888
267 874692197
268 874692204
269 -1670890698
270 78493707
271 -1592396973
272 1110173349
273 1110173366
274 627949761
275 -1446670803
276 -190771286
277 -190771274
278 -90090231
279 -1290353826
280 -1290353812
281 -1290353800
282 333815638
283 667631271
284 -1579260686
285 -577813769
286 2137892848
287 2137892868
288 2137892885
289 -19181535
290 -19181531
291 2080348255
292 2061166725
293 1946077509
294 1792625206
295 1504902146
296 -1285162999
297 219739153
298 439478302
299 878956605
300 878956624
301 -1877836605
302 539294086
303 -1338542505
304 -1798128383
305 1158296423
306 -639831954
307 1676760888
308 1676760894
309 -1581277450
310 -1581277438
311 -1581277419
312 1227895891
313 -1839175515
314 -1839175507
315 1844512183
316 -1833838830
317 1855185534
318 26683399
319 1881868952
320 -531229408
321 1350639558
322 -1567004785
323 1160957735
324 -1999735226
325 -1586372119
326 708859953
327 1417719910
328 -298569740
329 241638014
330 -56931724
331 -113863446
332 -227726886
333 -398522038
334 -555406065
335 -1181654969
336 1817793905
337 80732889
338 80732892
339 80732912
340 878337648
341 -1356637049
342 -316833587
343 -795132973
344 -1590265951
345 -1590265936
346 -1354168192
347 -239732766
348 -1593900950
349 -1593900948
350 -2077001488
351 -2077001486
352 140964323
353 1389094057
354 1389094058
355 -1516779167
356 -1516779156
357 -1644464264
358 -1899834463
359 2012077555
360 112243099
361 224486198
362 224486199
363 -1721674225
364 -1272701814
365 -1272701804
366 -1272701795
367 476861893
368 -767950436
369 185773350
370 185773356
371 -1192243623
372 -1588647341
373 1885623052
374 -895267894
375 990355168
376 392062993
377 -1922193961
378 -1435043677
379 -1435043674
380 -105251019
381 -105251018
382 -105251007
383 -105250988
384 -210501980
385 -631505998
386 -1052509962
387 -1684015952
388 1558441389
389 1558441401
390 -1178084488
391 -797727592
392 -417370660
393 1901784564
394 -491398159
395 993015765
396 -1891565124
397 -1891565117
398 511837065
399 1023674132
400 -1254603265
401 -230929130
402 49978805
403 99957619
404 99957628
405 -1235638328
406 -1035723069
407 2123563531
408 -47840224
409 -195638083
410 1880085241
411 1684447174
412 -973913180
413 -1899986140
414 -1189452133
415 -1189452113
416 -1189452108
417 -1173375190
418 742687905
419 742687918
420 1485375828
421 1797376465
422 -700214361
423 -1712429359
424 -615267235
425 1967270721
426 1352003506
427 -975693054
428 -1951386117
429 -1951386100
430 -1559191039
431 -2142689010
432 9589282
433 994871613
434 -1138228109
435 2018511086
436 -257945132
437 1617209468
438 1617209476
439 -1060548347
440 -360530729
441 -360530723
442 -721061446
443 -721061434
444 -1442122860
445 1410721557
446 -752462732
447 -752462712
448 -94203871
449 -188407743
450 -376815491
451 -376815482
452 -942038702
453 -1978281284
454 1374647320
455 1374647322
456 -171025340
457 -1716697990
458 -513075991
459 2065193323
460 1552117339
461 1387536690
462 -1519893916
463 -1519893913
464 1255179473
465 -264714423
466 -661786074
467 -661786062
468 -333107079
469 -666214147
470 1707359518
471 46252235
472 92504484
473 1846116256
474 -1268948932
475 -1871683724
476 -1155759680
477 -1155759673
478 111764226
479 -1043995440
480 1051216743
481 2102433483
482 -1141317060
483 961116427
484 1922232853
485 1922232872
486 1471731281
487 1021229719
488 -1802006291
489 -1681779706
490 -990824990
491 -179643690
492 -179643683
493 1263075244
494 -1768816817
495 -865028936
496 -865028917
497 1879524196
498 1879524207
499 1879524223
500 -535918849
501 -535918847
