0 0
1 6
2 17
3 20
4 56
5 107
6 197
7 367
8 759
9 765
10 2203
11 4309
12 8037
13 16089
14 30656
15 54789
16 101550
17 101551
18 288562
19 390117
20 390122
21 1170364
22 2239168
23 3799672
24 7209207
25 7209221
26 14418435
27 32636538
28 61473403
29 108528386
30 108528399
31 108528400
32 325585198
33 712643792
34 712643801
35 1967929607
36 -576164897
37 -1152329779
38 -1152329770
39 1990307752
40 1077412924
41 1077412938
42 1840474073
43 538310641
44 -1916182568
45 1540015090
46 2002617255
47 2002617265
48 2002617275
49 1336717023
50 -1245365759
51 1804235768
52 -396762976
53 -793525964
54 -793525952
55 -1587051907
56 724100515
57 -862951385
58 -862951378
59 -862951363
60 -862951347
61 -862951343
62 -1725902678
63 -19789434
64 823372505
65 -922319594
66 -98947085
67 -1943586274
68 2133697416
69 -7783027
70 182328131
71 265709169
72 630365424
73 630365437
74 630365441
75 -1955833678
76 -64737363
77 -1390205584
78 -1454942943
79 1385081417
80 -69861515
81 1315219921
82 1315219939
83 -1804250458
84 756327895
85 267297382
86 534594771
87 534594791
88 534594798
89 534594814
90 2138379181
91 -552803703
92 -1640202198
93 479968100
94 425341399
95 -734892693
96 -1469785378
97 1355396534
98 1355396541
99 1241007701
100 -343166514
101 -686333024
102 -686333013
103 -1372666017
104 -1372666008
105 863302266
106 1040271516
107 1040271536
108 198513303
109 198513308
110 198513318
111 198513334
112 595539961
113 595539976
114 595539977
115 1191079958
116 1786619947
117 469352524
118 469352538
119 216977657
120 -161584662
121 -1514249288
122 -1514249285
123 1104884069
124 -2085199156
125 286153642
126 572307289
127 858460947
128 1716921898
129 -861123518
130 1714259345
131 -866448622
132 -866448603
133 -866448598
134 -866448595
135 -866448585
136 -1732897164
137 -37275629
138 -74551255
139 -74551241
140 -74551236
141 -1993826520
142 -1993826509
143 307314277
144 -1686512226
145 921942845
146 -764569365
147 -1221824452
148 1544004113
149 479553145
150 959106302
151 996269754
152 1955376075
153 -384215146
154 1571160932
155 -156375676
156 -1309021101
157 -278450973
158 -278450959
159 -556901921
160 -556901913
161 -556901907
162 -556901894
163 2067359677
164 1510457786
165 1510457797
166 793307982
167 1586615954
168 1105872243
169 701286693
170 -901192390
171 -1009076805
172 -103110257
173 -1312092743
174 1870687507
175 455484521
176 910969045
177 1366453567
178 308627355
179 1675080924
180 -944805434
181 1038902863
182 -850708004
183 918470351
184 1836940710
185 1904703074
186 -485561158
187 -485561144
188 -605975450
189 -1091536589
190 -1697512037
191 -71179071
192 828764154
193 -939926948
194 -939926939
195 -1051089713
196 1364023701
197 -626992934
198 737030777
199 110037855
200 1584099409
201 -1126768479
202 1304399582
203 -1686168147
204 -1686168129
205 -1686168126
206 922631059
207 1845262115
208 2004356070
209 2004356076
210 -286255131
211 1272751835
212 986496711
213 986496726
214 986496733
215 -348980412
216 -411705695
217 1212307354
218 1438117996
219 -2056247629
220 -2056247612
221 -2056247602
222 182472087
223 182472096
224 547416270
225 1094832544
226 1094832564
227 -1557885909
228 -1557885896
229 -926106696
230 1810974722
231 -1136071207
232 674903518
233 674903526
234 674903531
235 -1595353196
236 -1595353181
237 1779164470
238 183811309
239 -1227730593
240 735245199
241 -308674074
242 -308674072
243 -1109833528
244 -1727181666
245 -1727181659
246 -886577694
247 -886577691
248 -932551402
249 1589260523
250 1589260543
251 1589260559
252 -1116446186
253 -1116446175
254 -643631789
255 -1760077957
256 -341634803
257 433176579
258 866353163
259 866353166
260 1824248108
261 1824248117
262 -646471058
263 439764214
264 1617541275
265 1617541277
266 -1059884730
267 -1680005256
268 1555077329
269 432728629
270 -752084022
271 -752084006
272 -1071439397
273 1719359882
274 1719359884
275 863112357
276 -1712495040
277 869977208
278 1739954420
279 -1685035667
280 -787599074
281 -787599064
282 -1520279380
283 1987088865
284 1987088870
285 1987088878
286 1666299334
287 -641579081
288 1024720269
289 1024720282
290 -1220806476
291 828634085
292 1015689091
293 -1622010029
294 -606320929
295 -384007777
296 -1596649642
297 1101668021
298 1187646958
299 -2005652298
300 283662690
301 567325379
302 32982733
303 65965474
304 98948212
305 765221815
306 930135519
307 1794305564
308 -805304397
309 989001184
310 183696788
311 -1203132621
312 -835739041
313 -2038871645
314 1420356628
315 1420356631
316 -1237030032
317 -435188403
318 -251861791
319 -1924080218
320 2119025301
321 194945088
322 -1980996896
323 -1591106707
324 722863711
325 1445727410
326 -1403512468
327 42214947
328 -1361297512
329 -1361297493
330 1572372298
331 -1108007756
332 -896932934
333 -432568381
334 2068533032
335 2068533049
336 -590469589
337 -748370793
338 -1496741580
339 -767048900
340 -767048896
341 -767048889
342 -1534097778
343 -1534097777
344 459722871
345 919445725
346 -1689026956
347 -1689026942
348 -1998885301
349 607055066
350 444528890
351 444528907
352 889057816
353 1778115633
354 -1627793836
355 1928437425
356 -1327150255
357 601287177
358 1352896162
359 -1739496769
360 -1739496767
361 -1524810195
362 644059747
363 -64776679
364 1609943405
365 1545166735
366 -560574072
367 -1700431220
368 2033962018
369 1318123465
370 1651654268
371 -1552232825
372 -843460364
373 574084555
374 1148169108
375 1148169119
376 -1424544503
377 1445878290
378 1169502914
379 -1955961466
380 659419758
381 -1296541705
382 -1296541703
383 405342192
384 405342202
385 -1782398999
386 -971714593
387 1054996404
388 -888432777
389 -805150963
390 -1693583738
391 1796232603
392 -1590934865
393 205297751
394 -2088139199
395 -1882841428
396 323986684
397 647973371
398 1501244490
399 -1821762748
400 -320518254
401 -2142280986
402 -2135344109
403 -623694306
404 -623694293
405 -1230046391
406 -317811783
407 2123414831
408 1805603058
409 -1913807566
410 467352154
411 -1446455401
412 1036107081
413 -410348305
414 -410348303
415 215410482
416 -1015634440
417 -584813480
418 2089233262
419 1504419783
420 -2086351679
421 -93146547
422 -93146536
423 -186293063
424 1836029486
425 1556589905
426 -902347902
427 -1990988855
428 -1336746851
429 967231592
430 1934463183
431 -1393272517
432 1508422270
433 1508422282
434 -736932060
435 771490229
436 1542980454
437 -1980496599
438 1105464312
439 702506350
440 2141944756
441 1969418821
442 518902645
443 -1806645821
444 -1287743164
445 1535877240
446 -1039609093
447 496268157
448 -543340923
449 -1086681841
450 -1086681833
451 -1086681832
452 -1086681827
453 -1086681826
454 -51760003
455 -1138441821
456 -1138441811
457 2018083675
458 -310559944
459 569081940
460 1138163874
461 1396685875
462 1396685891
463 -104909654
464 -468341304
465 -2074846474
466 -1251411539
467 395458336
468 1364167630
469 508214443
470 1016428879
471 -1010698001
472 -1010697993
473 -1010697985
474 -1507450653
475 771851552
476 1537972223
477 -1985143511
478 2101498934
479 116355443
480 1770683103
481 -306429806
482 1696964172
483 -1017394377
484 373140003
485 -1778004190
486 -1404864183
487 -1404864181
488 -292765250
489 -585530493
490 2011807374
491 -271352544
492 -542705074
493 319454021
494 -494603582
495 -989207174
496 -1164356721
497 2141403417
498 2141403424
499 1634639379
500 458122204
501 2092761600
