0 0
1 9
2 15
3 26
4 50
5 101
6 196
7 395
8 605
9 609
10 1922
11 3139
12 6283
13 11347
14 22693
15 45388
16 85731
17 153818
18 307632
19 592571
20 900211
21 1800433
22 1800449
23 5401305
24 9002198
25 18004401
26 36008794
27 68416711
28 136833416
29 268265521
30 509524455
31 914623407
32 914623408
33 -1687930488
34 650840797
35 -1037089680
36 -1159555958
37 -1159555946
38 938765718
39 -1766595068
40 110936379
41 -1876448913
42 542069480
43 1304929188
44 81486142
45 162972277
46 1549387618
47 -654122589
48 1139723461
49 1139723476
50 1139723488
51 -1529919443
52 749527523
53 -780391904
54 -1560783822
55 -1981844150
56 752339331
57 -1229504803
58 -1229504792
59 -1229504774
60 -623051878
61 -16598944
62 -16598935
63 -656249756
64 -1312499495
65 -2001947123
66 324270924
67 631942915
68 1280484763
69 1280484779
70 -1733997743
71 -1733997731
72 826971827
73 -80054096
74 -80054085
75 -160108176
76 506755483
77 186539136
78 693294633
79 879833780
80 2106314862
81 77770607
82 -1231048035
83 953037437
84 -278010597
85 -478250573
86 196776276
87 -559484876
88 -840959158
89 -1203667748
90 1409381230
91 -635245666
92 -429532178
93 -859064352
94 -1718128703
95 652996415
96 -1924196621
97 1305638393
98 34438202
99 68876397
100 137752790
101 137752804
102 378820203
103 757640414
104 1480842613
105 1480842625
106 -575641642
107 905200986
108 -1003722707
109 806679274
110 806679294
111 609635873
112 1416315174
113 -1659380378
114 -1659380367
115 -486130395
116 490076157
117 490076161
118 980152338
119 980152346
120 -1844586439
121 605794408
122 -1238792022
123 1817383245
124 578591233
125 1157182467
126 1157182475
127 -1402011107
128 -986638970
129 -986638963
130 -1060924090
131 -1060924074
132 -1060924068
133 125556110
134 -1996292024
135 -758540847
136 1665690541
137 -1089142314
138 -1089142306
139 -1271134913
140 -1783728987
141 -1783728979
142 -1632767885
143 -1632767880
144 1756940866
145 1002643425
146 1002643434
147 2005286878
148 1472547309
149 -817133095
150 655414227
151 -978851960
152 -1957703928
153 1358411415
154 1358411428
155 435681200
156 -1142463247
157 52336874
158 52336890
159 756303160
160 154194893
161 910498059
162 1820996130
163 -1409278203
164 -2062253248
165 -585842351
166 1646871709
167 1884465204
168 -526036877
169 -1289667254
170 -1289667250
171 1715632810
172 494726641
173 494726643
174 989453288
175 1978906573
176 -337154131
177 -337154112
178 -2000915673
179 -2000915653
180 -44018139
181 -2044933782
182 -2132970050
183 366181305
184 -1561689004
185 -1122462360
186 -1122462346
187 -1278435142
188 1894069816
189 -1629290018
190 -1629290003
191 1036387290
192 -1606558050
193 -1934680959
194 160825590
195 160825592
196 1075379473
197 -2144208337
198 -747177671
199 -1494355352
200 1145431003
201 -348924335
202 796506671
203 -648519669
204 -200937325
205 -200937308
206 -602811965
207 -1004686593
208 -2009373187
209 1280907536
210 -1733152232
211 828662829
212 376418142
213 376418150
214 1581499132
215 1581499143
216 449530105
217 -306020752
218 -612041499
219 -1600501151
220 -487534153
221 1288869757
222 1288869773
223 489704240
224 -1227523524
225 -737819276
226 -186768771
227 -1662407322
228 970152651
229 1450601055
230 -1874213585
231 -1874213575
232 -1874213562
233 546540174
234 -1327673383
235 -234593042
236 -234593022
237 1170434470
238 1170434484
239 1871682894
240 -1252849902
241 -1252849892
242 1789267515
243 -1969282179
244 -1432864545
245 -1432864542
246 1429238225
247 -1436490843
248 -1436490830
249 1421985639
250 -1450996020
251 -1450996018
252 1378470071
253 -101536324
254 -203072637
255 1073861123
256 1073861130
257 -2147245036
258 -202595401
259 -202595385
260 -1478574683
261 1337817936
262 1601774744
263 1601774746
264 1601774751
265 510356951
266 -581060846
267 -1162121686
268 -1743182531
269 808602253
270 -934580261
271 -934580250
272 -1060558242
273 430668280
274 -1564470211
275 1166026875
276 -398443322
277 -1426776613
278 -659193048
279 -1318386093
280 -1318386084
281 1658195139
282 -1637770078
283 -1297961019
284 1699045273
285 -1236685815
286 1821595670
287 1821595682
288 1821595702
289 1632179224
290 -1492968302
291 139210936
292 -373354036
293 -234143097
294 -234143093
295 -841640208
296 -1544069497
297 1909257609
298 -476452083
299 -1187047268
300 -2139951429
301 967968615
302 -1171982812
303 -1171982799
304 -1171982789
305 -392963901
306 386055007
307 -1178891673
308 765201143
309 -27635509
310 -27635503
311 -468961528
312 -468961519
313 -965558545
314 -1903481572
315 1425927193
316 -1912074436
317 470818437
318 470818455
319 470818458
320 926308112
321 926308119
322 1852616243
323 -1516042927
324 336573332
325 1599454771
326 1599454773
327 -1096057739
328 2102851810
329 1006794088
330 917530417
331 -1363848717
332 -1631639697
333 -1071163900
334 -1071163890
335 -2142327770
336 -1621327953
337 -1621327933
338 -1621327928
339 1583623017
340 -1127721261
341 455901774
342 1964114980
343 -1419048785
344 -126753274
345 -1545802039
346 -1545802024
347 1076609967
348 1076609970
349 -1065137388
350 1088082551
351 630363077
352 1718445640
353 -1946158567
354 425595324
355 -1520563231
356 -692317738
357 -2014998569
358 492683100
359 492683108
360 -1721950088
361 1543384867
362 1543384877
363 1857502779
364 -579961734
365 -579961726
366 -1159923447
367 -1739885159
368 -1739885141
369 -924688164
370 -1269414602
371 2100864542
372 2100864557
373 267741199
374 -1094911590
375 -827170371
376 446523799
377 893047599
378 1339571399
379 1851972434
380 1851972450
381 1641596592
382 1641596604
383 -1011774082
384 -171575729
385 -1183349805
386 -1183349801
387 744917884
388 -438431899
389 2063177949
390 2964337
391 2066142293
392 2066142294
393 1465027696
394 -763797301
395 701230404
396 701230419
397 2103691235
398 2103691242
399 -87584800
400 -175169606
401 -262754402
402 -525508805
403 -1051017598
404 -1576526387
405 703990517
406 -1923553463
407 -77648429
408 1421229552
409 1343581142
410 -1530156589
411 -186575442
412 -373150883
413 -373150873
414 -932877193
415 -932877181
416 1496335734
417 563458570
418 563458590
419 1690375727
420 -914215846
421 776159894
422 2115778383
423 -63410547
424 -1466439558
425 -1466439541
426 -880511244
427 418166418
428 418166421
429 -44178385
430 -88356787
431 703797687
432 615440913
433 1319238601
434 1934679523
435 1934679532
436 1934679551
437 1934679562
438 468022186
439 468022191
440 -1424243356
441 -1424243345
442 22237242
443 -1890205069
444 -421487216
445 2005512256
446 -1708186124
447 -1708186107
448 -1708186089
449 754434026
450 -75156984
451 -1028909045
452 -349631993
453 -349631992
454 -1728173016
455 -2077805001
456 -210274691
457 -210274690
458 -281192075
459 -212752163
460 -914493600
461 -914493584
462 1761761185
463 847267618
464 1694535229
465 -1753164438
466 -1753164422
467 -1811793620
468 -1811793611
469 -1140413552
470 -469033478
471 -469033472
472 -469033463
473 -938066923
474 -1876133849
475 1480766537
476 -1802467683
477 -1802467677
478 -1802467667
479 690031969
480 -422403751
481 267628231
482 -1267211199
483 -1267211197
484 1605769392
485 338558201
486 -590094786
487 1354232827
488 1102696245
489 -2089574805
490 -2089574799
491 1982651989
492 2098469686
493 -213845620
494 1777701267
495 1777701276
496 -1167255975
497 -2120666334
498 267480245
499 1274525233
500 -1745916830
501 -471391591
