0 0
1 7
2 8
3 16
4 29
5 60
6 130
7 210
8 406
9 813
10 1636
11 1646
12 4105
13 8208
14 15603
15 27918
16 55849
17 99375
18 198759
19 198767
20 580688
21 779469
22 1558942
23 1558954
24 3897371
25 3897376
26 11692119
27 15589513
28 15589530
29 15589543
30 15589547
31 74050269
32 74050270
33 194869168
34 268919455
35 611889173
36 880808647
37 880808650
38 -1652541362
39 -771732696
40 -662656750
41 1208036499
42 -998085639
43 -998085635
44 -788134770
45 -788134759
46 722526501
47 722526509
48 722526527
49 1379444792
50 -1536077713
51 2010946621
52 -1718127051
53 136186667
54 -1581940365
55 -1445753692
56 -1445753687
57 -178480428
58 -178480424
59 -356960841
60 -713921682
61 -713921673
62 -1427843339
63 903839342
64 -1237925664
65 -1237925656
66 1819115991
67 247104023
68 494208048
69 1322502426
70 1816710493
71 -661546310
72 -1323092628
73 -167928433
74 -335856858
75 -671713720
76 1134829355
77 -1363762274
78 -1236503480
79 -1236503464
80 1593027449
81 -1108912403
82 -1108912385
83 2077142528
84 1452345192
85 1452345207
86 1452345212
87 2139210845
88 -703411224
89 -703411205
90 732388431
91 -674433995
92 -1348867987
93 -1994324747
94 306317799
95 -1688006929
96 -1104348549
97 1502611833
98 398263298
99 -585162547
100 -1476642876
101 -1663542116
102 569619767
103 -1093922344
104 -1093922324
105 2107122638
106 -1174644369
107 -1174644365
108 -1174644360
109 -1416810445
110 -1416810441
111 1461346414
112 1461346428
113 1461346433
114 -1327738442
115 -1327738428
116 267215999
117 -926914425
118 -926914424
119 52877585
120 -1800951259
121 1619979209
122 1619979229
123 1439007193
124 383998354
125 -851982503
126 -467984139
127 503038912
128 -816927720
129 -781872936
130 -781872929
131 -1877634659
132 1635459710
133 -1024047867
134 -1266222805
135 -654810949
136 1107710741
137 -201911150
138 -201911141
139 -201911136
140 -605733408
141 -605733404
142 -1615289073
143 2073944820
144 -147077641
145 -147077630
146 -147077614
147 1632711941
148 1191479068
149 1191479083
150 1191479090
151 1191479096
152 1191479107
153 470949088
154 470949106
155 221368198
156 -748742684
157 -527374471
158 -583799848
159 -1638548787
160 -1638548773
161 -1638548761
162 -1731853326
163 924565219
164 210581669
165 -596706421
166 -386124746
167 -982831151
168 -982831140
169 -1965662272
170 -619188424
171 -641670431
172 -1260858847
173 -1902529264
174 -1902529254
175 -770950063
176 -770950049
177 -1541900106
178 1701075865
179 159175768
180 -1223548576
181 -1223548558
182 -586845495
183 -586845476
184 -586845472
185 -586845463
186 1947585404
187 1947585411
188 2134634410
189 2134634423
190 -25698461
191 1896188507
192 1844791596
193 1844791613
194 1844791615
195 -1185069710
196 1950526331
197 -1684719048
198 -1684719042
199 -1418911757
200 -1418911751
201 1457143802
202 38232060
203 1267800613
204 -1531790820
205 -263990195
206 967395466
207 967395483
208 139009953
209 278019897
210 278019909
211 695049766
212 973069683
213 1946139363
214 -124668670
215 -805377153
216 -930045814
217 1059117428
218 129071629
219 129071634
220 387214879
221 516286516
222 1032573031
223 2065146069
224 -680961664
225 1384184412
226 -494025436
227 -2020623906
228 -2020623892
229 1143878478
230 1397597984
231 -1753490832
232 1041705133
233 1041705147
234 -1423571377
235 -1093651910
236 -433812989
237 -867625981
238 -867625978
239 -391320932
240 -2126572876
241 -391991442
242 1776402987
243 1384411560
244 642250241
245 -491902503
246 150347752
247 -833457240
248 851649824
249 851649829
250 851649847
251 851649849
252 -1721825172
253 1684774195
254 1666248731
255 -1814119685
256 -1814119679
257 -277216432
258 -277216424
259 112295089
260 2038709855
261 1596572089
262 -659685333
263 936886764
264 -382483906
265 -764967824
266 726321801
267 -143928491
268 371828358
269 371828364
270 1326050034
271 -1642867211
272 426839549
273 426839552
274 536861939
275 963701509
276 -1940724728
277 -977023217
278 -977023207
279 400196159
280 -1553850263
281 1187266780
282 -1920433745
283 -1886821055
284 521325175
285 1009037677
286 2018075352
287 -1267854258
288 750221098
289 750221099
290 -1035266319
291 465175889
292 180130677
293 645306584
294 255346847
295 510693684
296 1411347124
297 -2117579629
298 59808033
299 -646424462
300 1590771243
301 944346795
302 -169078014
303 -169077996
304 606190805
305 1212381610
306 1212381625
307 1212381629
308 -220709606
309 -220709595
310 1983344073
311 -1540660794
312 -1540660788
313 1213645730
314 -105041360
315 -105041356
316 -210082710
317 793480311
318 583397602
319 583397620
320 583397626
321 -1961376830
322 582296344
323 371112366
324 -424570476
325 -424570465
326 -478028560
327 -1327169491
328 2011740677
329 2011740679
330 -1598655427
331 -1870141356
332 554684574
333 554684577
334 1935539684
335 -1804743031
336 130796660
337 -1673946365
338 947074577
339 -726871772
340 -726871753
341 -1453743520
342 2114352035
343 2114352042
344 2048088817
345 -132526425
346 -132526408
347 1716772782
348 1319193521
349 -1259000973
350 60192552
351 1704631475
352 1764824042
353 1764824051
354 999504844
355 1938817132
356 -417333032
357 1521484101
358 1104151080
359 1104151088
360 -2086665116
361 1643121170
362 1643121177
363 1199577239
364 -1452268876
365 -1261416569
366 -1514108190
367 67173669
368 1586616220
369 -1121734869
370 464881363
371 929762725
372 1859525452
373 -1505679107
374 -1505679090
375 -1505679083
376 -1505679063
377 -1505679054
378 1061539202
379 839469318
380 1678938636
381 -715020126
382 -715020121
383 -2145060373
384 -1056692646
385 -1056692640
386 -678498482
387 -1356996948
388 -1356996934
389 -154217692
390 -308435383
391 -308435377
392 -616870755
393 -925306124
394 -1850612253
395 285307422
396 -1565304825
397 1164357647
398 1403409168
399 1403409171
400 -323791301
401 -1811940246
402 -2135731538
403 -2135731522
404 -2112227296
405 394304009
406 788608019
407 1182912033
408 1182912036
409 1182912046
410 42376844
411 -1886766356
412 -661477456
413 -661477440
414 -1322954893
415 -1322954883
416 326102629
417 1313682725
418 316830489
419 1956615846
420 -381735604
421 1574880262
422 -828376290
423 -828376281
424 -81872307
425 -910248576
426 -1820497151
427 1482349270
428 1482349286
429 1144201418
430 -2006564472
431 -862363049
432 -1724726095
433 -1967102908
434 -1967102901
435 360761507
436 -1865566130
437 823059775
438 823059787
439 -219446558
440 -78131602
441 -78131586
442 447350060
443 447350063
444 518990393
445 1335558941
446 1335558952
447 -1104858993
448 -1104858984
449 -1104858966
450 2085249353
451 2085249367
452 -124468560
453 1960780819
454 1960780837
455 1587375183
456 1587375185
457 -1618091108
458 1556659277
459 1525943374
460 344294629
461 1870238016
462 -554491268
463 -554491255
464 -554491241
465 -1108982495
466 -1108982491
467 2077002317
468 -1249945156
469 827057168
470 -563850639
471 263206535
472 263206542
473 526413080
474 789619640
475 1579239272
476 -1926108378
477 -1926108364
478 -956944738
479 -514194177
480 897720018
481 1795440040
482 -1601807228
483 1091352838
484 1284985655
485 1284985672
486 -440010306
487 -1073653428
488 -1073653419
489 -17345809
490 -17345803
491 -17345784
492 -1125690807
493 2043585675
494 917894879
495 1801098171
496 1801098190
497 -2026257667
498 1575938711
499 -450318951
500 900460300
501 1800920599
