0 0
1 1
2 13
3 26
4 45
5 104
6 209
7 404
8 632
9 635
10 1279
11 3170
12 4456
13 7630
14 15271
15 30536
16 45808
17 45812
18 45818
19 167985
20 305438
21 305441
22 778870
23 1084331
24 2168648
25 4337301
26 6505952
27 14875111
28 28971360
29 56858379
30 56858396
31 142688146
32 300251400
33 499797953
34 999595906
35 1499393872
36 1499393874
37 203214312
38 -1092965234
39 609642972
40 1219285940
41 -1856395423
42 -1856395419
43 -1883861927
44 527243454
45 1081953405
46 -2131060474
47 -1049107063
48 1114799766
49 -456170900
50 1773428628
51 -748110035
52 634840403
53 -1976179418
54 -2089449040
55 229338841
56 458677696
57 688016553
58 -713415945
59 433278312
60 407878937
61 127741313
62 127741332
63 255482663
64 918844264
65 1837688526
66 -1282951832
67 554736699
68 2028317668
69 2028317681
70 871141463
71 632809536
72 1265619065
73 1898428612
74 373031388
75 -2023507287
76 2146381325
77 -635014173
78 1759319873
79 1620211140
80 -1427576407
81 192634746
82 385269490
83 385269493
84 385269505
85 -79133164
86 306136342
87 612272691
88 612272699
89 1530681748
90 -1539740141
91 -9058375
92 -18116755
93 -36233515
94 -36233512
95 -36233501
96 -135875645
97 -244576157
98 -244576151
99 -697494955
100 -697494948
101 -697494930
102 1713330163
103 -623730810
104 -1002885478
105 -1308275996
106 -1919057044
107 -1919057038
108 456853232
109 -394569531
110 519136927
111 124567408
112 -1213068982
113 -963934168
114 -2052435734
115 190095837
116 255624253
117 -1606715633
118 -1160995542
119 1972976219
120 811980683
121 272869982
122 1084850667
123 1084850673
124 -1040415283
125 1402156058
126 -1490655195
127 -88499135
128 -176998269
129 -1756152579
130 -1756152562
131 782662156
132 -973490399
133 -1946980792
134 1374496110
135 1775501821
136 229526758
137 459053508
138 -1830885206
139 633196887
140 -738634798
141 -105437897
142 -105437883
143 -105437878
144 -1054948444
145 -1054948440
146 1974194653
147 -135702213
148 -271404432
149 512139586
150 105032947
151 210065907
152 555834016
153 555834028
154 1321733952
155 -1546466436
156 886935574
157 -659530851
158 -659530832
159 -1978592533
160 1884248655
161 -753874706
162 1130373964
163 -377375432
164 1883372492
165 -528222319
166 1355150188
167 -1584666927
168 -757739044
169 1952561344
170 965305578
171 -1377100365
172 -1377100353
173 -1377100343
174 1128971819
175 -1625228864
176 -332590794
177 -332590783
178 -665181574
179 1339375290
180 341602952
181 1680978247
182 2022581204
183 1089570409
184 498162574
185 1337928101
186 1836090689
187 466784484
188 933568962
189 279404956
190 558809916
191 558809917
192 -1964373530
193 -846753684
194 -1693507379
195 907952547
196 1257095177
197 471540352
198 1728635540
199 1728635559
200 -366155832
201 524783516
202 -207528152
203 -48900450
204 268354916
205 11926321
206 11926328
207 23852656
208 47705324
209 83484322
210 178894968
211 310084629
212 620169253
213 930253891
214 1860507779
215 -395056772
216 -1899262395
217 -433811386
218 -433811374
219 1528082149
220 660459404
221 -2106425726
222 -1445966320
223 1403034655
224 39184182
225 39184192
226 35436716
227 74620928
228 188426031
229 376852057
230 714519929
231 1389855665
232 -1625313598
233 855914066
234 855914080
235 1711828159
236 -871310988
237 -871310979
238 -1742621964
239 1681034357
240 -1804209572
241 -123175213
242 1434683945
243 1188333532
244 -1795125027
245 827892460
246 1655784911
247 688552350
248 -1950630019
249 393707260
250 787414506
251 787414517
252 1968536303
253 1986442586
254 1628547890
255 -679976805
256 608582691
257 -71394110
258 1485759667
259 1342971463
260 -1466236163
261 1899683565
262 -1032788752
263 743630117
264 -289158624
265 1321366313
266 1321366317
267 1321366325
268 -330868336
269 -661736658
270 -661736655
271 -1323473302
272 -1323473298
273 -1323473296
274 -1323473291
275 -1323473289
276 -998925871
277 649094848
278 1298189702
279 -375114599
280 573244096
281 2145414057
282 -1576309125
283 569104948
284 1336339390
285 -1820418009
286 -1820418006
287 983266498
288 -1321230126
289 1652507046
290 331276921
291 662553859
292 -1986593085
293 659744759
294 -664294466
295 -4549701
296 -4549692
297 -4549682
298 -4549677
299 -682493205
300 -700691955
301 -1383185155
302 1528596982
303 -555280119
304 -409868281
305 -1520428517
306 -1520428505
307 1254110285
308 1254110302
309 -942504703
310 311605605
311 623211219
312 623211220
313 1869633658
314 -867305589
315 1625539294
316 758233723
317 -1911194263
318 1474906841
319 1474906852
320 1038619447
321 2077238891
322 -1179108952
323 -883311047
324 -1766622098
325 -713183755
326 -713183751
327 -713183744
328 -1426367488
329 -1426367470
330 729048613
331 744913464
332 -2091956611
333 -2044361991
334 903562171
335 -1140799810
336 -78588928
337 -1219388725
338 715390029
339 -819825243
340 1751754638
341 1751754650
342 -2115281941
343 1283792138
344 -1622947807
345 1049071691
346 346388749
347 346388769
348 118901417
349 465290202
350 930580399
351 -2087417759
352 -572645740
353 -1729483086
354 1992838476
355 -1466127704
356 -1775418046
357 -1775418039
358 1270841995
359 548845517
360 1819687516
361 1863957003
362 1208364753
363 1208364768
364 -1878237768
365 -669872991
366 1732575780
367 1732575789
368 -829815721
369 -1659631445
370 975704421
371 218833063
372 -1294909662
373 -100372167
374 -200744342
375 -301116491
376 -602232984
377 -1204465976
378 1986407515
379 179708572
380 359417138
381 718834277
382 1257959992
383 1257960006
384 -521087307
385 -1581300309
386 -844427596
387 -844427591
388 -844427586
389 -844427584
390 -844427566
391 917256970
392 -1616025756
393 1062915777
394 -553109976
395 -553109969
396 -1659329910
397 1529417450
398 -129912458
399 -1366044848
400 -1625869763
401 1043227777
402 -582641976
403 460585817
404 -2070742980
405 -1610157153
406 -1610157136
407 -996089971
408 78563055
409 -917526905
410 849756351
411 10792518
412 -56978030
413 -56978017
414 -113956042
415 -170934058
416 -398846136
417 -740714249
418 -1139560372
419 -1139560367
420 2015846571
421 -1402834535
422 -1402834526
423 -1929382839
424 -440084594
425 -440084578
426 -440084560
427 1045330728
428 165161596
429 770407774
430 1540815545
431 -1818582370
432 492640969
433 214874157
434 429748304
435 1137263446
436 455944515
437 -1564495894
438 458460372
439 -650090999
440 -1300181997
441 1694603295
442 -255669699
443 -511339388
444 -372587783
445 -1139596868
446 -1512184644
447 503588925
448 1774186943
449 -374005626
450 1400181330
451 1400181331
452 409165625
453 -1459444621
454 349902341
455 -700376654
456 -571959
457 -700948607
458 -1051994876
459 1841075213
460 -612816870
461 -525257079
462 -1138073948
463 2018819414
464 1583746734
465 1939235122
466 1939235128
467 1939235143
468 -416497024
469 -832994033
470 689744097
471 -559746943
472 -1119493884
473 -1119493873
474 2055979556
475 -53011034
476 883474658
477 647455443
478 1477919085
479 -1339129137
480 786245407
481 -552883726
482 1019607082
483 -86160367
484 933446729
485 933446733
486 -1494627110
487 372266355
488 -188914003
489 -1311274741
490 -1127922380
491 -1127922378
492 911200169
493 911200180
494 911200197
495 477755800
496 1388956013
497 1866711819
498 -561543654
499 1305168181
500 -1684630933
501 -1980305869
