0 0
1 17
2 20
3 47
4 91
5 97
6 192
7 393
8 597
9 1390
10 1999
11 3988
12 7396
13 11402
14 24799
15 24818
16 24824
17 49658
18 74493
19 74503
20 148997
21 347659
22 347676
23 993329
24 1837662
25 3675333
26 6854001
27 12367005
28 25727349
29 38094371
30 83042740
31 159231481
32 280368612
33 586464567
34 586464580
35 586464596
36 2039762359
37 2039762365
38 1543951180
39 1914973217
40 1914973237
41 -1176274592
42 738698663
43 1477397315
44 -2078871309
45 -601473991
46 -601473984
47 1013148014
48 -189799941
49 221874104
50 443748206
51 443748214
52 1109370534
53 1996866970
54 1996866985
55 1251885414
56 -1791196455
57 1457555954
58 -1379855396
59 1535256519
60 -178239373
61 -22838231
62 -45676469
63 -68514694
64 -68514678
65 -383783429
66 -566489268
67 -1087302063
68 -1653791322
69 -1653791315
70 -99917388
71 -99917380
72 -99917360
73 -99917340
74 -399669463
75 -499586788
76 -999173579
77 -1498760349
78 1297446594
79 -201313749
80 -402627501
81 -805254989
82 -111749636
83 -917004616
84 -1834009233
85 224321335
86 851270168
87 1075591508
88 -2143784271
89 -1826610486
90 -2043533068
91 -1718960520
92 -1294136762
93 -1294136744
94 -12266710
95 -24533437
96 1669893660
97 1669893664
98 -955179966
99 -955179963
100 -955179952
101 1429427433
102 233781230
103 -1202331206
104 460877475
105 921754948
106 180301225
107 180301228
108 1282357420
109 1282357426
110 -1730252447
111 -1730252446
112 -715488816
113 -715488801
114 -596515202
115 -1312003993
116 1670959306
117 -237559871
118 -1190608546
119 242790895
120 -826422203
121 -1774239852
122 1694305259
123 -79934592
124 -743500489
125 -903369659
126 -1726804729
127 -1726804717
128 -885446879
129 -885446862
130 -929535875
131 1594537699
132 -220445032
133 1374092669
134 -1546781950
135 -172689262
136 -565823571
137 2009672523
138 2009672524
139 -841445813
140 -1682891626
141 929184049
142 929184068
143 929184080
144 -1507415092
145 -402754518
146 -402754512
147 -805509011
148 1176534180
149 1176534183
150 742050334
151 -2005357608
152 1089761107
153 -915596498
154 -1089142650
155 -914978024
156 1375250140
157 460272134
158 -1084194878
159 -163650619
160 587676790
161 1175353579
162 975457011
163 1490641899
164 1490641904
165 837127117
166 -476556363
167 22344285
168 382915041
169 -2038495302
170 -2038495298
171 -2038495292
172 217976713
173 -1820518576
174 -1384565151
175 -730635008
176 -2115200152
177 64566986
178 -1691384591
179 552949546
180 1105899102
181 1105899116
182 1137930168
183 -2051137997
184 192691294
185 -1858446686
186 -1665755386
187 -1665755370
188 -702298832
189 261157714
190 -1336131260
191 -1336131251
192 1181563675
193 -154567559
194 -154567550
195 -1799833934
196 -1954401471
197 1413160473
198 -541240983
199 871919493
200 871919498
201 1202598023
202 -476610785
203 -476610772
204 249376474
205 -227234294
206 271518649
207 -659560712
208 -659560711
209 -1274837063
210 1745293166
211 -577146669
212 -577146668
213 -683837224
214 -1260983880
215 -1353821272
216 996324937
217 1415503194
218 1415503209
219 -467635950
220 -1931596825
221 1428098577
222 -971134191
223 -971134190
224 -971134178
225 878066500
226 -2035336048
227 -2128403723
228 1009294038
229 1047453894
230 -71655784
231 -71655767
232 1913436394
233 1770124848
234 -754717601
235 1015407262
236 2030814527
237 1680098141
238 -323364952
239 107987696
240 215975385
241 323963083
242 323963090
243 323963096
244 323963110
245 971889304
246 1943778601
247 -1379299373
248 564479243
249 -814820115
250 1286027672
251 1035686816
252 -1973252800
253 348461700
254 -117896723
255 -117896703
256 112668290
257 225336575
258 220108170
259 220108180
260 778221217
261 998329405
262 998329415
263 -1299979065
264 1474900978
265 -2123386557
266 48194195
267 -2075192349
268 319504518
269 -1707493625
270 -1707493607
271 -827513561
272 371971038
273 -455542510
274 -83571465
275 1592817196
276 598160717
277 1651863946
278 -535696900
279 -1071393789
280 -2059216112
281 1164357401
282 -1966252498
283 -801895079
284 -1603790158
285 -76970422
286 -153940849
287 -230911264
288 -230911259
289 -461822506
290 -1154556280
291 -2078201308
292 1062209728
293 1662596943
294 -969773403
295 -1477724301
296 -1800892338
297 1016350669
298 2032701335
299 2032701342
300 1803136710
301 -1705044519
302 -1705044508
303 -1705044488
304 -1279295459
305 -394417154
306 -788834311
307 -1577668605
308 1534047243
309 1788799015
310 956343362
311 -1549824907
312 1195317475
313 -1904332336
314 -1904332324
315 131795220
316 618097873
317 749893109
318 749893116
319 345346996
320 1845133240
321 1845133252
322 1845133270
323 1845133281
324 -1209401535
325 -1814102273
326 -1178370507
327 1302494528
328 -1689978240
329 -1689978233
330 -2077461931
331 -2077461915
332 140043460
333 -1937418442
334 947657542
335 -989760884
336 -1839478316
337 -1839478301
338 -1363511086
339 1091977926
340 344477539
341 1436455481
342 1509399874
343 87343530
344 87343539
345 1684086948
346 -926793385
347 -1853586773
348 -921606136
349 -1930555791
350 -1930555783
351 1953630113
352 -1907481452
353 -441601744
354 1945884102
355 1504282375
356 1101083294
357 -185319254
358 70963228
359 141926453
360 1128653740
361 1156224168
362 -1868162918
363 416714995
364 833429991
365 833429993
366 833429994
367 833429999
368 -544532307
369 -544532296
370 -1089064584
371 -1089064565
372 1027773551
373 -1150355585
374 -1150355579
375 -1272937605
376 660027526
377 -1885847683
378 -1885847676
379 -1239993711
380 -1329631851
381 -1386326089
382 -1386326069
383 -1386326059
384 -1386326055
385 -1386326035
386 135989161
387 271978327
388 -978358530
389 -706380195
390 -1276771229
391 -1983151416
392 328664470
393 -1654486942
394 -290777802
395 695215620
396 404437821
397 808875652
398 1213313491
399 -1173124692
400 849064453
401 -324060219
402 565193035
403 1090197274
404 1655390324
405 -1308246879
406 1437340736
407 1784484191
408 364198357
409 -2017190872
410 260585537
411 -1756605329
412 1145954996
413 -610650331
414 -610650313
415 -1571365424
416 -1646711065
417 -144409817
418 321830693
419 177420896
420 499251594
421 676672501
422 1675175704
423 -1443867494
424 -1443867485
425 -1212559271
426 -1212559259
427 1869848776
428 -1999137234
429 -129288445
430 1611271873
431 1611271893
432 -1072423515
433 21694583
434 21694590
435 -2101457858
436 -2101457839
437 -2101457828
438 -2101457818
439 -2009406178
440 276154930
441 460258237
442 -1272993007
443 1748981292
444 -797004718
445 -797004699
446 -1594009414
447 1582936755
448 1582936758
449 1582936771
450 453842992
451 453842997
452 453843007
453 907686012
454 907686015
455 907686017
456 -1571909243
457 1151148819
458 1394611627
459 -1505744055
460 -111132413
461 -1616876461
462 -1728008869
463 950081977
464 950081983
465 -1555853772
466 -605771782
467 -1211543564
468 -1473005141
469 1004646818
470 1004646828
471 2009293666
472 2009293685
473 2009293704
474 -276379901
475 -1833786596
476 -100872782
477 2083928035
478 1882182467
479 1882182469
480 1452452909
481 921850554
482 921850558
483 883369196
484 -1567896973
485 -1683341046
486 1043729285
487 2087458563
488 -1163779446
489 -1163779444
490 -240100310
491 -480200628
492 -480200623
493 766906852
494 -193494398
495 573412471
496 1146824938
497 -2001317431
498 -474574402
499 -474574387
500 -1803641272
501 1542177247
