0 0
1 13
2 15
3 34
4 51
5 128
6 233
7 429
8 792
9 1642
10 2874
11 5984
12 5999
13 17301
14 29287
15 46589
16 75885
17 122481
18 291544
19 536519
20 950556
21 1977003
22 3464084
23 6928176
24 13856340
25 26225610
26 47010132
27 94020266
28 167256025
29 348368375
30 609644674
31 1219289343
32 -1856388609
33 -27454578
34 293459222
35 -371094603
36 -371094594
37 -476184549
38 -847279142
39 -2065652879
40 -2065652870
41 -1159802139
42 1069512307
43 1069512325
44 -1086430371
45 -16918043
46 1035676232
47 -67672173
48 -67672166
49 -67672163
50 -67672153
51 -67672137
52 -135344286
53 -270688564
54 -609049285
55 -879737833
56 -1962492094
57 572999534
58 2025736920
59 2025736936
60 -1632985997
61 392750955
62 -1240235023
63 -1240235022
64 574262212
65 574262226
66 -91710576
67 -1423656175
68 -366842298
69 -366842291
70 2137626552
71 1403941980
72 1384227774
73 1384227781
74 -1526511729
75 -1649081480
76 -1649081474
77 854520403
78 1851324765
79 -1589122110
80 1116723078
81 1116723084
82 -2061521127
83 -2061521122
84 816249111
85 2104897250
86 -1373820930
87 1547325441
88 1033129762
89 -167186658
90 865943123
91 865943131
92 865943136
93 -1697137903
94 34748372
95 69496751
96 138993507
97 -587956121
98 -379465853
99 -828428454
100 -1656856911
101 1430216086
102 1430216101
103 375146832
104 750293674
105 -1965951510
106 2019921199
107 -1685340982
108 -881077600
109 -881077582
110 -1762155169
111 1651734563
112 -991498179
113 1430893345
114 439395168
115 768369742
116 1647160094
117 -1440042274
118 975487581
119 -464554685
120 510932898
121 46378220
122 1068244018
123 1114622250
124 -1554789909
125 1185387482
126 1185387483
127 -1296115966
128 -110728477
129 -590859371
130 373071154
131 -217788215
132 -546304907
133 -1092609797
134 -1092609785
135 1718725748
136 -1230586945
137 488138814
138 -1208941954
139 -720803126
140 1622774091
141 -306970985
142 -613941957
143 -613941955
144 -613941940
145 2146170474
146 2146170494
147 -1844452169
148 -1844452157
149 606062976
150 -1238389169
151 -26263212
152 -1264652379
153 -1290915578
154 474746966
155 -816168608
156 1371714499
157 -1525275083
158 -153560571
159 -1123289751
160 1492841911
161 -1309283491
162 1676400330
163 1859958757
164 1859958777
165 1284909004
166 -1908707723
167 477551863
168 1713711928
169 -2103703494
170 -1821147406
171 2083828330
172 2083828335
173 2083828352
174 1956517729
175 -381931827
176 1447275303
177 1447275319
178 1447275333
179 1621444562
180 1621444578
181 1621444594
182 2016641787
183 2016641792
184 307682724
185 1667443614
186 1975126353
187 -652397309
188 -1304794630
189 -1304794616
190 1685378058
191 -924211169
192 761166905
193 -163044257
194 598122654
195 272034149
196 544068292
197 544068303
198 1795249154
199 -541424729
200 -1680972119
201 -427147684
202 -310227070
203 -1164522430
204 170673274
205 -1304076218
206 -1304076211
207 1857488148
208 -750664270
209 -1330655266
210 -223831382
211 -223831368
212 -671494133
213 -671494132
214 -1566819618
215 1385159425
216 -1748479814
217 -363320382
218 2001506925
219 1638186563
220 1638186578
221 982912780
222 982912782
223 -690955143
224 -690955133
225 583915299
226 -107039830
227 476875483
228 262795832
229 632631486
230 895427325
231 -2027237150
232 240492979
233 240492994
234 480985986
235 -1065265184
236 -1065265172
237 -1168558396
238 1476864550
239 -1341238196
240 -1341238184
241 855531903
242 855531917
243 1711063828
244 1711063835
245 1711063842
246 -1745679258
247 -34615401
248 -69230798
249 -103846196
250 -207692392
251 2133903268
252 2133903272
253 -234853128
254 -573552469
255 -808405577
256 -808405573
257 -291313465
258 -291313448
259 -291313437
260 1804215810
261 1512902374
262 1512902387
263 535053288
264 2047955689
265 -199055930
266 1848899771
267 1450787916
268 1388673441
269 1388673449
270 1782067298
271 -730832716
272 -730832713
273 -730832700
274 -730832691
275 -1461665378
276 1371636545
277 1371636557
278 1371636576
279 1922411611
280 280688618
281 -720230490
282 -720230478
283 -1440460958
284 -1440460941
285 254273060
286 -1186187870
287 1922591556
288 1922591571
289 1922591580
290 286619555
291 1759426967
292 1596262385
293 -652658379
294 617274818
295 1560878826
296 -1173209635
297 -1173209619
298 -785540421
299 -785540409
300 377467215
301 -1193613601
302 -816146385
303 1877134134
304 -540699027
305 -673324868
306 663110242
307 -10214607
308 -20429227
309 -581557476
310 -612201298
311 -1224402603
312 -1836603900
313 19772794
314 19772798
315 1273506399
316 -1747954508
317 -1747954493
318 -1747954474
319 324610230
320 649220469
321 24934530
322 1797823567
323 -1822988711
324 -1822988693
325 -1848153819
326 623594189
327 1222253836
328 1845848034
329 1845848045
330 1845848065
331 -1206542406
332 639305663
333 639305676
334 72068949
335 1350680299
336 1422749252
337 -810163110
338 1963266445
339 -296365444
340 856737903
341 -1771328388
342 -914590474
343 -162279950
344 -162279943
345 2141226460
346 1816666570
347 -1576224622
348 -1576224607
349 1142518075
350 1947961877
351 1514255358
352 1452286086
353 185829506
354 1947883622
355 2133713133
356 1424745069
357 1211374536
358 -1686388708
359 -475014160
360 -1686537407
361 447027034
362 2105428611
363 865918256
364 1256822352
365 -66798066
366 2055942548
367 1922346421
368 1922346435
369 1538870043
370 1538870052
371 1538870055
372 -2050977989
373 1026762129
374 -702573000
375 -702572985
376 -702572983
377 -2107718963
378 782102366
379 -2028189568
380 238588164
381 477176314
382 -1312425079
383 -835248748
384 2147293473
385 715384134
386 2027428877
387 -1552154278
388 1190658749
389 -1913649794
390 467667700
391 467667717
392 212344375
393 1147679796
394 381709802
395 381709809
396 1911099420
397 -2002158057
398 -91058630
399 -91058620
400 -273175877
401 1837516121
402 1837516141
403 1837516146
404 944405245
405 -1513045885
406 1268875514
407 80299875
408 1349175404
409 1349175415
410 -1760486967
411 -1760486961
412 2123168801
413 1300545699
414 1663227551
415 1565968135
416 -1937024390
417 420918505
418 -1281331789
419 431758021
420 431758039
421 431758050
422 434860828
423 866618889
424 866618905
425 -1263352583
426 -396733671
427 508012388
428 581163942
429 295708997
430 295709001
431 1680594335
432 1976303338
433 -46651610
434 -389012218
435 -389012207
436 -824676024
437 -824676020
438 -2038364233
439 -170773392
440 47465428
441 483943067
442 360635117
443 892043615
444 892043624
445 -1666301859
446 478420501
447 956841013
448 1435261519
449 1435261538
450 -1424444232
451 -1413626950
452 -1402809631
453 -1370357737
454 118990295
455 118990315
456 237980629
457 1997761185
458 1997761198
459 176516340
460 -122928554
461 -122928546
462 1928420449
463 1859079694
464 -507467142
465 -507467127
466 -1014934249
467 -1522401370
468 -1693190181
469 -443025618
470 -886051247
471 1272700264
472 1022999147
473 1022999154
474 1989621718
475 1989621734
476 -315723843
477 1414550629
478 783102953
479 1881929750
480 1458513942
481 1458513944
482 1287093311
483 -1549360035
484 -262266718
485 -1902472842
486 -1902472839
487 490021625
488 -1412451212
489 -432407952
490 -432407938
491 -1787245466
492 2075313906
493 288068454
494 -288678978
495 2074703389
496 -145560519
497 -291121034
498 -436681536
499 -727802558
500 -1164484090
501 -1164484073
