0 0
1 4
2 22
3 31
4 71
5 132
6 266
7 537
8 817
9 1841
10 2664
11 4522
12 10401
13 14936
14 32529
15 32541
16 65071
17 130152
18 130154
19 390461
20 715853
21 1431704
22 2798333
23 2798343
24 2798352
25 9826737
26 18221767
27 28048521
28 56097037
29 114992420
30 114992427
31 114992436
32 229984865
33 631059190
34 1091028931
35 1722088127
36 1722088133
37 -850791033
38 -610553121
39 1982832122
40 -329303048
41 1042975964
42 1042975975
43 1042975984
44 1042975996
45 -1166039335
46 -1166039324
47 -1166039322
48 1839825327
49 -1658292652
50 2144421326
51 -1969013292
52 175408037
53 -1307476563
54 -956660478
55 -956660477
56 -956660474
57 -1913320949
58 468325398
59 -1444995541
60 -508344739
61 896631469
62 -588383404
63 -200096658
64 -400193321
65 -600289968
66 -1200579946
67 -1200579939
68 1293517450
69 -1707932386
70 -1707932366
71 -1707932348
72 -735892273
73 143210319
74 1994353005
75 1994353015
76 -898943229
77 -898943219
78 196466582
79 392933157
80 589399755
81 982332924
82 1262189219
83 -2050445152
84 -2050445146
85 194077015
86 388154031
87 776308061
88 776308063
89 1940770167
90 -801580995
91 1915497246
92 1113916261
93 649943451
94 649943463
95 34333130
96 1334220055
97 1368553202
98 -257973983
99 -1165891424
100 -55312186
101 -110624374
102 -1589801953
103 -1589801941
104 -216464568
105 898898854
106 898898869
107 -8468775
108 1572864387
109 -932773941
110 640090457
111 640090459
112 1280180934
113 1627587926
114 1627587929
115 880479955
116 -159311468
117 961557987
118 1682726492
119 1682726498
120 32043691
121 1714770199
122 1714770217
123 1714770225
124 1714770226
125 849343389
126 -16083455
127 -16083450
128 -16083430
129 -16083421
130 -48250287
131 -80417118
132 -80417114
133 -80417097
134 -305585026
135 -305585023
136 -772004259
137 -1544008502
138 1673369522
139 129361025
140 -818867226
141 -689506185
142 -1249651359
143 -1939157538
144 1106158405
145 -832999129
146 689811495
147 -143187616
148 819783171
149 676595566
150 676595584
151 676595595
152 -1445397364
153 -92206175
154 -861007931
155 1896355828
156 1035347915
157 -1363263542
158 615226110
159 1322658387
160 -788642588
161 534015814
162 534015834
163 1602047462
164 1881436540
165 256548360
166 256548365
167 513096736
168 1026193471
169 2052386948
170 -703290123
171 -703290111
172 1672000198
173 1672000218
174 -950966870
175 1689743441
176 738776586
177 1477553163
178 -1339860969
179 -1728755057
180 -1591062860
181 1112841587
182 748130014
183 1496260020
184 -937735663
185 828433106
186 -109302537
187 719130582
188 500525493
189 500525509
190 -1855655139
191 -135473546
192 -1490603166
193 813235458
194 -812841252
195 -1490208953
196 -1489814745
197 502102361
198 1817440183
199 -1975424741
200 -1145696933
201 -801579124
202 -801579108
203 1546112150
204 1546112155
205 343369150
206 343369167
207 686738323
208 686738325
209 686738336
210 -1548013982
211 -1548013972
212 -1035812962
213 849864720
214 -1733962210
215 -1733962206
216 827042881
217 -1791016805
218 712933687
219 576002644
220 -1408999782
221 -1408999775
222 -1529063221
223 -52095478
224 -104190944
225 -156286417
226 -312572831
227 -625145662
228 -1198195850
229 -2135914333
230 -2135914319
231 -1800202848
232 -1777064187
233 -1777064180
234 1099689073
235 -677375104
236 422313979
237 -255061111
238 -255061092
239 334505764
240 -175616420
241 -351232841
242 -192343479
243 -192343472
244 -735919782
245 -928263242
246 -2048869957
247 1317834104
248 -1659299083
249 -1659299066
250 -2000764032
251 -1024394872
252 -389490655
253 -1413885514
254 -1413885513
255 1467196276
256 1520507021
257 -229558374
258 -1536822356
259 -192562937
260 -438436627
261 2127145395
262 2127145398
263 -40676485
264 -81352973
265 -122029456
266 -203382412
267 -406764826
268 -406764809
269 -1220294462
270 2057760789
271 430701519
272 861403042
273 1722806083
274 777704148
275 -933054018
276 -933054012
277 1495805246
278 1495805254
279 1495805265
280 192448474
281 192448482
282 577345435
283 -341114377
284 -341114358
285 -104883291
286 -209766578
287 -655764224
288 -970414073
289 -1626178281
290 -1626178264
291 -583567531
292 2085221521
293 -124524263
294 -249048530
295 1128081201
296 879032681
297 879032693
298 879032695
299 -778836544
300 1858261538
301 1079424998
302 1079425017
303 -177659573
304 -1234351859
305 -332586407
306 -332586387
307 -997759198
308 -1330345569
309 67337881
310 2034200428
311 -559152825
312 1475047614
313 1687087542
314 -1132832128
315 554255433
316 -1711408819
317 -602897959
318 -602897954
319 -602897950
320 -1808693852
321 1883375514
322 -1131114236
323 -1056432561
324 1579204230
325 522771675
326 1045543358
327 959972477
328 -1766679783
329 -1766679771
330 -1527843708
331 -766235956
332 2000887647
333 -293192005
334 -293191988
335 1414503668
336 1121311690
337 -2052343915
338 -2052343907
339 -1568872454
340 -257281274
341 -1635874241
342 -1635874238
343 -802934898
344 -36997344
345 183286592
346 183286609
347 -2109233266
348 1712374996
349 -30285055
350 1682089949
351 1438233234
352 -1174644102
353 1915394044
354 -433894165
355 1745089020
356 2051944804
357 -191077687
358 -191077674
359 -880088823
360 -880088813
361 -1760177629
362 1654700870
363 1654700878
364 -210953506
365 -210953491
366 -210953485
367 -632860472
368 -843813947
369 -2109534896
370 497804515
371 497804528
372 -1113925836
373 -118316778
374 -236633559
375 -236633556
376 -1207705197
377 -1799289083
378 1287973018
379 1287973025
380 -667681782
381 620291258
382 620291269
383 1860873777
384 -1193510979
385 1240263558
386 1907626365
387 1954378960
388 -432961954
389 1521417014
390 -1252133264
391 269283764
392 269283770
393 807851285
394 94285564
395 94285567
396 996422424
397 1090707992
398 -2019265734
399 -928557728
400 -1857115456
401 580736379
402 70764760
403 651501144
404 -1482670890
405 -2036784058
406 -2036784041
407 -609770532
408 -1219541061
409 1204384030
410 1204384048
411 579456504
412 -1306742697
413 -727286191
414 -2034028883
415 806366039
416 1033275565
417 -921673459
418 917968161
419 -198092564
420 1637843754
421 1637843773
422 1637843791
423 420471477
424 1039035515
425 440227265
426 880454530
427 1320681813
428 1320681828
429 -773149120
430 547532727
431 -225616378
432 869449074
433 869449094
434 869449096
435 869449114
436 869449130
437 -817170861
438 -817170844
439 -764892571
440 -660336024
441 2052567865
442 1392231859
443 -850167558
444 -1700335121
445 -1700335117
446 -806038069
447 630323303
448 -175714752
449 -2051764630
450 191438042
451 191438052
452 -1668888535
453 -1477450471
454 -1477450463
455 -328822161
456 -1806272608
457 -795028403
458 1693666305
459 1693666324
460 457209468
461 1243241098
462 792815914
463 1585631829
464 -673278442
465 1705169307
466 -1677444594
467 -645553714
468 1971969001
469 1326415303
470 -996582979
471 -21196975
472 1635050647
473 617270699
474 -1734010584
475 -499469177
476 18841591
477 -480627582
478 -480627581
479 -480627568
480 -1441882726
481 1891829439
482 1891829445
483 -1953191119
484 -92042517
485 1738425256
486 1738425262
487 -818116768
488 920308503
489 102191737
490 -613733298
491 -409349823
492 -582876
493 -409932697
494 -410515555
495 -1844114243
496 2040337512
497 -624224977
498 -1248449945
499 167662599
500 335325190
501 335325195
