0 0
1 8
2 25
3 28
4 69
5 79
6 216
7 218
8 222
9 755
10 990
11 2416
12 4398
13 8569
14 15387
15 23970
16 23978
17 76305
18 139657
19 215977
20 355636
21 355643
22 711297
23 1066949
24 1066951
25 3556491
26 4623443
27 11025141
28 19205088
29 38410183
30 76820364
31 145460792
32 279896442
33 502177617
34 502177626
35 1429712490
36 1429712494
37 -1435542309
38 -5829802
39 -11659597
40 -17489393
41 -40808601
42 -58297984
43 -134085376
44 -262340946
45 -262340931
46 -262340920
47 -262340908
48 -262340907
49 -1049363664
50 -1311704563
51 1146876352
52 1146876371
53 1146876381
54 -2001214527
55 127710020
56 127710031
57 -1745794471
58 803378366
59 -942416096
60 -139037715
61 -139037712
62 -278075416
63 -695188559
64 -1251339388
65 -1946527944
66 -1946527929
67 -1946527911
68 -1946527906
69 -1946527902
70 401911506
71 803822998
72 -740793397
73 464941108
74 464941113
75 1394823337
76 1859764468
77 -110497257
78 -220994518
79 -906930140
80 -1238421897
81 1818123499
82 1818123501
83 1490894967
84 832174678
85 -1971897649
86 -1971897639
87 -1971897637
88 -788550931
89 1534518741
90 1097139840
91 -128789968
92 1714317690
93 -866331920
94 -944112899
95 -96127111
96 -96127098
97 -1136367095
98 -1232494185
99 -1232494168
100 1829978949
101 1829978956
102 -635009379
103 1194969584
104 559960209
105 484911033
106 -2055126464
107 -1570215426
108 669625422
109 1339250836
110 2008876263
111 2008876280
112 161446086
113 1893107608
114 -231537309
115 -463074621
116 -463074601
117 735421080
118 272346497
119 1007767582
120 1280114084
121 -999318047
122 280796047
123 280796051
124 561592112
125 842388164
126 842388175
127 -1487006737
128 1040157781
129 1237927390
130 1237927392
131 1237927396
132 -1028034059
133 209893351
134 -1399325806
135 258388280
136 -721150818
137 1614738263
138 1614738264
139 1367388191
140 301897428
141 -117355952
142 184541495
143 184541500
144 184541508
145 738165982
146 1174434544
147 -2013283752
148 83858287
149 -1929425464
150 -1929425445
151 519974689
152 -1409450737
153 -369501366
154 -369501362
155 -1628478756
156 -1628478744
157 -1110443666
158 -811436584
159 -1253371815
160 -508763494
161 -508763476
162 102188264
163 2126256789
164 1719681581
165 -346840643
166 1372840941
167 576971392
168 1949812336
169 -1768183554
170 181628800
171 -1586554737
172 1121857813
173 1121857814
174 838789709
175 -1212461941
176 748185588
177 748185607
178 283909260
179 1032094885
180 2064189754
181 -1198682653
182 -1365270428
183 816240838
184 1348572404
185 -2130154034
186 34659217
187 -746922405
188 1452550092
189 -1389867119
190 -684239429
191 -2074106545
192 852381909
193 852381916
194 -1053582140
195 -1053582136
196 -2107164275
197 80638750
198 161277515
199 322555018
200 322555020
201 -1220137970
202 -897582933
203 -897582923
204 1602218492
205 1602218503
206 1602218517
207 1602218530
208 1602218545
209 -1090530204
210 -578841896
211 -67153543
212 -67153535
213 -713148969
214 1778139162
215 930683127
216 930683137
217 -1368610835
218 1557745625
219 2050501068
220 -193965157
221 2045670717
222 1851705578
223 -1278276741
224 -1869832897
225 555301501
226 -741102553
227 -2055633933
228 -2055633919
229 -2055633907
230 183699477
231 -1871934414
232 -1871934400
233 918497448
234 -402338490
235 -402338484
236 -1758113909
237 1732176431
238 -25937464
239 -454213421
240 -506088354
241 745937211
242 239848865
243 479697724
244 1465483809
245 1465483828
246 -644453057
247 821030775
248 -1187421938
249 -1010844214
250 -2021688423
251 1262434679
252 1337447403
253 578193661
254 -1116891549
255 -538697884
256 -1655589415
257 -1395537773
258 1243840117
259 832090799
260 -1513894136
261 -681803317
262 -681803305
263 -1363606603
264 1567754077
265 -477655814
266 -1637114960
267 1702540705
268 65425764
269 1767966488
270 -759034319
271 1139783695
272 -2080825662
273 -2080825660
274 514065352
275 514065371
276 514065377
277 1542196113
278 1003566564
279 -1235139235
280 -1956213105
281 -131524266
282 1975657256
283 -112080111
284 1732052885
285 -699337249
286 920635532
287 1953351176
288 -1420980578
289 532370609
290 1286039508
291 -1944186579
292 -1546757023
293 -1546757017
294 -742733304
295 458719958
296 -1830770346
297 633426603
298 -738623782
299 -105197171
300 -2041164678
301 1409981669
302 -736380175
303 2083583171
304 -1537782611
305 -821762621
306 -275962051
307 -1097724653
308 561735368
309 -1633713952
310 2125264070
311 491550138
312 -1678153069
313 -1678153057
314 938661173
315 1877322351
316 -48772448
317 1828549908
318 -1377359360
319 402418102
320 853608652
321 1707217322
322 -880532671
323 826684655
324 -53847997
325 772836670
326 665140669
327 1384129349
328 -1526708604
329 -1526708588
330 -1004147159
331 -2008294332
332 -1770891386
333 515781585
334 515781601
335 515781607
336 515781625
337 1547344837
338 -1716059211
339 -1716059200
340 -1368991939
341 -506143040
342 -1875134966
343 -1171361848
344 -1171361847
345 77108636
346 2029352254
347 2106460909
348 -82045490
349 -164090981
350 -328181955
351 -733472543
352 798669954
353 -427075511
354 -854151033
355 -1281226540
356 1732514225
357 -829938839
358 -378651151
359 -757302302
360 -1514604590
361 814470428
362 -1457436455
363 -1457436441
364 1380094407
365 -77342031
366 -1612120507
367 -1612120495
368 -1612120487
369 -541394182
370 2141452644
371 1058664278
372 1058664290
373 -577580246
374 -613766312
375 -613766303
376 -613766292
377 -1227532576
378 1226135815
379 -1396743
380 1224739090
381 1224739095
382 -1848282600
383 -1848282583
384 -1848282577
385 -1249880458
386 -651478304
387 545325973
388 -106152316
389 -212304627
390 226869039
391 14564427
392 -77023459
393 -154046932
394 -154046931
395 -143683854
396 -297730767
397 -826531931
398 -1267946532
399 1759074232
400 1759074250
401 1759074253
402 -285691082
403 -571382161
404 902001028
405 -731891000
406 1072111058
407 340220074
408 1011059008
409 1011059022
410 1011059023
411 150540896
412 -2122308338
413 50350607
414 100701213
415 151051829
416 251753044
417 503506100
418 503506120
419 1510518309
420 -1777436766
421 -1777436760
422 -2044355213
423 206256876
424 -1098004565
425 2098958168
426 2098958179
427 -97050948
428 -1292106457
429 -1486208344
430 -776407565
431 -1552815120
432 -909621137
433 -909621133
434 -1819242266
435 -896332341
436 -896332333
437 -896332317
438 -1122893089
439 483077235
440 966154455
441 1449231708
442 1775570312
443 1775570331
444 1775570347
445 1031743699
446 -782248190
447 -494331101
448 -988662207
449 -988662187
450 -1977324378
451 340318530
452 -1637005845
453 -1296687306
454 1701592677
455 1425860977
456 1830766354
457 2024526870
458 -1607187710
459 417339163
460 -203661629
461 -203661624
462 10015930
463 10015948
464 10015951
465 -173613785
466 -143565949
467 -317179719
468 -614327548
469 -931507262
470 -1863014525
471 1500445513
472 -362568994
473 -1656645252
474 -2019214232
475 619107831
476 -1400106394
477 1494754508
478 94648124
479 1589402650
480 1778698903
481 -832217609
482 -1759083339
483 871448736
484 -887634598
485 1687480495
486 -87788704
487 -175577406
488 -263366107
489 -263366104
490 -526732205
491 -526732189
492 -1580196593
493 1661306326
494 1661306336
495 -972354614
496 -1944709230
497 -1255757495
498 122145969
499 1216646554
500 -1861674198
501 571618916
