0 0
1 18
2 33
3 52
4 70
5 170
6 352
7 364
8 1012
9 1905
10 3284
11 5195
12 5210
13 16624
14 30321
15 30333
16 82496
17 164990
18 165005
19 165016
20 495014
21 660033
22 1485080
23 1485096
24 2970188
25 6600414
26 13200819
27 22771422
28 42572673
29 85145341
30 85145344
31 248835607
32 333980954
33 753107254
34 1506214509
35 -1701664574
36 -1701664569
37 -1701664551
38 1449295369
39 -1954033731
40 -1954033729
41 -1567133912
42 -1432603251
43 -658803592
44 -1317607172
45 1659752937
46 -1749261071
47 -1749261054
48 -1749261040
49 -952815854
50 -156370632
51 -156370614
52 -1265557095
53 -1265557079
54 1763853129
55 -1080002276
56 -1080002273
57 -1080002256
58 2134962785
59 658809121
60 1713769669
61 -1922388488
62 450190304
63 -1259623898
64 -1259623881
65 -2069057470
66 156852363
67 156852365
68 1279990691
69 -1734985927
70 -298142863
71 -298142845
72 -894428573
73 -894428561
74 -894428560
75 -894428552
76 1611681632
77 1611681636
78 -1966032578
79 362902157
80 1620232865
81 1620232866
82 -691599403
83 -1746100952
84 -1746100938
85 -1746100925
86 802765445
87 -943335476
88 662195403
89 662195405
90 1183820779
91 1183820796
92 -1265130314
93 1102511280
94 1021201772
95 2123713069
96 -128850690
97 -1278903130
98 -1407753800
99 -691794538
100 916515843
101 1704180993
102 -757754627
103 1171147677
104 2117574053
105 -1764000184
106 -1764000169
107 -239278616
108 527688343
109 1055376685
110 1343786418
111 -1607394450
112 1080178390
113 1080178409
114 -2134610489
115 -237861702
116 -212115390
117 1710379717
118 205970558
119 205970566
120 205970584
121 411941165
122 1029852893
123 1029852906
124 2059705804
125 -1205408574
126 -969023099
127 -114725868
128 -1083748962
129 922060806
130 -276414006
131 -552828020
132 -552828005
133 -1105656006
134 2083655277
135 -127656753
136 850342535
137 1700685058
138 -1743939688
139 -1531880860
140 1019146759
141 294353810
142 294353814
143 -1667966150
144 -1591992611
145 1035008536
146 -1636242585
147 -601234031
148 -1202468079
149 -1803702107
150 1288797122
151 340117621
152 -1377255424
153 -1377255416
154 -1377255414
155 -1377255396
156 -873936725
157 666519770
158 -207416946
159 1125622596
160 918205651
161 918205662
162 918205674
163 918205683
164 918205685
165 918205699
166 -1540350214
167 1214266858
168 592122346
169 1806389218
170 -1304333377
171 502055851
172 -1484466388
173 -982410519
174 1828090408
175 -638786495
176 1189303927
177 -1916359449
178 -727055505
179 -727055491
180 -1454110988
181 2113800837
182 1584186708
183 -596979742
184 919841326
185 322861601
186 1242702940
187 -1809561411
188 78864715
189 754709178
190 754709182
191 1509418371
192 1509418379
193 -1276130537
194 233287854
195 1975994073
196 933151406
197 -919246107
198 -2071780054
199 151407188
200 151407200
201 -1755060363
202 -1603653161
203 1239068175
204 -1816830956
205 358491008
206 -1822924920
207 -1464433896
208 -450731457
209 -450731452
210 1929070511
211 1929070527
212 -887557693
213 1041512836
214 153955156
215 1195468011
216 1195468012
217 -1750076099
218 -1750076097
219 -1109216169
220 -314401056
221 -628802117
222 -943203168
223 -1886406335
224 -1886406328
225 -1886406309
226 1358710352
227 -5541311
228 -5541294
229 1347627756
230 1336545156
231 -1610794371
232 1067837264
233 -542957090
234 -1085914196
235 2123138916
236 1562104903
237 -609723464
238 -609723457
239 -609723452
240 -609723433
241 -609723425
242 1246350084
243 26903227
244 -555916993
245 107612908
246 -421400854
247 -421400843
248 -842801686
249 -842801678
250 1766562242
251 80958890
252 80958895
253 1085678351
254 -2123610582
255 -876014440
256 -1752028870
257 709950668
258 1338942438
259 1338942453
260 759792250
261 -147339474
262 -1004629625
263 -2009259238
264 -2009259218
265 276448858
266 276448867
267 -1456361487
268 -627014914
269 755229406
270 755229419
271 883443916
272 310526350
273 1193970276
274 1193970279
275 42172963
276 42172965
277 84345941
278 126518909
279 295210795
280 506075665
281 1012151327
282 1813437805
283 1813437807
284 344059654
285 1194194982
286 1194194983
287 -1906577326
288 -712382338
289 -1424764669
290 1445437964
291 -1404091368
292 41346613
293 82693225
294 165386438
295 248079680
296 496159362
297 1033665330
298 2025984037
299 2025984042
300 2025984048
301 -1478317127
302 -1478317122
303 -1173649408
304 1643000767
305 -461298833
306 1346385578
307 -1766879768
308 -412441655
309 -832935826
310 -832935811
311 -2078313287
312 550782384
313 689123104
314 1239905490
315 1239905508
316 1239905521
317 -575250763
318 -461378431
319 1443181852
320 1646458192
321 -1205327245
322 -1205327239
323 217607133
324 -546589152
325 1555330801
326 -1184305701
327 42043093
328 -1142262596
329 -1142262586
330 2052485220
331 -1374302567
332 678182673
333 1356365342
334 2034548032
335 452311418
336 452311432
337 452311451
338 904622903
339 1356934357
340 -1581098582
341 1132770142
342 1813228833
343 -1573132535
344 -208232123
345 -416464245
346 -624696361
347 -624696345
348 -1249392704
349 1379717653
350 1379717667
351 885346279
352 -1899578389
353 1745203216
354 -154375158
355 576595964
356 -2127543265
357 -1705322447
358 -1665441675
359 -781119267
360 -1407863393
361 902644556
362 1343187533
363 -1608592244
364 637239853
365 371835158
366 1009075013
367 2018150040
368 2018150059
369 750407822
370 750407838
371 1242148467
372 1242148487
373 1708295380
374 -102374950
375 -204749908
376 -409499814
377 -409499796
378 -1023749513
379 -2047499030
380 199969241
381 604688386
382 604688398
383 604688403
384 604688421
385 -1876213671
386 -1876213654
387 1751916813
388 -124296831
389 1627619983
390 1627619986
391 587892672
392 -2079454629
393 -2079454612
394 -1943396578
395 408174139
396 -1535222423
397 1224522450
398 1224522467
399 1321996641
400 -523925723
401 798070919
402 -1474302979
403 -1200157772
404 1894651754
405 1894651763
406 -505663759
407 -1011327532
408 -1516991276
409 1766648496
410 627317696
411 627317711
412 1504292632
413 -1536039245
414 1222888797
415 1818459911
416 1818459927
417 564841343
418 -1911666017
419 -2004872118
420 -1533236855
421 1228493593
422 1228493600
423 923750349
424 1847500703
425 -1523716241
426 1247534818
427 -276181408
428 971353428
429 695172037
430 1390344062
431 2085516101
432 847418349
433 847418357
434 1694836709
435 1694836721
436 789542848
437 -115751002
438 -115751001
439 558040856
440 326538861
441 1442620572
442 1442620577
443 1442620597
444 32894469
445 65788921
446 131577843
447 197366777
448 328944628
449 657889255
450 1315778505
451 1315778513
452 -676576394
453 -1682097400
454 -1042895276
455 -2085790539
456 1166281491
457 -26110820
458 624354770
459 -321265081
460 276978877
461 1720239246
462 1720239260
463 1720239274
464 865750491
465 -1708977520
466 877012259
467 -820703521
468 -786918284
469 1855380244
470 247758450
471 1372529150
472 -819299440
473 1869450121
474 1869450131
475 1869450146
476 1866612817
477 1866612830
478 -1117808664
479 -1117808651
480 -1117808640
481 379799702
482 379799713
483 -1476017856
484 -1096218124
485 2102531047
486 -89905217
487 -179810429
488 1832815421
489 1563099783
490 1563099801
491 484237281
492 484237282
493 -1763392918
494 768181458
495 -26736888
496 -26736868
497 -1048685205
498 -1102158955
499 2117386284
500 -33457872
501 2083928421
