0 0
1 6
2 19
3 30
4 56
5 69
6 143
7 321
8 544
9 1138
10 2018
11 2032
12 4061
13 4067
14 8131
15 16265
16 34573
17 63050
18 113899
19 235931
20 447459
21 447476
22 1244785
23 1244802
24 2937069
25 4181880
26 8363767
27 17972311
28 34699848
29 68154877
30 102854733
31 223681783
32 447363563
33 876754815
34 1324118396
35 -2094094079
36 -769975674
37 -215832965
38 1215064586
39 999231633
40 1998463266
41 -82207800
42 -380248560
43 -380248555
44 -2139977306
45 1394492892
46 -1588189316
47 1581045016
48 -752628712
49 -752628701
50 75787607
51 -1436614095
52 1428883405
53 1428883421
54 1496940353
55 59739891
56 -1309403614
57 247276642
58 -1002387062
59 -2004774142
60 285419020
61 511098160
62 796517183
63 -411739776
64 -823479545
65 -823479544
66 -823479534
67 1824528687
68 177569614
69 -468340310
70 -290770683
71 1242987310
72 1242987323
73 1242987329
74 1242987335
75 676982012
76 110976712
77 221953425
78 -799080465
79 -577127026
80 -1154254051
81 2097435901
82 -433025635
83 -866051271
84 -933022072
85 -1288917119
86 2073028114
87 -1447987981
88 1832016971
89 1832016990
90 -5893186
91 -636826513
92 1189297307
93 -84355708
94 1104941612
95 1573056702
96 -1616968977
97 976673645
98 932761374
99 932761379
100 -1452770897
101 -520009514
102 -107257646
103 -2080038045
104 -2080038035
105 -1945146838
106 -1945146836
107 -1945146828
108 404673644
109 809347279
110 1214020927
111 -1462251799
112 -248230852
113 -1710482645
114 -1958713490
115 377540327
116 -707171157
117 -707171154
118 -707171149
119 -1743973113
120 429480742
121 -1314492367
122 958811429
123 -355680932
124 -711361863
125 -1422723718
126 -1422723706
127 1341288507
128 1723765604
129 1642330409
130 412417236
131 -597889235
132 -185471982
133 -185471974
134 1085914467
135 117081293
136 1202995771
137 -1888975745
138 -685979969
139 -1254878646
140 -1940858600
141 -1475725654
142 -376495603
143 -376495601
144 2066250443
145 1313259249
146 -915457593
147 397801657
148 -1809609127
149 -1411807452
150 1471352381
151 -1352262533
152 1192640571
153 -100077023
154 -259698983
155 -359776002
156 -359775992
157 -979250972
158 -1698802948
159 1257137400
160 -2140468503
161 373806294
162 -509524803
163 -135718497
164 -645243299
165 -1290486581
166 -2071448369
167 -2071448356
168 -1138416005
169 1372891985
170 1372891991
171 -1549183313
172 1196600673
173 -1901765950
174 -1901765931
175 138852788
176 1826888887
177 -1837790194
178 -1773814438
179 -1773814422
180 -1773814408
181 -1773814402
182 -1026475920
183 -279137426
184 -279137412
185 -837412259
186 98989894
187 -1017559764
188 -1755982119
189 783003051
190 -972979050
191 1331449420
192 -1632068455
193 -490595019
194 -2122663467
195 1381089792
196 1381089797
197 1381089809
198 -151697880
199 -1684485554
200 -1836183420
201 -1836183406
202 -1213582947
203 2019499270
204 -1030267070
205 -224350732
206 2010082419
207 -1520003406
208 -1520003390
209 -1029924362
210 225036149
211 1970075711
212 -1874819296
213 320292584
214 320292594
215 -1234234099
216 -913941504
217 2146791707
218 2146791722
219 -1383862
220 -1383849
221 2144024022
222 2142640177
223 2142640181
224 -9686924
225 2124650163
226 -37363871
227 2077599385
228 2040235516
229 -214496258
230 1695657644
231 1695657647
232 1695657651
233 792005653
234 -111646339
235 680359329
236 680359334
237 1249072329
238 -1796822640
239 812968364
240 945577397
241 1210795457
242 1210795470
243 -1911653236
244 -2026483837
245 -2026483835
246 -458858123
247 -458858115
248 1350767236
249 -1593432830
250 1108101644
251 -52280172
252 813155886
253 1626311767
254 -799678163
255 1587509326
256 -1880824352
257 -293315022
258 -586630030
259 -1173260063
260 -1173260053
261 -1173260044
262 1948447202
263 -398072887
264 -796145764
265 754228556
266 1508457124
267 1508457135
268 -1278053033
269 230404107
270 -1571473399
271 -1571473387
272 1152020526
273 -1990926240
274 1884588207
275 -106338013
276 939344499
277 -1577372589
278 -744366098
279 1973228618
280 590834431
281 -1730904245
282 -1488579877
283 1075483180
284 -1553166495
285 -1553166486
286 -2030849799
287 710951031
288 710951037
289 579686585
290 -29261129
291 -29261112
292 1943066423
293 1943066431
294 -438095540
295 -438095523
296 -876191056
297 -1314286563
298 1228298616
299 -962178984
300 -1048166923
301 -2010345890
302 1502574131
303 1776849650
304 1776849660
305 1776849663
306 1035581695
307 294313733
308 -1188222197
309 -1188222178
310 -2082130628
311 130706028
312 1155320523
313 1122418861
314 1122418875
315 1122418886
316 227609857
317 -1822519674
318 649927950
319 -944981856
320 -2117573574
321 -2117573570
322 59820153
323 -2057753415
324 1411872337
325 -645881067
326 -1231941988
327 -1877823039
328 539321211
329 1078642433
330 1617963649
331 1617963667
332 19602465
333 39204921
334 78409852
335 1755180919
336 1872795712
337 -549375878
338 -1216366537
339 107053303
340 214106613
341 321159920
342 321159933
343 642319858
344 1498746329
345 2141066193
346 629484945
347 616650044
348 -907766110
349 -1815532212
350 663902872
351 663902889
352 -1395492547
353 -1883218986
354 528529328
355 -2086279297
356 853998345
357 -703751613
358 -1936032549
359 -1785785806
360 723395677
361 592793015
362 592793018
363 1908981714
364 -477003852
365 2024770889
366 -838218541
367 1186552360
368 1896100874
369 -1212314043
370 683786839
371 -1740841258
372 -373267570
373 1652331283
374 222009308
375 -239768226
376 -479536450
377 781768365
378 1936804285
379 -2073689995
380 -136885702
381 2084391613
382 -1702578725
383 -1702578719
384 -1702578701
385 -1702578696
386 -812768803
387 -812768789
388 1856660885
389 -1471455394
390 385205509
391 770411017
392 -315838862
393 -315838850
394 -947516570
395 -808783252
396 -808783236
397 -1617566471
398 112317781
399 -1505248670
400 475686712
401 951373424
402 -78188514
403 873184927
404 -2072910744
405 -2072910725
406 1022330755
407 -1050579969
408 120896631
409 -1980263301
410 334440694
411 334440704
412 2053902067
413 -1572183811
414 1150599666
415 -1993767958
416 -843168277
417 1036446936
418 193278668
419 193278676
420 -1413931953
421 9072330
422 -1404859621
423 1485248070
424 1485248078
425 1574708873
426 1574708889
427 1824946627
428 -645074039
429 1519571150
430 -1595523540
431 -75952378
432 -796978804
433 -1593957592
434 1828078524
435 -562857855
436 -562857843
437 -562857838
438 -1454452590
439 -2017310427
440 260346447
441 -1756963965
442 -1496617502
443 1041385836
444 -1951849176
445 -910463332
446 -1820926660
447 -843503536
448 -1231775401
449 -1231775390
450 -1743477013
451 1718476610
452 1806416106
453 549640324
454 -1938910861
455 2135622189
456 -1742199527
457 393422678
458 786845352
459 -365220161
460 -365220149
461 -365220133
462 -365220113
463 -365220106
464 -365220097
465 -365220090
466 -1095660286
467 -1826100457
468 277546261
469 277546272
470 1928299092
471 -1811575670
472 116723425
473 116723429
474 627716555
475 627716563
476 1488879980
477 -1550654190
478 1310382352
479 -1790926032
480 -542317870
481 1721451560
482 1179133695
483 -1394382035
484 963885359
485 -1824878709
486 -860993341
487 1178598575
488 1178598592
489 -1937770127
490 -1937770117
491 419427063
492 -1518343037
493 1258281220
494 1258281236
495 998219420
496 -1879101386
497 -880881946
498 -503482659
499 2029720743
500 645356141
501 1290712282
