0 0
1 1
2 20
3 41
4 56
5 127
6 198
7 399
8 725
9 1521
10 2654
11 5511
12 10427
13 15958
14 15966
15 50518
16 82445
17 175321
18 340221
19 597996
20 938236
21 2051788
22 2051798
23 2051802
24 7691625
25 13847023
26 23590463
27 47180932
28 92310050
29 163081453
30 302572442
31 465653897
32 1023617858
33 2047235718
34 -455887366
35 -455887355
36 -911774711
37 1247304158
38 1470990450
39 -1576672669
40 -226040123
41 -1802712785
42 -887130967
43 1273401208
44 1273401226
45 1273401243
46 1130359930
47 -617804895
48 1785956288
49 1785956303
50 1062901581
51 -277958011
52 61888883
53 61888895
54 908721367
55 908721375
56 1879331656
57 -598192886
58 -598192869
59 -1196385753
60 395281524
61 395281529
62 -1602208442
63 -811645377
64 1881113486
65 1881113499
66 1348373183
67 3987504
68 7975012
69 11962524
70 23925044
71 1396223276
72 1432110860
73 -1466633140
74 1385626045
75 1385626050
76 1385626058
77 -1523715174
78 1166529847
79 1028440740
80 671255423
81 -1566830394
82 -1566830388
83 -1566830386
84 1161306524
85 755782663
86 -1216571581
87 -1216571578
88 -516053967
89 2101552836
90 1585498872
91 737854587
92 -1602686530
93 -1988801482
94 1441333877
95 2144813166
96 -708820250
97 888525312
98 888525331
99 -1081923726
100 -193398382
101 -1275322092
102 1744323112
103 275602656
104 -530718428
105 1489207342
106 1489207361
107 172654755
108 -1143897818
109 -1143897816
110 -625933508
111 -625933488
112 -1251866990
113 1791233317
114 1791233320
115 -712500656
116 1618099001
117 1618099017
118 1811196706
119 1811196724
120 945525162
121 -1538245397
122 -1265294089
123 -46817596
124 -93635181
125 1350975053
126 -1593017209
127 -335677335
128 -671354666
129 -671354651
130 -671354640
131 -671354628
132 1273871386
133 -68837868
134 1205033521
135 -1884900247
136 -146187823
137 378978976
138 -1652109086
139 -1419317915
140 1456331459
141 37013547
142 -1199103012
143 1517782291
144 392706373
145 392706385
146 785412764
147 1178119154
148 1963531925
149 -367903451
150 -1521219664
151 1252527972
152 1252527979
153 983836303
154 -806075022
155 177761287
156 177761298
157 -450552435
158 -272791130
159 -272791128
160 -545582240
161 -545582234
162 -2087299166
163 1116503657
164 1960216196
165 443838470
166 887676924
167 887676939
168 -2075774952
169 -300421069
170 -600842139
171 -600842135
172 -600842131
173 116244888
174 -484597237
175 -969194472
176 1755736226
177 -182652712
178 235536697
179 354828519
180 354828532
181 -1776690019
182 -831496261
183 1686781018
184 1686781036
185 -921405238
186 -921405231
187 -921405223
188 -1842810434
189 609346418
190 609346430
191 -624117580
192 594575282
193 1189150557
194 1768954703
195 -1366404332
196 -2108691081
197 77585131
198 -439405021
199 458052011
200 18646995
201 476699022
202 476699039
203 1430097085
204 1906796141
205 -4675991
206 -4675979
207 -4675961
208 -972101990
209 -981453928
210 -1962907846
211 1350605536
212 -612302303
213 -612302299
214 -612302279
215 -1224604574
216 1233455848
217 -1828055592
218 1863460711
219 44256402
220 1907717131
221 -1074132789
222 833584357
223 1711425118
224 -916373465
225 795051667
226 1590103338
227 1468781558
228 -1236082389
229 1701480718
230 465398337
231 465398339
232 -1429990729
233 -499194052
234 -998388104
235 1367394414
236 -1094780118
237 -725773788
238 -725773779
239 1748639623
240 1022865854
241 1319957929
242 -203503883
243 -203503869
244 912950191
245 -1446201066
246 -940258607
247 -1880517225
248 -1880517213
249 -406325746
250 2008124345
251 1601798613
252 -685044326
253 -1370088662
254 -1370088661
255 184701326
256 1739491307
257 1924192635
258 -446582020
259 -893164030
260 -1339746048
261 -755299458
262 -755299453
263 -1510598910
264 -1510598895
265 1273769495
266 1036940091
267 -1465787652
268 -428847556
269 -1894635188
270 1971484560
271 76849381
272 2048333955
273 2125183350
274 1926883951
275 1882283359
276 -530400591
277 -1016200572
278 -1016200553
279 -680518343
280 -680518325
281 371128928
282 371128938
283 -618778783
284 -1237557567
285 -1794596795
286 644034164
287 1906847102
288 -1100051877
289 -1581324961
290 -1925092350
291 -2055587909
292 -2055587899
293 -127710401
294 -1869011262
295 556944791
296 799602533
297 799602541
298 159428216
299 446566835
300 605995063
301 605995068
302 1658556980
303 -1424420184
304 -1424420174
305 -584288299
306 861838644
307 1723677292
308 -1709451355
309 291776301
310 306002258
311 612004515
312 612004527
313 612004538
314 1224009076
315 -1234944625
316 -10935536
317 1202137996
318 1191202480
319 -1923497899
320 -776037564
321 1595431836
322 -1104103614
323 -1104103609
324 -612775381
325 1473984694
326 -242894280
327 618315051
328 618315063
329 1236630120
330 1854945201
331 -209656133
332 -1413048105
333 -1413048101
334 -1413048095
335 55822997
336 1524694112
337 1636340121
338 1803809147
339 725699089
340 1451398184
341 -2117870015
342 -2117869995
343 -2117869980
344 59227340
345 118454665
346 -1940187968
347 414591368
348 829182726
349 -577959193
350 665814903
351 917038448
352 1004894165
353 -1707219776
354 -702325592
355 -487612748
356 -1189938329
357 -1189938310
358 725152330
359 -464785976
360 -929571950
361 -1394357909
362 1506251474
363 111893569
364 1618145054
365 -1058677187
366 671361437
367 -1445992931
368 -1833308680
369 -2048472294
370 -361445166
371 -1394251756
372 1506463776
373 1506463778
374 1618675813
375 -1057615678
376 -2115231352
377 -1554171215
378 -432050932
379 193513808
380 -670588067
381 -283560453
382 -283560443
383 -283560433
384 -1521269389
385 -2088390246
386 118186797
387 118186811
388 921681278
389 1158054904
390 -1978857493
391 219065510
392 -1759791972
393 -1439847766
394 1095327561
395 -344520186
396 750807395
397 406287212
398 1907901985
399 -1574490877
400 333411123
401 1073109446
402 1073109452
403 2146218903
404 -2529482
405 2143689430
406 2143689442
407 2143689460
408 2136101055
409 -25294685
410 2103217982
411 -80942938
412 -161885871
413 1860389189
414 1860389194
415 1860389201
416 1043371482
417 -1391206601
418 -347835111
419 -347835099
420 -2086876808
421 -2086876789
422 -1965663100
423 1754847692
424 -437436790
425 -527038482
426 -1175290661
427 -1175290647
428 979910721
429 1959821439
430 1959821450
431 -375324395
432 229261924
433 -521386868
434 -521386859
435 -813511796
436 -1856285515
437 582396276
438 582396296
439 -691492938
440 -109096634
441 -800589552
442 -1601179123
443 1092609057
444 -1418256236
445 -1418256235
446 149295210
447 149295214
448 -1445312977
449 -1296017749
450 433970761
451 -2008769539
452 -1574798768
453 -150647995
454 -1725446746
455 844073803
456 1688147607
457 -1762745872
458 -1106619198
459 -1106619185
460 -1443762829
461 -1124779772
462 2045407754
463 920627989
464 1841255976
465 -612455334
466 1228800648
467 1228800656
468 1228800659
469 -1837365980
470 -608565314
471 11670029
472 1860706045
473 655245458
474 655245461
475 -1720665598
476 1450531381
477 -270134198
478 -540268400
479 -1080536810
480 -440408009
481 -1520944802
482 442675084
483 1695752762
484 2138427864
485 -460786650
486 -460786641
487 1216854574
488 295281288
489 590562591
490 2102698460
491 2102698471
492 2102698489
493 -89570321
494 1923557806
495 1833987498
496 -626992312
497 1206995191
498 -46989427
499 533013453
500 -1394952886
501 298066332
