0 0
1 1
2 13
3 33
4 50
5 112
6 200
7 414
8 423
9 1157
10 2323
11 2343
12 6680
13 6693
14 18055
15 18058
16 42807
17 60867
18 146482
19 268233
20 518401
21 518403
22 1036809
23 2073627
24 3110451
25 6220900
26 11404982
27 22809970
28 40435866
29 80871731
30 80871738
31 161743483
32 242615240
33 485230464
34 889589200
35 1860050141
36 -655738755
37 -1715836241
38 1923392312
39 1411867476
40 963684799
41 3977310
42 3977312
43 971639425
44 -939820955
45 39773104
46 71591589
47 147160490
48 290343657
49 290343669
50 839212520
51 839212524
52 839212538
53 -1486986044
54 1320995209
55 1320995225
56 1994216931
57 -1145745964
58 848470978
59 -1277030107
60 419911851
61 -8647273
62 411264582
63 402617321
64 -51883617
65 753351021
66 1506702044
67 -2086797838
68 -580095791
69 -580095778
70 1047977892
71 -112213674
72 355668444
73 243454786
74 599123238
75 842578041
76 1441701281
77 -2010687961
78 1116169394
79 547182717
80 -347335830
81 1316016300
82 -1662934713
83 -346918403
84 -1041172645
85 -1735009444
86 -491067903
87 2068889962
88 2068889981
89 -648255249
90 -805442593
91 615192150
92 -838505683
93 -223313518
94 -223313499
95 -1475383129
96 -1475383110
97 -1475383092
98 -1475383076
99 -1829878595
100 -1961060559
101 -971354924
102 1362551829
103 1362551847
104 1362551854
105 1155240050
106 947928302
107 2103168361
108 -1243870631
109 30050651
110 1837276693
111 623456727
112 -944885486
113 -321428743
114 1224469858
115 1224469869
116 1806082241
117 1806082260
118 1444708205
119 761905424
120 -282271391
121 1241539463
122 959268090
123 959268101
124 -1417163027
125 501373178
126 43478261
127 43478276
128 130434795
129 130434812
130 260869621
131 391304437
132 391304447
133 1304348116
134 2086957011
135 2086957016
136 1183294865
137 1062241599
138 1062241613
139 -987189211
140 1137294020
141 150104816
142 -1870274446
143 -1720169613
144 1991922079
145 271752476
146 271752481
147 -1759540245
148 -944282814
149 -168396009
150 1966253202
151 -905965851
152 -1811931708
153 -920040347
154 -1671684702
155 -1014655310
156 -1014655307
157 -1014655296
158 -420683305
159 -420683302
160 1424290091
161 -431731793
162 -431731783
163 -280540076
164 -280540058
165 -561080130
166 -561080112
167 -2114972143
168 -2114972137
169 -496057092
170 -1553194309
171 -1553194297
172 -1422450522
173 -233871823
174 -963800740
175 -1197672544
176 -1197672536
177 935821486
178 -261851033
179 -261851014
180 -785553084
181 -1571106166
182 1414606004
183 -156500158
184 -156500155
185 -1255053552
186 -1568053861
187 -1721501713
188 -249641813
189 -1971143517
190 -1971143504
191 352680295
192 352680305
193 808399067
194 1513759684
195 -1267447933
196 -1267447914
197 139943223
198 -881192938
199 -2008697611
200 277572058
201 555144126
202 832716190
203 -1224458160
204 -1567723378
205 -1959465328
206 -1959465321
207 -1191686730
208 1911593845
209 -1239558190
210 -143614417
211 1672236490
212 1672236496
213 1672236506
214 578127786
215 578127794
216 1156255586
217 1156255591
218 -826200527
219 330055080
220 660110159
221 1320220316
222 1484185047
223 1484185067
224 -1326597180
225 -1332974032
226 308798920
227 617597826
228 -248989390
229 -1982163846
230 -1982163840
231 -1982163836
232 -1282915783
233 1029887685
234 -253028080
235 776859606
236 523831544
237 794634989
238 1318466536
239 1318466539
240 -863399219
241 1773533871
242 1773533886
243 -747899532
244 -747899524
245 277734844
246 555469693
247 555469704
248 1110939406
249 1110939423
250 -684414222
251 -684414216
252 -257889001
253 -515778013
254 -2142495433
255 1378804868
256 1378804880
257 615114335
258 1993919233
259 1071676035
260 764547194
261 -464824831
262 1371398402
263 1671120783
264 1671120787
265 718395042
266 718395051
267 1855462772
268 668406357
269 1336812724
270 2005219089
271 2005219101
272 -718814532
273 -1003343618
274 -1722158147
275 566121903
276 2135587452
277 979551224
278 979551243
279 -200277370
280 1758825098
281 1758825112
282 1956797
283 -975637651
284 -973680836
285 -1949318481
286 1371967985
287 1770255128
288 1192904638
289 1192904658
290 1233065122
291 1233065128
292 556972252
293 556972253
294 -1947957646
295 -1947957627
296 1512996546
297 1512996549
298 -1268974191
299 244022363
300 53083641
301 2054124911
302 -1699714010
303 651516910
304 -1048197095
305 -1048197076
306 1150376038
307 -294501219
308 -589002428
309 -781324682
310 -781324677
311 -1562649341
312 1950993283
313 -1174305400
314 776687889
315 -790598236
316 -799871795
317 -37094248
318 -1627564267
319 -1664658510
320 165778480
321 165778489
322 1334301502
323 1665858480
324 1667058446
325 -962050352
326 -424020715
327 -424020712
328 -143033324
329 -143033319
330 -2096158412
331 1912742244
332 -183416166
333 1729326095
334 -836315115
335 893010986
336 56695873
337 1842717854
338 1956109607
339 -439443951
340 1516665665
341 581081895
342 581081896
343 -1616137820
344 -1035055918
345 1643773564
346 154743627
347 154743630
348 918204906
349 918204920
350 2145897091
351 2145897103
352 915031822
353 911858724
354 1823717446
355 -644359297
356 857178512
357 -431540073
358 -218720844
359 -437441686
360 -230524078
361 -230524058
362 -1117210661
363 -1117210653
364 1162056175
365 1162056176
366 -1970854928
367 -1881163877
368 -1527906434
369 77098250
370 154196487
371 -1296611680
372 1701743937
373 -891479437
374 810264501
375 -81214934
376 242702399
377 1782016486
378 1862289030
379 1862289038
380 1211627263
381 -1871712757
382 551541771
383 -108543709
384 -1428714687
385 -985716608
386 -985716596
387 894819406
388 1681095112
389 1681095123
390 -2009390853
391 -328295714
392 1957280738
393 -380405812
394 -760811639
395 487767581
396 -653449861
397 -926493918
398 -1092176193
399 -2018670101
400 -2018670083
401 -1761042991
402 1699375230
403 1699375244
404 -896216811
405 -1792433618
406 -989275170
407 -1978550339
408 -465291817
409 861849990
410 -68733642
411 327824536
412 259090905
413 914739988
414 914740005
415 914740013
416 -963831841
417 -49091809
418 -98183624
419 718372754
420 620189134
421 620189150
422 1811475623
423 -622924252
424 1808740522
425 -677486233
426 1131254303
427 1639584357
428 -1015798592
429 -1408672923
430 -1408672907
431 461822892
432 461822901
433 923645810
434 923645829
435 -1985852744
436 785084696
437 646523604
438 1293047210
439 -1570311773
440 369259046
441 738518092
442 -462534616
443 -462534615
444 -186551129
445 -373102249
446 -746204516
447 -746204511
448 -2052062404
449 377393619
450 754787236
451 1132180870
452 1886968108
453 -1275818315
454 611149812
455 -664668500
456 -664668489
457 -107037364
458 -2101042840
459 2086887097
460 -1450530078
461 -1464685805
462 1379751419
463 -1535464455
464 -155713024
465 -1776111861
466 742743572
467 1570421548
468 -1981802165
469 -1981802156
470 1901784529
471 -491398238
472 -982796473
473 -982796457
474 -1965592921
475 1346577927
476 1218961151
477 1218961159
478 1818907327
479 -1257098800
480 51341479
481 1832111181
482 1883452668
483 -579403427
484 1930403105
485 1350999690
486 290484748
487 580969501
488 -721513678
489 149940573
490 299881149
491 599762313
492 328070359
493 927832678
494 -2139420779
495 -283755413
496 -1495343505
497 376447611
498 1680727895
499 561832006
500 561832020
501 -1490575357
