0 0
1 14
2 25
3 56
4 111
5 219
6 430
7 779
8 1548
9 2345
10 2362
11 2374
12 4744
13 13385
14 18146
15 41016
16 77294
17 154605
18 272934
19 545863
20 1091729
21 2142429
22 4052975
23 8105942
24 14301364
25 14301365
26 42904090
27 79612773
28 151119601
29 151119602
30 424756082
31 424756083
32 849512181
33 1850143954
34 -1170555074
35 -1916354057
36 1208058168
37 -1878850947
38 1707820478
39 1707820498
40 -1550119095
41 -1550119077
42 1194729126
43 -197688533
44 -553078472
45 443962139
46 -662194803
47 225729459
48 7496815
49 14993614
50 -413974895
51 -413974894
52 -812956170
53 -1226931053
54 1442123915
55 1442123921
56 430385727
57 430385730
58 430385738
59 1291157204
60 1291157209
61 -1712652865
62 869661562
63 -2125258442
64 -385935328
65 -2063027857
66 -2063027838
67 -217023713
68 -217023698
69 1797892061
70 1797892077
71 1098708907
72 -34521654
73 -1432887961
74 -368700689
75 -737401391
76 1755977272
77 1755977274
78 -1889114824
79 1622839736
80 -1049287835
81 -2098575667
82 -2098575652
83 97815985
84 769183864
85 866999860
86 1733999713
87 1369423778
88 -1191543802
89 177879978
90 2089759675
91 -1849447653
92 596071979
93 596071993
94 -657303677
95 -657303666
96 -1314607334
97 1665752629
98 -963462030
99 -1926924070
100 -1926924058
101 -1926924044
102 -1926924027
103 441119237
104 -1485804788
105 -1485804774
106 -2089371085
107 -766013350
108 1439582864
109 1393360956
110 -1462023459
111 -68662488
112 -68662474
113 -1599348418
114 -1668010890
115 1027607996
116 1027608003
117 -1280805765
118 1802018237
119 -1718538807
120 83479449
121 -1113846878
122 2067273535
123 2067273554
124 1385640863
125 -842052868
126 543588003
127 543588019
128 1630764032
129 1875887206
130 -244728030
131 -489456060
132 -978912119
133 -1468368167
134 -1305577153
135 52653799
136 1573675791
137 -1147615717
138 478713875
139 478713879
140 1383487835
141 1193299889
142 -1239465690
143 1337322050
144 1337322061
145 -1620323172
146 1008155141
147 2062476099
148 -1224336039
149 838140068
150 -386195966
151 451944122
152 451944138
153 131496332
154 1035384598
155 2070769203
156 2070769221
157 1013452073
158 1013452077
159 -197293920
160 -197293902
161 -394587811
162 -789175619
163 -1578351238
164 -1578351221
165 -242792483
166 106296736
167 -1714846952
168 -713077858
169 1973339240
170 1260261394
171 911972568
172 -2122733323
173 1309762029
174 1359262672
175 546291384
176 1905554073
177 -483859161
178 1421694916
179 453976606
180 1391812366
181 -1027483401
182 1756141344
183 2120470319
184 399949944
185 -1045889071
186 -645939108
187 -1691828169
188 -863236074
189 48074875
190 1142038839
191 -1364950511
192 1565066267
193 200115765
194 200115779
195 1742386155
196 2142617709
197 -9731885
198 -9731882
199 -9731868
200 -29195630
201 2084226458
202 2045298977
203 -194637476
204 1850661502
205 -593644276
206 896937893
207 896937896
208 -1244074277
209 549801529
210 202665156
211 405330322
212 405330328
213 1013325814
214 2026651622
215 -241664042
216 -1091323569
217 -1091323562
218 -397659539
219 -397659519
220 1317001120
221 919341610
222 1441023676
223 -1934601998
224 -493578321
225 -987156634
226 879630345
227 -107526288
228 1651734411
229 -1871128809
230 -1871128796
231 2096917819
232 225789030
233 225789049
234 225789062
235 451578118
236 903156241
237 903156257
238 -1811287606
239 446603014
240 446603026
241 -918081548
242 -933006854
243 -1404485362
244 1932599584
245 -404892620
246 -1727866783
247 1757315276
248 152670113
249 -222774008
250 -40655382
251 1646556004
252 1605900623
253 -1042510650
254 -2085021302
255 84269294
256 -1437362020
257 -1353092719
258 -1353092703
259 151419861
260 1740201741
261 1891621612
262 1891621622
263 1891621625
264 -511724039
265 868173543
266 -2046896154
267 -1690446631
268 914074023
269 1828148047
270 1051775457
271 1051775475
272 550805712
273 550805725
274 1101611442
275 1101611447
276 61642508
277 -2030101898
278 785569243
279 -81278695
280 -162557388
281 -1426726228
282 -884993061
283 1820690630
284 935697570
285 444668922
286 889337847
287 -204572324
288 684765526
289 480193213
290 1164958745
291 -1965049799
292 -319897840
293 2010019667
294 890030775
295 -1394916844
296 1505133600
297 -1284700081
298 -1284700070
299 1725567148
300 -843832986
301 881734170
302 -805931807
303 957536532
304 1033338903
305 1184943638
306 -1043345853
307 1326541426
308 1326541442
309 -1641884427
310 -315342984
311 -315342980
312 2022396915
313 1707053940
314 -565516428
315 -1131032860
316 -1696549285
317 -1686044628
318 912373392
319 128197491
320 -645473733
321 -645473723
322 -1936421186
323 1195796160
324 -1903374977
325 1650967310
326 -252407666
327 690980832
328 438573169
329 1129554021
330 -2035859273
331 -906305249
332 -1374037325
333 2014624736
334 2014624745
335 -265717806
336 -1905472942
337 1858058735
338 1858058754
339 1544926742
340 966076944
341 -1783963595
342 -1709868434
343 -982828328
344 -982828322
345 -1164521377
346 -1164521371
347 983096237
348 983096250
349 -1345678569
350 620513937
351 620513943
352 1241027898
353 2119473477
354 306561978
355 613123954
356 -14779969
357 -14779951
358 -14779936
359 -44339845
360 524444271
361 435764584
362 901089092
363 1802178169
364 -1591700025
365 2071776092
366 -675859371
367 1606394880
368 930535513
369 -362120175
370 -362120168
371 206295176
372 412590354
373 412590373
374 307235569
375 719825948
376 1852242251
377 1852242256
378 1852242267
379 -590482763
380 1261759521
381 671276762
382 671276775
383 -428894730
384 242382047
385 -186512678
386 298251432
387 298251447
388 596502882
389 596502887
390 1491257220
391 -1610704293
392 -119447060
393 -119447058
394 -1849598393
395 595770507
396 -1253827879
397 1548417424
398 294589565
399 1184949622
400 -1267010671
401 212528531
402 -1054482127
403 -629425066
404 1556577966
405 -1181811366
406 374766616
407 749533229
408 1124299846
409 1124299864
410 -1296834355
411 1701298592
412 1528764115
413 -1237439067
414 291325057
415 582650111
416 -363463885
417 801836336
418 801836344
419 1822858924
420 -868435676
421 954423254
422 85987590
423 85987596
424 1126398446
425 1212386059
426 1212386076
427 -743796695
428 468589389
429 -275207288
430 661971484
431 855353592
432 1517325093
433 -1066935025
434 1967715159
435 -359536979
436 541243167
437 181706197
438 363412399
439 1086361767
440 -2122243750
441 -672469566
442 -1344939145
443 -1344939131
444 1605089036
445 -1084789236
446 -1084789235
447 -1909428558
448 215960274
449 2037009593
450 -1826037156
451 -1482495835
452 -1055563119
453 1756908360
454 -570178145
455 -1351328726
456 -1921506863
457 -1921506858
458 -899375136
459 1926038872
460 -894843111
461 -1789686221
462 -758490445
463 1746790644
464 1746790661
465 -801385987
466 -1602771958
467 330932934
468 -1271839018
469 -1598273360
470 -648370086
471 776484835
472 128114753
473 1681084439
474 339040599
475 339040616
476 678081223
477 -1129605653
478 1907641244
479 2134198032
480 2134198042
481 2134198059
482 -26571189
483 -53142373
484 -53142361
485 -106284723
486 1895057428
487 1788772713
488 -611137140
489 -1328559015
490 1744134006
491 1593210569
492 -957622702
493 440025722
494 1075613609
495 558016645
496 -1585723443
497 47906813
498 -1537816626
499 -1442002994
500 -1442002981
501 1410961325
