0 0
1 9
2 21
3 39
4 45
5 100
6 230
7 341
8 347
9 356
10 1376
11 2664
12 2672
13 2685
14 8040
15 10736
16 21471
17 40264
18 80525
19 120795
20 273808
21 273811
22 273819
23 273824
24 1095272
25 1369109
26 3285843
27 5750239
28 9036087
29 18072189
30 18072200
31 54216567
32 72288772
33 162649729
34 162649745
35 469877033
36 795176516
37 1265053568
38 2060230089
39 295369918
40 -1939367274
41 1681286308
42 -258080959
43 -258080940
44 -258080935
45 -258080925
46 -774242791
47 -1806566531
48 1456077059
49 -1124732261
50 2045502790
51 -203961719
52 716808815
53 1433617642
54 1433617656
55 -710923173
56 722694489
57 1445388991
58 -2126883804
59 -2126883798
60 1498360011
61 -1310018588
62 -1310018569
63 1046406354
64 -75270785
65 971135572
66 -677766013
67 -45513422
68 -45513409
69 -45513397
70 -136540208
71 -950846435
72 -950846421
73 -950846406
74 -950846391
75 491581655
76 1934009751
77 1474745024
78 1474745031
79 1080114169
80 -265363064
81 814751106
82 284024979
83 833413025
84 -1548027075
85 118798984
86 -595815059
87 -2025043142
88 1078294041
89 -1542564152
90 -1542564144
91 1209839001
92 1209839002
93 1209839016
94 -665450267
95 -1330900533
96 1633166234
97 846654466
98 -1815146590
99 -968492109
100 1511328608
101 542836510
102 -729473570
103 -1458947143
104 -1102747690
105 1733272464
106 1733272467
107 -828422356
108 1535374898
109 1535374909
110 1413905093
111 -638734735
112 -449047121
113 -898094237
114 -1347141347
115 -1919112329
116 -318427730
117 2057427240
118 -180112804
119 1558886720
120 1558886726
121 -1357306635
122 1580354010
123 1781934105
124 -731099086
125 -1663778248
126 -389895850
127 -389895830
128 -1392734905
129 -1782630721
130 -1782630701
131 -1442820697
132 1799221756
133 1086106941
134 1442508001
135 -1766352340
136 762262613
137 438418275
138 876836566
139 2077517457
140 -1906284708
141 -1906284689
142 -858215355
143 -1716430719
144 1720321223
145 1534357775
146 1538248291
147 1538248310
148 319777599
149 -898693085
150 -578915475
151 -1157830941
152 -1736746410
153 1400389958
154 1400389975
155 -672712885
156 2128067053
157 1455354178
158 -711546052
159 -1423092104
160 -679283960
161 1481045191
162 1481045192
163 -2012160860
164 949929536
165 949929551
166 1368743437
167 -1026364764
168 230076914
169 -1822652619
170 1676026846
171 1676026854
172 -942913586
173 -1885827170
174 523312958
175 -629400936
176 -1991915134
177 -631776568
178 -631776567
179 410098100
180 -221678455
181 -443356913
182 -254937251
183 -919972600
184 -1618266761
185 1501790692
186 -1734742831
187 -1851218881
188 -1851218863
189 -1258689341
190 -666159780
191 -1332319563
192 -813420234
193 -1626840483
194 522387029
195 -1104453449
196 -1104453431
197 2086060417
198 -122846461
199 858760528
200 858760541
201 1717521072
202 -859925151
203 -859925137
204 1715191870
205 855266745
206 1710533485
207 1710533502
208 836633188
209 -1747800602
210 -911167398
211 1598732193
212 1598732210
213 1598732224
214 -1097502843
215 2099961600
216 -95044100
217 2004917513
218 216097105
219 2125970529
220 -1952899661
221 -1995925896
222 -1822855027
223 476186377
224 -1000526898
225 -524340502
226 -572494638
227 -1096835132
228 2101297036
229 2101297044
230 2008923809
231 -184746426
232 634969048
233 -1835820851
234 -1570344657
235 -947019070
236 -947019062
237 -1005236334
238 1395692838
239 -556562556
240 -1113125104
241 -1113125098
242 -1113125079
243 -1113125071
244 -1113125051
245 2068717186
246 -157532932
247 -315065853
248 -315065845
249 -787664617
250 -1417796301
251 -1417796294
252 671710089
253 2131084809
254 1384998607
255 -778883871
256 -1557767741
257 1851141907
258 -1264393571
259 -971019393
260 1574044643
261 -367994149
262 235031120
263 235031140
264 102068118
265 572130381
266 776266620
267 1348397002
268 -1261074027
269 87322986
270 -1173751036
271 -1086428034
272 2122111222
273 -138067841
274 -276135688
275 -552271359
276 -966474884
277 -966474871
278 1533610498
279 1533610508
280 1533610512
281 -660610646
282 -354746411
283 2051863982
284 -191239349
285 -191239347
286 1314638880
287 1314638895
288 1314638900
289 1314638915
290 -1665689470
291 -702101160
292 261487197
293 -440613957
294 -179126755
295 -619740698
296 -1680095363
297 1995131240
298 -483831571
299 -788536389
300 -957332077
301 -1914664155
302 -1914664143
303 -1914664125
304 -1914664118
305 465639070
306 1396917122
307 1396917130
308 -1501133035
309 -1501133023
310 257207283
311 48775490
312 -1299366138
313 299317888
314 -951272742
315 -1902545499
316 -1902545491
317 -162078541
318 -162078527
319 -162078510
320 -162078494
321 -648314065
322 -1134549584
323 2025868124
324 80925982
325 2106794122
326 -2107247179
327 -2107247162
328 -906099
329 -906085
330 78660785
331 77754717
332 155509434
333 311924953
334 623849891
335 1091284286
336 1091284303
337 -1488548815
338 -1488548798
339 -1488548784
340 -170679094
341 1147190637
342 1147190638
343 -2000586005
344 -1365432597
345 928948698
346 1857897411
347 -579172474
348 -2087293649
349 120380005
350 -688188693
351 -567808681
352 -1255997357
353 1782972577
354 1782972592
355 -1985019468
356 324928356
357 324928360
358 649856721
359 974785097
360 1624641833
361 1624641846
362 578958211
363 -466725403
364 -466725394
365 -354492570
366 -821217960
367 -2109161321
368 543370067
369 543370083
370 -1843639114
371 1428907019
372 -1437153248
373 -1308515244
374 -1308515234
375 -1308515219
376 361175389
377 -706556243
378 24040764
379 -682515476
380 -1003855554
381 -1662330254
382 946266013
383 1916572790
384 196653006
385 393306005
386 589959025
387 -252210452
388 731054582
389 1462109162
390 -1370748962
391 1160163366
392 1160163383
393 -1883280333
394 -1883280331
395 1688570025
396 1688570039
397 1493859737
398 576032509
399 1152065018
400 615560016
401 615560017
402 615560024
403 1846680063
404 1846680073
405 -601607147
406 1245072932
407 643465791
408 643465807
409 -517889821
410 -517889819
411 -517889812
412 -266737853
413 -266737845
414 -1051365499
415 -2102730990
416 874132964
417 874132982
418 -354465036
419 -354465027
420 -1063395098
421 -1772325147
422 1459247069
423 1459247072
424 1459247092
425 82773939
426 1542021043
427 1542021063
428 1542021071
429 -1210925143
430 -879829242
431 -2090754379
432 -2090754369
433 -2090754358
434 1437842256
435 -652912089
436 898388739
437 1683318914
438 -1713259625
439 868448045
440 1736896074
441 -1719563877
442 855839551
443 -863724314
444 9447438
445 9447456
446 -844829404
447 -833819256
448 1771489234
449 92840584
450 1864329827
451 -566307633
452 -1132615282
453 2029736746
454 -2099823635
455 -1769009798
456 426133875
457 -1412962801
458 -1412962787
459 1895175594
460 -504616104
461 -1009232211
462 -1513848304
463 1749483504
464 -1278213098
465 -1042577890
466 1200579298
467 158001412
468 787273240
469 1103276078
470 -2088415157
471 -985139074
472 -1970278149
473 1141684252
474 1141684257
475 313090369
476 1454774646
477 -1385418006
478 382447017
479 764894041
480 1529788086
481 -1548481505
482 -1548481504
483 -419833851
484 -419833845
485 -419833844
486 -61497238
487 -481331073
488 -481331063
489 -481331048
490 -1443993181
491 1406980933
492 -37012229
493 -74024474
494 -74024465
495 -222073409
496 -407134560
497 -814269118
498 -1517501536
499 1259964214
500 -257537320
501 -257537315
