0 0
1 9
2 13
3 38
4 78
5 132
6 213
7 476
8 942
9 1858
10 1863
11 4671
12 6537
13 6544
14 19621
15 39256
16 76641
17 148602
18 290672
19 290691
20 581366
21 581381
22 1744115
23 3197555
24 6395115
25 11336789
26 23254965
27 23254966
28 67439396
29 67439408
30 158133788
31 316267575
32 609280177
33 1083681553
34 1692961737
35 1692961740
36 174637752
37 349275505
38 523913260
39 873188783
40 873188788
41 -1675400951
42 70976639
43 -1604424308
44 -1462471030
45 1299048617
46 -1767846702
47 -1767846693
48 -1008572819
49 -249298908
50 -1257871723
51 -1756469539
52 -1756469522
53 782028242
54 1564056493
55 589615228
56 -1359267330
57 -769652083
58 -2128919403
59 -2104167094
60 -707771279
61 -707771277
62 775257656
63 775257668
64 775257688
65 1550515370
66 1550515374
67 1550515392
68 1550515412
69 356578894
70 356578912
71 356578925
72 356578939
73 1069736779
74 1069736784
75 -1442335852
76 1410295580
77 1410295583
78 1410295602
79 -1474376093
80 1346215104
81 -128160983
82 1153973645
83 1153973651
84 -768965870
85 385007795
86 1923989232
87 -446988823
88 -2047951294
89 -2047951293
90 1676065131
91 -371886156
92 1304178993
93 932292847
94 1492699536
95 -1869974893
96 -377275354
97 2047717059
98 -199533171
99 1848183905
100 -598599485
101 -1197198972
102 -1197198952
103 -1344346674
104 1805807127
105 -1932937468
106 -127130336
107 -2060067795
108 636292162
109 -1550905965
110 1320285705
111 1320285725
112 1089665469
113 -1885016093
114 1845220816
115 1845220817
116 1805425550
117 -684116187
118 516783713
119 1638093078
120 826439687
121 -1830434527
122 634098245
123 1784980206
124 588643935
125 1177287868
126 -744055274
127 -744055267
128 2062801475
129 2062801491
130 -480186994
131 -649551307
132 933063200
133 933063206
134 1216575105
135 -2145328965
136 -2145328957
137 -2145328943
138 4309405
139 -2136710159
140 -2128091346
141 -2110853731
142 -2080687927
143 137900835
144 -1886764869
145 -1886764859
146 762764052
147 1284201624
148 -1726564035
149 320401643
150 -121960750
151 198440896
152 396881793
153 396881794
154 992204495
155 992204513
156 -1913676481
157 -1913676468
158 1459818863
159 1459818874
160 1005961273
161 -1829187137
162 182735421
163 819328447
164 819328462
165 819328468
166 -1654246487
167 803738894
168 788149346
169 1591888247
170 1591888251
171 1591888257
172 1591888258
173 2072585734
174 2072585752
175 -149795795
176 -149795777
177 -299591559
178 -449387316
179 -449387300
180 -1348161932
181 2048030755
182 -198905779
183 51575753
184 552538806
185 604114564
186 1009323352
187 -2128990555
188 -2128990554
189 1650424107
190 -478566427
191 -478566420
192 693291271
193 1386582545
194 2079873834
195 -828510905
196 1251362933
197 -405658869
198 845704066
199 1691408138
200 -1740661915
201 1642154362
202 2032945788
203 176583153
204 -443283982
205 -443283973
206 -443283966
207 879677029
208 436393072
209 872786150
210 1745572300
211 -803822691
212 -2044038457
213 206890392
214 -22612288
215 -918010729
216 -918010721
217 599185496
218 599185500
219 280360295
220 1478731297
221 1759091609
222 421586913
223 243988321
224 243988323
225 -147580815
226 -1773892934
227 -1677485407
228 -1677485396
229 -1677485379
230 939996530
231 -1571385274
232 -631388731
233 -1262777457
234 829415849
235 -433361589
236 -433361575
237 -37307296
238 -470668869
239 -1374699322
240 1545568651
241 170869335
242 341738666
243 341738685
244 341738699
245 1196085401
246 1537824116
247 -1219319067
248 1856329156
249 -2120133076
250 -1483122981
251 -1428421847
252 -736710604
253 -1473421200
254 -826709321
255 -1653418646
256 -1823714311
257 2075960515
258 593664353
259 845910560
260 1691821121
261 1691821140
262 528249893
263 -383075134
264 79760293
265 -303314824
266 -78379753
267 -78379737
268 -156759484
269 -616833791
270 -616833778
271 -1233667568
272 -1233667561
273 1210798408
274 1210798416
275 -45738290
276 -91476594
277 -91476579
278 -228691461
279 -228691442
280 -640336064
281 -1097718950
282 -1966746440
283 1230501924
284 1230501935
285 1230501948
286 1230501957
287 1230501964
288 627040521
289 1254081038
290 1277660151
291 94316389
292 94316398
293 1466292954
294 -1362381388
295 1570204524
296 1674116105
297 -1050646649
298 831292610
299 1662585215
300 1662585231
301 -1189150872
302 2136019585
303 808364493
304 785436369
305 1593800873
306 -160496839
307 1433304041
308 -1428359217
309 -1428359204
310 1438248882
311 -145662323
312 -135772631
313 -135772622
314 1021041311
315 749496077
316 749496092
317 -1774933800
318 -275941620
319 -1301379317
320 1692208671
321 390829366
322 781658722
323 -1430270526
324 -257782423
325 -1688052935
326 918861413
327 -1675585733
328 -1675585732
329 943795836
330 1118400165
331 2062196011
332 2062196022
333 947824919
334 -1284946347
335 -337121422
336 -1622067756
337 1050831784
338 -1245478805
339 -194647018
340 -2011361782
341 2088958501
342 -311697306
343 1777261215
344 1777261219
345 -1052142149
346 -1792587002
347 -1792586998
348 -1082793695
349 1419586616
350 -5555925
351 -5555909
352 325681099
353 314569266
354 314569281
355 954819666
356 954819685
357 954819700
358 1909639401
359 -1430508182
360 -951377006
361 -951376999
362 -468803072
363 1923410234
364 -448146825
365 1475263420
366 1475263432
367 130822978
368 130822983
369 -1530941295
370 1681231527
371 150290244
372 1831521774
373 2132102264
374 1500178522
375 1168835267
376 -1807006517
377 -1807006510
378 -944999230
379 -944999221
380 -40208909
381 557753438
382 517544536
383 -854909374
384 -854909361
385 -1709818723
386 1392874378
387 -2026763072
388 -633888683
389 -633888677
390 -633888659
391 1759412593
392 2125950799
393 1983697391
394 -185319103
395 1388774389
396 1388774396
397 280959781
398 -1421777821
399 247956375
400 -892861658
401 -644905276
402 -644905257
403 938473679
404 -1244198509
405 1806570293
406 211034949
407 1711880413
408 -565481640
409 -1130963271
410 -1130963257
411 -1115527736
412 2048476321
413 -1894459577
414 154016762
415 154016779
416 154016795
417 -1432409224
418 -970358868
419 -970358860
420 -970358855
421 -970358844
422 -970358840
423 -970358822
424 -1940717644
425 1383890834
426 -556826808
427 1240596030
428 -843416405
429 -159647176
430 1064596481
431 904949307
432 966482209
433 966482224
434 966482232
435 574025158
436 -821495458
437 719011952
438 1438023889
439 -2137931439
440 -802391048
441 -1604782089
442 1887794178
443 -1219286497
444 -936274398
445 -1872548792
446 549869718
447 549869720
448 549869723
449 -222939611
450 326930115
451 103990505
452 103990513
453 207981028
454 207981033
455 207981044
456 415962086
457 415962105
458 415962122
459 1455867373
460 -1591213597
461 696578022
462 977193940
463 82558382
464 1620984134
465 -917652817
466 785889716
467 1571779424
468 -1151408441
469 -1151408432
470 -862800533
471 -2014208954
472 686920371
473 953469765
474 953469785
475 -283149564
476 296501411
477 966821651
478 966821660
479 1946995165
480 -1381150451
481 -1381150442
482 1118337589
483 303031867
484 303031883
485 -1037899542
486 -431835791
487 -1469735325
488 -1901571111
489 923660877
490 1415485949
491 437575721
492 875151449
493 -643093298
494 232058163
495 232058179
496 1133750229
497 1597866588
498 -1563350466
499 1168266361
500 1202782494
501 -1923918434
