0 0
1 14
2 29
3 62
4 115
5 227
6 239
7 469
8 1063
9 1076
10 1082
11 1102
12 2204
13 2205
14 6611
15 11039
16 17657
17 17676
18 46384
19 64078
20 110474
21 174565
22 285041
23 634168
24 1204260
25 2298043
26 4136488
27 8558006
28 12694511
29 27687059
30 40381588
31 40381595
32 121144756
33 242289510
34 444197458
35 807631738
36 1251829198
37 1251829211
38 -1791308870
39 1964178755
40 1964178756
41 -366609768
42 -733219547
43 -1099829310
44 1728698904
45 1728698910
46 -1937398783
47 -1937398768
48 -2146098622
49 211469921
50 -1934628698
51 -1723158762
52 -1297448856
53 -1297448850
54 -23089166
55 -23089157
56 -1343627169
57 310264102
58 310264107
59 -746188103
60 -125659889
61 -561583873
62 -687243758
63 -1374487511
64 1671652168
65 -1077322844
66 -1077322843
67 1750242518
68 1267249004
69 1940168681
70 -414629928
71 -829259844
72 -581196860
73 -581196846
74 1888683833
75 726290130
76 1452580276
77 -1389806761
78 62773517
79 -1554446299
80 -1554446294
81 1248848232
82 1107889699
83 -752154659
84 50136996
85 100273994
86 506146033
87 506146050
88 1162703076
89 -2019698128
90 155297042
91 155297054
92 -40254891
93 270339221
94 -1479019691
95 -938341264
96 2107690687
97 -79585936
98 2028104753
99 2028104762
100 851005725
101 -1415856798
102 -803608835
103 -803608826
104 1271892857
105 468284041
106 1740176912
107 -2086506339
108 121954633
109 -1964551688
110 -1842597035
111 263443782
112 -1213289336
113 -340072331
114 -802099307
115 -1142171626
116 1060778484
117 -883492440
118 -2107057219
119 -1929771167
120 435424960
121 -1494346190
122 -800782314
123 -1601564618
124 1892620377
125 1892620394
126 -2111291128
127 -2111291117
128 -2111291108
129 72385076
130 -1966520976
131 -1821750816
132 -1532210527
133 -1532210510
134 -1532210502
135 -1532210497
136 639341746
137 -892868740
138 -892868739
139 -1785737475
140 723492344
141 1446984689
142 -508129178
143 -508129164
144 -631518780
145 -200792423
146 -832311187
147 1614086580
148 -50535806
149 1563550789
150 -2000176912
151 -2000176904
152 1858164284
153 -2142189524
154 10588250
155 -2131601271
156 -2121013004
157 52941272
158 105882552
159 201176864
160 360000690
161 720001386
162 1281178948
163 -1933786268
164 67394071
165 67394090
166 -517819141
167 -517819134
168 -1035638260
169 -2071276519
170 -2071276509
171 -1401043117
172 1492881065
173 91837964
174 336090199
175 427928183
176 947694297
177 1711712690
178 -1207632110
179 1879703074
180 672070978
181 -1239112655
182 1816741985
183 577629333
184 577629353
185 1155258693
186 -1406820568
187 903696818
188 652134952
189 652134954
190 652134965
191 1304269936
192 1956404918
193 -1034292435
194 -764314942
195 -764314925
196 697752553
197 91235182
198 24672814
199 813660551
200 813660562
201 813660563
202 813660578
203 -1015652212
204 611668934
205 2036998426
206 2036998434
207 2036998437
208 2036998447
209 1816028030
210 1816028047
211 1153116813
212 490205598
213 -835616819
214 144794375
215 -690822428
216 261677551
217 261677557
218 -167467314
219 355887807
220 711775613
221 1161873682
222 1873649306
223 -1259444294
224 614205028
225 -1904683556
226 485600184
227 -804878324
228 2071005611
229 461248954
230 -1762712719
231 -1762712703
232 -1762712697
233 1539083745
234 1539083751
235 -447257890
236 868196923
237 1960022786
238 1164162025
239 789240312
240 -381542160
241 -381542159
242 26156004
243 52312017
244 78468025
245 -224606096
246 -449212201
247 -516882236
248 -1059920484
249 -1059920466
250 -2119840941
251 -2119840927
252 55285430
253 55285450
254 110570900
255 221141796
256 442283581
257 663425394
258 1326850784
259 1326850789
260 -1641265710
261 -1641265709
262 1012435886
263 2024871780
264 1396041966
265 1150818233
266 -352065134
267 -75300449
268 723452651
269 296087071
270 1742992381
271 1742992385
272 1742992395
273 1230096938
274 -2130860479
275 842228862
276 -1288631610
277 395826113
278 -892805493
279 -943382116
280 1565974191
281 622592092
282 1245184169
283 1597562860
284 -207036097
285 529309924
286 -1129946422
287 -600636481
288 -1730582897
289 1363111433
290 -2098054366
291 -2098054362
292 -268612894
293 1928300051
294 1659687173
295 -706980061
296 514339917
297 -899620215
298 -899620212
299 -1991880556
300 1403466544
301 -588414004
302 -588414002
303 1630105076
304 -135136936
305 318140142
306 1224694283
307 -1257164713
308 1780637854
309 523473146
310 -1990856295
311 280784287
312 -1710071998
313 -1429287710
314 1436391878
315 881927467
316 -1976647943
317 -1976647924
318 341671446
319 1565270362
320 1906941814
321 -822755104
322 1084186711
323 -219652057
324 864534660
325 -1481711255
326 -575397038
327 -1192573622
328 1690168003
329 -1559513893
330 130654124
331 -931265369
332 1934842168
333 -425282957
334 -850565908
335 -141617924
336 -992183830
337 -474808450
338 1835791204
339 227181003
340 1588163772
341 -1118639764
342 469524015
343 -649115744
344 517113296
345 807045583
346 675043145
347 1819610299
348 -476154954
349 -476154950
350 1542343549
351 590033650
352 590033667
353 -2048711368
354 -868644035
355 1377611902
356 -359676167
357 -1309385981
358 1086161662
359 794711418
360 1589422837
361 -1910833028
362 -1910833023
363 -351370117
364 2032764171
365 -550849157
366 -780288120
367 350256785
368 -980880476
369 -980880473
370 1352325862
371 371445390
372 -237989677
373 -475979368
374 1009802213
375 533822854
376 829656036
377 829656052
378 -1092030131
379 1101104813
380 9074688
381 1110179502
382 -2074608283
383 -964428777
384 -1919782851
385 1410755676
386 746903072
387 1493806148
388 767253284
389 -1287004774
390 974054667
391 974054673
392 -1372803292
393 -711698708
394 -711698707
395 -711698698
396 -711698679
397 1448172520
398 1448172530
399 1448172550
400 -1398622198
401 -1349071889
402 148651000
403 -1150870527
404 1993226252
405 -358065160
406 632941579
407 1117232147
408 1750173742
409 -794619808
410 2072786088
411 2072786105
412 1923390989
413 1923390996
414 1624600807
415 1176415505
416 1176415510
417 -765720769
418 1587110253
419 503854013
420 1325243502
421 -1644480292
422 184617231
423 -1459863056
424 -1459863052
425 1240621645
426 -1679104448
427 1121375620
428 2058134023
429 -1553940454
430 504193588
431 1008387164
432 -1156817336
433 -1198177023
434 -1198177015
435 1750183099
436 -1802988272
437 -52805162
438 -1855793415
439 583380465
440 1166760926
441 -158457166
442 -264109185
443 -422566345
444 905008703
445 482442363
446 482442379
447 964884755
448 1447327139
449 -1882755398
450 1011898884
451 1541355400
452 670498888
453 -1071214104
454 -1071214096
455 -2142428190
456 10110919
457 690720728
458 710942567
459 1411774226
460 2122716802
461 -760476260
462 -760476243
463 2013538528
464 -1679664458
465 -426602168
466 -426602162
467 -426602148
468 -426602131
469 -1279806423
470 -2133010685
471 455548073
472 -1677462609
473 -1221914520
474 -281872428
475 -563744859
476 -2067531791
477 -2067531788
478 159903718
479 -1907628056
480 2143401821
481 2143401825
482 471547523
483 -1444244171
484 1406478944
485 1406478951
486 -311304215
487 1057409518
488 746105317
489 746105322
490 -2056651344
491 -2056651329
492 1673875268
493 1855539909
494 162217838
495 -421669652
496 -259451812
497 -518903611
498 -1037807220
499 -2075614456
500 -18479452
501 1163066185
