0 0
1 2
2 18
3 26
4 63
5 68
6 195
7 363
8 366
9 995
10 1012
11 2008
12 2018
13 5040
14 9084
15 19167
16 28262
17 28268
18 89828
19 89838
20 236200
21 415878
22 652085
23 652086
24 652087
25 2608354
26 3912529
27 7172982
28 14998054
29 26083574
30 48254625
31 74338217
32 122592849
33 271269271
34 271269286
35 665131426
36 936400718
37 1601532149
38 -820633709
39 -1912536699
40 1561796898
41 1561796918
42 390423411
43 1601480547
44 1601480565
45 -1092006180
46 -1092006163
47 1409372199
48 826840422
49 1653680853
50 1653680866
51 -987605565
52 261001496
53 -1714209627
54 -1714209615
55 -1714209608
56 866548090
57 1733096171
58 1733096178
59 -1676436445
60 -1676436425
61 -1676436422
62 998754198
63 998754209
64 1263166422
65 1263166429
66 -769880232
67 493286213
68 986572429
69 1973144858
70 1973144868
71 -348677567
72 289217304
73 578434615
74 170296800
75 689271160
76 859567978
77 1548839142
78 1548839145
79 1548839149
80 351550155
81 -845738831
82 -1691477661
83 -636827180
84 1966662469
85 -855831044
86 -855831025
87 -381826771
88 -381826758
89 -381826739
90 -1145480266
91 -1145480248
92 1622180055
93 -1050607189
94 -1719387642
95 -1147814756
96 853857520
97 -293957227
98 937058014
99 937058024
100 937058044
101 -1483793197
102 -1483793195
103 -156412302
104 2108026652
105 2108026658
106 -78913970
107 2029112692
108 1950198732
109 -473483827
110 1239972995
111 371919337
112 822752646
113 -383607398
114 -383607382
115 55537878
116 482995092
117 -228681797
118 309851193
119 236095001
120 317264399
121 634528815
122 1497739422
123 2132268253
124 286833613
125 256402824
126 -121723165
127 -1741185768
128 -1606506105
129 947275428
130 1772827699
131 -1574864158
132 2092514397
133 -1057213921
134 -539563674
135 495736806
136 495736819
137 495736834
138 947646797
139 947646808
140 -1408200036
141 -1408200021
142 -921106432
143 -1842212878
144 1531647998
145 -1231671297
146 299976709
147 -1242259465
148 -642306038
149 -1284612074
150 1125789726
151 1125789727
152 966967382
153 -1076420448
154 -1076420435
155 -60083757
156 -1245957253
157 -1306040993
158 606464876
159 -699576103
160 1649857840
161 1556746618
162 1807452250
163 19513325
164 1826965578
165 915710481
166 915710482
167 1831420971
168 -1547835840
169 1199295618
170 -348540212
171 -348540206
172 -697080407
173 -697080405
174 -2091241214
175 112484864
176 922050153
177 -1753786586
178 1484474523
179 652738104
180 2137212645
181 -852278446
182 1937672312
183 1937672328
184 -419622641
185 1518049702
186 678804407
187 678804424
188 1357608832
189 2036413275
190 -900945182
191 -1801890352
192 691186579
193 -2011648940
194 -2011648938
195 -839034343
196 -1678068694
197 1777864271
198 1544079607
199 -1206808079
200 2115135817
201 2115135837
202 2115135847
203 -1907255544
204 -1063623403
205 -920438731
206 -1984062124
207 534723351
208 -1045689142
209 -510965785
210 -1021931565
211 1716380807
212 -327482318
213 -1189687996
214 -1189687987
215 -990477484
216 2114801837
217 -65363620
218 1058960734
219 -1186568337
220 -127607601
221 -320578822
222 -641157640
223 -1089344059
224 -2051080519
225 1154542731
226 1154542737
227 258004960
228 1412547711
229 -315329142
230 1355223541
231 1039894403
232 -802630778
233 -802630766
234 789856412
235 -815405120
236 -590915833
237 2073241223
238 2073241234
239 -1554805778
240 1185355730
241 -369450043
242 -738900089
243 -1477800173
244 -1477800159
245 1416372563
246 -61427578
247 -122855155
248 -1723510497
249 -1723510486
250 725091173
251 1388754755
252 1388754773
253 55579720
254 1834669943
255 1890249667
256 -2031925715
257 -1157638895
258 -1299314939
259 -193912236
260 1502425185
261 1308512965
262 1317710994
263 -166318140
264 -526548520
265 624844347
266 -1736765637
267 -1736765617
268 821436043
269 1642872104
270 727542547
271 -1924552632
272 -469467552
273 1900947118
274 1431479581
275 1665949073
276 1665949092
277 1899890020
278 936820899
279 1873641795
280 -1484504592
281 1325958111
282 1715095320
283 -1253913857
284 302634985
285 763816459
286 1066451455
287 -1700882919
288 432019993
289 -202411461
290 229608539
291 459217081
292 -782448754
293 -782448749
294 -782448737
295 -782448729
296 -782448710
297 1165172390
298 -1964622528
299 1148171000
300 -816451514
301 -467730634
302 -2100633662
303 -2100633642
304 93699999
305 -2006933636
306 -1819533643
307 -1819533629
308 -1819533612
309 -1163633576
310 1311800124
311 804066610
312 952233161
313 1756299791
314 529432398
315 -252935324
316 2032796885
317 2032796898
318 -229373496
319 -229373495
320 -941055822
321 632994090
322 -766808721
323 -1533617430
324 1457105937
325 -843320206
326 -919831680
327 -306045938
328 -306045931
329 -612091867
330 -918137794
331 1232814087
332 -909507432
333 -909507413
334 -1819014841
335 971613917
336 971613919
337 124213005
338 124213008
339 372639024
340 372639043
341 869491080
342 1614769163
343 1614769176
344 -195937864
345 -195937852
346 -391875701
347 -1849180366
348 -1018162590
349 643872924
350 643872936
351 -1579597094
352 -1579597083
353 -1579597075
354 1135773156
355 -2023420984
356 1827722406
357 940074589
358 -1527170285
359 352978895
360 352978897
361 1946584517
362 2065446615
363 2065446617
364 -164074056
365 -328148115
366 1573224463
367 916928230
368 -1804814598
369 685338105
370 -1119476487
371 -1322024737
372 -1756163109
373 1216779469
374 1999420548
375 1460036923
376 1598049100
377 1979318757
378 1979318758
379 1979318768
380 -336329759
381 1306659245
382 633999734
383 633999749
384 633999750
385 -1422638557
386 -154639038
387 -309278076
388 -309278064
389 -773195166
390 -773195150
391 -1855668366
392 1666103797
393 -2045232948
394 1286974648
395 -1721018017
396 -813172511
397 -1247215876
398 -244697396
399 1989881523
400 -315204255
401 -315204244
402 -315204229
403 -945612715
404 98656092
405 -1477365082
406 1970645610
407 -353676091
408 1616969531
409 1263293447
410 -1414704305
411 1111882602
412 960471764
413 1920943519
414 -1716373714
415 1165041587
416 1369611406
417 1369611416
418 -1555744458
419 -1555744448
420 1183478396
421 -372266042
422 -372266041
423 -744532076
424 -744532075
425 2061371069
426 2061371087
427 -172225131
428 -1833514411
429 -1833514391
430 455713376
431 -1377800997
432 1539365293
433 161564305
434 778841984
435 1101970589
436 1101970591
437 -1312184113
438 -210213520
439 681543554
440 -840854062
441 -159310494
442 -159310475
443 -318620956
444 -637241924
445 -1274483836
446 -1274483832
447 1745999645
448 -1440209931
449 1414547430
450 1720337159
451 -854292974
452 -1708585950
453 -868204265
454 -1710746017
455 -1710746007
456 -1710745994
457 -1705474968
458 1752221625
459 -790524057
460 -743777380
461 -1487554762
462 1319857770
463 -911474352
464 1681494535
465 770020203
466 770020220
467 -1984906676
468 1236628295
469 -748278365
470 -726536516
471 -1453073028
472 1367079398
473 -324180213
474 -324180210
475 -324180205
476 -972540617
477 -578001830
478 -578001810
479 1842242848
480 -610481608
481 -896782997
482 -1507264601
483 -1507264591
484 -226826482
485 156828642
486 156828652
487 -1420433766
488 -1333602953
489 1854587883
490 -742620165
491 -1485240331
492 2067106810
493 581866487
494 -1645993990
495 -1064127490
496 -61148167
497 -122296330
498 -183444485
499 -1431016468
500 -1614460949
501 943749083
