0 0
1 19
2 32
3 39
4 81
5 139
6 148
7 157
8 165
9 171
10 504
11 1008
12 2025
13 3718
14 6759
15 6767
16 20289
17 37538
18 37554
19 75100
20 75113
21 75115
22 75124
23 225370
24 300500
25 525881
26 525888
27 1577653
28 2629437
29 5258869
30 5258889
31 13147204
32 18406108
33 31553318
34 73624403
35 73624405
36 178802138
37 252426544
38 578477493
39 578477502
40 578477514
41 -2128306096
42 -392873568
43 1773787640
44 1773787643
45 1773787651
46 1026395651
47 2052791301
48 -1963172341
49 -1405165032
50 926629931
51 637479519
52 1564109469
53 -240118435
54 1482935455
55 -850561277
56 1956365226
57 -382236846
58 -2088464728
59 118037847
60 -1970426876
61 -28123287
62 -56246584
63 -56246570
64 -112493144
65 -224986286
66 -478095861
67 -478095851
68 -1349917707
69 1763871609
70 413953912
71 -2117141767
72 -1703187841
73 474637699
74 -1167866380
75 -693228670
76 -911819650
77 1522052610
78 1522052613
79 1439056920
80 1439056921
81 -1416853441
82 22203481
83 -1394649951
84 88813937
85 -1305836010
86 1683295282
87 -928376724
88 -550917442
89 -1101834878
90 1713838253
91 -867290776
92 -867290766
93 -1122578157
94 -1122578137
95 -1122578128
96 -1122578125
97 2049811049
98 927232926
99 1854465862
100 1854465879
101 1268430297
102 1268430302
103 96359190
104 -1661747489
105 -1565388282
106 -593915964
107 570274766
108 1044190328
109 1020549138
110 2041098269
111 -1233319880
112 -852174656
113 -44396265
114 -2129890782
115 1268505598
116 -1757956103
117 -1757956091
118 -1757956077
119 -978900956
120 1558110279
121 1558110290
122 -1378592550
123 179517754
124 -1199074786
125 718070998
126 -481003773
127 -782489802
128 -782489800
129 -1327912357
130 -1327912347
131 -1327912335
132 1639142621
133 -1016682055
134 622460567
135 -1410903532
136 -788442955
137 1701399335
138 1701399343
139 1825912767
140 -767655170
141 -622353971
142 2137302981
143 -20361328
144 726932524
145 1453865041
146 1453865059
147 -680665980
148 773199098
149 92533122
150 185066250
151 277599389
152 462665659
153 462665673
154 1387996989
155 -1704039575
156 609288758
157 609288774
158 -485462025
159 -485462010
160 -485462005
161 -847097253
162 -1818021261
163 -1818021244
164 -673634451
165 -861806895
166 -1723613802
167 1694836955
168 -28776839
169 1666060119
170 1637283283
171 -1020400713
172 616882571
173 -403518124
174 -1798660152
175 2092789040
176 294128892
177 801622247
178 986361904
179 -1918725357
180 163387702
181 163387722
182 326775443
183 -278812581
184 374738294
185 95925730
186 470664039
187 989290938
188 1459954990
189 -904393288
190 -904393274
191 -1808786548
192 -1808786547
193 677394203
194 -1131392336
195 -680997198
196 1351185421
197 -461204095
198 -922408193
199 -922408188
200 -1635832245
201 -1635832225
202 -821513541
203 1837621544
204 1016108020
205 -1441237714
206 -1044853900
207 367637958
208 -677215932
209 -309577971
210 -619155933
211 -1605949835
212 1083067631
213 -522882193
214 -522882176
215 -1045764362
216 -1568646533
217 1717859675
218 -896551203
219 821308489
220 -75242710
221 746065792
222 -1981527242
223 -489395668
224 -489395659
225 2005471823
226 2005471833
227 -773419287
228 1232052547
229 1232052552
230 -1830862188
231 1865295460
232 1266485843
233 1300919135
234 137733144
235 137733157
236 275466321
237 1851851775
238 1851851784
239 1851851798
240 1851851817
241 1851851830
242 -1182527346
243 -1773790986
244 1338648980
245 234182496
246 468364981
247 468364999
248 -1785405838
249 -848675844
250 -1697351683
251 900263918
252 -797087759
253 -797087750
254 -693911583
255 2006880206
256 2006880209
257 -975118458
258 -1256325326
259 2063523526
260 -167920256
261 1895603286
262 1895603305
263 -671680954
264 1223922360
265 552241422
266 1776163793
267 -742639716
268 1585765509
269 1585765515
270 -1123436269
271 -1213348454
272 92106591
273 -1121241844
274 929047322
275 -1313436371
276 1668094548
277 162463668
278 324927337
279 487391008
280 1329440203
281 1329440211
282 -661304851
283 -1485073374
284 999893208
285 -485180150
286 -485180136
287 -2116845289
288 -2087312359
289 -394370482
290 -303560826
291 -1092301778
292 -1092301765
293 1412432459
294 -772171066
295 -1847902967
296 902722184
297 902722204
298 -814629636
299 88092571
300 -768995642
301 -768995625
302 -1537991258
303 1307077345
304 1307077353
305 1076163448
306 1383331274
307 778682140
308 -2132953880
309 -2132953877
310 807741692
311 -1325212167
312 -488410933
313 -488410928
314 -488410922
315 -1465232772
316 -1465232762
317 387679927
318 1752181709
319 1752181717
320 -1868156690
321 2023886680
322 -634873860
323 1273037866
324 -1748891568
325 -1110727550
326 -1586581246
327 1121804806
328 -1575503981
329 -453699164
330 690260180
331 -217138156
332 -434276311
333 -414853435
334 -1066267890
335 -2132535791
336 29895718
337 29895735
338 59791470
339 1215746554
340 1215746574
341 -1743891236
342 777289102
343 1464891012
344 498288893
345 996577777
346 -1335209604
347 -338631817
348 -338631805
349 -2012473220
350 -2012473200
351 -1742452343
352 -1742452338
353 810062631
354 -392347938
355 417714711
356 25366789
357 25366799
358 50733590
359 126833956
360 126833962
361 329768309
362 583436232
363 583436236
364 1623474748
365 -1048017795
366 2072097745
367 -1647412580
368 -1647412568
369 -1647412554
370 1000142182
371 2000284374
372 -1941811142
373 58473238
374 116946484
375 233892961
376 -1532498457
377 -1181659009
378 -1181659006
379 -1181659004
380 -782508163
381 1149141127
382 -815026033
383 -1630052056
384 1034863181
385 -595188856
386 -1190377722
387 -1190377715
388 1319023022
389 1319023033
390 1319023048
391 -337898181
392 981124873
393 1962249748
394 -1689490843
395 272758924
396 -1416731910
397 -871214077
398 -871214066
399 -871214046
400 1681325125
401 1681325143
402 1620222160
403 1620222173
404 1436913273
405 382390325
406 -855441514
407 -855441511
408 -1710883013
409 -1602462433
410 126180352
411 1107802218
412 1233982590
413 -1827002134
414 -1827002130
415 -1186039097
416 1281926078
417 1970832616
418 -1042208583
419 -1042208574
420 1168341550
421 126132988
422 -789942602
423 -789942590
424 -789942573
425 -1075353221
426 975919318
427 1825705632
428 146386574
429 1872658313
430 2019044891
431 -1750219845
432 -1750219830
433 537650113
434 928913654
435 -283656053
436 1182907725
437 1828165346
438 -100986502
439 -1668536776
440 -1668536756
441 -1668536745
442 957893806
443 247250828
444 1205144652
445 -926784211
446 278360450
447 803971739
448 1082332192
449 -2130302904
450 -243998964
451 -243998963
452 -243998962
453 -243998950
454 -731996860
455 -731996846
456 -1951991607
457 390984091
458 2001962935
459 -291041409
460 -291041396
461 1810864241
462 -1064222924
463 164558528
464 911199863
465 1075758393
466 -2143450504
467 -1067692102
468 -1224184331
469 -140359625
470 -280719259
471 -561438519
472 1020573475
473 1020573493
474 1020573507
475 1020573511
476 1020573517
477 -212673259
478 807900264
479 -638019742
480 -42792721
481 934988079
482 849402629
483 849402635
484 849402639
485 -811771294
486 -1623542598
487 1859653413
488 236110834
489 2095764261
490 -103438774
491 1992325489
492 1785447932
493 1785447937
494 -724071420
495 1061376520
496 1605559166
497 1218792848
498 -409238744
499 -1879854013
500 535259270
501 -1753833471
