0 0
1 11
2 28
3 50
4 95
5 204
6 396
7 754
8 1165
9 2526
10 4851
11 9701
12 9704
13 9714
14 36508
15 36509
16 92454
17 175199
18 175205
19 175211
20 618074
21 968491
22 2112189
23 2112198
24 5986168
25 8098380
26 18308936
27 32393485
28 66899185
29 131686172
30 257386178
31 455971537
32 455971553
33 1301015451
34 -2082008748
35 -2082008734
36 -1951058936
37 -519093652
38 1955764525
39 1436670888
40 922282844
41 922282861
42 422940176
43 1364974005
44 774183498
45 111696091
46 -698890650
47 186988942
48 1738951900
49 1227050196
50 -1328965183
51 -101914983
52 1722110890
53 1722110893
54 -850745497
55 871365404
56 20619911
57 1763350717
58 1763350718
59 -768265859
60 -768265843
61 -768265839
62 1990169764
63 453638095
64 139010337
65 1814552364
66 -665862573
67 1287700132
68 621837571
69 1243675148
70 1243675161
71 -1185779412
72 -1185779406
73 737629064
74 737629070
75 347374497
76 -548926171
77 87927067
78 87927078
79 -25697522
80 150156634
81 212386204
82 512699477
83 875242324
84 1724787131
85 -1694937839
86 -1694937831
87 -1665088529
88 -759996889
89 -759996883
90 -1519993770
91 -410108774
92 844870986
93 434762214
94 -650469332
95 -650469318
96 -431414220
97 -431414210
98 -431414195
99 -1944711935
100 -1944711930
101 -25870756
102 -1970582674
103 -1970582663
104 327931211
105 681733182
106 1009664409
107 -1921836517
108 -1921836502
109 2142691886
110 -1700981121
111 -1480125728
112 -587120678
113 526739773
114 526739786
115 466358901
116 1519838477
117 -1782030115
118 1257646831
119 1257646837
120 -1779673608
121 -522026769
122 -1568436804
123 1682476970
124 -407986596
125 1699320508
126 883347312
127 -2120286059
128 462381773
129 -774556967
130 -774556947
131 1087949102
132 -2119069088
133 -2117852108
134 58046120
135 -2059805976
136 -2001759854
137 291447592
138 -1534956916
139 -952061724
140 2099396258
141 1147334542
142 -1048236490
143 -1048236480
144 -2096472950
145 -946215102
146 -946215099
147 -1790408824
148 1558343388
149 -2124495625
150 -566152234
151 426038906
152 426038919
153 285925605
154 -1552644422
155 -414640986
156 -414640983
157 -1669961862
158 529004668
159 -1970239156
160 -1441234480
161 -672104510
162 740393837
163 1480787669
164 1480787678
165 -592998098
166 -1858100711
167 510476541
168 -1347624168
169 -1347624167
170 252094801
171 -1095529349
172 -1095529338
173 -339244911
174 669134345
175 669134361
176 1338268709
177 -1618429861
178 -1618429855
179 -1898590987
180 497785306
181 -342698082
182 933033693
183 1088120937
184 1088120942
185 -1185691706
186 1923583886
187 737892195
188 -1731061973
189 -1731061966
190 -1986339546
191 577565802
192 577565805
193 -831207920
194 -1662415849
195 -1916057956
196 1040417194
197 1040417195
198 1966119967
199 1966119971
200 -362727345
201 -725454696
202 -1088182022
203 2118603234
204 -57760809
205 2060842441
206 2003081634
207 -231043220
208 -519847236
209 -519847229
210 -519847214
211 -1039694442
212 1464687972
213 1464687974
214 1464687994
215 -940597792
216 -841501136
217 -1782098921
218 -2099509850
219 95947598
220 -2003562240
221 -1907614633
222 -1907614632
223 767580843
224 1247318887
225 491075532
226 1738394426
227 -50597600
228 -101195198
229 2077677168
230 -630688494
231 1345793487
232 -1603380317
233 1189401853
234 931815028
235 2121216897
236 -52533499
237 -1294468867
238 -1294468864
239 411560715
240 -108693603
241 -108693594
242 -108693590
243 -1208988932
244 -1317682506
245 -1317682489
246 233226198
247 683839570
248 683839572
249 683839587
250 967062446
251 -1960225674
252 374515932
253 749031871
254 1123547820
255 1872579703
256 -549807893
257 1322771826
258 772963938
259 2095735766
260 -103495751
261 -103495743
262 -310487250
263 -310487237
264 -620974473
265 -1448940446
266 -1448940441
267 1397086414
268 -2121768928
269 -724682497
270 -1449365005
271 -1449364996
272 671554806
273 2067792109
274 -1555620370
275 512171757
276 1695898309
277 -903170665
278 792727652
279 542006684
280 1334734351
281 -1625498593
282 140799445
283 -149964780
284 -149964770
285 -299929548
286 -599859084
287 -1049753384
288 -1049753366
289 -2099506737
290 95953813
291 -2003552909
292 -1811645268
293 1721430144
294 1721430164
295 -372337857
296 -744675723
297 -1969120549
298 -1364703952
299 216467076
300 216467080
301 216467087
302 432934181
303 432934197
304 1298802548
305 -1697362200
306 -1697362182
307 900242923
308 -762744705
309 -762744697
310 -1525489382
311 446869267
312 -1078620099
313 -1078620082
314 296362307
315 1355469326
316 -58539264
317 1296930071
318 1296930075
319 -1759646396
320 2131143829
321 -1329609707
322 -1329609695
323 -990791893
324 -990791874
325 983773853
326 637937990
327 637938000
328 278066083
329 1546924054
330 -1832039153
331 -7049015
332 -292164105
333 -292164099
334 -292164092
335 -584328186
336 -1460820468
337 1665490468
338 -671822259
339 -1343644526
340 -349976311
341 2134194215
342 2134194233
343 2134194253
344 2107615420
345 2081036612
346 2027879008
347 -239209292
348 -425260960
349 -664470233
350 -664470225
351 -1993410694
352 547355199
353 1094710389
354 1094710395
355 -1558191295
356 -463480883
357 715103811
358 251622934
359 503245871
360 1006491747
361 1006491756
362 1006491757
363 -520623218
364 -1292869373
365 -807000829
366 -607509890
367 -1414510707
368 1465945882
369 1465945886
370 909871180
371 -1919150227
372 456666857
373 -1915687715
374 -1459020846
375 1376925593
376 834700972
377 834700983
378 834700997
379 1669401994
380 1255463245
381 -1370102039
382 -1070802104
383 -1070802099
384 -2141604191
385 1082561017
386 -2129845265
387 35276771
388 70553532
389 105830317
390 176383868
391 388044507
392 564428383
393 952472910
394 2081329669
395 2081329671
396 820164955
397 820164971
398 1508021982
399 934714285
400 1869428581
401 17197560
402 17197572
403 17197577
404 1921021295
405 1955416459
406 -384134378
407 -768268755
408 803013346
409 34744595
410 837757943
411 1675515894
412 -1712204258
413 1638827521
414 1602139175
415 -1054000581
416 -2144689528
417 -1669927670
418 1028488712
419 1028488718
420 1483326967
421 -274312783
422 -1028975665
423 180038530
424 360077050
425 -763172853
426 -763172851
427 -2015205783
428 753415816
429 1506831640
430 1506831644
431 1506831657
432 -1036262313
433 -810734657
434 -1846996950
435 -680330606
436 1767639751
437 1767639758
438 197217304
439 -562470474
440 -1124940948
441 -1687411405
442 1117361792
443 1117361797
444 -577628745
445 1657094848
446 -980777591
447 676317265
448 1892367575
449 -1049965193
450 -2099930376
451 -1257527989
452 -1257527974
453 1779911339
454 522383385
455 1982275683
456 -1790308214
457 1236734225
458 1951085099
459 1951085102
460 1035904604
461 1035904618
462 -272072967
463 1406939171
464 1134866208
465 -1753161915
466 -1753161902
467 1923509694
468 1923509710
469 1475561814
470 1816257402
471 920361646
472 -530734321
473 1309988961
474 -779093606
475 161047
476 531056420
477 531217474
478 531217479
479 1593491376
480 2124708875
481 -576767030
482 -1153534061
483 -1730301089
484 1411132148
485 75238849
486 -1974231171
487 -1974231169
488 421743814
489 -2040347511
490 -1618603686
491 -1618603667
492 1759892383
493 141288717
494 1901181112
495 -2111208732
496 -210027601
497 -278766490
498 -698821691
499 -1397643383
500 1709708148
501 -875550997
