0 0
1 2
2 18
3 26
4 61
5 121
6 241
7 371
8 802
9 810
10 2349
11 4334
12 6702
13 11042
14 11057
15 28812
16 28826
17 79751
18 148453
19 148461
20 148463
21 525133
22 970526
23 970539
24 970558
25 3585222
26 5526331
27 9111569
28 9111583
29 28305281
30 55639992
31 83945276
32 83945292
33 251835854
34 251835856
35 503671721
36 1091288725
37 1594960452
38 -1608718109
39 1077531081
40 -2139905132
41 15157026
42 15157039
43 1654189210
44 1654189224
45 -956274787
46 -1912549564
47 454711131
48 -759923994
49 2077204886
50 1771992034
51 -445770365
52 1326221677
53 -325243057
54 555208263
55 -1412558740
56 -857350458
57 -2039943976
58 540322405
59 1937995275
60 -418976753
61 19396971
62 38793930
63 1577209431
64 1635400342
65 -1043563584
66 -2125921095
67 -1534084334
68 -1490959229
69 1269923742
70 -221035480
71 1048888265
72 2097776539
73 2097776545
74 2097776561
75 1998362355
76 750645690
77 551817312
78 -994141929
79 308321091
80 -685820833
81 -377499733
82 -1063320557
83 -1818320029
84 1035826987
85 1035827000
86 2071653996
87 1261667410
88 74181112
89 148362223
90 1484210747
91 1484210766
92 1484210769
93 157665001
94 463692212
95 621357221
96 1242714449
97 1242714462
98 -1188181144
99 1918604992
100 730423856
101 730423867
102 1460847727
103 -642847991
104 817999737
105 1635999480
106 1635999485
107 -847816572
108 -1695633155
109 728549244
110 728549249
111 -1086351233
112 -357801980
113 -357801963
114 -1801955161
115 2135210186
116 333255043
117 666510082
118 666510090
119 1666275219
120 -1295671888
121 1037113423
122 2074226864
123 -1183627002
124 -1996650668
125 1114689643
126 -2065588009
127 -950898353
128 -1901796707
129 -623315759
130 -131941888
131 -131941872
132 555072729
133 2061043808
134 -1678850748
135 -1678850734
136 -1678850717
137 1319458917
138 577874024
139 -1460368503
140 1374230302
141 -86138182
142 1725056563
143 1725056564
144 -1017130542
145 707926028
146 -309204507
147 1106647562
148 1106647575
149 -2081672145
150 -177581500
151 -355163010
152 1680550659
153 1680550679
154 -933865954
155 1894490879
156 1894490895
157 1894490899
158 2135190112
159 -771271794
160 857932823
161 -178625254
162 679307584
163 1358615159
164 1945958533
165 -311086016
166 -800797271
167 -800797253
168 33277997
169 -1879402542
170 1648045506
171 -998876286
172 -1196955315
173 -547786076
174 1551349637
175 1003563565
176 810171826
177 -929882258
178 -929882251
179 -46029108
180 -975911343
181 -1021940436
182 391321908
183 391321921
184 -239296592
185 -1454504541
186 -1454504532
187 1929305470
188 1929305485
189 710305292
190 -1180555565
191 -1180555554
192 -2087162163
193 1027249581
194 2054499178
195 -185968944
196 1868530247
197 -557906796
198 -88564010
199 1222059446
200 1133495450
201 -1939412381
202 -230328279
203 2125226640
204 1088981431
205 1088981447
206 8222230
207 -213883822
208 883319866
209 1766639732
210 -761687838
211 1888271763
212 -1401743638
213 1491480022
214 1978008152
215 1978008170
216 -249214587
217 903314471
218 654099899
219 969248821
220 -1768304088
221 -799055262
222 -799055243
223 928552706
224 -669557780
225 -540060298
226 -1080120608
227 2134726089
228 773540119
229 618527535
230 1906612847
231 1906612852
232 136785958
233 136785978
234 410357878
235 547143875
236 -1157280744
237 -62992996
238 -125985989
239 -1346259716
240 1602447853
241 -1090071589
242 -959869425
243 -447493143
244 1797533141
245 1350040014
246 1350040026
247 -1594887238
248 -1594887236
249 -1839734444
250 860345630
251 125804017
252 1846495274
253 -1462322359
254 -1462322352
255 -91999777
256 1278322828
257 -275999282
258 -2014320926
259 -1103997145
260 1176649235
261 1176649239
262 -765019591
263 484281742
264 895911398
265 1380193142
266 -1534581004
267 741523553
268 -793057431
269 -51533868
270 -103067729
271 -947659026
272 -1050726743
273 -1050726735
274 -1050726723
275 195128088
276 390256167
277 -465342455
278 -1981411654
279 -1981411642
280 -133198447
281 -266396900
282 -532793795
283 1381166524
284 848372737
285 848372756
286 848372764
287 -368682509
288 -737365009
289 -737364997
290 -995039732
291 1456515060
292 1456515066
293 1456515073
294 1456515079
295 -1381937139
296 -1307359209
297 -1307359193
298 -1307359192
299 -1307359187
300 1680248934
301 1680248937
302 2053138690
303 2053138691
304 -1123159331
305 929979365
306 1298379065
307 -1136629503
308 1091728940
309 -44900561
310 -89801119
311 -89801111
312 -224502778
313 -224502758
314 -449005532
315 -898011067
316 -1347016592
317 1151928571
318 1151928578
319 58829494
320 1015670053
321 1015670066
322 -1052869087
323 -37199006
324 -74398023
325 -1164466105
326 -1276063122
327 -1276063102
328 -1276063100
329 -1276063090
330 1742841107
331 1742841122
332 -342507059
333 1867112100
334 -560743115
335 -1588264233
336 1118438829
337 836543599
338 366718210
339 -1973266646
340 348434003
341 696867999
342 275297176
343 -652667462
344 667931725
345 987429440
346 1655361184
347 -1652176668
348 1005878237
349 1996492210
350 -1292596831
351 1709773625
352 1709773629
353 -171524657
354 -171524646
355 1783901134
356 565431799
357 -1945634357
358 232173941
359 -1713460407
360 -1077587870
361 1503919039
362 -1287129220
363 1952882782
364 1952882788
365 -1676330940
366 -2065532653
367 -2065532651
368 163902006
369 604355865
370 932159870
371 -365114894
372 -365114886
373 201930103
374 201930105
375 38745328
376 240675449
377 481350886
378 760771673
379 1723473446
380 -1088695838
381 2117575621
382 2117575628
383 2117575640
384 2057759594
385 1997943585
386 -239264100
387 -538344226
388 -1016872428
389 -1794480737
390 -1794480723
391 -849210798
392 -1698421607
393 -1698421601
394 898124108
395 1796248205
396 1796248221
397 195653257
398 1991901488
399 -2107412535
400 -2107412531
401 -231022084
402 2036674898
403 1805652816
404 1503893112
405 1503893123
406 -1970842720
407 -466949577
408 569993949
409 1139987897
410 1139987908
411 1139987916
412 1139987918
413 264984347
414 264984359
415 1669956632
416 -2095041952
417 104883403
418 104883423
419 -215318481
420 -430636964
421 -645955432
422 -1076592381
423 -1076592363
424 849871692
425 -1949268468
426 -1099396773
427 -57010995
428 -1156407767
429 -1156407750
430 825744027
431 -330663715
432 -661327424
433 -661327423
434 -1322654842
435 2144737925
436 -831235475
437 1313502462
438 643022659
439 -1024939724
440 -381917060
441 -1406856783
442 -857188445
443 1267087953
444 1267087959
445 -1760791380
446 -493703402
447 -577507296
448 -577507287
449 -1155014569
450 1984938160
451 -818794392
452 -1143885374
453 -1132756170
454 2029454964
455 918957193
456 918957210
457 -1560354096
458 -1560354084
459 2093216346
460 532862271
461 1065724535
462 571094984
463 -1592423226
464 -1624492375
465 1078051698
466 1078051705
467 -489717202
468 1666386220
469 1708280052
470 -331966510
471 1376313545
472 124046028
473 124046043
474 248092079
475 1872497704
476 -2050331469
477 -2050331449
478 194304397
479 194304402
480 -1661722638
481 -1273113823
482 -301591801
483 -301591792
484 -1876297404
485 -1876297384
486 -1876297367
487 -1937108449
488 -1394735893
489 963122955
490 1926245910
491 1976194469
492 1976194485
493 1583667588
494 1241089266
495 -1470210428
496 -964226366
497 -964226354
498 -964226335
499 -964226323
500 438061919
501 438061931
