0 0
1 19
2 26
3 46
4 92
5 188
6 353
7 707
8 1393
9 2103
10 4558
11 8067
12 12637
13 12642
14 12650
15 37931
16 63230
17 113819
18 227639
19 404696
20 746159
21 1555547
22 2934043
23 5235752
24 8169812
25 18641323
26 18641324
27 45452469
28 45452474
29 128187597
30 237733876
31 456826422
32 694560306
33 1562760677
34 -2037646296
35 -2037646283
36 -2037646282
37 -1817971556
38 -1817971552
39 -1817971545
40 659024201
41 1318048420
42 1318048437
43 -340822020
44 1136327507
45 1136327527
46 1931833026
47 -1226806729
48 -1658107969
49 -1658107952
50 1683777680
51 25669743
52 51339486
53 51339502
54 51339517
55 51339534
56 231027790
57 333706842
58 333706858
59 898441506
60 1232148369
61 -1830670550
62 -598522162
63 1865774599
64 -563418112
65 -563418111
66 738938396
67 175520304
68 -212377514
69 -424755024
70 -424755017
71 -1061887553
72 -1948254784
73 860069948
74 1295384872
75 -854687505
76 -854687486
77 -413990100
78 -1268677576
79 902924642
80 -365752917
81 -2000183431
82 1563278022
83 1563278030
84 1563278037
85 -1168411217
86 1521239446
87 352828230
88 1874067681
89 -2068071368
90 1680063994
91 -934839298
92 -934839279
93 -934839275
94 1490449456
95 -1314068381
96 -1693297470
97 1287601458
98 1287601466
99 1058286544
100 -1949079275
101 396808744
102 396808752
103 -1155461772
104 1984043753
105 828582000
106 -1844185808
107 -187021809
108 -2031207598
109 232552099
110 -1798655498
111 -1333551312
112 -1333551295
113 61761306
114 -109029483
115 -47268174
116 -156297642
117 -203565796
118 -359863422
119 -766995027
120 -1330424235
121 1477821194
122 1477821201
123 1477821206
124 -1958922944
125 -1958922925
126 -1958922920
127 377121452
128 -1204680025
129 -450437102
130 -1655117114
131 984733064
132 984733076
133 1969466145
134 -356035006
135 -1696803067
136 -1696803055
137 545326184
138 -1234848797
139 1908641643
140 -477684019
141 196108832
142 392217660
143 588326508
144 -1687356669
145 -1687356656
146 1508580485
147 -1277806324
148 1151028150
149 -1992911006
150 -611108691
151 1564169445
152 -1166628425
153 397541035
154 397541041
155 581514414
156 979055465
157 979055480
158 1958110949
159 -378745382
160 -175976356
161 -175976337
162 -351952674
163 875460217
164 -207190531
165 -207190530
166 -66849851
167 -481230909
168 -962461813
169 -1717733085
170 -1717733072
171 859501145
172 859501161
173 1269242
174 -1715194603
175 -1713925356
176 865847338
177 -1702502207
178 -836654856
179 1755810241
180 -783346802
181 -700846266
182 -1484193055
183 1326581179
184 114005313
185 -43606556
186 1396979955
187 -1501007390
188 -147633974
189 -1648641346
190 -1796275305
191 850050659
192 -946224626
193 606242719
194 -1286206542
195 -1286206538
196 1382572321
197 -1189840741
198 192731592
199 385463187
200 385463205
201 -226182754
202 544743640
203 1282218889
204 1986242990
205 -322481310
206 -322481290
207 -644962584
208 1978536701
209 1011092847
210 -1950300331
211 1039329226
212 100121755
213 1139450994
214 1339694503
215 -1815821789
216 663323726
217 663323741
218 1989971183
219 -978348635
220 -1956697261
221 381572760
222 -1575124493
223 -1575124479
224 -1575124466
225 1144718358
226 1144718366
227 714312270
228 -1291218283
229 1712530729
230 -2014624197
231 -878999472
232 1401343646
233 220250719
234 1621594369
235 1621594387
236 -309183641
237 -1140711447
238 -1140711444
239 -1140711427
240 -1140711424
241 -1140711406
242 -1140711388
243 -1408589788
244 1745666122
245 1209909413
246 406274378
247 1616183800
248 -1062599694
249 959858495
250 1513442611
251 -1268082083
252 1205219030
253 -1884529230
254 525908841
255 525908850
256 -895574580
257 -523067086
258 -892732815
259 1983592834
260 1983592847
261 -1743581509
262 807804282
263 1047815640
264 -215743190
265 -103704758
266 -103704751
267 624662956
268 201510259
269 201510266
270 820273992
271 820274000
272 820274002
273 820274014
274 -1834145267
275 -193597232
276 -193597219
277 -387194433
278 -774388880
279 -1548777750
280 1584606236
281 -738560383
282 -702731879
283 2115114649
284 -2036538669
285 -2036538668
286 -1957962683
287 -323689945
288 -2059762658
289 175441980
290 175441984
291 304435994
292 304436008
293 608872014
294 913308040
295 2131052066
296 -337299160
297 1793752923
298 814718590
299 1020565182
300 1127822318
301 461891732
302 -1684688051
303 -1684688049
304 -1684688037
305 925591216
306 166494387
307 1092085613
308 -2110796060
309 -2110796041
310 -2037420883
311 -1964045671
312 293500760
313 660376704
314 -863417832
315 -203041124
316 -1066458944
317 -1472541183
318 -1472541182
319 -1472541163
320 1349884968
321 1349884971
322 -245312394
323 -1840509736
324 -858593348
325 -244645519
326 1105906302
327 -2083154685
328 373970328
329 -603278052
330 -1206556106
331 1881855091
332 72020940
333 72020943
334 144041887
335 -2125028426
336 -1836944642
337 -1836944622
338 621078049
339 -882872337
340 -2098738901
341 -1739455149
342 456773255
343 651752215
344 682426383
345 682426390
346 2016604997
347 -913509510
348 -1175266809
349 610255069
350 538083757
351 538083765
352 1076167532
353 1076167535
354 -1604548447
355 -528380908
356 -1056761814
357 -2113523629
358 67920053
359 -940327429
360 -276106415
361 -1216433842
362 1930019682
363 713585848
364 713585856
365 713585871
366 713585879
367 489395851
368 1916567604
369 251753784
370 251753802
371 -1874892089
372 -1623138277
373 -1623138264
374 -1623138247
375 1048690790
376 2097381577
377 -100204141
378 -1249099054
379 748078397
380 -1750119721
381 -1002041315
382 1041785620
383 -1710375409
384 -1670631093
385 -1670631082
386 -756670272
387 -756670265
388 -559635412
389 -559635409
390 -1875941071
391 543085155
392 -1332855911
393 1629255473
394 1629255492
395 1629255501
396 1629255521
397 -1036456271
398 -443657048
399 -1480113312
400 298284397
401 -1032686696
402 2080451694
403 -577720954
404 470044050
405 470044056
406 362367158
407 1302455274
408 -1690056740
409 444809768
410 889619532
411 1334429316
412 978801880
413 -647306787
414 331495101
415 -315811671
416 -315811669
417 31366870
418 -916068149
419 -1516324615
420 1262318071
421 -1138707811
422 1986184795
423 2109795062
424 -1591701785
425 -1591701775
426 1111563751
427 2024140061
428 -47699745
429 -1206963226
430 -1254662968
431 -1254662955
432 -1254662946
433 -1254662934
434 -723684506
435 -723684503
436 -916390539
437 -916390531
438 1738501736
439 -94279332
440 -94279326
441 -282837988
442 -377117301
443 -754234613
444 -754234612
445 -1885586521
446 240956266
447 1896102439
448 2137058725
449 -261806119
450 -261806099
451 -261806087
452 1351640426
453 566222126
454 566222130
455 1132444263
456 1698666406
457 1698666423
458 1698666432
459 -897634426
460 -1795268858
461 1602064016
462 607827178
463 414622353
464 -68389730
465 -1738843473
466 -1807233185
467 -1807233183
468 -1807233163
469 680500951
470 -446231264
471 -892462541
472 -892462536
473 -1550655389
474 -1550655382
475 1193656532
476 602387989
477 2097238528
478 -1952339623
479 747286913
480 747286919
481 -457765786
482 289521134
483 289521147
484 289521161
485 289521172
486 1158084624
487 1737126967
488 1737126970
489 626892457
490 964263734
491 1928527471
492 961843343
493 -1404596466
494 -442753121
495 2007284976
496 1564531868
497 -723150439
498 1001316826
499 1001316836
500 1279483224
501 -171468970
