0 0
1 10
2 25
3 55
4 83
5 167
6 173
7 356
8 373
9 921
10 1306
11 3140
12 4454
13 8920
14 17832
15 17834
16 35669
17 71338
18 142683
19 214028
20 481562
21 909612
22 1819235
23 3210428
24 5029672
25 8240107
26 8240126
27 8240130
28 16480265
29 46230304
30 46230323
31 92460642
32 201401535
33 386322822
34 772645640
35 1499060977
36 -1435536304
37 63524674
38 1286017825
39 -85993785
40 1327073406
41 1241079623
42 -1812808036
43 669351225
44 1424696230
45 1522319046
46 1803558478
47 1803558488
48 -687850319
49 1115708179
50 1262326585
51 -1916932527
52 -654605936
53 1723428847
54 1723428853
55 875319245
56 1750638484
57 -1669009560
58 -1669009557
59 956948196
60 -630432434
61 -1342493783
62 -1342493768
63 267485958
64 267485962
65 534971939
66 534971944
67 534971961
68 1604915863
69 -1085135575
70 1589724213
71 2109504516
72 -1680874127
73 2018354610
74 -1343393639
75 -1005913143
76 -1005913127
77 -2011826250
78 -2011826247
79 -734598317
80 -463283500
81 -1932480129
82 1899203668
83 1899203674
84 1865927214
85 -529836400
86 1336090818
87 -1622785657
88 -816531238
89 1855650405
90 1039119179
91 1039119187
92 1494571884
93 316962125
94 -405194914
95 -88232786
96 -88232779
97 -88232772
98 -176465538
99 -846358777
100 -846358773
101 -1692717539
102 -1692717530
103 -783185312
104 -720011840
105 -593664914
106 505387718
107 -1591474329
108 -1591474319
109 -1591474310
110 25932070
111 51864137
112 77796211
113 129660359
114 259320721
115 544573502
116 1063214933
117 1867109169
118 -820069681
119 -1640139372
120 470115065
121 -1170024294
122 -699909211
123 434939816
124 -964878620
125 -1929757227
126 -1929757214
127 -1929757198
128 -2024243135
129 340966975
130 340966978
131 681933959
132 1704834887
133 -1226264492
134 1842438322
135 1842438340
136 -610090630
137 -610090621
138 -1220181234
139 1854604830
140 -585757647
141 -561424655
142 -512758699
143 -1025517391
144 1609508917
145 71232845
146 71232865
147 1751974628
148 1751974641
149 -648552314
150 -648552310
151 -648552297
152 -648552287
153 -842234550
154 -842234536
155 664841324
156 -177393209
157 -177393203
158 -354786400
159 -532179588
160 -576911071
161 -1818663462
162 1367213181
163 -1560540935
164 1173885431
165 -838105778
166 -838105776
167 -838105766
168 1393994474
169 1393994478
170 1393994487
171 -112983856
172 -225967709
173 -225967703
174 -225967683
175 -677903085
176 -677903076
177 -677903075
178 -2033709216
179 -2033709201
180 -1128257263
181 -900708364
182 -900708358
183 -900708356
184 -1801416699
185 -1801416693
186 -1801416679
187 692133929
188 1384267866
189 2076401813
190 -1943580363
191 132821463
192 265642914
193 398464383
194 398464385
195 796928779
196 1593857552
197 -1904180961
198 1283534141
199 -620646819
200 1149492707
201 1502056623
202 -1643417960
203 -1643417947
204 -635286569
205 -635286558
206 -635286551
207 -1270573093
208 1118534530
209 -2057898233
210 2085030512
211 2085030524
212 -124906243
213 1987256578
214 -347586432
215 -347586426
216 -347586422
217 819591070
218 -223168206
219 -223168193
220 25668255
221 25668266
222 25668271
223 25668275
224 51336558
225 77004844
226 128341417
227 282351097
228 487697372
229 487697390
230 1386087292
231 -1651134127
232 710347929
233 -940786183
234 -230438238
235 -2112010603
236 70946081
237 -2041064506
238 -1970118411
239 -1970118398
240 -1615387923
241 -1615387920
242 -1615387906
243 -196465955
244 -747662389
245 120063138
246 240126277
247 -387472962
248 -971411876
249 -1118758552
250 1817323921
251 1817323923
252 1157004461
253 496685013
254 496685032
255 1490055068
256 1986740110
257 1332202400
258 514030295
259 1846232704
260 -602501879
261 -602501867
262 641228965
263 641228974
264 679956081
265 1962414030
266 -972641105
267 1669729010
268 -955509275
269 1703992665
270 1445571310
271 1445571313
272 300167997
273 600335991
274 -503320669
275 97015338
276 1939769979
277 1939769989
278 -221396666
279 1718373331
280 1718373348
281 860152720
282 -1716441225
283 862084845
284 -854356374
285 869813323
286 -838899420
287 -1677798846
288 1793725986
289 1793725991
290 1909653151
291 1909653164
292 1909653177
293 1433992214
294 -1426982868
295 7009356
296 1923671886
297 1937690593
298 1937690605
299 1937690620
300 -853190886
301 -1272776943
302 -1272776942
303 -1272776938
304 476636483
305 476636493
306 476636509
307 953273006
308 953273012
309 -1911784761
310 -1911784745
311 -1917023469
312 460920350
313 927079443
314 927079455
315 -1513728950
316 -1513728933
317 1267509423
318 94210449
319 -1665737996
320 -1571527539
321 -1571527528
322 -1571527511
323 1151912273
324 732297007
325 732297008
326 1044978788
327 -1785394491
328 -740415687
329 1769157123
330 1020622747
331 2049364195
332 544176772
333 1088353548
334 1632530340
335 -1574083405
336 1146800493
337 -1457189531
338 -1457189522
339 -1457189517
340 -503884172
341 -503884169
342 372819927
343 -2092137920
344 1567880966
345 -655321179
346 912559793
347 105801603
348 363040224
349 363040244
350 1744441881
351 -1824444932
352 283037204
353 203034158
354 203034164
355 -1135339386
356 -932305220
357 -1378539061
358 1051817810
359 -326721236
360 -326721231
361 -326721215
362 -653442445
363 -653442430
364 -653442428
365 -1960327290
366 374312711
367 748625430
368 748625439
369 -88763705
370 1782799878
371 -1852305683
372 590355939
373 432086434
374 952936576
375 1905873162
376 2028946444
377 1615231270
378 -650789580
379 -1301579152
380 -1952368716
381 390229861
382 780459720
383 -781679122
384 389010461
385 778020926
386 1167031400
387 -1962123904
388 -795092490
389 1537750907
390 -52434075
391 -52434064
392 -104868131
393 -157302179
394 -262170309
395 -524340603
396 -1101115273
397 -1101115255
398 1568396175
399 1568396182
400 2035677113
401 -1324728353
402 -1324728342
403 1645510615
404 1031731037
405 -1617725640
406 1059516029
407 473521428
408 -84688176
409 -84688167
410 1363661124
411 1667806219
412 -1263499949
413 1598591066
414 -928408817
415 1074488528
416 481170840
417 1555659372
418 -2112057364
419 70852566
420 1070113948
421 1065739382
422 1650307908
423 -508806038
424 -508806023
425 1698435233
426 -1963836210
427 -1283013035
428 -1283013017
429 1463540271
430 180527270
431 1409172587
432 -1241727164
433 1811512973
434 1811512976
435 -1913668497
436 -1913668496
437 -204311034
438 -204311018
439 -408622043
440 1564054718
441 1564054725
442 -1779790906
443 735385492
444 1675082005
445 1675082018
446 1675082034
447 730278773
448 -1889606480
449 -1159327701
450 1031508661
451 387935301
452 387935310
453 775870626
454 775870643
455 1939676587
456 -27678809
457 -443292919
458 -2050391778
459 1801282600
460 -720080887
461 -720080885
462 -1689270934
463 -1328150098
464 1638667101
465 310517020
466 -1068236899
467 -447202860
468 -1204922733
469 1885121829
470 -835240651
471 -835240645
472 -835240639
473 -1670481283
474 954004748
475 954004756
476 -597712408
477 356292351
478 1666589461
479 1425169408
480 1425169409
481 -19459059
482 -1464087519
483 -58377150
484 -58377139
485 -1580841802
486 -1580841794
487 1074906567
488 -2145154167
489 1643877910
490 1643877925
491 -1007211445
492 135390242
493 270780468
494 1042837210
495 2085674409
496 -1767496400
497 1361015228
498 -406481157
499 954534091
500 548052952
501 548052972
