0 0
1 15
2 21
3 42
4 72
5 117
6 279
7 478
8 763
9 1713
10 3235
11 3236
12 6473
13 14669
14 29328
15 44009
16 44014
17 132024
18 264054
19 440107
20 440120
21 880234
22 2024520
23 4049044
24 4049055
25 10122625
26 21125491
27 35297191
28 66545319
29 137139688
30 238982205
31 499089897
32 499089904
33 1237162018
34 -2059625465
35 -2059625456
36 1911968316
37 2087684701
38 -119597895
39 1820429679
40 1700831786
41 -773705814
42 -773705810
43 1973849847
44 1973849865
45 -1120973386
46 -1120973379
47 932047143
48 -188926231
49 475024023
50 97171558
51 1315316506
52 -1664334295
53 -251846225
54 -1916180511
55 462606281
56 462606293
57 -1242814142
58 2061185229
59 1743583669
60 -1270406228
61 1291548530
62 -469056083
63 -469056077
64 -916969843
65 -916969839
66 -916969829
67 1544057795
68 1544057813
69 1544057822
70 -579763682
71 -242557547
72 -242557527
73 -1064878744
74 -1064878727
75 -2129757458
76 -449662687
77 650668431
78 650668435
79 650668444
80 1301336880
81 -1692293525
82 -1692293520
83 -781913279
84 1429803860
85 -1044402932
86 -2088805870
87 -2088805862
88 -279156785
89 -279156768
90 1647847900
91 1647847920
92 -999271464
93 -999271451
94 -350694981
95 1945729417
96 595762998
97 192254521
98 788017522
99 1576035055
100 -1142897181
101 433137892
102 1654293293
103 1654293311
104 -986380673
105 -1539623459
106 1215720382
107 -323903074
108 -1634186812
109 2012974341
110 2012974358
111 -1011388084
112 -1011388068
113 2003172566
114 -19603570
115 1973767204
116 1954163654
117 -367036435
118 -367036430
119 -1120712868
120 -1487749280
121 -1487749276
122 198755890
123 198755908
124 1716980545
125 1716980562
126 -463494385
127 -463494380
128 -463494372
129 -463494361
130 -463494345
131 -1390483074
132 -1853977409
133 -1853977408
134 -1730459293
135 710530614
136 710530626
137 1421061259
138 1111663217
139 -1762242817
140 -650579591
141 119902072
142 2002046961
143 820789851
144 820789855
145 1641579723
146 990239109
147 -1663148458
148 -1663148444
149 1958909505
150 295761069
151 591522137
152 -480104175
153 -480104169
154 -960208327
155 -1440312481
156 1894446499
157 -506074292
158 1388372213
159 1336431957
160 1336431966
161 1154641061
162 -1803894261
163 -649253198
164 1374357544
165 1374357559
166 1374357574
167 -821147800
168 553209776
169 -267938014
170 -535876023
171 -250604258
172 -250604238
173 -751812742
174 -1253021233
175 2039529101
176 786507878
177 821203014
178 821203027
179 -1866053367
180 562860565
181 -1303192782
182 -1785182554
183 1769452530
184 -1318922787
185 -2074985026
186 901059498
187 901059516
188 -272865992
189 1529253041
190 1529253051
191 292791829
192 1822044888
193 -650877511
194 227498014
195 -423379481
196 -195881454
197 -391762901
198 -391762895
199 -783525777
200 -1762933013
201 1356745618
202 -1189713153
203 1915540979
204 -463885326
205 -463885310
206 -927770623
207 -927770607
208 -927770594
209 583884842
210 1631655023
211 359998679
212 719997345
213 719997361
214 -863318879
215 576675839
216 576675843
217 1010030165
218 2020060346
219 -111525086
220 -1376401859
221 532133409
222 -955793526
223 -1911587053
224 471793197
225 1055111469
226 -808342484
227 -1193024860
228 -2001367332
229 -2001367321
230 292232656
231 -1709134663
232 876697976
233 1753395952
234 -1664873349
235 -1664873332
236 -1576350711
237 2018963848
238 1407833764
239 -868169682
240 982277222
241 -754062128
242 -754062108
243 13817077
244 -512029929
245 -498212838
246 -498212834
247 -498212815
248 -996425647
249 1803903169
250 807477540
251 1116742252
252 -2061482784
253 1666640192
254 721899669
255 1443799340
256 1770856431
257 -358411855
258 -716823708
259 -1433647408
260 705772810
261 -1803110144
262 1047158853
263 2094317705
264 1338366425
265 -862283155
266 1814449694
267 952166558
268 1904333111
269 1904333130
270 1418032045
271 -596620037
272 -596620024
273 2129125122
274 1532505103
275 -1229957092
276 -1229957083
277 1835053137
278 907644066
279 -1552270074
280 -39529952
281 -684155941
282 -1368311894
283 1558343506
284 -494124322
285 -494124317
286 -494124301
287 -988248607
288 -1976497208
289 836097191
290 -2128648610
291 1025918673
292 2051837355
293 -191292597
294 1593912028
295 -840510496
296 -840510488
297 -1681020971
298 -1768129926
299 845816401
300 10611828
301 856428245
302 -1736294405
303 -1791567853
304 -1791567851
305 711831600
306 1423663198
307 1423663200
308 1767590153
309 1031780874
310 2063561736
311 2063561752
312 863937086
313 -1367468456
314 -503531354
315 1056499038
316 -814500765
317 -261533080
318 -261533074
319 -281067879
320 -1618634780
321 -1899702640
322 -1899702631
323 -1899702626
324 -1404140592
325 -131948668
326 -131948663
327 727226766
328 463329442
329 926658890
330 1853317774
331 -1051661177
332 1728315506
333 -1764995185
334 -1764995165
335 -1801674843
336 -360043561
337 -360043543
338 -1756784991
339 -1748574802
340 429563966
341 1219171483
342 1219171491
343 1119332155
344 -2056302984
345 -936970813
346 564401336
347 564401348
348 -745138945
349 1685357255
350 1685357275
351 -924252763
352 -2029243117
353 -2029243110
354 -1612024449
355 -1375543373
356 -1375543366
357 -68143881
358 2129436415
359 685749169
360 -4045025
361 -4045005
362 -8090024
363 -16180045
364 -32360088
365 -60675147
366 -60675133
367 -121350275
368 -291240677
369 -566301302
370 -1100242524
371 -1957784490
372 379398322
373 758796636
374 1808833939
375 989244414
376 -1496888939
377 2059986070
378 2059986090
379 1126194292
380 951199165
381 1902398327
382 -1441369795
383 -1756545295
384 -1295516762
385 1703933787
386 -1348128269
387 1598710766
388 250582504
389 250582523
390 751747535
391 751747538
392 2004660113
393 -1538559632
394 1969595569
395 431035939
396 -676487760
397 -2104723063
398 -380579308
399 -761158608
400 803054508
401 803054513
402 -1640351940
403 -795401521
404 -795401512
405 1866866855
406 1071465352
407 1347529179
408 1347529194
409 -528443564
410 -528443557
411 290642086
412 1928813344
413 -2075511851
414 143943598
415 287887187
416 575774379
417 575774388
418 1583379570
419 1583379590
420 1583379607
421 1030945869
422 -97262215
423 -194524443
424 739159231
425 -1233269246
426 -1233269237
427 -1727379233
428 101049593
429 202099181
430 1637467616
431 -1020032079
432 617435548
433 617435555
434 1234871116
435 1449710147
436 -992950472
437 1691630792
438 698680337
439 -213025356
440 -213025349
441 971309969
442 1243939612
443 1789198880
444 -503544168
445 -503544162
446 -503544150
447 -503544134
448 -224977719
449 -1232065983
450 1327291151
451 95225184
452 95225204
453 190450400
454 476125967
455 857026772
456 1523603156
457 -1247760981
458 1799445315
459 -886527059
460 -334842710
461 -669685429
462 -669685424
463 -1339370838
464 394855847
465 394855859
466 -1219344548
467 -429632825
468 2096330810
469 1666698003
470 -1786059985
471 327991471
472 208629498
473 417259004
474 953879974
475 1371138998
476 1371139011
477 -598809305
478 -1197618610
479 1899730071
480 1899730091
481 -920796024
482 -920796008
483 -920796000
484 1532579273
485 611783293
486 611783303
487 611783304
488 -1847834119
489 -1847834105
490 1211082386
491 -636751712
492 -636751710
493 -636751691
494 -636751678
495 -1910255061
496 -1910255047
497 -1910255036
498 1585666090
499 -324588942
500 -649177881
501 -649177871
