0 0
1 15
2 30
3 49
4 96
5 155
6 160
7 420
8 840
9 1681
10 3105
11 3106
12 7894
13 14114
14 14121
15 14126
16 42370
17 56500
18 127134
19 226007
20 466141
21 819289
22 819293
23 1638592
24 3969326
25 7246514
26 7246528
27 20100977
28 27347522
29 54695036
30 102143541
31 156838585
32 156838589
33 156838601
34 313677197
35 627354391
36 1254708789
37 1254708808
38 -687679499
39 1821738113
40 -1906199857
41 482567568
42 482567574
43 -941064702
44 -1882129412
45 1471773184
46 1471773204
47 602919852
48 602919871
49 602919882
50 457338706
51 -557095780
52 1709002538
53 1609245467
54 -1076476349
55 -1076476341
56 608199542
57 -468276791
58 -936553575
59 -936553572
60 -936553555
61 1485306604
62 -387800507
63 -775601019
64 -1551202039
65 1968164242
66 1968164253
67 -358638784
68 -717277566
69 -1075916347
70 2143134601
71 1959466163
72 1950768070
73 682485194
74 1364970388
75 1364970395
76 -882541308
77 -1765082616
78 -1765082612
79 -1765082604
80 -1765082592
81 647062861
82 1411864971
83 293845253
84 587690497
85 -1354503712
86 1585959886
87 1112991939
88 -2068983424
89 -2068983422
90 1501448575
91 1658449032
92 134922711
93 -843146510
94 950225240
95 1900450485
96 1900450495
97 -386987570
98 -773975152
99 739487788
100 -421474929
101 -421474919
102 -421474911
103 -524936961
104 -1789361712
105 1980668633
106 -755104935
107 -1088734962
108 2117497365
109 1028762418
110 2057524834
111 908817327
112 -1328625128
113 -1628487844
114 -2048295627
115 618183842
116 -1430111774
117 -811927923
118 622815815
119 -1001040020
120 -1001040008
121 -1379264202
122 -1379264184
123 535398918
124 1070797836
125 226932575
126 1833129339
127 2060061924
128 895954386
129 -1338950980
130 1617065346
131 1617065364
132 -1060836573
133 834343177
134 1390571979
135 1390571994
136 -679480132
137 2101663849
138 -1482211572
139 1330544144
140 1949996433
141 -1074454560
142 -2088881262
143 -2088881246
144 -1971676483
145 234409584
146 1600450635
147 -136816245
148 -136816229
149 -136816214
150 -273632441
151 -273632439
152 -684081076
153 -1504978381
154 1832275407
155 -356784036
156 -713568068
157 -1427136134
158 1797479062
159 1132266235
160 1132266239
161 1132266247
162 -2030434801
163 234097704
164 468195400
165 936390790
166 -391750889
167 1012835318
168 621084444
169 -2116407624
170 -1495323169
171 1925405389
172 -52405631
173 -1117646579
174 1438589700
175 320943136
176 641886276
177 641886280
178 1283772563
179 32110661
180 32110664
181 1347993891
182 1412215235
183 -1502647502
184 -1502647485
185 1289672318
186 -212975150
187 -425950300
188 -851900598
189 -851900585
190 -1053054312
191 899186352
192 -1857669125
193 1431529634
194 -426139486
195 -1006146917
196 -1432286388
197 1856534004
198 1856534021
199 1856534025
200 -581899240
201 -739550864
202 -1321450099
203 -1321450084
204 330617026
205 1243133284
206 1573750321
207 -1147466661
208 678583902
209 1104867573
210 -842098869
211 1367636272
212 525537415
213 1893173690
214 -508619911
215 -1017239818
216 892851379
217 -124388424
218 1135776923
219 1135776941
220 1135776955
221 -2023413394
222 248140508
223 248140518
224 248140528
225 -143214873
226 353066175
227 954272863
228 954272881
229 1908545749
230 -268024497
231 -268024484
232 -268024474
233 -268024465
234 -1072097917
235 -1340122380
236 1882747004
237 -797497753
238 -254873109
239 -1052370852
240 -221994698
241 1968230904
242 1968230921
243 1968230940
244 1387730783
245 -1519505736
246 -490280387
247 1346175601
248 724120272
249 60509766
250 60509779
251 845139820
252 -1258512043
253 -292352660
254 -705724882
255 -705724870
256 -2117174622
257 -2117174619
258 -645106812
259 -1290213609
260 -1290213603
261 1714540091
262 424326507
263 -1086667408
264 -238014412
265 -900355297
266 -1800710593
267 1355887004
268 -1583193279
269 1128580727
270 1128580729
271 -2037805831
272 -909225093
273 -1818450182
274 658066925
275 187553124
276 -972830120
277 -127210059
278 -912487041
279 -2012527217
280 -2012527216
281 -1742614352
282 1782568714
283 -602619806
284 -562665426
285 -1165285227
286 1964396842
287 1964396849
288 1598223249
289 1232049649
290 1232049657
291 -1830867979
292 -598818317
293 -598818312
294 -1796454941
295 -529992244
296 1369701818
297 -1555563665
298 -1555563662
299 2023549554
300 2023549557
301 -1989293675
302 34255889
303 536497668
304 605009448
305 605009464
306 1780772480
307 -767678231
308 -767678226
309 -1535356447
310 -1289940405
311 701992225
312 701992226
313 -1421312397
314 -1307268342
315 -2026588500
316 943782519
317 -1082805962
318 2129355365
319 1046549407
320 -1258085959
321 835012857
322 623476322
323 623476323
324 1246952647
325 -1801061994
326 69366990
327 138733979
328 208100979
329 -137907396
330 -137907391
331 -275814774
332 -413722164
333 -965351705
334 -1930703422
335 -1930703404
336 -945513388
337 -945513373
338 -1457466279
339 1891987661
340 -510991976
341 -1967497349
342 -586501651
343 1740968311
344 -813030677
345 -1626061347
346 -1626061332
347 1970782261
348 344720939
349 -1749650144
350 -1404929201
351 -839076139
352 -839076134
353 -1678152263
354 938662767
355 938662787
356 1877325562
357 -540316178
358 1536182688
359 995866528
360 1991733049
361 228814972
362 -1078552740
363 2137861829
364 1288124079
365 273013906
366 -1674520212
367 -1674520196
368 945926891
369 -728593288
370 -728593283
371 -728593268
372 -1239852945
373 1815261405
374 -153184789
375 -306369588
376 1355707044
377 1355707064
378 -2043107552
379 668306560
380 -19093924
381 1317519208
382 1279331371
383 1202955683
384 1202955703
385 707794687
386 707794691
387 707794699
388 -968627499
389 -260832791
390 -260832790
391 -1490293060
392 1314381175
393 -697577452
394 -1134322121
395 -517518397
396 -1651840514
397 1608089996
398 -1695591020
399 -87501013
400 -1826842538
401 -1914343545
402 -1914343526
403 -1914343525
404 1020061459
405 -894282058
406 -1788564104
407 -1788564093
408 -1788564090
409 -1965007040
410 -1247167919
411 12067365
412 -1235100539
413 -1235100520
414 1836833621
415 601733121
416 1203466239
417 -1888034819
418 518897648
419 -1369137161
420 -850239504
421 -1700478998
422 1744248807
423 -806469692
424 1312890764
425 550190882
426 -1494106527
427 -943915631
428 -943915614
429 -943915598
430 1463220459
431 519304877
432 1982525345
433 1982525363
434 708693170
435 -1603748754
436 -1603748753
437 -1603748751
438 192414210
439 -323864745
440 -323864726
441 -455315260
442 -779179972
443 -1234495225
444 -2013675188
445 -187698343
446 -187698336
447 -375396670
448 296003550
449 296003556
450 -158786228
451 -129874108
452 -288660334
453 -418534434
454 -418534433
455 -1255603294
456 1783760701
457 -308911446
458 219245980
459 -89665461
460 -179330911
461 -179330897
462 -448327266
463 -448327261
464 -1255316328
465 -1703643572
466 887680141
467 1775360282
468 -295919466
469 -591838928
470 1775282041
471 1775282053
472 -1632161594
473 1326563588
474 1469684052
475 -1498719648
476 -334633593
477 -669267187
478 -669267180
479 1123079700
480 1123079714
481 907625050
482 -1141182831
483 2012601649
484 2012601654
485 -269763980
486 -1680710791
487 62126900
488 124253793
489 248507579
490 434888282
491 869776563
492 1553172437
493 -1437130011
494 1669214856
495 1785257294
496 2017342155
497 2017342171
498 2017342179
499 -260282942
500 1757059253
501 -780848799
