0 0
1 12
2 24
3 44
4 73
5 155
6 171
7 419
8 764
9 784
10 792
11 2941
12 3752
13 9036
14 17306
15 33054
16 59406
17 59421
18 169207
19 228636
20 397862
21 626503
22 626505
23 2048726
24 2675251
25 2675264
26 8025758
27 16051511
28 31476521
29 60904309
30 119133370
31 235591488
32 354724876
33 590316367
34 1299766114
35 -2050159932
36 194647432
37 -555746384
38 -555746366
39 -1667239130
40 2071981816
41 -706750054
42 -302007357
43 -604014718
44 -1612772110
45 -1612772091
46 -543349016
47 -543348999
48 1595497209
49 -1103972896
50 -51824678
51 -103649347
52 -1259446916
53 1776073466
54 412977215
55 825954436
56 1755558211
57 -1713454630
58 42103583
59 84207171
60 84207174
61 210517939
62 294725126
63 589450251
64 1178900510
65 -1937166294
66 -168815526
67 -337631058
68 1851354426
69 1344907856
70 -1098705005
71 -1098704996
72 -852502133
73 146350156
74 -1558654102
75 -167248772
76 -1725902863
77 -1725902844
78 -1725902843
79 -1049990025
80 -2099980041
81 262255988
82 1407253219
83 1088603598
84 1088603599
85 -448250875
86 640352728
87 1280705472
88 1472807337
89 1472807354
90 1472807355
91 1472807357
92 123454788
93 1596262146
94 1596262158
95 1966626519
96 -1834521611
97 1728367071
98 1860471994
99 -706128218
100 -706128198
101 -1412256409
102 -1412256392
103 -1412256377
104 1470454534
105 822524464
106 -531533765
107 290990707
108 581981424
109 341438373
110 923419805
111 1264858197
112 1264858206
113 -500392703
114 764465506
115 1528931010
116 1528931014
117 -1237105253
118 -1237105236
119 -1237105231
120 2112582599
121 -69802104
122 -69802098
123 -501232052
124 234641131
125 -266590906
126 -672786024
127 -1275769936
128 2079820440
129 -135326410
130 -135326390
131 -139388304
132 -274714675
133 -414102972
134 -1098858744
135 -1927064688
136 -1927064679
137 -1927064663
138 -1486226717
139 -1045388745
140 -2090777493
141 2040476978
142 1713051332
143 1713051347
144 -919165121
145 793886245
146 1046333487
147 921054612
148 921054619
149 1842109249
150 -610748805
151 -610748797
152 -1221497582
153 320168689
154 -901328882
155 -901328881
156 -1802657757
157 -211677115
158 -211677109
159 1167626450
160 955949346
161 1911898698
162 -682847013
163 -942339795
164 286711895
165 1529373147
166 190898236
167 190898248
168 1911169633
169 1911169639
170 1438541620
171 1347710097
172 402454072
173 804908148
174 1207362235
175 2012270393
176 -1075334656
177 936935743
178 1873871498
179 660137927
180 -1899356775
181 -1239218828
182 332369567
183 -906849252
184 1242049954
185 1242049973
186 -1810867367
187 673232562
188 673232581
189 -464402216
190 -464402200
191 -464402191
192 -928804383
193 -1648778398
194 788580128
195 -1789002651
196 716961998
197 -283460521
198 433501486
199 867002971
200 -54996714
201 -54996697
202 -54996687
203 1135514374
204 1837527255
205 -1486915760
206 1431129192
207 -1432708912
208 -1579704
209 347452084
210 347452104
211 693324497
212 1040776607
213 -1865961993
214 -825185383
215 -957046256
216 646773681
217 -310272569
218 983274786
219 362729643
220 1682505555
221 -1266457297
222 -1266457293
223 1762052707
224 -770861869
225 991190840
226 715924405
227 1707115252
228 -880736796
229 -1761473594
230 -219170727
231 -438341442
232 -1592607305
233 283374239
234 566748471
235 -1180826033
236 -614077550
237 -1794903569
238 -1794903563
239 -1089743410
240 -998660792
241 -1383244029
242 -1383244011
243 529818467
244 -30106465
245 2028191268
246 1998084819
247 -298797673
248 -67776862
249 -366574523
250 -434351383
251 -868702750
252 -868702749
253 1688859047
254 1688859064
255 1640312627
256 -145639292
257 -145639278
258 -1257074170
259 -1548352734
260 -1456392829
261 -1456392811
262 -1423245228
263 -41063557
264 -41063548
265 1333202154
266 1251075069
267 -1710690067
268 832523614
269 372908627
270 745817263
271 745817277
272 986376720
273 -611523786
274 374852936
275 -236670843
276 -236670826
277 -236670813
278 -946683321
279 -1183354126
280 1928259047
281 -675120020
282 -876898412
283 -1552018414
284 -1552018399
285 314032084
286 628064158
287 -609922147
288 -609922140
289 -591780119
290 -869528156
291 -2053088385
292 1372350760
293 -2142045897
294 10875519
295 -2131170365
296 -648111053
297 756866273
298 141381777
299 898248056
300 1796496113
301 -1350086118
302 -1350086104
303 1594795091
304 691118986
305 935827982
306 -1073225230
307 -137397235
308 -274794464
309 -549588943
310 -961780623
311 1298180814
312 336400193
313 1634581021
314 -1987585887
315 319795521
316 319795541
317 319795549
318 -1028199274
319 -388608172
320 -1416807428
321 -1416807418
322 1461352469
323 44545053
324 89090111
325 178180227
326 267270346
327 445450590
328 1024536339
329 1915437522
330 1915437524
331 1915437533
332 -1819085666
333 -1819085653
334 656795995
335 849499751
336 849499759
337 536709865
338 -1402461925
339 833247455
340 816995174
341 816995181
342 816995193
343 -1843981731
344 607003821
345 -1236977893
346 -629974052
347 1191037444
348 561063404
349 492152743
350 -2050713699
351 -2050713695
352 -1857173783
353 -610417716
354 -610417712
355 1410498006
356 576742404
357 1376822703
358 1376822720
359 445918553
360 891837106
361 -203566211
362 688270912
363 -1095684211
364 -1095684199
365 2103598892
366 396935193
367 396935210
368 706100901
369 706100902
370 14703818
371 -2074191265
372 -2059487434
373 882093320
374 1043381930
375 2101467676
376 -268024364
377 1699431144
378 1431406785
379 1431406797
380 -1432153699
381 -1164876266
382 -1164876255
383 -899092623
384 1066122165
385 1066122167
386 1233151726
387 1233151736
388 303580506
389 303580513
390 -155380644
391 -1376883450
392 -1376883439
393 -1376883437
394 8936343
395 -1367947086
396 182189684
397 -1176821043
398 -1176821023
399 2123514916
400 946693908
401 898756455
402 -1502823020
403 -604066554
404 -604066542
405 1584011182
406 1584011195
407 1584011201
408 -751066807
409 -294000506
410 538943908
411 538943916
412 783887336
413 1322831254
414 1322831264
415 212470397
416 1535301663
417 1747772078
418 523408122
419 -488485430
420 -976970856
421 -1465456274
422 -1465456258
423 -1465456254
424 1364054797
425 -1566857706
426 -202802899
427 -405605803
428 -405605791
429 1714095114
430 902883539
431 -1677988642
432 533384233
433 533384246
434 -611220146
435 -319556756
436 -397392641
437 -397392639
438 -1114342023
439 -1909127287
440 1271497989
441 -1751971306
442 791024684
443 -1598575914
444 -1598575895
445 1408366860
446 1408366861
447 -1478233566
448 -260075722
449 -329942417
450 748482028
451 -1319769670
452 -901230058
453 2073967586
454 -147032130
455 454417769
456 -1913614068
457 467739165
458 -991457126
459 1857635283
460 866178167
461 866178186
462 -1696432775
463 -830254582
464 -1660509168
465 -1660509166
466 -1660509154
467 -1516814760
468 1261337767
469 -942037172
470 1436943983
471 1756244594
472 -1101778713
473 -1884256823
474 207153045
475 414306100
476 -608331789
477 13127361
478 -1858002100
479 1841760770
480 -611445742
481 -627687061
482 -1242246763
483 -1242246759
484 1810473793
485 -674019721
486 -674019707
487 -779812374
488 -1559624757
489 1281510478
490 -278114264
491 -2010060619
492 -1006664387
493 1278242307
494 -1738482695
495 818001912
496 1636003833
497 -1840961533
498 -1840961513
499 -2045919200
500 203128893
501 611215481
