0 0
1 13
2 24
3 53
4 65
5 170
6 327
7 654
8 1230
9 2212
10 4607
11 4619
12 12676
13 17310
14 39220
15 69222
16 143065
17 281506
18 550333
19 1044127
20 1875973
21 3751942
22 7503882
23 14726265
24 14726278
25 14726289
26 14726295
27 29452598
28 44178910
29 117810373
30 161989299
31 323978595
32 323978612
33 323978613
34 323978616
35 1295914437
36 -1703138420
37 -1703138404
38 888690473
39 -1221671897
40 -1221671888
41 1037175586
42 -1406168198
43 -368992607
44 -1959657098
45 -1959657088
46 6660505
47 -1952996564
48 -1939675540
49 -1550701382
50 1193564529
51 45158355
52 45158363
53 45158378
54 1329039642
55 1419356384
56 -1456254518
57 -36898130
58 -1493152635
59 -1493152631
60 -184490611
61 1087273305
62 -2083522563
63 -2083522545
64 1215195495
65 -2049066918
66 -705949223
67 -705949222
68 -705949217
69 -2117847644
70 1471170439
71 -1352626402
72 883765253
73 883765268
74 -231773069
75 183131054
76 835123273
77 835123290
78 -1789597479
79 -954474174
80 -890694016
81 -1964519097
82 -1304317459
83 1686332379
84 -1582504162
85 103828234
86 103828236
87 207656485
88 519141180
89 -648050011
90 286404129
91 365151802
92 365151818
93 368657747
94 737315491
95 1836276863
96 -622413566
97 1951178792
98 1951178809
99 -392609694
100 -1407632953
101 2102114964
102 -2041916162
103 60198808
104 60198827
105 120397639
106 180596483
107 180596491
108 180596498
109 180596510
110 541789508
111 902982536
112 1625368557
113 1625368577
114 1625368586
115 1625368587
116 581138467
117 -463091652
118 118046823
119 -808136474
120 -572042829
121 -1144085656
122 1888749170
123 1888749178
124 -1661554584
125 2115943777
126 -1207165391
127 -1270245137
128 1817556775
129 -659853745
130 796236290
131 683694187
132 1367388379
133 -1447648421
134 603434165
135 1206868330
136 1730042466
137 -754622331
138 -1509244652
139 1276477984
140 742653474
141 2019131460
142 -256704361
143 -256704341
144 -770113076
145 -770113073
146 -2053634836
147 -2053634819
148 -582415426
149 1658917053
150 -977133189
151 681783873
152 781152328
153 781152348
154 -2050878740
155 -783923369
156 -2053649759
157 968820113
158 -1084829643
159 -116009511
160 1225375135
161 24535995
162 1133901624
163 -1911154538
164 356648724
165 356648726
166 -1197857087
167 -1261812538
168 -1746372164
169 802222960
170 -944149196
171 -944149179
172 1462519732
173 -425778635
174 92591928
175 -758965334
176 -1092152033
177 -1851117353
178 -1851117335
179 -1165792830
180 -573060221
181 2056694828
182 1483634613
183 -754637839
184 -1509275676
185 -780278886
186 -780278873
187 -1560557752
188 -335423888
189 -1895981639
190 503004035
191 503004042
192 1509012109
193 283614668
194 1792626781
195 2076241458
196 -426099042
197 -568583429
198 -1420781522
199 1879503318
200 1540280794
201 1540280804
202 1540280810
203 325875122
204 651750239
205 -236780316
206 -473560625
207 1807565233
208 1097224303
209 -1390177740
210 -1390177727
211 1514611837
212 124434112
213 248868239
214 373302369
215 -2033750730
216 -2033750725
217 849636460
218 849636463
219 -334477801
220 -668955593
221 -668955573
222 -822752494
223 -822752490
224 1311551147
225 -1002909399
226 -1336863228
227 -1850973957
228 593019379
229 1700149495
230 1700149511
231 -301648908
232 1840695529
233 1840695530
234 784924367
235 -1669347390
236 -1669347376
237 1127620670
238 -541726700
239 -541726685
240 -1625180075
241 2128060546
242 2128060551
243 2128060559
244 2128060570
245 -77692348
246 2050368232
247 -233077020
248 1700752716
249 1467675710
250 1467675724
251 -1359615845
252 -1359615833
253 -1251555943
254 1791855406
255 -819316363
256 1296718728
257 -341914001
258 675787843
259 -1691835665
260 -61243091
261 -122486174
262 -122486167
263 -1998051089
264 -1998051074
265 -7350283
266 -2005401349
267 -2005401340
268 276814341
269 -1444422398
270 -890793728
271 -890793727
272 1068957459
273 -1880238050
274 -811280589
275 1603448675
276 -19112491
277 1584336203
278 -1937575487
279 1231096908
280 -1832773480
281 -1832773476
282 1860517258
283 1783459033
284 1811202816
285 -700305437
286 1110897387
287 410591966
288 821183929
289 1642367855
290 1642367856
291 1332441701
292 1332441705
293 -1819131539
294 -1806847567
295 2001429910
296 -292107484
297 1709322428
298 1611797307
299 -973847554
300 -973847543
301 -335897771
302 -671795545
303 -1343591086
304 -4012201
305 -4012181
306 -1351615465
307 -1359639830
308 232096552
309 -1127543267
310 684253113
311 684253119
312 240962972
313 240962990
314 481925965
315 963851928
316 963851944
317 -1644374449
318 283329432
319 -1361045007
320 -794386137
321 2139536166
322 2139536173
323 -1887996657
324 -1903891603
325 -1652352074
326 -1652352068
327 -913628441
328 579713766
329 656348483
330 322433821
331 -1007484436
332 -685050595
333 -1692535028
334 -1692535008
335 909897273
336 909897292
337 909897305
338 -655378153
339 254519154
340 -1966134405
341 -1457096092
342 -1457096085
343 -330840123
344 1049935001
345 133735600
346 -604265595
347 -470529990
348 -470529984
349 -361654958
350 -1906980511
351 -1906980505
352 119351329
353 600357620
354 1200715246
355 1200715260
356 1200715265
357 -692821515
358 -785285402
359 -785285400
360 -1570570792
361 1661719453
362 91148671
363 91148687
364 91148698
365 273446067
366 364594766
367 638040849
368 1458379082
369 -1560506527
370 -102127442
371 798380741
372 594125860
373 1392506604
374 -1509954086
375 -117447464
376 359230915
377 241783452
378 483566912
379 483566915
380 1208917285
381 -2118916177
382 -426431962
383 -1336430847
384 -1762862798
385 -140757196
386 -140757188
387 -281514370
388 632644898
389 -1693246646
390 -1623630486
391 1610735076
392 -1706142046
393 -1719037454
394 -1814444404
395 -957552007
396 1522970886
397 1326904327
398 1892323208
399 1892323220
400 816583477
401 -1586060582
402 -769477091
403 -1538954187
404 1986536022
405 -1091372359
406 895163664
407 251373145
408 502746289
409 557910749
410 1312030195
411 1312030210
412 1312030223
413 701780386
414 342903732
415 685807464
416 685807484
417 1714518687
418 -164149532
419 -1030079446
420 1206097205
421 176017772
422 352035532
423 352035539
424 352035547
425 352035566
426 704071116
427 704071135
428 704071136
429 704071149
430 1408142301
431 -774611561
432 633530747
433 -1619763511
434 -1760844311
435 1547890232
436 1547890244
437 348703417
438 -850483386
439 1046110284
440 544330317
441 1088660646
442 -1615866034
443 212751847
444 212751850
445 -101701682
446 -1292064012
447 1710839280
448 317073591
449 846899033
450 -1420155377
451 -1420155372
452 -1993411715
453 -538755151
454 -230611266
455 -769366399
456 -1538732803
457 -775910027
458 -775910009
459 1204414458
460 -347405562
461 -347405546
462 -266306640
463 -961117734
464 -717821022
465 1654910812
466 -24027938
467 1630882892
468 -1751022549
469 -1751022538
470 -1751022536
471 792922229
472 -958100289
473 627744172
474 462566122
475 1090310309
476 -2114346681
477 -1024036371
478 -1585506605
479 661387953
480 1322775909
481 1984163867
482 -326639555
483 -653279113
484 -1967946171
485 1347102470
486 1347102481
487 -253659873
488 -253659872
489 -253659861
490 -253659851
491 -1014639456
492 -1775619034
493 1251048965
494 -1539209507
495 -288160535
496 -576321060
497 -576321049
498 -1728963179
499 -414008015
500 1575675057
501 1161667047
