0 0
1 18
2 22
3 39
4 51
5 59
6 163
7 341
8 572
9 1079
10 2217
11 4377
12 4387
13 12648
14 24715
15 37378
16 37391
17 116533
18 153933
19 270470
20 540937
21 1119283
22 1930702
23 1930704
24 3861425
25 7722842
26 7722852
27 7722865
28 15445728
29 30891460
30 46337200
31 77228663
32 154457331
33 231685998
34 509709211
35 509709225
36 1482790435
37 1992499677
38 1992499685
39 -2102726347
40 1882273024
41 1882273031
42 1661819709
43 1661819719
44 910945178
45 910945182
46 -1562131760
47 -1562131759
48 1170703778
49 1170703789
50 -782855933
51 1558551641
52 1946399516
53 -790016137
54 -1580032261
55 -423648872
56 -2003681120
57 -2003681104
58 -2003681093
59 575210161
60 575210165
61 1438025439
62 2013235606
63 -1696967010
64 1754294045
65 2070562650
66 -470110593
67 -470110575
68 1130341483
69 -279990276
70 380240636
71 760481279
72 760481291
73 -1543412879
74 77800063
75 77800072
76 -627331449
77 -549531372
78 -1176862805
79 2096841810
80 370447640
81 -1827677833
82 -1827677823
83 -1827677807
84 -817618522
85 1649670980
86 832052465
87 -1813243835
88 -981191365
89 1500532116
90 1500532132
91 -1293903029
92 -1293903025
93 -1293903020
94 413258232
95 413258235
96 1239774695
97 772388157
98 -1456287971
99 969133120
100 285233320
101 -201921524
102 -403843039
103 -605764554
104 -605764552
105 -1532060336
106 -1532060316
107 19317544
108 38635090
109 57952644
110 57952652
111 154540401
112 212493062
113 424986134
114 792019616
115 1429498827
116 -2073448839
117 785548820
118 785548836
119 1571097673
120 -1796721974
121 -225624296
122 -2022346251
123 -2022346249
124 24650516
125 49301036
126 98602062
127 172553634
128 172553640
129 517660901
130 1010671286
131 1700885835
132 -1065749271
133 -2131498533
134 -2131498515
135 31970252
136 63940515
137 95910777
138 95910794
139 255762088
140 255762107
141 511524202
142 511524211
143 1630483404
144 2142007626
145 756334267
146 233858013
147 233858028
148 233858033
149 -695051314
150 762857037
151 769379804
152 769379820
153 -1993350617
154 -454590975
155 -1678561754
156 168463964
157 336927925
158 673855843
159 1179247751
160 1179247755
161 1179247758
162 253559741
163 -503664285
164 2108390987
165 1604726711
166 -831954133
167 -1663908273
168 1217255300
169 326119608
170 1543374915
171 1543374918
172 -882097846
173 -546940392
174 1983831214
175 1436890823
176 -1421185644
177 570498158
178 586203343
179 1172406687
180 -1950153913
181 -1042231359
182 -1233775224
183 1827416846
184 1827416860
185 -640133575
186 738693563
187 -1775348809
188 150628059
189 -1526160755
190 -1375532682
191 507246684
192 2051148616
193 1182862627
194 -1929242049
195 1304769204
196 -624472833
197 680296385
198 -568649284
199 -568649271
200 223294216
201 -914004331
202 -914004313
203 -1604714413
204 1776248580
205 171534177
206 1947782775
207 2119316969
208 2119316979
209 -56333331
210 2062983654
211 -168999974
212 1893983686
213 1555983728
214 1048983816
215 2097967620
216 407967871
217 815935743
218 815935756
219 -157160297
220 1474711219
221 -937577002
222 -937576988
223 -557603065
224 -1115206118
225 1684581136
226 -1863382025
227 -1294006999
228 -1472807886
229 1349351538
230 -1596264226
231 -1719720563
232 978982517
233 -740738033
234 238244503
235 1455471511
236 952977992
237 -1886517774
238 760176243
239 1282107979
240 1108744441
241 -2077478412
242 -968733956
243 -968733953
244 280020994
245 560041970
246 -1097404941
247 2100157425
248 2100157429
249 -94652428
250 -94652416
251 1910852589
252 1910852598
253 -567914515
254 -1230481461
255 112456638
256 -1118024812
257 -1118024803
258 940892861
259 -1182700107
260 1817110454
261 1575303214
262 -2085253719
263 1065352706
264 1065352714
265 2130705434
266 -2118810160
267 -2118810140
268 57347006
269 57347011
270 -2004116119
271 286735061
272 -1660034037
273 974899217
274 -398399754
275 -796799508
276 -796799500
277 -1017099536
278 -1017099517
279 667169241
280 2131138003
281 1781207742
282 -1749651347
283 -2132272885
284 -2132272869
285 -2132272868
286 -2101851317
287 60843115
288 -2010586633
289 -2010586617
290 -1767214140
291 760539007
292 -732881076
293 -1739556194
294 -1739556174
295 843512864
296 1659367809
297 -1709112763
298 1609622841
299 -1891576534
300 -331698646
301 -663397286
302 1308804919
303 1308804937
304 -1677357429
305 -1677357413
306 940252470
307 1880504928
308 1143400004
309 -330809893
310 -661619780
311 -661619761
312 -1654049424
313 1979298120
314 -336371051
315 -1334361892
316 -1345484233
317 1615121172
318 -1064724949
319 1829146349
320 764421409
321 764421415
322 -2001703067
323 -472860235
324 -945720468
325 874683539
326 1749367073
327 1678330161
328 -938306978
329 -1876613952
330 1480046377
331 1480046396
332 1083478824
333 -1731442063
334 -647963233
335 -1295926469
336 -1295926458
337 -676290920
338 -676290900
339 -676290890
340 970168130
341 -1058704567
342 -1058704551
343 -1058704540
344 -1058704537
345 -2117409063
346 1118853708
347 1118853710
348 -2057259875
349 1299301240
350 -757958634
351 -757958621
352 -757958603
353 1263132820
354 -252784400
355 -505568790
356 504779634
357 504779641
358 504779643
359 1009559292
360 1009559304
361 -1771069054
362 -761509746
363 -8680544
364 1753707963
365 1745027434
366 1745027437
367 178605254
368 1127400810
369 1127400827
370 -2040165658
371 -912764813
372 1342036836
373 1342036853
374 1342036855
375 1073180077
376 804323341
377 266609834
378 266609842
379 1337543030
380 1870762718
381 -553441867
382 -553441857
383 2101422031
384 994538314
385 994538318
386 -1311352345
387 -316814024
388 360910272
389 721820544
390 765916801
391 1487737365
392 -1275396331
393 2060988656
394 -1255720787
395 1783525705
396 1313397255
397 -1668172793
398 -2060949247
399 565845262
400 1131690530
401 1697535812
402 -899895688
403 1929330670
404 -436305952
405 593129047
406 593129052
407 593129055
408 1186258123
409 -1765627965
410 -1765627949
411 763711396
412 1527422797
413 1527422810
414 1527422815
415 -1240121656
416 -189109123
417 98192047
418 -90917071
419 -90917061
420 -272751199
421 -363668257
422 -636419452
423 -1454673022
424 -2091092466
425 112782367
426 861984181
427 861984193
428 861984208
429 861984223
430 -847030478
431 1738922160
432 891891684
433 -1649199700
434 134583673
435 134583685
436 134583701
437 269167403
438 538334803
439 1076669601
440 -2141628100
441 -257456277
442 -514912568
443 1380970357
444 1380970367
445 -2047939126
446 714001607
447 913090654
448 960123519
449 1873214183
450 165462670
451 165462678
452 -2090827760
453 -2090827754
454 278774469
455 -1812053274
456 -1419967022
457 -749106268
458 2125894016
459 -43179257
460 1333608504
461 -878644024
462 -878644015
463 1659035231
464 1659035245
465 -1400576349
466 1038850116
467 1297309030
468 -41314016
469 -1741663253
470 553181888
471 -1229795372
472 1876690568
473 646895202
474 105309042
475 -1666072472
476 -913868208
477 -1827736422
478 -112709801
479 -112709791
480 -225419573
481 2016391726
482 -262183843
483 1303368737
484 -1237390657
485 1820185971
486 582795329
487 582795335
488 -1309190644
489 439195345
490 -869995296
491 -1739990592
492 2124176767
493 -46613764
494 -46613750
495 2030949267
496 2030949272
497 -233068743
498 -233068733
499 -745819973
500 -1445026197
501 -626034372
