0 0
1 18
2 31
3 68
4 129
5 241
6 474
7 476
8 953
9 2290
10 4210
11 6504
12 10723
13 23747
14 40975
15 81960
16 146684
17 146686
18 146699
19 146700
20 440099
21 1026869
22 1613672
23 3227357
24 4841042
25 4841050
26 4841051
27 4841057
28 9682113
29 19364230
30 19364244
31 38728479
32 58092728
33 58092741
34 58092758
35 58092759
36 174278263
37 232371039
38 464742072
39 697113117
40 1161855191
41 -1738885857
42 584824536
43 704906991
44 1409813979
45 2122514845
46 527093068
47 527093071
48 527093088
49 818640762
50 818640782
51 818640784
52 1637281572
53 -201763379
54 -403526760
55 -403526746
56 -403526744
57 -807053489
58 2075570185
59 864989970
60 1326453193
61 -835007426
62 1356435752
63 1356435769
64 1877864112
65 787214113
66 -1629889061
67 -1903342358
68 -1903342340
69 1523471775
70 381865331
71 763730647
72 765725426
73 765725438
74 -1617920443
75 1059126410
76 -558794025
77 -351862613
78 -910656627
79 -1262519220
80 1211134822
81 -962041012
82 249093818
83 -712947192
84 -214759553
85 -1640653922
86 1726606645
87 -592660195
88 -1434414203
89 -300467750
90 -1734881949
91 1959149864
92 1959149872
93 1959149880
94 1582482325
95 1430082708
96 1430082722
97 147680460
98 1577763183
99 1725443647
100 586002726
101 1172005456
102 1172005465
103 360490003
104 -1590466365
105 1114034563
106 1114034573
107 637602775
108 1635695560
109 1635695565
110 1842095742
111 -817175980
112 -1634351964
113 -1633008369
114 2052526743
115 419518394
116 -1822922152
117 649123000
118 1298246004
119 -1698475304
120 -1574028441
121 -1325134739
122 1395804134
123 -1503359026
124 -107554886
125 1180694341
126 -430219558
127 -430219556
128 -1290658671
129 2143869517
130 1173466087
131 2026676934
132 -241613416
133 -1336437671
134 -1336437670
135 -1336437666
136 -1336437665
137 -1336437652
138 1907746275
139 -2101566688
140 -2101566670
141 -673295093
142 1520105540
143 1520105560
144 -1928051274
145 -407945699
146 -815891412
147 -815891392
148 -815891374
149 1439347432
150 -1008326739
151 -1200762069
152 -1200762059
153 1893443173
154 692681128
155 184600181
156 1569962436
157 1569962454
158 -1155042399
159 1984882502
160 1984882519
161 89717791
162 89717807
163 -145766664
164 33668951
165 2052220406
166 1940122703
167 -268955230
168 -268955216
169 -537910443
170 -806865653
171 -806865646
172 1605415120
173 -546226615
174 -1092453220
175 -1646996004
176 1807840935
177 160844941
178 321689890
179 482534847
180 965069691
181 -556986981
182 408082715
183 816165436
184 816165441
185 2040413609
186 2040413612
187 1826273527
188 -428280146
189 1183853324
190 -1927260656
191 -1171687472
192 -517101407
193 -517101398
194 -517101395
195 -517101391
196 -2068405584
197 1709460334
198 -358945230
199 -717890465
200 632624654
201 -85265806
202 -85265792
203 -85265780
204 -85265778
205 -170531547
206 -341063095
207 -596860418
208 -1193720825
209 -2131644319
210 -138852904
211 830749266
212 691896370
213 -747851573
214 -747851561
215 -111910401
216 -915717145
217 -1775479102
218 1491860658
219 -1199335583
220 1784385743
221 -614285423
222 -29235260
223 -58470512
224 -116941016
225 965453548
226 790042025
227 1550848794
228 -1164034443
229 386814355
230 386814364
231 773628733
232 383223017
233 1156851761
234 -1981263782
235 -1981263770
236 1489291520
237 -491972239
238 997319292
239 505347054
240 1010694125
241 -784287524
242 226406618
243 958160291
244 1184566919
245 -1699426853
246 -514859921
247 -1029719853
248 -1101279398
249 -50318718
250 -100637445
251 2013011892
252 760776345
253 760776364
254 -911358856
255 -150582476
256 -301164950
257 -602329915
258 -903494857
259 1426036255
260 -380953447
261 1045082824
262 1045082839
263 1045082843
264 2090165695
265 -114635916
266 -1274354671
267 -1388990584
268 -1388990568
269 -1388990567
270 -1146359079
271 1759617665
272 613258596
273 -1551463936
274 -938205338
275 1805298039
276 1688505034
277 -1739369558
278 1754433527
279 -786100241
280 917468779
281 1885802085
282 -523363145
283 1362438943
284 -1570089410
285 1154788493
286 -1985390312
287 -1561615413
288 1695099601
289 2027760258
290 -572107425
291 1589137032
292 444922188
293 889844359
294 -1943171124
295 980732464
296 -962438651
297 -1924877300
298 1407651357
299 -1479664586
300 -1996890520
301 -1996890506
302 -1178478300
303 -1178478297
304 1938010717
305 -117759595
306 1761371321
307 1643611741
308 -1007743819
309 -1897728041
310 -1897728040
311 -1398216827
312 -1906449412
313 -1906449401
314 -1906449397
315 -1906449377
316 -1424380872
317 -1424380857
318 -1424380841
319 503893256
320 525717995
321 1029611266
322 1555329280
323 1555329296
324 371020556
325 216323120
326 2142672975
327 1545707951
328 -606586354
329 -1213172712
330 2084944991
331 -341400433
332 1469493444
333 1469493461
334 -1355980377
335 113513102
336 -1242467273
337 -1128954153
338 681078606
339 -1576829714
340 -1576829711
341 1822386478
342 245556774
343 2067943268
344 -1981467242
345 -1981467224
346 -1981467214
347 664065673
348 1082574576
349 2078673116
350 -469653928
351 -939307847
352 -1408961756
353 343324169
354 343324171
355 -722313404
356 1911032641
357 1532043420
358 -1230880454
359 -2082771675
360 129423935
361 258847868
362 258847883
363 258847893
364 776543657
365 1294239449
366 -1447640528
367 -1447640517
368 -565650041
369 2128275661
370 -38415967
371 -38415960
372 -38415948
373 -76831905
374 -115247835
375 -192079729
376 -307327555
377 -499407283
378 -499407274
379 -1613469659
380 -2112876926
381 -2112876921
382 -2043663480
383 207640351
384 207640359
385 -1559169307
386 -1143888589
387 1591909407
388 -695867770
389 896041648
390 896041663
391 1792083325
392 1792083327
393 -710800625
394 -525559597
395 -525559594
396 -525559593
397 -1576678772
398 -2102238357
399 -2102238346
400 -1486188164
401 1322590963
402 -73106606
403 1956025163
404 1882918573
405 -529130160
406 -1058260315
407 -1058260306
408 -762732198
409 -1820992502
410 -1820992484
411 -1168010189
412 1305964625
413 28204549
414 1334169185
415 1362373746
416 -1598424345
417 -1862679527
418 -1862679508
419 569608269
420 903165932
421 443958119
422 54052813
423 1401176865
424 1401176882
425 1401176899
426 -91436638
427 -91436635
428 -182873269
429 -182873265
430 -457183153
431 -822929669
432 -1645859346
433 1186121873
434 -459737461
435 2095379557
436 -1473203311
437 162438787
438 784615051
439 -526149460
440 -1052298923
441 -1578448373
442 1138070560
443 -2018826176
444 783464389
445 783464407
446 -451897377
447 -451897365
448 -1355692118
449 -1355692110
450 1131685707
451 -1579698506
452 -1803704908
453 687557497
454 687557505
455 1375115021
456 -1544737254
457 1205492770
458 -1883981740
459 -160553689
460 1911187386
461 1911187387
462 -1311635181
463 599552221
464 -1184675467
465 14428980
466 -1882329444
467 1841943593
468 1841943605
469 631311273
470 20231194
471 40462389
472 40462407
473 732467271
474 732467291
475 1545859367
476 -2016640634
477 -2016640615
478 -1754954586
479 -1754954567
480 785058163
481 -969896401
482 -969896383
483 -1939792771
484 1200439913
485 -739352852
486 876468808
487 137115959
488 137115964
489 137115980
490 411347911
491 411347917
492 411347930
493 1234043765
494 -1689763781
495 778323757
496 -911440006
497 -588836251
498 -588836231
499 -2089112487
500 116742324
501 233484656
