0 0
1 5
2 23
3 48
4 96
5 184
6 366
7 662
8 1219
9 2249
10 4508
11 8658
12 8659
13 21832
14 39166
15 61010
16 100186
17 222209
18 422572
19 805995
20 1550968
21 2356971
22 4713939
23 9850456
24 16921379
25 33842752
26 67685507
27 133014038
28 133014052
29 384477741
30 752034098
31 1136511851
32 -1755915509
33 -1755915500
34 -1755915490
35 163732662
36 946868973
37 946868981
38 946868984
39 946868985
40 946868986
41 946868993
42 -507491332
43 1386246661
44 -575604984
45 -2098078955
46 1621283370
47 333846093
48 -718554473
49 -718554470
50 -1580058418
51 -1580058413
52 416296003
53 1551146469
54 -1911228821
55 1191064123
56 -332780624
57 -1052945314
58 -1385725920
59 -1385725909
60 137789547
61 1661305030
62 413368684
63 -558988564
64 -558988545
65 956696618
66 956696625
67 1913393249
68 1913393253
69 886223919
70 -1963530920
71 -1963530905
72 785948610
73 -1177582292
74 862495720
75 -1492668850
76 -1492668846
77 -1492668833
78 -183039222
79 -366078439
80 -366078429
81 394433541
82 28355131
83 28355149
84 -281013039
85 -281013037
86 -533670908
87 -1038986696
88 -1038986693
89 -1038986673
90 -1038986671
91 -1038986656
92 1178007312
93 -1938952682
94 -760945367
95 1734089912
96 -965808131
97 7336418
98 14672840
99 29345688
100 51354956
101 80700657
102 176074155
103 352148315
104 660278092
105 1012426423
106 -2094040303
107 -421335782
108 -490523244
109 -490523234
110 -981046465
111 -981046449
112 -1962092906
113 370781482
114 1722609431
115 -1830794891
116 -1830794879
117 -1568198839
118 787788129
119 1683761726
120 903351033
121 -920066400
122 1667046374
123 -960874554
124 -213894563
125 475561894
126 475561901
127 737229237
128 1688353039
129 -1393823116
130 1507321068
131 -1755887049
132 45963952
133 91927905
134 -1504497224
135 -1615171343
136 1313190601
137 -301980735
138 1011209872
139 709229154
140 1720439043
141 -854089209
142 -854089206
143 721489796
144 -986688606
145 -986688598
146 -2105976599
147 -2105976579
148 -1168873285
149 1235730939
150 -2039118913
151 -1972261244
152 1519318085
153 1869762898
154 1869762915
155 -555441466
156 -555441454
157 -1110882906
158 1517760007
159 1517760025
160 1369195675
161 -1556575932
162 1330379769
163 1330379789
164 -1821587978
165 -1821587961
166 651791368
167 -1169796577
168 1464165957
169 1464165960
170 1464165976
171 -420474595
172 -420474589
173 623216810
174 202742224
175 405484447
176 390494301
177 795978763
178 1186473066
179 1186473076
180 -330063625
181 -330063616
182 -660127236
183 1052691682
184 918910288
185 651347508
186 1570257799
187 -101760001
188 1468497817
189 -706624169
190 -1413248328
191 817123130
192 165748468
193 982871610
194 552494893
195 552494900
196 2087861422
197 46504008
198 -1055612058
199 -2111224126
200 -2111224107
201 -983092977
202 1200650222
203 217557248
204 1418207488
205 1635764737
206 1635764739
207 394769687
208 2030534428
209 2030534433
210 -862566566
211 934069438
212 -162395550
213 771673897
214 771673904
215 1380952256
216 -1533062784
217 -152110522
218 -1685173296
219 -1989394326
220 316178627
221 -1673215690
222 -1673215686
223 948535928
224 223856152
225 -500823589
226 -1001647190
227 -2003294366
228 789202170
229 2079227926
230 -637335038
231 -2063872222
232 -621979325
233 -621979320
234 -1865937970
235 -1516136573
236 -1516136569
237 -1225223120
238 -1225223109
239 1241277265
240 1241277268
241 32108318
242 64216636
243 1337602240
244 1433927208
245 -1523437844
246 -1523437838
247 1248091616
248 -364856855
249 2131326392
250 1766469550
251 486063412
252 88892065
253 177784129
254 355568271
255 1108307887
256 1463876169
257 -1367214966
258 1738321499
259 371106541
260 371106551
261 -1717771498
262 762763105
263 -583901830
264 -583901820
265 -583901809
266 -583901804
267 -583901792
268 -583901772
269 -1751705354
270 1959360182
271 207654843
272 -2127952253
273 -1712642563
274 -1673579784
275 947807730
276 -725772047
277 -725772029
278 2117651183
279 2117651196
280 -59664898
281 -59664895
282 -59664894
283 1938656524
284 1938656540
285 -477319120
286 -477319102
287 -954638209
288 -954638200
289 1908371789
290 -955542839
291 952828970
292 952828982
293 -1436480393
294 -486365262
295 -972730540
296 -989918242
297 -1962648765
298 -1553175901
299 -1183506138
300 1558285276
301 164003542
302 538782690
303 -475610514
304 63172180
305 126344376
306 126344384
307 -159749573
308 -159749571
309 -193154740
310 -259965119
311 -646274617
312 -646274612
313 -1552514347
314 -1552514345
315 1189938614
316 1189938627
317 827362906
318 1654725812
319 1654725826
320 -2073242793
321 2063571760
322 -167823769
323 -177494793
324 1718253202
325 1363263619
326 -1213450463
327 1522747797
328 -1081647923
329 -1985801053
330 -1394888020
331 914278234
332 -2025310960
333 -1111032708
334 678013862
335 -433018829
336 244995050
337 -621042608
338 -621042597
339 -997090152
340 1867768175
341 1867768189
342 -1556521070
343 1181925150
344 -934026850
345 -1868053684
346 -1620155373
347 -501864528
348 304893719
349 609787439
350 914681169
351 1829362328
352 -1138107163
353 -1138107162
354 1077616622
355 -60490533
356 -60490526
357 -181471583
358 -181471564
359 -423433667
360 -846867329
361 -846867325
362 1814855844
363 121121199
364 1089109732
365 -1269880501
366 908338968
367 727568206
368 1576257612
369 -1263573270
370 312684351
371 1352936917
372 402048009
373 1754984945
374 -472313067
375 1282671882
376 -1327575525
377 1639816251
378 1122599558
379 1122599576
380 -454855552
381 -864807446
382 925536152
383 60728711
384 -333398134
385 -333398133
386 -333398123
387 -666796236
388 -1333592484
389 -1333592473
390 -1333592459
391 -706004470
392 -2039596927
393 215773457
394 -1823823468
395 -58684108
396 588636259
397 -1078097843
398 2138771608
399 2138771618
400 -17424053
401 2121347582
402 1008401629
403 -1165218066
404 1947107098
405 -383329033
406 1406961629
407 1406961646
408 1406961650
409 -1481043996
410 -1481043980
411 -148164677
412 -148164666
413 -148164646
414 888385341
415 888385356
416 1776770707
417 -1037755200
418 -1037755190
419 -298739670
420 -1336494843
421 -1336494833
422 -1336494815
423 -1336494814
424 -1349751659
425 -1064268808
426 544452032
427 1088904065
428 -780664359
429 852691747
430 1160931472
431 -1428652325
432 -267720835
433 317250071
434 -1379123080
435 -1061872999
436 1903500469
437 841627487
438 304131888
439 304131889
440 304131906
441 -637443653
442 -29179843
443 245772188
444 216592363
445 -204258935
446 258105625
447 270439072
448 786650330
449 1327528471
450 -1652243792
451 990479711
452 -661764074
453 -1323528135
454 -1985292198
455 324382892
456 -1660909286
457 -1012143504
458 -1362522922
459 -1362522918
460 1569921463
461 1569921465
462 414797096
463 -740327271
464 -740327254
465 -740327247
466 -1480654499
467 1008128123
468 -1212853611
469 1869260075
470 1869260089
471 2053140190
472 2053140195
473 -1957987634
474 1591845622
475 1314431178
476 1314431193
477 20893262
478 -2011353671
479 -2064719696
480 239787195
481 479574392
482 719361594
483 -625996505
484 93365106
485 906091784
486 1092821995
487 1998913798
488 -829771103
489 -829771086
490 1432193621
491 1432193630
492 1204845072
493 -225734959
494 -225734954
495 -677204873
496 76170296
497 152340592
498 -900163891
499 -1348857856
500 -1348857850
501 -1348857837
