0 0
1 10
2 14
3 32
4 53
5 104
6 214
7 233
8 617
9 1233
10 2089
11 3949
12 7892
13 11855
14 25804
15 25817
16 51641
17 123015
18 123019
19 349314
20 595360
21 595373
22 1663075
23 2258460
24 2258463
25 6775378
26 13550761
27 24843069
28 45169215
29 70012304
30 115181521
31 115181535
32 345544576
33 691089171
34 1151815290
35 -2106518255
36 -954702956
37 -1218316738
38 15429367
39 2137376973
40 -2126731601
41 -2146944936
42 -2120870181
43 27152180
44 -2093717983
45 -2039413610
46 188987890
47 -1742894390
48 701647190
49 1403294385
50 2104941592
51 -1827978504
52 -1827978499
53 -147721006
54 -1975699500
55 -1975699497
56 195847295
57 -1779852200
58 735262908
59 -1044589276
60 -309326361
61 -618652719
62 -1972568348
63 1085093503
64 -1815453908
65 -1815453902
66 -1815453892
67 -1151394396
68 1992178513
69 -974669757
70 1017508759
71 42839017
72 926462143
73 969301175
74 -1338856199
75 599746144
76 -739110051
77 -1478220100
78 -1617584006
79 460053145
80 460053164
81 2119269519
82 -56428267
83 -1312019716
84 1210874708
85 -101145007
86 1860551252
87 1860551254
88 -573864770
89 -1147729557
90 -1721594309
91 1425643434
92 -1443680430
93 833741673
94 815704681
95 815704691
96 -1829816239
97 -1829816225
98 -1194481418
99 1270669668
100 -1753627962
101 -482958285
102 2058381053
103 -102016927
104 -102016914
105 -102016902
106 -102016899
107 -408067626
108 -510084519
109 -1020169025
110 -2040338065
111 214291182
112 530599262
113 744890452
114 1489780915
115 -1529696657
116 704974714
117 704974728
118 704974746
119 2114924195
120 2114924201
121 2114924212
122 2114924219
123 2049805346
124 2049805352
125 -195356582
126 -195356572
127 1528854483
128 1528854490
129 -1432614885
130 -1432614879
131 192479228
132 -1143896036
133 1910935613
134 959518819
135 1726558401
136 -841850480
137 -539804934
138 -539804929
139 -1921460323
140 1293897121
141 1745943771
142 -1255126400
143 1784714505
144 1647968683
145 1647968703
146 -469441804
147 -938883594
148 -1408325391
149 1947758314
150 779076231
151 -1568132748
152 -789056505
153 -1578113021
154 359665032
155 359665035
156 719330068
157 -139452870
158 -139452864
159 800089377
160 1240513717
161 1761697378
162 -632119668
163 1129577728
164 -2035811851
165 -2035811847
166 223343604
167 -1812468231
168 670030831
169 1340061668
170 1340061685
171 1340061695
172 395248594
173 -1219595312
174 -1099128955
175 -1099128938
176 -1682542912
177 -805428820
178 -805428812
179 -1610857629
180 -1708419802
181 -1708419788
182 -732729905
183 -1465459827
184 388357793
185 -1809831920
186 -1421474124
187 -1421474114
188 1452019077
189 30544967
190 1482564055
191 1513109041
192 -1238204258
193 1757468841
194 -780029613
195 -260765023
196 -521530034
197 -782295053
198 -587150863
199 -587150849
200 -587150835
201 -1174301667
202 1359213097
203 -989390251
204 -989390239
205 -619567380
206 -1239134762
207 1816697776
208 -1031394599
209 -1073398963
210 -1527230531
211 -1815326312
212 -1815326292
213 -1815326272
214 543326236
215 -607685342
216 -1879685360
217 -1879685346
218 -1879685341
219 535596629
220 1071193243
221 2142386482
222 2142386492
223 -283089786
224 1313505782
225 -1122164795
226 191340997
227 -2052988592
228 1311154925
229 -1672657459
230 2071817178
231 1710314658
232 1710314661
233 835976675
234 -1748675950
235 797615400
236 -989421832
237 -191806420
238 -2132288786
239 1970872098
240 -545029528
241 -706446196
242 -1251475721
243 1630599173
244 1098519828
245 1477643292
246 1477643304
247 137962597
248 1615605916
249 413887826
250 2029493743
251 -1851585710
252 591795866
253 591795885
254 1183591765
255 -1927783771
256 -1412185958
257 -1564582075
258 -1564582074
259 -990574812
260 1130225917
261 -1424930962
262 -1285279838
263 159825528
264 1884233132
265 2044058668
266 -1492129791
267 -1492129783
268 1103857765
269 2047889999
270 2047890010
271 904670494
272 705483220
273 1610153733
274 973230173
275 973230175
276 871800506
277 -1476706430
278 -1476706422
279 -2081612330
280 1104972806
281 1104972819
282 -2085021668
283 124923961
284 -1960097702
285 1479744723
286 -480352959
287 -960705922
288 38685847
289 38685866
290 -1363687150
291 -1286315427
292 1683650587
293 1683650605
294 1683650615
295 1683650633
296 -1855332149
297 -1855332145
298 -1855332136
299 412621516
300 412621531
301 412621540
302 1237864591
303 1650486145
304 -993995006
305 -1987990007
306 -1331498859
307 1631969577
308 300470730
309 300470739
310 300470752
311 600941492
312 -1160643995
313 -1160643994
314 -1419875731
315 1455215826
316 1455215828
317 1455215844
318 1455215864
319 70680245
320 70680246
321 1596576370
322 353401278
323 -748413292
324 -748413283
325 -748413266
326 -1891838549
327 -1891838547
328 511290215
329 -474246129
330 37044087
331 37044107
332 -400157929
333 -363113808
334 -689183537
335 -689183526
336 -689183515
337 -1378367026
338 1538233234
339 -1907684369
340 -1907684368
341 479598569
342 -1428085795
343 -1428085791
344 1918394286
345 -458178712
346 -1395955997
347 1503055302
348 -351079405
349 1216235477
350 514076674
351 1730312152
352 -834342979
353 -1668685961
354 -258640105
355 1533298266
356 -1228370759
357 304927512
358 351214917
359 -572228329
360 83914114
361 83914128
362 251742349
363 -152657728
364 266912883
365 449911652
366 815909158
367 1532733703
368 -1382157609
369 -1382157594
370 -1382157592
371 1681228208
372 -1083086968
373 2128793358
374 2128793378
375 -1120467522
376 1008325862
377 1008325882
378 858803671
379 1754987907
380 -784991493
381 -1457841325
382 370958772
383 741917544
384 1112876334
385 -2069214626
386 -214420741
387 -428841477
388 -1599600508
389 1095766295
390 1095766298
391 163090623
392 -1940344063
393 414279157
394 828558312
395 -697506584
396 -1231922549
397 -686591662
398 -1918514191
399 457938910
400 -2147166940
401 633422
402 -1688594588
403 -1688594577
404 -770816459
405 1835556263
406 1983151363
407 -329297987
408 -329297982
409 -1905672091
410 -1905672090
411 483623118
412 967246236
413 1450869366
414 996066642
415 -880785039
416 -1761570086
417 1652612180
418 6323703
419 12647420
420 18971135
421 -71015646
422 -33073384
423 -85117884
424 -118191252
425 -307398163
426 -543780672
427 -1087561346
428 -2056931421
429 181104448
430 181104459
431 181104460
432 1693787898
433 -2057866024
434 -364078121
435 -547051784
436 -547051767
437 -547051749
438 -547051739
439 -1094103486
440 -1094103483
441 2106760329
442 -1175550113
443 931210236
444 768316983
445 768316989
446 -1827123078
447 -1058806072
448 -1058806055
449 -1058806051
450 59743044
451 -2057869052
452 -2057869047
453 238972256
454 418201467
455 836402921
456 836402939
457 1672805867
458 -531154101
459 1141651785
460 -338857868
461 802793926
462 463936074
463 2069523925
464 -958713362
465 1574746650
466 -1145474007
467 2004019287
468 -750864786
469 107680496
470 1360835009
471 1576196011
472 -2001120553
473 292726183
474 292726185
475 292726200
476 878178585
477 1756357161
478 -1660431532
479 1266830426
480 -1761306452
481 -1761306445
482 378753303
483 -1382553124
484 -231445411
485 -1613998517
486 1066970250
487 -547028248
488 -1325501910
489 1875408878
490 1069848971
491 1619755954
492 1619755968
493 564300575
494 -1840864231
495 -1840864221
496 1177539427
497 -320132462
498 857406983
499 537274522
500 537274537
501 1611823586
