0 0
1 16
2 17
3 34
4 80
5 164
6 295
7 302
8 886
9 1743
10 3391
11 6324
12 6326
13 12651
14 18982
15 44292
16 63279
17 126558
18 126564
19 316416
20 569550
21 569570
22 569571
23 1708698
24 2847857
25 5695714
26 10252280
27 15948004
28 34743871
29 69487743
30 130431907
31 234663538
32 469327063
33 938654125
34 1773076635
35 1773076644
36 -748813997
37 -1497628005
38 1299711287
39 -946730699
40 -1893461395
41 1454775210
42 -1583333595
43 -1669039189
44 -342822363
45 -342822355
46 -342822340
47 14127473
48 -671517202
49 -1000212052
50 1951720830
51 279991590
52 279991593
53 1511491977
54 -271771296
55 -543542593
56 -543542582
57 -1358856454
58 -1358856435
59 218397953
60 1252109787
61 -1247205137
62 -1135553813
63 -912251198
64 -2042900348
65 -2042900343
66 -1838638393
67 413428567
68 -2128294417
69 -1714865833
70 -1714865826
71 -1263058761
72 -397823115
73 -795646223
74 1838439214
75 1962012586
76 -1687984829
77 -1687984822
78 -1687984821
79 1193025421
80 2112023088
81 -1758905950
82 -1758905939
83 -1758905928
84 777155437
85 -204595068
86 -409190148
87 -409190143
88 -409190129
89 -1227570414
90 -1636760531
91 1430636361
92 -1842884704
93 -1842884686
94 2039834269
95 196949592
96 -2058183415
97 -2058183412
98 375550069
99 375550075
100 375550094
101 1305250716
102 373717559
103 -1489348772
104 -1489348754
105 -924179145
106 765808185
107 765808190
108 -881911511
109 -274474268
110 375230616
111 -15346968
112 359883654
113 -436618460
114 8674586
115 291823445
116 208416265
117 208416284
118 416832555
119 625248853
120 1250497712
121 1875746573
122 -543474152
123 -1712197150
124 1495821852
125 1495821856
126 -1303323575
127 192498293
128 384996576
129 -725828694
130 -148333821
131 -1599991206
132 -1599991192
133 220822399
134 1315807313
135 -1811686506
136 -1811686489
137 1987401617
138 -1635971370
139 -1956135429
140 -1956135426
141 734126699
142 734126707
143 214978485
144 949105193
145 1898210401
146 -498546508
147 1399663913
148 901117412
149 -1994185957
150 1706259262
151 1514308138
152 1514308155
153 1514308172
154 1514308188
155 -1266350923
156 -1266350922
157 -1018393647
158 2010222740
159 2010222748
160 -1292915441
161 717307320
162 -850129909
163 -1700259825
164 -1700259817
165 -1700259803
166 -1700259784
167 1788895371
168 983083278
169 1071718883
170 443177950
171 443177951
172 435086152
173 -918723077
174 402718992
175 -80917924
176 -80917905
177 -80917894
178 -758757807
179 -920593600
180 -1922105114
181 -1922105113
182 -1922105101
183 -1922105092
184 -1471348002
185 -1020590893
186 -1020590874
187 782437546
188 -1258744204
189 -1258744184
190 1539325598
191 -195725231
192 84856192
193 -110869025
194 -221738055
195 -443476109
196 -776083180
197 -1219559272
198 1855848753
199 636289491
200 1272578992
201 -1749809323
202 159059162
203 -1590750151
204 1113466998
205 1113467004
206 1113467021
207 1749650892
208 -318382368
209 -318382363
210 1112886169
211 -955727940
212 1270044394
213 1427202626
214 1427202627
215 -1440562032
216 -13359395
217 -13359381
218 -13359375
219 -13359369
220 -13359354
221 -40078089
222 -93515557
223 -133593633
224 -133593618
225 -400780895
226 -400780892
227 -1162264580
228 -1963826347
229 768095488
230 -1195730848
231 1903505597
232 -1650220683
233 -1650220676
234 -1650220672
235 52080026
236 52080030
237 -551534676
238 -2097595289
239 1749997395
240 -347597888
241 -347597873
242 -347597861
243 -1042793617
244 -2085587237
245 818988586
246 -1266598646
247 371378539
248 371378546
249 371378552
250 666525587
251 1037904142
252 1037904159
253 1037904168
254 2075808336
255 -1181254782
256 894553573
257 -430051832
258 -430051827
259 -1146804861
260 -1146804859
261 2001357580
262 -292252124
263 -1014556082
264 694549387
265 242293918
266 -77712763
267 164581171
268 1023711718
269 1110580138
270 -1996094256
271 138197618
272 -747316484
273 1689754187
274 942437716
275 1884875435
276 -387018809
277 -912235241
278 585621392
279 1171242784
280 1171242802
281 -1366860300
282 -195617495
283 780007797
284 388772808
285 973163124
286 1361935939
287 -1571095413
288 764003652
289 554844179
290 -252247566
291 302596625
292 605193240
293 907789882
294 1563332199
295 -916055343
296 -2134707313
297 25552667
298 -554087907
299 715669417
300 715669429
301 902803614
302 902803626
303 1805607257
304 -1586556393
305 -1554639757
306 1153771160
307 -400868585
308 -801737179
309 -1603474350
310 1088018602
311 1088018604
312 572562876
313 343388554
314 -1202978644
315 -287027196
316 -1490005837
317 -2064060241
318 740901220
319 1481802455
320 -1331362400
321 150440063
322 -1022278900
323 -871838834
324 1219927238
325 -674190486
326 -326102074
327 -326102064
328 -1326394619
329 -1432861986
330 883506558
331 883506570
332 1767013129
333 -1644447594
334 122565542
335 122565560
336 367696648
337 490262227
338 857958895
339 1348221139
340 1348221156
341 -1598524989
342 1097917317
343 847613491
344 347005827
345 347005839
346 1041017491
347 1735029177
348 22704533
349 1757733711
350 1757733721
351 2019251347
352 1239751498
353 -1792759763
354 1466243089
355 913234839
356 913234842
357 913234861
358 -1555262735
359 -1555262731
360 -1284055753
361 1726855788
362 442800052
363 -2125311455
364 1499993207
365 260281854
366 1760275072
367 1395238687
368 -1139453517
369 -1139453501
370 2016060296
371 -1402300255
372 -1402300249
373 1227520090
374 438979896
375 438979897
376 -699120618
377 178839189
378 178839206
379 536517589
380 715356814
381 1609552818
382 -1075861665
383 1964404772
384 888543117
385 -908328241
386 -1816656491
387 -947898491
388 622084076
389 1244168168
390 1244168182
391 -1184546864
392 -1184546861
393 119242641
394 2045116226
395 1039433335
396 2019245358
397 -256476591
398 -1492765186
399 270003582
400 540007179
401 -682754409
402 -142747213
403 -142747204
404 -158238063
405 -586479698
406 -1030212172
407 -1030212155
408 -1030212142
409 617851133
410 617851149
411 617851169
412 1235702332
413 1853553520
414 -1205711428
415 -1793571688
416 -1145729589
417 2003508126
418 -935793150
419 -78014605
420 -1949600904
421 -959900530
422 -959900520
423 425565345
424 851130705
425 -643104992
426 -643104981
427 -9513912
428 -1295723879
429 1703519536
430 -887928215
431 815591332
432 1631182660
433 1966641438
434 -769480072
435 -651031935
436 -651031923
437 1526280179
438 224216332
439 1750496517
440 1750496526
441 -793974243
442 -1587948488
443 -631426202
444 2075592609
445 -143782067
446 1931810555
447 1788028494
448 -575128244
449 -1150256482
450 1850672271
451 125287555
452 2038603610
453 -280403854
454 -280403835
455 -841211548
456 761871931
457 -640147295
458 121724649
459 -597762254
460 -1116184881
461 -1470497831
462 1232246982
463 -238250830
464 -238250822
465 755745333
466 40992849
467 558487379
468 1355225566
469 1355225576
470 -1026028755
471 -2052057521
472 -2052057513
473 -2052057494
474 -1532008395
475 -1532008391
476 -1532008373
477 -110205558
478 -411263402
479 -2053477331
480 -1343995753
481 -1155983111
482 -1155983101
483 -1414471984
484 568529104
485 1137058205
486 1705587326
487 840719555
488 -611602206
489 229117364
490 229117368
491 687352097
492 1145586838
493 1679571466
494 -782456885
495 897114597
496 -1355151268
497 439077928
498 878155848
499 859197122
500 -2118536389
501 57894526
