0 0
1 8
2 24
3 36
4 75
5 117
6 261
7 270
8 543
9 830
10 2031
11 3946
12 3954
13 11316
14 15285
15 26615
16 61120
17 87739
18 202094
19 392870
20 682714
21 1426550
22 2109265
23 4218533
24 7754358
25 7754378
26 19727275
27 39454558
28 66936230
29 133872457
30 200808694
31 401617391
32 401617394
33 401617413
34 803234809
35 2008087014
36 -1483645463
37 -1483645448
38 -959203896
39 -959203879
40 -959203864
41 -1549935235
42 826624322
43 -723310902
44 -1446621805
45 1401723677
46 58415302
47 1460138992
48 -1374689321
49 98966852
50 1644555506
51 1644555523
52 -906889396
53 1106499184
54 1844165326
55 -606636651
56 -1213273306
57 1130754571
58 -689155381
59 -689155378
60 -1460829483
61 -1460829480
62 684152971
63 2057461315
64 -180044658
65 -360089325
66 -540133964
67 -540133961
68 -1080267910
69 1594297486
70 -926327660
71 -412298069
72 255671766
73 -568924378
74 -1651878322
75 2074164605
76 -146638091
77 -146638085
78 -439914266
79 -310904142
80 -310904131
81 -310904121
82 -1372626646
83 1989628266
84 617001634
85 923099152
86 -2137864875
87 1391864193
88 1391864211
89 -2109002970
90 -1463139429
91 -1463139411
92 -1463139398
93 -94450924
94 -188901865
95 -283352778
96 801982933
97 518630175
98 848358479
99 -2125995691
100 42975903
101 85951812
102 128927723
103 128927742
104 257855479
105 515710962
106 773566452
107 1804988363
108 -942846029
109 -2143547545
110 7872212
111 -2135675326
112 -919229372
113 -895612723
114 344449880
115 344449885
116 344449889
117 -781492439
118 -92592646
119 159264580
120 -25920729
121 -740741225
122 -766661938
123 -1507403157
124 -1507403139
125 -227242159
126 -454484314
127 -168227407
128 -849953871
129 -849953857
130 1745105697
131 -577513751
132 -577513741
133 590078214
134 1180156437
135 1192720914
136 -1922089936
137 -729369011
138 1643508352
139 1364926766
140 -1286532168
141 1721902961
142 -1580530391
143 219767187
144 -925392403
145 -705625198
146 -1411250394
147 -1411250384
148 61216108
149 61216120
150 1594898749
151 1656114888
152 1656114893
153 734593475
154 -1904258908
155 2142564364
156 -1665953454
157 963060384
158 270005875
159 270005885
160 270005886
161 270005898
162 1080023560
163 1620035363
164 -1054896573
165 565138791
166 -1814660256
167 -1814660245
168 1795924395
169 1971813428
170 -527229458
171 1444583983
172 -1405799328
173 -488444796
174 -1894244118
175 1912278386
176 -431625858
177 -431625843
178 1049026701
179 617400870
180 1234801738
181 2037977613
182 644239646
183 -377948282
184 -1990698317
185 313570662
186 -1410836286
187 -1410836266
188 -1410836262
189 1473294780
190 1535753268
191 -1285919234
192 312292563
193 -973626654
194 -1947253309
195 -1947253299
196 -1546792625
197 800921376
198 -1319037210
199 -1319037194
200 -1036231640
201 -125209981
202 -1161441608
203 -1286651584
204 685432486
205 -601219092
206 1931087502
207 728649327
208 728649339
209 1457298674
210 -1380369947
211 -1380369943
212 -1380369927
213 -1380369908
214 1534227467
215 1534227483
216 -1226512336
217 -918797211
218 -611082049
219 1538575717
220 -1217815865
221 -1217815864
222 1868032026
223 -567599699
224 82616474
225 1383048803
226 898065587
227 -2013852899
228 -1115787310
229 1165327099
230 -1964313097
231 1264406690
232 -699906388
233 -1399812783
234 -2099719168
235 1359935666
236 -739783485
237 620152182
238 -119631293
239 500520909
240 500520913
241 500520914
242 1501562750
243 -1291841796
244 710241872
245 1420483755
246 -1453999788
247 886446810
248 271330861
249 271330870
250 1429108546
251 1404217315
252 1404217332
253 -57424097
254 -114848182
255 -1658804921
256 -1658804906
257 977357487
258 1782442696
259 1782442701
260 247275592
261 247275594
262 247275604
263 -1770697788
264 -1028870993
265 -1028870982
266 -2057741962
267 -1343938810
268 893286526
269 1786573058
270 -1750692165
271 1822453961
272 71761807
273 -1471584108
274 422631668
275 422631685
276 -626320753
277 218942604
278 218942624
279 218942627
280 218942637
281 437885277
282 1094713181
283 1751541112
284 -1010827711
285 1835426584
286 1835426600
287 1835426608
288 -624114087
289 1211312524
290 1211312525
291 1174396883
292 1174396899
293 -147662535
294 -2093836034
295 107295220
296 107295222
297 107295232
298 107295249
299 321885719
300 643771432
301 1072952410
302 2038609570
303 2038609584
304 1820861427
305 -435496276
306 -870992559
307 -1741985119
308 -1227612519
309 -1227612511
310 1839742270
311 -615482744
312 -1230965498
313 -1234318472
314 -1234318452
315 -20117867
316 -1254436315
317 -1274554172
318 1745858952
319 -783131528
320 -311826731
321 -1878089780
322 -1878089768
323 -556170509
324 -1112341002
325 -1112340987
326 2052902547
327 -171779432
328 -171779427
329 -171779414
330 -515338260
331 1022226025
332 335108367
333 670216730
334 670216735
335 -1597199424
336 78342416
337 -848640264
338 -1027063806
339 -1027063798
340 -126657568
341 1343884288
342 1217226736
343 1407389663
344 -453124161
345 -906248328
346 48017186
347 48017192
348 144051556
349 -666162380
350 -474093616
351 -1140255989
352 2014455319
353 400105732
354 1274305081
355 -1746357147
356 -1746357144
357 196151849
358 -2022257357
359 -1826105497
360 1445009307
361 2087765605
362 -119436080
363 -435024018
364 -554460085
365 -1108920178
366 -1108920172
367 1522666863
368 -1684657572
369 -161990693
370 -1432901557
371 -1432901537
372 -1432901527
373 -3737322
374 1425426923
375 1425426936
376 -18686518
377 1395528508
378 -67271442
379 1309570560
380 -1657139660
381 980687967
382 633118886
383 1198966328
384 1832085232
385 -630796845
386 -280905717
387 -280905711
388 -1192608254
389 1909750774
390 717142523
391 -1668073986
392 -514694639
393 2112198688
394 646572588
395 -1536196018
396 1222575270
397 1930455907
398 -1141936115
399 1121471643
400 -1162400588
401 -1182865053
402 1949701664
403 1949701665
404 -1578429005
405 -1578428999
406 742545340
407 -835883641
408 -93338292
409 951432713
410 22210790
411 880305218
412 880305225
413 880305245
414 -1631840815
415 -1631840807
416 -1503071146
417 -1503071127
418 -1974856580
419 817039598
420 817039604
421 1634079204
422 -1843848469
423 1424309950
424 2031580303
425 1612041802
426 563195502
427 563195516
428 563195530
429 563195541
430 1126391081
431 -1478989611
432 -1478989608
433 -705197057
434 1758182115
435 -1904994152
436 484979002
437 -367030075
438 -1787045216
439 2140892014
440 -1433198420
441 -1446381682
442 1402203937
443 -44177737
444 -1521553900
445 -1521553889
446 1207681789
447 -313872082
448 2101491486
449 1473747314
450 -1033600569
451 -1033600552
452 1194165604
453 160565055
454 321130119
455 321130125
456 1996990907
457 -1655716129
458 983535032
459 1324809817
460 -1645347658
461 -992718930
462 -1985437860
463 1316810523
464 988273376
465 -673072887
466 -353426841
467 1278584177
468 -1737798939
469 -812641584
470 -812641568
471 -1625283135
472 585186251
473 1629587272
474 -223151177
475 1406436109
476 1183284948
477 286376112
478 1469661076
479 -1355645156
480 -1355645153
481 1583676999
482 228031864
483 228031883
484 684095596
485 1140159346
486 2052286834
487 -1102521107
488 -1520946611
489 1671499590
490 -951968123
491 -951968104
492 -1753383246
493 -1753383226
494 555764203
495 391996934
496 947761151
497 -1611244179
498 -663483026
499 -663483010
500 -1326966030
501 1641035231
