0 0
1 5
2 13
3 35
4 55
5 115
6 122
7 350
8 689
9 1335
10 2513
11 5011
12 9554
13 17086
14 26653
15 53302
16 97049
17 97067
18 291168
19 538598
20 1077204
21 2101104
22 2101115
23 5279428
24 9481654
25 14761095
26 33724416
27 57967178
28 106452707
29 222387054
30 222387058
31 609194013
32 1218388019
33 1218388039
34 -1026610164
35 1410165907
36 383555750
37 1793721674
38 -2117689871
39 59587562
40 119175134
41 -145205500
42 -290410992
43 -435616474
44 -752057814
45 -1623290773
46 -1623290771
47 -139288527
48 157039423
49 17750902
50 1083887569
51 1083887570
52 -2127192139
53 58333911
54 58333924
55 157250847
56 -769385885
57 1672307964
58 902922088
59 -1719737233
60 855492823
61 941599770
62 1797092609
63 1874447984
64 1173665907
65 -1947635491
66 -1947635471
67 -847157059
68 726205193
69 278744471
70 157792622
71 315585237
72 315585238
73 1793912771
74 2109498016
75 2109498036
76 2033526779
77 -543498971
78 -543498951
79 870557624
80 327058676
81 1197616311
82 1851733680
83 -591499938
84 -591499934
85 668733821
86 -1759883337
87 -422415699
88 2112668273
89 1690252578
90 1690252585
91 775790444
92 1551580903
93 -1967595938
94 2050028003
95 82432070
96 2132460081
97 -1997643071
98 217249094
99 434498192
100 786564307
101 786564324
102 786564331
103 -1283527037
104 289601626
105 -993925407
106 -993925389
107 2099755430
108 1105830043
109 1105830062
110 1105830074
111 -2083307156
112 128352998
113 1362536037
114 -592418102
115 770117936
116 770117949
117 -1984613459
118 -1036795672
119 2043676118
120 1006880461
121 799265407
122 1806145888
123 324204911
124 -1365351083
125 1564265141
126 198914061
127 -1766788369
128 -1766788358
129 1159218702
130 2119523350
131 -254834673
132 1864688695
133 1864688706
134 -1836649802
135 28038913
136 28038914
137 84116750
138 168233484
139 308428071
140 476661568
141 953323139
142 1738412784
143 -649908234
144 -1776478022
145 -1776478013
146 -1776478009
147 -1776477999
148 834114317
149 -200352390
150 1375773229
151 1175420845
152 -1944125604
153 -768704754
154 1582136944
155 1420500679
156 1420500695
157 -640533715
158 -512362673
159 -512362661
160 -1665259048
161 -1910017398
162 -945568188
163 -1250602663
164 188779060
165 -1061823596
166 -873044533
167 1298275571
168 -1698416142
169 -400140565
170 -2098556693
171 -2098556685
172 -702427215
173 -702427213
174 791556200
175 89128989
176 1672241384
177 1761370389
178 -861355509
179 -1633582033
180 938674249
181 938674269
182 1143781382
183 526192361
184 1913740230
185 1913740247
186 -467486818
187 1446253447
188 978766637
189 978766638
190 -891180560
191 87586087
192 -1694775035
193 -1607188937
194 189408857
195 1182412196
196 -1930142904
197 -1930142889
198 -1930142880
199 -313049162
200 2051775266
201 -2121559647
202 51847991
203 -330985543
204 1894270107
205 -506427088
206 1056857490
207 -2129404328
208 -1072546832
209 -2145093655
210 -501647099
211 -501647098
212 -1003294186
213 143285264
214 -860008903
215 1571655277
216 854931645
217 -1868380357
218 -301802320
219 -603604641
220 -905406941
221 615773038
222 -893238542
223 -277465495
224 -1170704036
225 1663925330
226 -677482728
227 986442609
228 524715693
229 -1797366373
230 -286208062
231 -1558858728
232 -1558858711
233 -381608871
234 -1287933448
235 -492292453
236 -984584903
237 -410311076
238 738236554
239 327925480
240 -821026391
241 245135649
242 245135668
243 735406975
244 1225678307
245 1630330213
246 -213280470
247 -1652239245
248 -1652239230
249 -1887428719
250 -1887428710
251 -1132129353
252 -1132129337
253 143279903
254 143279914
255 143279922
256 -1834418948
257 -1691139016
258 1055969185
259 2111938370
260 -357650390
261 -1484710126
262 269577873
263 539155730
264 808733616
265 1617467222
266 1750224335
267 1750224343
268 1631682225
269 -1840336457
270 -1003172845
271 -1211827073
272 -673429806
273 -673429796
274 -673429785
275 -673429770
276 1601248141
277 254388599
278 1182206988
279 -1257123559
280 -74916568
281 -1332040116
282 -1227484638
283 403402417
284 2063928402
285 -167110487
286 -259304416
287 813431291
288 -1440620069
289 -886493183
290 1967854049
291 1967854056
292 -1872941140
293 1176273792
294 -1055926537
295 -1752593882
296 -1537333706
297 -747554164
298 257485558
299 257485571
300 257485586
301 514971159
302 514971161
303 1544913490
304 2059884668
305 -175197966
306 1884686709
307 1534290768
308 -1741356910
309 1502422610
310 -238934292
311 1056422180
312 1056422191
313 1634975796
314 716341201
315 169194088
316 338388166
317 507582269
318 -928485774
319 -82515334
320 -165030668
321 -247545982
322 -1423577756
323 -1918669733
324 952719824
325 -965949904
326 -1931899802
327 431167695
328 -1500732090
329 -1500732071
330 1293503152
331 -1276793294
332 1310212996
333 1310213002
334 1310213012
335 -364328274
336 -2005449844
337 250647909
338 -808917183
339 1366919911
340 808650653
341 808650671
342 1617301340
343 -1060364622
344 556936737
345 -503427874
346 -503427862
347 107017724
348 -342901274
349 -235883540
350 -471767089
351 -471767077
352 -1179417693
353 -1179417687
354 1936131917
355 -894470523
356 -1317173968
357 1660619354
358 1385106786
359 1728552175
360 479311035
361 -358551912
362 1849311299
363 1849311314
364 1849311326
365 1849311338
366 -596344621
367 1252966731
368 -1789033830
369 -536067092
370 -536067087
371 -1072134172
372 1614631852
373 -529636480
374 12861201
375 -510344679
376 587511908
377 -439608031
378 -362440785
379 -214536891
380 -429073788
381 -1445659494
382 -1874733262
383 545500761
384 545500770
385 1636502291
386 -1567463464
387 -1567463449
388 -1567463443
389 -1567463431
390 -407423009
391 -814846033
392 -814846014
393 -814845996
394 -124457168
395 -939303157
396 -1878606305
397 1352600684
398 1890355371
399 -1052011223
400 -1052011213
401 -739672672
402 -739672661
403 1763610755
404 1023938110
405 256192328
406 1280130458
407 -1734706386
408 -198383580
409 627170945
410 627170961
411 1055958333
412 -1984667052
413 325633196
414 325633206
415 -277442300
416 48190923
417 -1562652016
418 -1791903389
419 711160517
420 -1080742870
421 -1080742862
422 -1450325195
423 -397586494
424 -397586477
425 2049469140
426 1651882674
427 -593615479
428 1058267199
429 2116534414
430 -1120165665
431 -1120165648
432 -1120165647
433 -1243962545
434 1930839106
435 -433289083
436 1497550033
437 1064260962
438 2128521913
439 395365624
440 -1771079748
441 -1771079741
442 -1771079740
443 1505615612
444 1505615623
445 1505615629
446 974687388
447 974687407
448 -839976864
449 -839976857
450 1775036719
451 1069770418
452 -1450160142
453 -285306721
454 -1735466844
455 -2020773559
456 -126969540
457 -126969533
458 -253939053
459 -253939048
460 -253939029
461 -1015756196
462 -1904542848
463 612851125
464 -1291691703
465 441888646
466 441888649
467 -1699606121
468 -2107520518
469 -2107520515
470 -1619679855
471 1055607591
472 -484145993
473 -1048218249
474 -1532364227
475 1230238838
476 1230238850
477 -120104780
478 808008691
479 808008711
480 1495912637
481 -1183037246
482 -1183037232
483 745855563
484 -1620218907
485 1054529477
486 -565689413
487 -1131378829
488 2032209629
489 1389670872
490 -2004465613
491 -614794739
492 -328758678
493 -328758663
494 1018189614
495 360672280
496 360672291
497 360672296
498 721344604
499 1082016909
500 -1770261184
501 -688244272
