0 0
1 6
2 10
3 20
4 47
5 97
6 116
7 299
8 575
9 1010
10 1902
11 3909
12 6823
13 10733
14 17571
15 17588
16 17602
17 70318
18 105527
19 228613
20 404465
21 633087
22 1442016
23 2075113
24 4783308
25 4783325
26 13716868
27 26800646
28 40517525
29 67318173
30 107835704
31 256188918
32 471860326
33 943720662
34 943720666
35 1887441339
36 207964618
37 159740324
38 159740334
39 159740348
40 687185642
41 1374371269
42 -1754189373
43 -379818092
44 -759636186
45 -832086722
46 -832086714
47 -262849776
48 1608307903
49 -318715302
50 1026742834
51 2053485663
52 2053485669
53 -187995962
54 332035624
55 982786536
56 1126826204
57 -1853318928
58 400333492
59 988662934
60 988662949
61 1977325892
62 -340315510
63 -680631028
64 -1361262052
65 583780262
66 -1798428327
67 698110661
68 -1877799439
69 1316850211
70 1316850218
71 1454011663
72 -2085054625
73 685807271
74 685807290
75 685807305
76 685807311
77 2057421917
78 2057421923
79 505683870
80 -1731861483
81 -1406301063
82 1156804766
83 -249496287
84 -498992576
85 -498992565
86 -90676658
87 -181353311
88 -1519511377
89 -1519511365
90 484922038
91 1559513299
92 1559513305
93 2084437289
94 -651016692
95 742401946
96 91385265
97 833787216
98 833787219
99 833787231
100 1667574453
101 -1793605597
102 707756096
103 -2045667882
104 1163449927
105 -1968067453
106 1444681889
107 640064371
108 2084746280
109 -125474752
110 -250949499
111 -376424242
112 1971962176
113 -991107332
114 353481108
115 1334335958
116 1334335964
117 -1272814258
118 61521712
119 -1211292538
120 -1088249114
121 2056947372
122 2056947390
123 -1269321636
124 -1269321620
125 487002411
126 487002429
127 487002437
128 974004873
129 -1859955138
130 -885950259
131 1549061916
132 663111677
133 -2082793685
134 -2082793665
135 -1953413739
136 -1953413725
137 1180631466
138 1180631467
139 1180631482
140 -753072867
141 835407836
142 1262966456
143 2098374298
144 329339912
145 231121210
146 231121221
147 462242448
148 462242466
149 1155606144
150 -1752633789
151 327457270
152 -269570373
153 -76898274
154 -1771645146
155 -1771645134
156 405208383
157 -1366436741
158 1562093815
159 195657077
160 1757750893
161 -2145902249
162 3162813
163 -384988530
164 -381825709
165 1385413630
166 1003587941
167 -1905965711
168 101210171
169 584246046
170 -1220509477
171 -535053252
172 -1171316672
173 -1706369910
174 882227472
175 1764454935
176 940312516
177 -707972354
178 -1415944717
179 1463077861
180 1463077863
181 802238671
182 1604477327
183 -1888251278
184 -850346842
185 1131195761
186 -2925024
187 -2925010
188 -1613252391
189 -1338253489
190 -1338253476
191 1618460340
192 1623668287
193 1903875165
194 851036512
195 851036530
196 -1741857746
197 1864090473
198 1864090486
199 -606571037
200 -2064178585
201 -806659129
202 817558548
203 10899434
204 828457997
205 -1213921727
206 -385463725
207 57530528
208 -1541854910
209 1211257464
210 -658530626
211 -931597536
212 -378870693
213 -1310468217
214 -2068209596
215 537418803
216 143240058
217 1596948360
218 -2017360063
219 -2017360057
220 1857195538
221 -580576205
222 1536866513
223 1536866530
224 1536866546
225 -1221234210
226 315632346
227 -2126836082
228 -1495571382
229 672559840
230 672559856
231 672559864
232 2017679578
233 -1604727847
234 1758071461
235 -778824372
236 -625480748
237 766718085
238 -637587026
239 -496349669
240 -1133936683
241 -2126636028
242 1034394600
243 -1092241411
244 2110484476
245 -1207935041
246 902549442
247 1747252067
248 -1645165772
249 102086299
250 -101212996
251 1005509041
252 -638783420
253 -1277566836
254 -1916350240
255 1366562852
256 1366562867
257 1366562884
258 905771537
259 -2022632863
260 -1312140016
261 960194436
262 960194447
263 960194458
264 1568443334
265 154059387
266 308118768
267 308118772
268 616237552
269 924356331
270 924356348
271 1848712680
272 18695621
273 -578846311
274 -578846302
275 1634072048
276 -1951179544
277 -895953783
278 1924213411
279 -922919914
280 1001293501
281 1106633224
282 1185006823
283 -1924953657
284 366686404
285 -1558267241
286 -824894438
287 -824894435
288 1086911200
289 1086911212
290 -1034233687
291 -1034233683
292 -2068467350
293 -1963112305
294 -770846026
295 -770846019
296 -770846015
297 -770846011
298 1211583236
299 440737238
300 -660217565
301 221256911
302 1776595
303 1215136419
304 1218689608
305 -1638107743
306 797494887
307 1594989783
308 754376931
309 754376936
310 -2031836485
311 1071907179
312 -205552365
313 343272201
314 -67832531
315 -890041985
316 -957874501
317 -1915749013
318 1421343790
319 1884813065
320 432533342
321 865066703
322 308789605
323 -803764575
324 802625083
325 -1139481
326 -2278963
327 -2278953
328 -2278939
329 -6836846
330 -6836841
331 -6836840
332 -20510521
333 -34184196
334 -75205230
335 -109389421
336 -239289366
337 -239289358
338 -239289354
339 -239289342
340 -1066546838
341 -1066546831
342 -2133093658
343 -210509353
344 -181729368
345 -181729350
346 -573968063
347 -1147936125
348 -1903633519
349 305970891
350 305970898
351 305970915
352 -985720797
353 -373778972
354 -441587045
355 -1801086795
356 692793702
357 1385587400
358 -538071702
359 -702364437
360 -963141817
361 -817990543
362 1273398813
363 -1210097977
364 63300838
365 63300846
366 -628088012
367 -564787153
368 -1129574310
369 2099119509
370 969545213
371 746215249
372 -1609661625
373 -863446371
374 -863446365
375 1704628188
376 -22264529
377 -22264514
378 -44529025
379 1615570131
380 1615570150
381 -1152885067
382 462685087
383 -1798556012
384 -873185828
385 2085910551
386 -585831269
387 1500079295
388 328416738
389 1828496044
390 -2138054506
391 933106316
392 951964599
393 951964601
394 -1767490237
395 136438974
396 272877938
397 -406208717
398 3108207
399 -1761273833
400 -1755057416
401 -1755057396
402 -973313133
403 -188460648
404 -2138195123
405 1968311544
406 1968311559
407 -358344187
408 1609967385
409 -1075032531
410 -1075032518
411 -1075032502
412 -1973474344
413 706362794
414 -1267111536
415 1760744222
416 -1848511364
417 -1848511360
418 597944585
419 -1338333903
420 -1338333885
421 1618299511
422 1986032262
423 -2028969405
424 -1101305413
425 1164692489
426 20449951
427 -1945132377
428 -759989922
429 -1519979842
430 2014997542
431 2014997548
432 1750025346
433 -794916608
434 -794916595
435 -794916576
436 -634724429
437 2070409713
438 640768725
439 -1583788848
440 492665174
441 492665191
442 2112719968
443 2112719980
444 915803023
445 1338940875
446 -2040223397
447 214520516
448 -1753206279
449 -1538685751
450 1217595789
451 394968186
452 394968200
453 394968216
454 1184904606
455 1579872840
456 -1530189845
457 1629555830
458 1629555835
459 1629555836
460 643383208
461 643383227
462 1880466642
463 501821637
464 -1269295782
465 1756375736
466 487079955
467 487079973
468 974159936
469 1461239929
470 -885407500
471 2037072350
472 2037072351
473 355009844
474 710019684
475 710019689
476 1420039376
477 2130059070
478 2130059071
479 2095209922
480 -69698301
481 -69698285
482 1920964200
483 1851265916
484 -592435455
485 -592435447
486 -592435440
487 -1184870880
488 -1777306314
489 740354672
490 2073144787
491 -741113156
492 1332031647
493 1332031665
494 -298872338
495 1033159338
496 -896616965
497 136542389
498 136542393
499 -623532179
500 -486989779
501 -486989761
