0 0
1 15
2 30
3 54
4 68
5 156
6 332
7 337
8 836
9 1506
10 1508
11 3032
12 6049
13 12096
14 22705
15 43896
16 66605
17 133221
18 266436
19 266441
20 776607
21 1043061
22 2352561
23 3395636
24 3395653
25 10186918
26 10186920
27 29517700
28 53287209
29 92991848
30 185983693
31 371967379
32 557951089
33 1115902180
34 -1970171100
35 -296317820
36 -592635647
37 -1185271283
38 -2074224732
39 442835641
40 885671281
41 1328506924
42 -1637953439
43 -1637953420
44 1019060446
45 -928339470
46 -1547232436
47 -1547232419
48 -346729984
49 944493440
50 869926444
51 1814419904
52 -1012857476
53 -1012857469
54 -211295037
55 2057957329
56 1846662299
57 1667609650
58 53109487
59 53109506
60 53109516
61 106219032
62 106219039
63 265547590
64 371766649
65 743533289
66 1487066575
67 -1692600772
68 537999094
69 -1154601663
70 -78603464
71 -695206029
72 -773809473
73 1592746679
74 -1109473936
75 -985742744
76 -1971485500
77 1047202331
78 -924283152
79 122919186
80 1583577424
81 1706496630
82 -1806257197
83 1483816858
84 1483816861
85 1161376531
86 1161376533
87 -488397363
88 -488397361
89 -976794706
90 -1953589411
91 1364583187
92 -589006207
93 2140160169
94 -1379230144
95 -417082398
96 343847638
97 -1452464884
98 -1108617231
99 1733885183
100 -483349287
101 -1310546207
102 -60010294
103 -1370556494
104 1553854320
105 1553854322
106 1737152158
107 -820662976
108 -1641325962
109 -1641325959
110 191652415
111 -1449673525
112 -245705725
113 -491411447
114 658503070
115 167091629
116 167091647
117 167091651
118 334183315
119 334183317
120 835458294
121 1838008232
122 -786042471
123 1887424063
124 1887424083
125 -520119135
126 -1040238269
127 -2080476542
128 -1753409861
129 -1099276505
130 1442280938
131 -236152939
132 106851502
133 -1539706856
134 -226727340
135 -453454678
136 1945776989
137 1945776998
138 1671665125
139 1671665140
140 1671665157
141 720028128
142 1440056270
143 1440056276
144 1440056288
145 -1414854713
146 -669625042
147 -2059278208
148 1566064051
149 1717273399
150 -1011629844
151 -1011629840
152 1260077775
153 954091494
154 1908182999
155 -1184244861
156 1678029651
157 493784791
158 493784794
159 493784804
160 493784824
161 493784844
162 987569686
163 -1826043122
164 -838473423
165 -1183161997
166 447288761
167 894577533
168 158704299
169 -521064819
170 979505782
171 979505797
172 1596651065
173 -739304642
174 -1999674103
175 816683918
176 -1182990174
177 -366306254
178 823376053
179 -725920357
180 -1451840720
181 -1354385009
182 762821211
183 -1945948818
184 -1183127605
185 -1183127598
186 745584489
187 -437543101
188 -875086201
189 -875086190
190 2107251824
191 357079440
192 714158892
193 714158899
194 1785397245
195 1785397260
196 -724172774
197 -20027773
198 1041196717
199 1021168950
200 -1191404914
201 870960754
202 1721893747
203 -1872348742
204 -1872348736
205 550269821
206 -1472533892
207 -1472533873
208 1900169372
209 427635500
210 -1967162416
211 -1539526902
212 788277984
213 -751248906
214 825307061
215 825307072
216 1687643218
217 -956709941
218 730933286
219 -2007793645
220 -2007793626
221 279380027
222 558760067
223 -1169653514
224 -331513412
225 -663026821
226 -1326053638
227 1974373445
228 -1515873923
229 -1862094329
230 916999055
231 -1812649374
232 21348744
233 42697486
234 64046238
235 -767557848
236 -767557834
237 -1428371942
238 1438223403
239 1438223417
240 -87040794
241 -87040789
242 -174081577
243 -348163143
244 741897117
245 393733987
246 787467979
247 1400854379
248 -971013823
249 -971013806
250 640028733
251 886323480
252 1526352230
253 1526352235
254 284089393
255 -71849946
256 -1030023371
257 708568326
258 -109215580
259 -430670609
260 -430670605
261 -970556783
262 -1401227377
263 952626362
264 2014468295
265 2014468302
266 686595671
267 686595689
268 2059787036
269 -1128019581
270 931767457
271 -196252105
272 -196252086
273 -392504177
274 -981260482
275 -981260472
276 -981260467
277 -1962520920
278 -1003839208
279 -1003839200
280 -656492480
281 -331724501
282 1299071921
283 -1696823461
284 -1696823447
285 901320397
286 1802640798
287 1802640803
288 -689685685
289 -478050979
290 634904150
291 634904169
292 1904712466
293 -1755350642
294 149361825
295 149361836
296 149361855
297 -1307265117
298 1680437068
299 671895647
300 671895651
301 1343791310
302 2015686964
303 2015686979
304 -1870978025
305 -2134571367
306 289417916
307 -1845153433
308 749369375
309 749369388
310 2103399178
311 2103399181
312 661200470
313 573031546
314 1234232021
315 1234232024
316 -592271220
317 641960822
318 641960826
319 691650432
320 1333611269
321 -1627744767
322 -1627744758
323 1039477775
324 1039477785
325 2078955572
326 2078955589
327 -137056126
328 765365538
329 628309431
330 628309441
331 1256618878
332 -1781729539
333 103198799
334 103198804
335 -318713040
336 -1894044972
337 506877353
338 -1602681852
339 1305117842
340 -1684731623
341 -379613777
342 -1855032052
343 1680707702
344 -553938109
345 -728262455
346 -1456524912
347 -1058017765
348 -2116035528
349 1120914006
350 1120914015
351 -932225266
352 -806432770
353 -1738658028
354 1938565252
355 -417836789
356 -217929552
357 -217929534
358 -853695872
359 -1289554940
360 1715857403
361 426302482
362 -219020453
363 1923139449
364 1923139454
365 -667708832
366 -1335417677
367 1624131960
368 288714295
369 288714314
370 198434064
371 198434078
372 685582474
373 1082450624
374 1966467193
375 -1246049471
376 720417723
377 -1771681220
378 751604865
379 -1020076353
380 -2040152697
381 1986343116
382 -1073885930
383 912457204
384 -215238288
385 -430476581
386 266742350
387 -163734224
388 -327468448
389 -327468428
390 -982405329
391 -1801076416
392 692814467
393 692814477
394 -415447465
395 -830894934
396 139286560
397 139286575
398 -274954785
399 -274954770
400 -1102231334
401 -1102231332
402 1540595093
403 -938822341
404 -1602689900
405 -1602689888
406 589128931
407 -1013560951
408 -273666850
409 1994178550
410 1994178562
411 -1004709052
412 -1311319221
413 1672328858
414 -950309591
415 -950309586
416 -1900619175
417 854738583
418 -1045880578
419 302586961
420 -743293601
421 -743293591
422 -1184000225
423 -1184000218
424 742966640
425 742966651
426 742966670
427 742966686
428 1485933368
429 -2066067239
430 -2066067234
431 -2066067233
432 325665647
433 325665661
434 -1414735907
435 -600571765
436 -1363976355
437 1567014586
438 -1812269426
439 -1609231176
440 -1854486015
441 585995269
442 1171990547
443 776966499
444 776966505
445 776966512
446 -792077231
447 -792077224
448 -30221425
449 -822298639
450 1858292796
451 1858292808
452 -1400680314
453 1493606661
454 1951219156
455 1465763814
456 615622343
457 1231244682
458 -982336440
459 864530589
460 -1100142291
461 628918896
462 -471223393
463 157695509
464 -784751261
465 -1569502522
466 -1569502514
467 57683121
468 57683129
469 1271328513
470 1271328529
471 1271328532
472 -480981707
473 790346831
474 -171616586
475 1409077090
476 1546825637
477 -720334314
478 -2059398870
479 -1232907536
480 1002660902
481 -230246628
482 1054740851
483 1827155131
484 -640657038
485 -2053728335
486 1600581935
487 -453146386
488 -1546949818
489 1841724702
490 294774897
491 294774911
492 -1863692784
493 -1863692769
494 567581755
495 1724713316
496 1724713336
497 -2141651655
498 11664002
499 1887020756
500 1887020759
501 -509261766
