0 0
1 12
2 26
3 44
4 87
5 88
6 251
7 341
8 819
9 1423
10 2932
11 5180
12 5181
13 5192
14 18503
15 34073
16 34091
17 68174
18 160045
19 314903
20 611287
21 926204
22 2012457
23 2938671
24 4951141
25 10828475
26 10828484
27 31559229
28 61106014
29 61106027
30 175428231
31 297640291
32 595280574
33 1190561149
34 -2036057050
35 47424966
36 -202790350
37 -202790339
38 -202790337
39 -405580664
40 -966526709
41 -1372107372
42 -1372107366
43 -1372107353
44 -1372107342
45 178645241
46 -1193462096
47 535935757
48 1071871513
49 414345192
50 828690377
51 1243035574
52 -1808896133
53 262829834
54 940004848
55 636974133
56 1273948259
57 -1444040042
58 1669717033
59 1669717042
60 1669717055
61 544092060
62 1258275904
63 1258275916
64 435393645
65 -1343021824
66 1608923657
67 1608923659
68 -1984748151
69 325471005
70 215548365
71 215548380
72 431096760
73 646645153
74 1077741927
75 1077741944
76 1077741963
77 1077741970
78 16000527
79 32001045
80 32001052
81 -2059480727
82 -2059480713
83 208006918
84 384012791
85 384012793
86 384012807
87 1360045313
88 1360045324
89 -1574876642
90 1145214012
91 -429662621
92 1860765391
93 1431102778
94 -1003099117
95 1859106433
96 -147091793
97 2140018314
98 1992926524
99 1549992202
100 -1194982898
101 355009309
102 547996161
103 -1044025995
104 213988793
105 -282041026
106 -1112078222
107 -1676160276
108 394650590
109 394650598
110 789301197
111 -1209636099
112 368966292
113 -51368593
114 -51368589
115 -943406985
116 -943406969
117 -1989551134
118 315865030
119 1677874229
120 4188129
121 4188143
122 1686250513
123 1686250527
124 1686250547
125 -922466204
126 -158681903
127 605102452
128 1210204907
129 -1874557484
130 -1140398227
131 -1199648338
132 80363248
133 -1119285075
134 -958558566
135 -1997480386
136 -1997480380
137 -658552024
138 1858578174
139 541474120
140 2041506803
141 1785526712
142 -467933767
143 -935867545
144 -935867527
145 1955298462
146 1955298472
147 1570928097
148 1570928106
149 -1537481439
150 -735294059
151 -1470588103
152 -601507383
153 1487577754
154 -584517725
155 301552649
156 -867482793
157 337129887
158 -530352905
159 -1060705792
160 -1253928800
161 1449979815
162 -1057877780
163 392102039
164 -469724716
165 -469724709
166 -469724700
167 -1409174121
168 -1878898810
169 -402279753
170 -334834777
171 269779851
172 269779863
173 -197554812
174 72225062
175 414229980
176 558680109
177 972910092
178 1820490451
179 1820490452
180 1820490466
181 2139414175
182 -16138938
183 -351201582
184 1772073674
185 1404733163
186 -1118160457
187 286572723
188 1994017534
189 1994017551
190 1994017571
191 1973658097
192 1973658100
193 -347651086
194 -347651073
195 -347651058
196 930704900
197 235402778
198 235402786
199 235402796
200 1636913271
201 -1021140764
202 -1021140762
203 65437341
204 -1976844171
205 1978192227
206 66785417
207 2044977657
208 2044977665
209 2044977681
210 1906751125
211 -481465035
212 1425286104
213 600582588
214 -843812496
215 -1687624995
216 -1930854898
217 1858543610
218 -2003166187
219 -2003166183
220 -1471301337
221 -1254977684
222 -1254977670
223 -1254977660
224 -941267049
225 843744918
226 843744932
227 -508754852
228 1178735007
229 1416202958
230 2086183127
231 386153804
232 -406427392
233 -20273578
234 -426700962
235 -853401927
236 -1300376461
237 1714487961
238 1714487965
239 -865991354
240 1262608120
241 2111104746
242 -921254428
243 -994012239
244 1458446202
245 1458446210
246 -1378074882
247 -1378074866
248 -833269558
249 705548001
250 -1505796413
251 -94700403
252 -94700399
253 -1822918761
254 1482399333
255 -2035716625
256 -553317282
257 1705933405
258 -1223619928
259 482313481
260 -1624406933
261 -659779969
262 1269473959
263 -532399455
264 77294541
265 77294546
266 77294552
267 231883640
268 463767290
269 850240041
270 1314007335
271 1314007338
272 -121061640
273 -474006927
274 2032946117
275 2032946130
276 489863732
277 -213218227
278 47570474
279 -165647752
280 158568233
281 -172727266
282 -345454523
283 -477690827
284 -837304376
285 -1674608750
286 959908830
287 959908850
288 959908853
289 367813420
290 367813431
291 735626868
292 -903895871
293 1527266718
294 1726811147
295 1726811153
296 1726811155
297 1726811162
298 885466189
299 44121227
300 -1638568700
301 -1638568699
302 -620738802
303 -620738788
304 1414921019
305 -1465125268
306 -50204246
307 -1341886078
308 -2063033346
309 839843631
310 1729891505
311 -1725232142
312 -1218530347
313 -1218530332
314 1857906618
315 1857906622
316 -579154038
317 699598530
318 -1677239893
319 -2135949443
320 602222467
321 1084000432
322 -1427367892
323 258855013
324 258855025
325 258855043
326 776565084
327 1294275170
328 -1965271987
329 -1965271967
330 364423358
331 2023121872
332 -1907422047
333 844546540
334 960246367
335 1804792909
336 1804792916
337 -685381466
338 -1370762918
339 -251351459
340 -251351442
341 -1873465800
342 548035690
343 -1325430101
344 1392755657
345 615361257
346 -642743296
347 -642743291
348 -642743271
349 -1285486551
350 -1285486531
351 -1285486511
352 -204235552
353 234272171
354 -1255449890
355 -1255449889
356 1784067520
357 -492560075
358 36057563
359 -456502501
360 871062514
361 1742125028
362 1700182538
363 -852659723
364 847522824
365 13265898
366 13265907
367 13265918
368 887320553
369 927118287
370 1840970671
371 -639557774
372 1201412917
373 -77702630
374 -1969844109
375 -846133806
376 1963141914
377 270874303
378 270874309
379 541748626
380 541748629
381 1625245876
382 1625245881
383 39021719
384 -463705177
385 -424683457
386 -424683439
387 -1313072061
388 -1737755480
389 819456327
390 2063596086
391 -167775124
392 977521825
393 1955043635
394 1352875466
395 -177301480
396 -354602973
397 820971014
398 -697981619
399 122989399
400 -285925643
401 -394549803
402 -434496643
403 -829046440
404 -1944018515
405 692855915
406 1780261626
407 1780261629
408 -41588106
409 -41588100
410 -41588090
411 1655497350
412 1530733070
413 1530733077
414 -1233501144
415 1827965014
416 2125196966
417 1486159692
418 1441586326
419 1441586341
420 -267440243
421 1932121802
422 1739046630
423 550347252
424 1100694505
425 1027242911
426 1027242931
427 -1139786929
428 -112543987
429 -112543968
430 -337631940
431 -675263878
432 -1012895811
433 -1688159675
434 468472040
435 2062383856
436 -1764111399
437 -921415160
438 -623142696
439 -623142685
440 2127266756
441 -40433771
442 1463690317
443 1463690333
444 719246353
445 -2112030603
446 -1392784249
447 -1392784242
448 -1392784222
449 -1276169651
450 233229192
451 -1042940444
452 -809711242
453 -809711230
454 1865833584
455 1056122370
456 1302533493
457 -1689900320
458 -1689900300
459 915166696
460 1830333374
461 -634300542
462 -634300535
463 1476899002
464 -1341169290
465 -1132871361
466 -1631442170
467 1032082957
468 -599359212
469 622208235
470 1054931989
471 478421811
472 -1706681496
473 -1228259684
474 1360026128
475 131766452
476 263532914
477 263532923
478 658832301
479 922365244
480 1581197561
481 -1132572181
482 -1132572180
483 238418464
484 -445528333
485 -207109867
486 1615603210
487 68811305
488 1477304665
489 -1785886310
490 -308581634
491 -2094467940
492 106031427
493 212062843
494 212062855
495 -1564310795
496 -1140185087
497 -1140185078
498 2014597151
499 -1618020942
500 846862557
501 -1036931389
