0 0
1 18
2 20
3 49
4 92
5 185
6 282
7 575
8 580
9 1730
10 2903
11 5793
12 11026
13 21456
14 42917
15 84096
16 165295
17 324799
18 574199
19 574212
20 1722607
21 1722608
22 4593639
23 8613078
24 13206734
25 29858673
26 56272129
27 86130803
28 86130804
29 86130819
30 172261640
31 344523268
32 602915740
33 947439018
34 947439028
35 -1452650230
36 1045143559
37 539932373
38 2027303757
39 -2135237836
40 -2135237817
41 24491650
42 48983298
43 -2061762861
44 -2012779547
45 220424895
46 489833083
47 -1302521560
48 -592263562
49 -592263557
50 -592263543
51 -1184527081
52 1925913117
53 1925913123
54 1925913128
55 1925913144
56 -2070809158
57 -588037052
58 1636121096
59 1636121109
60 613396006
61 -409329077
62 1840188051
63 1840188055
64 -410524251
65 -1025115431
66 -2050230864
67 194505576
68 1414126586
69 -441598691
70 972527903
71 89330526
72 89330539
73 2123716866
74 2123716873
75 131127517
76 172924511
77 172924529
78 345849045
79 518773585
80 1341599191
81 -2088745461
82 290400906
83 407877270
84 407877279
85 359009196
86 1174763747
87 1174763753
88 -1586430592
89 763096911
90 1885203035
91 1061869374
92 -584797964
93 477071411
94 477071422
95 -978550009
96 -609205129
97 -1218410258
98 1965873342
99 138257961
100 2104131314
101 -86704677
102 2017426649
103 1844017295
104 1722161252
105 1288637907
106 1288637913
107 -429053575
108 1419433499
109 -2015949450
110 -596515942
111 -333447543
112 -1526479435
113 1838524379
114 -21402590
115 -639321115
116 -348678752
117 -348678739
118 480443200
119 -216914283
120 -433828557
121 -867657124
122 -1386635495
123 1389931842
124 -1515103615
125 -1515103608
126 1264760075
127 -375515297
128 889244785
129 263385956
130 1152630750
131 1152630769
132 -1212590317
133 1356057164
134 1296097630
135 1439564484
136 -1415838316
137 1319823802
138 1343549977
139 -311769711
140 -311769708
141 -623539414
142 96471156
143 96471175
144 -1054136486
145 -1054136481
146 -2108272952
147 78421395
148 1210979270
149 -818872268
150 470528399
151 -1167216152
152 -1515560011
153 -1820140742
154 -207949595
155 -207949586
156 -415899163
157 -415899146
158 1227129079
159 187381196
160 1414510281
161 1601891484
162 1601891504
163 510707172
164 510707189
165 1344740353
166 1855447559
167 1528526495
168 1528526506
169 -1237914294
170 290612225
171 581224450
172 -366077602
173 796371287
174 430293688
175 430293697
176 430293713
177 1290881114
178 -916833786
179 1664928445
180 -1825697795
181 -1077603126
182 -1238372456
183 901388588
184 901388594
185 564404736
186 564404749
187 2030198095
188 -1700364433
189 329833678
190 329833679
191 989501024
192 1319334712
193 -1986131542
194 322704202
195 -344092615
196 301315794
197 301315806
198 -1404888345
199 -823645142
200 -1625901880
201 741847746
202 -884054121
203 298325559
204 -585728546
205 -2055511226
206 1067998967
207 1067998972
208 -206916267
209 861082708
210 734653170
211 734653181
212 2123472793
213 -702188135
214 1421284674
215 1421284677
216 -31113277
217 -62226559
218 -1545737768
219 1203491764
220 -435585821
221 -840058372
222 -1617890179
223 -1617890162
224 987034546
225 1206163147
226 -1882641013
227 310556686
228 -365921179
229 -365921173
230 -1097763523
231 -1829605863
232 -1829605856
233 -1829605854
234 -1829605840
235 173747668
236 1445258865
237 425156297
238 425156301
239 639713295
240 -1185934868
241 304091040
242 608182084
243 912273137
244 1824546268
245 -1831809633
246 -1831809632
247 -1839072986
248 1529094468
249 -2141788134
250 1843200664
251 1230507003
252 931919540
253 -289340081
254 1574499003
255 1574499018
256 1574499033
257 -1145969235
258 428529808
259 -288909664
260 -1006349078
261 -2012698152
262 1415540211
263 -1603507003
264 799043613
265 -1401621318
266 1491724653
267 889146957
268 174786917
269 174786921
270 1238720815
271 1588294671
272 -1467951802
273 1533850612
274 -1227266075
275 426927424
276 733511977
277 -66826656
278 -66826652
279 1026786107
280 1626644781
281 -1041677724
282 1478099860
283 1478099871
284 1914522025
285 -465923263
286 -931846508
287 1994852130
288 1994852139
289 1994852150
290 757742623
291 1515485254
292 -26887257
293 1941077633
294 1914190395
295 1914190404
296 1447603881
297 -1372872266
298 1988922037
299 1988922038
300 1671798814
301 1671798834
302 -951369641
303 2075104801
304 2075104803
305 2075104812
306 1930347130
307 -289515336
308 -579030673
309 -868546005
310 -1737092005
311 820783296
312 -916308701
313 1014773223
314 -1686390179
315 -1587925648
316 1939899304
317 -319643297
318 32330379
319 -287312906
320 -574625809
321 790647683
322 -38960638
323 751687049
324 928748300
325 928748315
326 1857496629
327 1857496639
328 2029209656
329 2029209658
330 -816521997
331 -1053069972
332 -1053069971
333 -1053069951
334 -1946522222
335 -810764802
336 -568459647
337 -1379224431
338 1536518422
339 -1221930442
340 -1221930432
341 -907342438
342 -907342427
343 -1814684851
344 1572940032
345 -2056429668
346 1089450395
347 1089450415
348 1089450435
349 -1026616038
350 -2053232082
351 1215119183
352 314171917
353 -1550557014
354 1193853265
355 -880644727
356 291942642
357 -631233901
358 -26082702
359 -365373960
360 -730747910
361 -730747899
362 -1852952454
363 -1852952438
364 589062406
365 -283370983
366 164005940
367 164005955
368 -1219249119
369 -1174608198
370 -1174608179
371 -1174608159
372 1945750960
373 -1578073575
374 -806930755
375 1909962967
376 1909962976
377 1909962994
378 -475041312
379 -950082631
380 -1425123929
381 -940284858
382 -1880569721
383 48988800
384 -852105038
385 -803116233
386 -132119744
387 -1738352201
388 769274096
389 769274101
390 769274119
391 1538548226
392 -1217870846
393 -1217870837
394 1859225620
395 962032183
396 962032201
397 -1729548124
398 2053741899
399 1286225991
400 1286226000
401 331226606
402 331226609
403 662453231
404 -397608857
405 -397608837
406 -397608828
407 -795217659
408 -1325590940
409 1378941040
410 1378941048
411 1378941060
412 2016014561
413 532279481
414 -1746673237
415 -2114405420
416 66156459
417 -1246628136
418 -1180471675
419 -1180471665
420 -1360853127
421 -1360853121
422 -2034310425
423 1472974598
424 -168546430
425 -2090735375
426 -2090735361
427 -55049860
428 58446714
429 3396873
430 120290295
431 120290309
432 247374341
433 491351833
434 979306781
435 1718032965
436 -738611057
437 -1597512425
438 852568109
439 -744944307
440 -1489888603
441 2060134393
442 570245798
443 1248115397
444 -1906360305
445 482246688
446 -1840585324
447 -2016583539
448 920045123
449 1357843560
450 -1097033477
451 -1097033475
452 83821738
453 -2110245213
454 1432320438
455 -677924758
456 -1272027788
457 -1272027786
458 -1272027779
459 478883946
460 -2065171618
461 164624069
462 164624079
463 1765900013
464 1765900015
465 1765900035
466 1331980925
467 1331980935
468 134894616
469 1466875552
470 -1361216180
471 -1361216173
472 -1255556788
473 -1255556774
474 528296939
475 528296941
476 -198962887
477 -397925765
478 -795851536
479 -864443237
480 -1660294771
481 576451988
482 -1083842769
483 -1083842753
484 -1083842749
485 -40403754
486 -1124246499
487 2046474309
488 881824068
489 1763648126
490 -727267283
491 -1454534560
492 463670355
493 927340723
494 927340733
495 136549980
496 1000367241
497 -839698244
498 -2143066861
499 1312202209
500 1312202213
501 1312202215
