0 0
1 1
2 7
3 23
4 33
5 83
6 127
7 249
8 250
9 717
10 1436
11 2782
12 5445
13 10395
14 18629
15 29042
16 63517
17 121592
18 243190
19 428310
20 885653
21 1742269
22 3299435
23 5041723
24 11397407
25 21480841
26 41219412
27 74097673
28 115317101
29 230634189
30 420048976
31 881317367
32 1532000540
33 -1115649119
34 1717717768
35 2134069203
36 854488472
37 854488492
38 1265796651
39 2120285161
40 -908885466
41 -108793978
42 -1926564924
43 -2035358888
44 333043494
45 -1702315388
46 -1702315383
47 -811978849
48 78357692
49 1859030775
50 2015746150
51 -1153811519
52 -1495644183
53 -633709551
54 -633709541
55 -1901128643
56 -369224612
57 -369224602
58 -369224593
59 -369224581
60 -1476898371
61 1341170548
62 1341170555
63 836218159
64 1672436316
65 1672436318
66 1227294068
67 277199418
68 277199434
69 1781692923
70 940854869
71 940854887
72 -77165762
73 1804544000
74 1095813641
75 -530920525
76 -1925530175
77 443906956
78 -916730100
79 -472823133
80 892870326
81 -496682891
82 -549458837
83 -549458830
84 -549458825
85 -549458823
86 -1648376464
87 998214365
88 -1199620914
89 -1849783006
90 1245563392
91 1840964684
92 -1208439201
93 632525500
94 660831377
95 -1123521536
96 169835342
97 -953686189
98 -1246540990
99 2094740135
100 2094740148
101 -1352027986
102 1590911319
103 1590911329
104 1724307651
105 -740864981
106 -740864973
107 242577705
108 -498287266
109 -996574528
110 1560953260
111 308669172
112 617338357
113 -1808006505
114 678954298
115 1357908587
116 1154863929
117 1154863945
118 -1756383029
119 -1704759549
120 1988688683
121 283929136
122 283929141
123 -1738420334
124 -886632920
125 -68506277
126 -2125701250
127 -2125701246
128 1644972583
129 733398197
130 -1916596497
131 -1183198292
132 -721424002
133 -1904622286
134 -1430873778
135 1433219739
136 1671266979
137 1671266995
138 480786436
139 -471646875
140 489925994
141 489926013
142 988991570
143 988991581
144 1977983162
145 -339000968
146 -678001936
147 -1017002901
148 -1695004821
149 904957639
150 1809915297
151 2865230
152 5730448
153 -1571498671
154 -1571498666
155 1151969960
156 -1985296914
157 324373464
158 -2080452145
159 134062996
160 -1946389138
161 -1812326128
162 670315044
163 1340630080
164 198619010
165 198619012
166 595857030
167 -1961242157
168 372482993
169 -992902130
170 1713306011
171 1092886888
172 1813290785
173 -1388789613
174 -1388789600
175 -1388789598
176 -1388789593
177 1517388111
178 -1260191065
179 257197055
180 257197057
181 514394132
182 514394141
183 1543182387
184 2057576545
185 -179814204
186 154765710
187 2032528067
188 2007479586
189 1777568423
190 1522608789
191 1012689511
192 -237060214
193 -1996729206
194 2061177887
195 -1932280509
196 128897392
197 257794772
198 386692169
199 773384348
200 1546768693
201 1546768704
202 -428045549
203 -428045536
204 -1284136616
205 953309707
206 -1186917983
207 1921131339
208 403386452
209 806772917
210 806772919
211 2016932292
212 -1471262076
213 1352443144
214 -783308086
215 -902127013
216 -332991947
217 -1235118956
218 -1235118937
219 589610455
220 2081347931
221 -1624008908
222 -188169441
223 269169592
224 81000153
225 619339335
226 -842669266
227 126839833
228 253679658
229 238189721
230 -223960045
231 14229680
232 408978862
233 408978869
234 832187425
235 832187430
236 -1812634693
237 -980447260
238 -1128707078
239 373178276
240 1578543980
241 823015192
242 1646030382
243 125800552
244 251601094
245 130023908
246 381625015
247 -1759886341
248 -1378261311
249 -1378261299
250 160183373
251 160183380
252 160183388
253 160183390
254 640733550
255 800916959
256 800916970
257 -1732033025
258 -130199093
259 380335374
260 250136290
261 630471676
262 1260943345
263 1260943354
264 -892472623
265 -2035081542
266 -1666610806
267 -2072278268
268 1923491369
269 -447984573
270 -447984561
271 -447984559
272 -895969113
273 2055044505
274 1159075405
275 -1976816490
276 1237303421
277 419562349
278 839124697
279 -1798976818
280 -959852101
281 -1919704217
282 -1919704199
283 1991697276
284 -1847711123
285 -1775718045
286 -1775718043
287 -1032186822
288 1487062436
289 1198406841
290 -1609498001
291 43784474
292 1119755751
293 1163540227
294 1163540242
295 -1967886817
296 1522733890
297 1522733901
298 1522733921
299 -1694652393
300 -1694652373
301 905662546
302 1811325079
303 1022335257
304 1022335270
305 466690858
306 27719181
307 55438364
308 -1700448347
309 -1700448327
310 -1700448313
311 -1700448299
312 -806377633
313 87693060
314 175386117
315 175386120
316 350772253
317 701544504
318 1403089011
319 -1488789278
320 966616506
321 -522172759
322 444443758
323 -599901754
324 -1199803518
325 -910817752
326 -910817736
327 -910817721
328 -910817706
329 1562514138
330 -259121280
331 -518242549
332 -1036485105
333 -1813848920
334 667269443
335 2111902718
336 -71161859
337 -1586956991
338 1121053319
339 1121053333
340 1121053351
341 1776203013
342 844395727
343 844395736
344 844395749
345 1688791496
346 -1761780034
347 1615802954
348 -1907757120
349 -2053734183
350 1949278954
351 -396409381
352 -396409369
353 1489936198
354 -1648570886
355 -158634674
356 -1807205545
357 -1807205528
358 521921566
359 -604727759
360 -604727752
361 -6977704
362 -694511635
363 -1910944842
364 1077805378
365 -2139356541
366 -2139356523
367 -816885229
368 277174399
369 1615899958
370 1615899977
371 1615899994
372 13021822
373 -1050145490
374 578776341
375 -1521514636
376 -1521514627
377 1251938048
378 2032506936
379 241415736
380 2004346108
381 2004346122
382 -286275058
383 1718071075
384 1718071077
385 1718071089
386 859245953
387 859245958
388 859666783
389 859666785
390 -1716387753
391 -1716387752
392 1721858580
393 8416653
394 8416659
395 1738691908
396 1760996062
397 -778445998
398 -1573725305
399 1155933344
400 -1991517265
401 -1991517248
402 311932784
403 1779798923
404 100214467
405 100214486
406 200428963
407 300643464
408 701501386
409 1302788312
410 2004289711
411 2004289718
412 2018545308
413 1732157442
414 1460025192
415 629372784
416 2089397988
417 -660435873
418 2058334911
419 1397899050
420 -838733329
421 -1677466648
422 -1118300915
423 1499199748
424 -737402077
425 -2033969877
426 1523595359
427 -866877758
428 -866877744
429 -210160134
430 -1077037876
431 1274013794
432 -880061957
433 -880061949
434 -880061932
435 -1366172028
436 1168671401
437 1168671408
438 91108858
439 91108865
440 1350889136
441 -1593189027
442 -151191021
443 -211273178
444 -604764078
445 1734549995
446 767321729
447 767321735
448 1534643476
449 1534643496
450 -458358579
451 -149395420
452 -1833434308
453 1853779002
454 1853779015
455 1853779019
456 -716459972
457 549909770
458 1099819541
459 1649729319
460 -1711968635
461 1587490010
462 -1669897056
463 -82407029
464 -1752304066
465 -1752304056
466 625545116
467 -336399780
468 997097499
469 997097511
470 997097521
471 997097535
472 -306577218
473 -1610251943
474 -1916829144
475 461308998
476 1229195227
477 -1836576852
478 621813595
479 -1214763241
480 1865440803
481 -564085690
482 1301355116
483 737269433
484 1474538872
485 -2083158979
486 -608620096
487 -479970768
488 -479970751
489 643246710
490 1286493428
491 361178540
492 1810947941
493 1810947949
494 1810947952
495 1137876559
496 1137876571
497 1602681749
498 -1089603804
499 513077951
500 513077954
501 -1617856874
