0 0
1 18
2 26
3 55
4 113
5 205
6 405
7 815
8 1229
9 2670
10 5135
11 5147
12 10287
13 20579
14 36020
15 56608
16 92629
17 205839
18 411684
19 617531
20 1384301
21 2619365
22 4621213
23 7240585
24 7240593
25 7240599
26 26342995
27 33583614
28 81648387
29 115232008
30 115232010
31 372039015
32 684151428
33 1171422471
34 1171422486
35 -895931884
36 -895931869
37 -1791863740
38 711239811
39 -1701065176
40 1513278192
41 1513278205
42 2036731045
43 -221505210
44 1815225843
45 1815225848
46 -1630978849
47 -1630978841
48 -1630978838
49 -597969215
50 -597969201
51 -1195938408
52 -1195938391
53 1305121308
54 1305121318
55 1414304249
56 -1466358808
57 -1736779224
58 821408862
59 337696402
60 1159105278
61 -1976756748
62 341453800
63 341453802
64 -134743866
65 548163755
66 -880429240
67 215898259
68 90342713
69 -26024497
70 -600212756
71 -319996276
72 -319996264
73 -639992538
74 -959988801
75 -1919977589
76 775008370
77 1550016748
78 -1969942159
79 -419925401
80 1905099742
81 1905099751
82 -904693203
83 515638738
84 -1293747662
85 -1293747642
86 -1071450013
87 1929769649
88 -1729175653
89 -870856012
90 -870855992
91 824079656
92 -717038350
93 107041321
94 -656773349
95 -1266770365
96 -1709461082
97 -1709461072
98 -940457237
99 -1331182457
100 -1331182441
101 1568190319
102 550874411
103 787882305
104 1575764606
105 187744362
106 187744372
107 -1555831633
108 -1368087260
109 1746537148
110 378449904
111 378449923
112 378449943
113 378449953
114 378449967
115 1135349882
116 1513799855
117 -1645817546
118 1003332202
119 871314516
120 228829187
121 1971458228
122 -2094679870
123 1980254264
124 2085861828
125 -352072833
126 -352072813
127 1381716198
128 1029643401
129 1707213970
130 -1558109913
131 149104075
132 149104088
133 447312234
134 447312238
135 1192832645
136 2087457129
137 -567365272
138 -1134730550
139 2025506207
140 2025506227
141 -243954852
142 -1622640260
143 158911127
144 -1463729126
145 1367509041
146 62691052
147 -33529029
148 29162028
149 -4366994
150 -8733980
151 -17467966
152 -1406898
153 -18874848
154 -37749700
155 -37749680
156 -95781122
157 -190155333
158 -361435820
159 -647372269
160 -1294744538
161 1705478220
162 -236638575
163 -834712971
164 -1071351528
165 -1071351524
166 1080912713
167 9561209
168 1090473937
169 1100035163
170 -2085335794
171 1195647248
172 -889688543
173 411132025
174 -268209884
175 -268209865
176 180670999
177 -87538859
178 -443287598
179 -350155453
180 -880981902
181 -1231137337
182 -2112119230
183 -2112119214
184 -2112119196
185 70728890
186 -2041390287
187 -1970661384
188 353644528
189 707289052
190 -909727793
191 434121419
192 434121432
193 665804117
194 665804136
195 1765729701
196 -329386480
197 2102147377
198 2102147385
199 -420059013
200 1682088391
201 1682088402
202 1682088422
203 -1861580992
204 -1861580977
205 1323103252
206 964118120
207 -1435940595
208 851280778
209 1702561570
210 -889844164
211 1663998186
212 774154026
213 774154028
214 -1972505219
215 -1198351181
216 -1622548328
217 1049870634
218 -572677686
219 477192950
220 -668162427
221 -668162409
222 -668162399
223 -1336324801
224 1431348226
225 -1241301369
226 -1241301350
227 1907388009
228 666086668
229 -1721492603
230 -1630620642
231 -2019939910
232 -410999180
233 1864028208
234 1864028226
235 1297117361
236 730206517
237 -403615176
238 -403615158
239 1220093559
240 -1854780181
241 -711710422
242 -1346397032
243 -1346397031
244 255776192
245 255776207
246 255776222
247 767328629
248 767328635
249 2046209707
250 -1481428935
251 -1481428921
252 -916648137
253 -916648120
254 -501186807
255 479055317
256 958110644
257 958110662
258 1894089818
259 -5600853
260 1888488979
261 -517989350
262 -1035978682
263 328920101
264 663441068
265 992361184
266 992361190
267 -1317883748
268 -325522545
269 341316096
270 341316106
271 -960774075
272 -960774056
273 -1921548116
274 1412645128
275 1864516196
276 -565934921
277 1298581292
278 -1697804714
279 -1697804694
280 -2097028097
281 100911088
282 -1096759105
283 -995848016
284 -1491561526
285 710798653
286 -1776610880
287 -355013562
288 -355013555
289 -710027102
290 -1065040654
291 -2130081291
292 1099845363
293 -1030235915
294 -2060471839
295 -2060471825
296 243633088
297 417656740
298 -1399181992
299 1496603327
300 758711172
301 1517422343
302 -1921412442
303 -1921412430
304 -1921412412
305 806863542
306 1259006014
307 144457157
308 288914303
309 433371465
310 866742935
311 1300114416
312 -2128109926
313 38747433
314 -789248057
315 -789248041
316 -1539748662
317 1176722549
318 -1152274152
319 1201170951
320 48896805
321 1250067761
322 1250067779
323 -1697038135
324 -1697038118
325 -893940704
326 -893940699
327 363077422
328 -1424803961
329 -1955667220
330 -510307857
331 404188264
332 -2061786800
333 -1657598527
334 575581981
335 1555352217
336 -1588451123
337 1118065055
338 1660548140
339 -973871025
340 216291049
341 902968178
342 902968196
343 902968198
344 902968206
345 -1586062691
346 -683094476
347 -1366188948
348 -1829409702
349 -1829409691
350 1295769093
351 -117366410
352 -651006994
353 -651006981
354 -123611277
355 -1542991649
356 1208984000
357 -1108625897
358 2077715505
359 969089615
360 1604171587
361 356009413
362 356009429
363 -1978776848
364 1306503205
365 1643916794
366 1327652598
367 1327652599
368 -668018946
369 642738971
370 1302372632
371 -362569437
372 914523230
373 551953812
374 -1245948071
375 1160332178
376 -85615873
377 1295245296
378 1124013539
379 -800992150
380 1532650831
381 1532650837
382 -906644233
383 1357665287
384 -1579636723
385 -221971431
386 -1801608152
387 -2023579582
388 -2023579577
389 -2023579576
390 495616281
391 1213203993
392 1956628419
393 1956628430
394 -381710446
395 1574917991
396 1574918011
397 -1145131275
398 1622994283
399 2052781025
400 2052781042
401 1433589058
402 1722046854
403 -1139331376
404 1826899317
405 -451763433
406 -451763431
407 923372462
408 19845599
409 39691200
410 79382408
411 610528251
412 1672819921
413 1672819931
414 -219725579
415 -558524771
416 -1727577793
417 1789139156
418 956130952
419 -1549697173
420 1195572946
421 602006729
422 247882513
423 247882522
424 1097771770
425 -2099423750
426 -753769455
427 -1259656398
428 182117698
429 -1077538684
430 -1077538667
431 -1077538657
432 1062351289
433 -15187356
434 2109515232
435 2109515242
436 -91124172
437 -182248340
438 -349309317
439 -531557647
440 -1154239470
441 -2035106415
442 42506122
443 267260577
444 267260588
445 534521185
446 801781780
447 1603563560
448 -820579605
449 1584765744
450 -590914625
451 -1716350425
452 1987702251
453 -319562782
454 -639125564
455 -1278251138
456 -249237222
457 -498474436
458 -2025962784
459 -396083840
460 1374446245
461 -1047600365
462 -1047600364
463 1152166198
464 431411715
465 862823435
466 -1848565944
467 597835407
468 597835421
469 -652895105
470 -55059682
471 -110119361
472 -220238712
473 -220238711
474 -550596779
475 -991074196
476 -1541670966
477 1211625369
478 -2091955264
479 331295480
480 331295485
481 -217738921
482 444852053
483 -1202251158
484 -1202251138
485 1890465006
486 688213869
487 -1716288413
488 -1028074528
489 -1367935192
490 -1367935176
491 -1367935170
492 191161767
493 382323534
494 -794449849
495 -794449848
496 -1588899688
497 1690653232
498 -1487146135
499 -1385392584
500 -1385392582
501 1727689241
