0 0
1 11
2 16
3 44
4 75
5 145
6 283
7 440
8 457
9 459
10 1647
11 1663
12 3772
13 3781
14 7554
15 16771
16 16775
17 16789
18 50345
19 100689
20 184607
21 352447
22 637746
23 637763
24 1275520
25 2903488
26 4179027
27 8995801
28 16078323
29 16078333
30 41152463
31 73309134
32 114461617
33 187770755
34 432772314
35 620543072
36 1355547777
37 -1698333361
38 -1698333343
39 -1420575838
40 -1420575820
41 -1420575808
42 -1665093495
43 -211277809
44 998020203
45 1996040401
46 -1300906680
47 695133735
48 695133746
49 -1211545877
50 873855329
51 1052576941
52 714886399
53 714886401
54 -1812617547
55 669732211
56 669732218
57 1339464446
58 2009196669
59 393158249
60 393158258
61 -1499454111
62 -713137589
63 -713137582
64 1369238020
65 -1163332992
66 -1220370132
67 -1727602666
68 1552899527
69 -1395073259
70 1504820776
71 -1285325738
72 -1285325721
73 -908004403
74 926058963
75 18054561
76 944113530
77 962168094
78 1906281627
79 -1426517558
80 1441932168
81 -1411102947
82 1472761404
83 77073072
84 77073080
85 1657736792
86 1811882958
87 801560012
88 53285563
89 53285565
90 -1574953194
91 -1468382064
92 1251632040
93 -1738417637
94 764846454
95 -973571178
96 -1947142346
97 -1947142327
98 -1947142324
99 -1546459692
100 228476730
101 228476749
102 1258318761
103 -1778329760
104 -520010980
105 -1040021962
106 956604605
107 -83417342
108 -166834683
109 -250252021
110 456100574
111 912201135
112 1368301710
113 -1558363872
114 927987546
115 737925396
116 1475850794
117 1475850798
118 -1343265692
119 -1020618437
120 -1020618419
121 -2041236846
122 -2041236839
123 -808124792
124 -808124787
125 637480892
126 -978768672
127 -1149412559
128 -1490700336
129 1313566635
130 -1326546241
131 -1326546228
132 1641874834
133 1641874836
134 1957203444
135 -695889006
136 -1391778007
137 -1391778006
138 -1522241556
139 1380947740
140 1370117471
141 -1554732342
142 -325908671
143 -510523538
144 -510523526
145 1393279235
146 372232180
147 418555696
148 418555706
149 -1692344475
150 -1692344464
151 -1692344458
152 55045303
153 -308465078
154 656858618
155 656858626
156 -632046979
157 681670273
158 49623296
159 1412963835
160 -2125898228
161 -663311092
162 -644951908
163 -1971574087
164 -1971574082
165 -956443865
166 -956443849
167 -1561068582
168 1777454875
169 -1696501408
170 -1480115104
171 1118350790
172 -1841879414
173 394822176
174 -1808821542
175 -2137527986
176 348617774
177 348617789
178 1045853345
179 1743088918
180 -1157407224
181 1980152836
182 -1729132751
183 251020093
184 251020097
185 251020098
186 502040210
187 1255100511
188 -1784766276
189 474414654
190 697809207
191 697809223
192 85266818
193 1955299910
194 -384367482
195 -1243149619
196 413049632
197 826099272
198 -388368183
199 437731104
200 437731111
201 1313193316
202 1313193328
203 -793118421
204 520074912
205 -1503893035
206 -983818107
207 -1967636224
208 -1967636218
209 -1607941367
210 719389723
211 -888551642
212 -1417408418
213 1100455595
214 -486114731
215 -803067538
216 -188726661
217 -1477908917
218 1825264192
219 1825264196
220 -2122347815
221 -2122347811
222 1875535869
223 1875535870
224 -493623881
225 1135100057
226 -2024767180
227 492244871
228 -1532522298
229 -1040277413
230 189645292
231 1911812890
232 2101458190
233 -281696213
234 1819761994
235 1538065797
236 1538065798
237 1538065817
238 1857295916
239 -298679257
240 1877846780
241 1579167534
242 -837952968
243 -1974585188
244 -1233370608
245 1087011506
246 -146359098
247 -292718190
248 1734945722
249 1442227535
250 -1410512211
251 31715340
252 63430683
253 -1315366171
254 -1251935484
255 -1251935473
256 475730176
257 -776205282
258 175255065
259 -125220030
260 -250440070
261 -200405024
262 -400810048
263 -400810038
264 -1377685200
265 1664816934
266 -714893365
267 -828571656
268 -1657143313
269 -1657143296
270 1102032602
271 -555110688
272 546921924
273 1093843854
274 530544402
275 530544404
276 1061088814
277 -532023881
278 -532023867
279 -1064047735
280 -2128095473
281 1099865172
282 1670665413
283 -421612612
284 -421612596
285 -843225191
286 -1264837770
287 1343679137
288 78841368
289 1422520518
290 1501361888
291 51435630
292 -1240807884
293 1813351536
294 2125341181
295 -44284933
296 -1589931746
297 -1990491250
298 -1499366730
299 -784822410
300 -1613929771
301 396848393
302 -2001903782
303 -1208207000
304 -1208206998
305 -123350471
306 -1331557460
307 423645377
308 -907912074
309 -907912063
310 -1815824121
311 663319044
312 1326638093
313 -1641691113
314 -315053001
315 33213041
316 -596892978
317 -1193785957
318 -1193785949
319 1310502420
320 -1673962456
321 947042382
322 -1803989553
323 -1803989545
324 1270570563
325 -533418970
326 737151613
327 1474303214
328 -2083512453
329 865093981
330 -1218418467
331 1858130366
332 -578706559
333 -1157413126
334 -1736119678
335 1462439852
336 -273679821
337 1188760049
338 -1917447210
339 -1917447198
340 460072901
341 2108905851
342 -1725988541
343 382917314
344 765834634
345 -577236584
346 188598069
347 -388638511
348 -11442388
349 -11442379
350 -22884760
351 -434408024
352 -457292778
353 -891700800
354 -1806286351
355 682394586
356 1822081957
357 698190204
358 -1092300548
359 304079861
360 -788220680
361 -788220661
362 -1576441332
363 1930305306
364 -918497490
365 -1352854158
366 2023615656
367 670761516
368 423025535
369 1093787053
370 -83777533
371 1433035071
372 1349257550
373 -502665152
374 -2099117342
375 -2099117341
376 943325019
377 943325026
378 -212467293
379 730857740
380 518390459
381 1980105949
382 -334755409
383 -2131226290
384 763372460
385 277496720
386 -1090357097
387 2114253092
388 1301392723
389 -928809391
390 -928809380
391 -1857618755
392 -299591703
393 1581530810
394 1861668887
395 1285989250
396 434221665
397 868443325
398 868443339
399 1736886677
400 -386972276
401 -386972274
402 -386972273
403 -773944542
404 -1934861364
405 1199189121
406 1199189127
407 1199189145
408 1199189150
409 -1896588997
410 -1394799746
411 1003578557
412 1003578568
413 612357395
414 612357413
415 -2066673903
416 -841959077
417 -1683918162
418 -1683918159
419 927130976
420 -756787181
421 -756787175
422 340687600
423 -1172886736
424 1949193816
425 -396579663
426 379727432
427 1932341586
428 -1982898264
429 -50556660
430 -2033454916
431 228057470
432 228057483
433 456114967
434 -1171781637
435 -1171781625
436 -1431333322
437 1691852350
438 1691852369
439 1952371403
440 1041108842
441 -1301487043
442 1691993216
443 1431615033
444 1822121214
445 390383969
446 390383972
447 780767954
448 520304850
449 1301072818
450 -1692821669
451 128556008
452 -1564265654
453 1166435986
454 -397829664
455 -667103318
456 -1064932976
457 -2129865945
458 -2129865936
459 35235427
460 -2094630505
461 1205874663
462 1311580952
463 1311580961
464 1769641512
465 1769641525
466 -755684241
467 -755684237
468 258273066
469 -497411170
470 19134963
471 -975687363
472 -1951374739
473 1147902073
474 -1760025058
475 -612122971
476 1119346609
477 -2056274085
478 -1549050442
479 -1549050436
480 259938958
481 519877913
482 -79590792
483 -79590782
484 -928415128
485 -307779812
486 -1236194925
487 -1236194923
488 586382512
489 -649812410
490 -649812391
491 1109335171
492 -840102031
493 -840102017
494 -840102006
495 -1410970874
496 363690382
497 727380770
498 -2000103728
499 -2000103709
500 1385831018
501 -1886995631
