0 0
1 14
2 15
3 41
4 89
5 133
6 304
7 579
8 1035
9 2149
10 4084
11 6250
12 12493
13 22847
14 35359
15 70707
16 141421
17 247491
18 459622
19 954602
20 954610
21 1909223
22 2863842
23 7141909
24 11914989
25 24784589
26 24784599
27 49569208
28 111053397
29 160622617
30 370814427
31 716844250
32 1408903901
33 -1798404710
34 698157880
35 308657082
36 -791589739
37 215225234
38 215225247
39 -361139244
40 -145913990
41 -76602739
42 -153205485
43 -229808223
44 -459616446
45 -1065146867
46 -1065146859
47 1705057144
48 -1114661242
49 -474750940
50 -474750922
51 -474750902
52 1756053301
53 331800538
54 331800546
55 1470152567
56 1470152572
57 -1022861591
58 1917443563
59 894581992
60 894582001
61 894582006
62 -716639322
63 1072524697
64 -1255335907
65 -1255335903
66 2140180879
67 702033784
68 702033785
69 702033791
70 -48685048
71 1355382548
72 -1584202212
73 -1584202203
74 -1159673105
75 -33110215
76 1289162120
77 96378818
78 1352430739
79 -1556995615
80 1180976066
81 1072790025
82 -2041201190
83 -968411154
84 1982125440
85 1982125441
86 -330716401
87 -661432813
88 -1322865616
89 -1984298418
90 326370457
91 322024521
92 648394989
93 -687508447
94 -39113441
95 -78226892
96 -156453782
97 -312907561
98 -1274210116
99 -1587117664
100 1433639527
101 -1427688250
102 1439590810
103 -1415785674
104 -1403883111
105 -1403883108
106 83317975
107 -1320565119
108 1653837050
109 416589925
110 416589941
111 833179883
112 1999631690
113 -628975845
114 1370655854
115 -303885762
116 -303885752
117 -303885748
118 -911657251
119 -452658643
120 -1972087375
121 350792543
122 -1621294812
123 599719010
124 -670783256
125 981313413
126 981313420
127 981313434
128 1962626863
129 -1351026989
130 -1351026977
131 1592913336
132 1834799673
133 -867254280
134 -1734508555
135 1693204471
136 -41304068
137 884937249
138 843633201
139 1687266389
140 772769964
141 -1834930928
142 -1062160945
143 -2124321906
144 -2124321893
145 46323498
146 1490522424
147 1583169427
148 -1128628436
149 1991386922
150 862758487
151 862758497
152 -1706691816
153 2010212106
154 1166278791
155 1469799100
156 -492610602
157 -1847979709
158 -870791191
159 -870791181
160 -1741582369
161 -1741582363
162 811802577
163 752813970
164 752813976
165 575848162
166 2081476112
167 -1637643007
168 1772495257
169 -1502790757
170 -1367938491
171 -1098233986
172 326004066
173 -2140168394
174 1382568996
175 -431595315
176 -1189194712
177 -1189194699
178 -1427415723
179 57566852
180 115133702
181 115133715
182 -1139581448
183 -1139581444
184 2130938134
185 2130938140
186 -1172672450
187 -1172672433
188 776949958
189 -1568394905
190 -1005851673
191 -1797296609
192 1491819032
193 1415243155
194 -1464480998
195 -1464480990
196 -1819196405
197 -1841096203
198 2000680006
199 1170873723
200 -1123413561
201 207043966
202 207043981
203 -709325606
204 -1418651208
205 -1920932815
206 955383286
207 1910766567
208 -473434163
209 1437332420
210 -1420302461
211 17029974
212 -1403272473
213 -1842646683
214 1066078132
215 2132156258
216 -1096732896
217 -1144417642
218 -885562816
219 71521040
220 71521051
221 -1886938353
222 -1815417293
223 664132705
224 -1151284581
225 1992398130
226 1992398144
227 1992398158
228 1195075273
229 -1107493854
230 2079979578
231 -135008132
232 -135008117
233 -270016231
234 1539947101
235 999914632
236 -2025121781
237 -2025121775
238 244723759
239 -1780398000
240 -1535674222
241 -1535674213
242 1223618880
243 -312055332
244 -624110650
245 1511071776
246 1511071782
247 -1896934373
248 -1896934359
249 -1896934344
250 115236016
251 115236036
252 731570654
253 1463141318
254 -1869783271
255 440164743
256 765093450
257 1205258197
258 1205258211
259 -1119357421
260 85900808
261 1377059797
262 1377059812
263 -1540847680
264 -163787850
265 -163787849
266 -163787848
267 -327575694
268 1935180383
269 1935180391
270 -424606513
271 -424606505
272 -1273819531
273 1747328234
274 1559476091
275 1183771780
276 -1551719407
277 1665037176
278 1665037194
279 1665037206
280 700144296
281 700144302
282 435395718
283 -794245770
284 -794245761
285 247192795
286 -1341298723
287 1612369850
288 -275981837
289 -551963669
290 -309681583
291 -309681579
292 -309681566
293 -929044709
294 1884914202
295 646187937
296 1602057449
297 -1090852410
298 1157392984
299 1157392991
300 -1468976265
301 1357014750
302 1045431494
303 1045431499
304 1978901486
305 -1270634308
306 -138822357
307 -138822345
308 -138822331
309 -416467030
310 -416467021
311 -416467008
312 -1249401052
313 -1665868057
314 546764161
315 1926462349
316 -442042592
317 -442042588
318 -442042584
319 -1326127748
320 -1768170312
321 -125458527
322 1075210717
323 1708378854
324 889960746
325 889960749
326 -806666946
327 973254562
328 973254579
329 1946509156
330 -401948998
331 1544560178
332 1142611187
333 -1607795914
334 1079375454
335 1756801925
336 1228381469
337 -1309783894
338 1146979045
339 1146979061
340 -2082411612
341 130144070
342 -968093326
343 1374606434
344 406513120
345 1781119565
346 -1700821491
347 -1700821485
348 893324326
349 1786648659
350 1786648666
351 171654363
352 343308730
353 343308739
354 -1650046795
355 -963429321
356 -1926858634
357 97941298
358 195882593
359 1698503249
360 1894385847
361 -408254291
362 -914449891
363 -1828899783
364 -1257218115
365 -113854765
366 180544762
367 1275539407
368 85011296
369 1541095469
370 -1212776351
371 413330415
372 413330433
373 826660860
374 1981640829
375 -1486665603
376 494975245
377 1816611332
378 -1983380701
379 328205896
380 -830253829
381 -668817289
382 1140721375
383 -2013524540
384 1923093022
385 1050289869
386 959858356
387 1919716713
388 -455533871
389 1102456811
390 281820585
391 1384277409
392 -1981946356
393 786608457
394 786608477
395 1257368592
396 1257368612
397 2106007785
398 1898994640
399 -289964868
400 -579929725
401 -869894575
402 -1449824299
403 1395318712
404 -1504329872
405 -1504329853
406 -1504329852
407 1177296438
408 -327033407
409 -327033397
410 523229645
411 196196267
412 719425929
413 915622199
414 -1940493252
415 -109248852
416 -2049742096
417 -2049742094
418 -1854258983
419 -1658775865
420 -1267809636
421 -290394080
422 -290394069
423 -290394051
424 -290394033
425 -871182149
426 -1742364293
427 1681420869
428 -60943417
429 -121886830
430 -1114955815
431 -1114955805
432 -731320978
433 -1846276780
434 602413752
435 89871679
436 692285445
437 1384570888
438 1384570891
439 -1525825502
440 1243316290
441 -1808334727
442 678297843
443 -1130036866
444 -1016757447
445 1018136110
446 -1128658201
447 2037650907
448 910371381
449 1820742764
450 363275674
451 -2110948840
452 -1273875404
453 -290434417
454 619708654
455 1239417305
456 1239417307
457 -1196424023
458 1902119248
459 1902119255
460 1902119267
461 1902119268
462 -490728749
463 -981457508
464 429933026
465 -551524479
466 -121591445
467 -1715369147
468 -1958552043
469 377863215
470 325793414
471 1203111297
472 1906767927
473 -1185088060
474 -1185088057
475 1065496535
476 1805199652
477 1685608149
478 -2108839066
479 -1847502009
480 2024234376
481 1558701115
482 -712031803
483 846669313
484 -577394284
485 -577394283
486 -308119252
487 -1462907816
488 -1462907815
489 1369151681
490 1852789824
491 -11993367
492 284132525
493 2031172857
494 -1979661895
495 323650131
496 323650135
497 982943766
498 1681754995
499 -1306618393
500 375136622
501 750273242
