0 0
1 1
2 18
3 31
4 40
5 110
6 214
7 417
8 813
9 1565
10 2392
11 3965
12 8744
13 17498
14 34166
15 60424
16 112106
17 112119
18 318826
19 318839
20 637682
21 956541
22 1594238
23 2550789
24 6058104
25 10203150
26 18812052
27 29015218
28 47827273
29 95654553
30 201512256
31 374009303
32 575521579
33 1151043152
34 1151043159
35 -841837842
36 309205327
37 -1949991911
38 -180538100
39 -2130529996
40 -2130529990
41 33907312
42 33907324
43 -78816149
44 -78816129
45 -157632271
46 -157632256
47 -394080651
48 -394080633
49 -788161276
50 -1182241894
51 1378770602
52 -985713185
53 -1971426366
54 746195192
55 -1225231173
56 858791783
57 858791790
58 -732878770
59 125913035
60 -606965723
61 -606965719
62 -1820897175
63 1386051726
64 -1522863844
65 -1957709275
66 379548736
67 379548754
68 1573491674
69 374879901
70 749759805
71 -1217287159
72 1860392982
73 643105834
74 1286211658
75 1286211668
76 -1722543966
77 1492985206
78 1492985213
79 -459117504
80 1033867724
81 -734246645
82 299621080
83 599242170
84 739366833
85 1638230089
86 -1318128190
87 320101903
88 1379570648
89 1379570649
90 1761115020
91 -1154281609
92 -608890675
93 -1537883247
94 -1539940505
95 -546028736
96 -1092057475
97 -420942652
98 -841885303
99 -145887361
100 -987772651
101 -1975545306
102 1331649352
103 -1631668587
104 2019402760
105 387734178
106 775468363
107 -1412381228
108 1770224077
109 1521045393
110 1878888256
111 -895033642
112 983854625
113 964011423
114 157798773
115 1210631196
116 -1873704913
117 -505274927
118 -1168348629
119 -1168348610
120 -420709764
121 1537560313
122 -1219846675
123 -102996110
124 -1374340845
125 -1477336949
126 1340293396
127 -1511384386
128 -1511384372
129 -1511384359
130 -1511384341
131 1272198610
132 -239185727
133 -1989755814
134 2066025765
135 -402101490
136 -325831536
137 -325831523
138 -977494584
139 -1303326105
140 2014146616
141 -266674053
142 -859179638
143 -1125853686
144 -1985033311
145 2072373237
146 -1897693389
147 499580528
148 674260393
149 1348520783
150 2022781179
151 250175601
152 500351194
153 750526812
154 750526818
155 -20605674
156 729921156
157 -2084598183
158 125770930
159 125770937
160 -1833056308
161 -1707285353
162 880396591
163 1760793173
164 933904426
165 -1600269678
166 1974824525
167 1308459280
168 1308459294
169 -1303493872
170 -1303493862
171 9930846
172 19861692
173 19861710
174 49654259
175 -1204185343
176 -1154531077
177 -1154531071
178 831374075
179 -323156984
180 1289936910
181 643622931
182 1610402859
183 -751004584
184 -1825166159
185 -322144938
186 -2147311094
187 345124
188 -2146965959
189 -2146620817
190 1725648
191 -2143859796
192 6212346
193 12424688
194 18637044
195 18637049
196 49698792
197 49698800
198 118034652
199 254706342
200 490775637
201 745481993
202 1658697429
203 -1145305882
204 2004355531
205 -1031738224
206 -2063476443
207 -577467578
208 -1668326708
209 2049173023
210 -196621259
211 -393242509
212 -589863759
213 -983106255
214 -1572970011
215 559163521
216 1314948284
217 301141797
218 -2119713686
219 -1818571881
220 657823546
221 -1664371928
222 -1006548364
223 1624047021
224 -389049707
225 1234997317
226 1463446271
227 1463446275
228 1463446290
229 95371551
230 95371567
231 95371578
232 190743155
233 286114740
234 286114747
235 858344224
236 1144458978
237 -2006049336
238 -3246119
239 -864836468
240 -868082573
241 -868082564
242 -868082549
243 822637037
244 1648520182
245 1603074681
246 -1956900490
247 1294694380
248 -882941488
249 57927088
250 57927091
251 527607076
252 643461260
253 1171068349
254 1171068351
255 -781762245
256 -1563524491
257 -1174218365
258 -1177368400
259 -1177368393
260 766012143
261 1532024293
262 -1230918703
263 1067117749
264 2134235497
265 2134235506
266 1341727065
267 -819004719
268 1563343820
269 744339103
270 744339118
271 -1242945248
272 245732979
273 -252873144
274 238592813
275 -267153472
276 -28560656
277 -309994449
278 -338555103
279 -648549536
280 -1325659725
281 -1325659717
282 -1325659697
283 317988158
284 317988160
285 635976336
286 1271952671
287 -2069050124
288 474855211
289 313734101
290 -8508133
291 305225985
292 1085307178
293 1695759141
294 -1513900964
295 -1513900959
296 -1332042769
297 1630881754
298 1566004368
299 1566004385
300 467923213
301 467923219
302 1403769645
303 1871692865
304 -551581549
305 -1103163101
306 -1654744636
307 -1654744622
308 985478057
309 -669266554
310 -1338533112
311 -1022321604
312 1934112589
313 1934112590
314 1507370468
315 -853484229
316 227144134
317 227144152
318 1108174540
319 1335318703
320 -1397185764
321 -61867050
322 -123734105
323 -1582786904
324 1129393486
325 -638994571
326 490398932
327 -725723161
328 255074693
329 -619244104
330 -364169407
331 -364169393
332 -1092508209
333 -1456677597
334 1381612100
335 -75065482
336 -75065474
337 -75065462
338 -150130931
339 -375327335
340 -675589190
341 -1201047454
342 -1876636633
343 166366701
344 708060731
345 1416121471
346 413912285
347 -1756872789
348 -1756872778
349 -1683711792
350 -1683711780
351 -1683711768
352 -756168035
353 1025758448
354 1025758458
355 2051516914
356 -948101499
357 2129173888
358 -36619527
359 -36619510
360 1107833362
361 1034594328
362 2069188669
363 -83350929
364 -203321369
365 -203321352
366 1579195037
367 1579195045
368 -1339898552
369 1411848828
370 -1064626919
371 347221914
372 -645454728
373 -1290909447
374 -1936364162
375 769460874
376 1837154576
377 670251292
378 1340502593
379 2010753889
380 -273459507
381 1737294384
382 1463834888
383 -1093838019
384 -450381658
385 -80384772
386 -1624604444
387 2139596431
388 2139596442
389 -15774413
390 -31548818
391 -47323222
392 -94646448
393 -141969666
394 -283939317
395 -599427459
396 -1119982885
397 -1119982871
398 1455574086
399 1455574090
400 1455574098
401 -1048227878
402 407346227
403 -640881631
404 1629384913
405 988503290
406 988503300
407 -688575788
408 -688575770
409 -2065727341
410 -2065727332
411 -525063129
412 1704176846
413 -886613597
414 456012747
415 456012765
416 1729588779
417 -835789742
418 919210963
419 83421223
420 1896431234
421 -1395903861
422 583948614
423 583948615
424 -228006623
425 1440417997
426 1440418005
427 -1642137916
428 1010691475
429 2021382951
430 1389936524
431 -74676248
432 -74676244
433 -74676239
434 -224028713
435 941879083
436 643174148
437 1585053246
438 -1423565753
439 1522512023
440 -1025914530
441 1301259143
442 275344621
443 275344626
444 1851948409
445 -591070481
446 1260877929
447 -1773211437
448 -1103403984
449 -1615737479
450 1063492345
451 1063492347
452 511247233
453 511247246
454 2085986839
455 -1697733207
456 1410748117
457 -1473471061
458 -1760456131
459 1061040105
460 -762138955
461 -762138937
462 -762138928
463 1309134451
464 -215143411
465 -215143410
466 -430286801
467 -645430198
468 -196869349
469 -842299543
470 -2114885883
471 495482338
472 1833264212
473 -825308211
474 -611447531
475 -1436755727
476 -1040247256
477 -1040247237
478 -1040247225
479 -873977667
480 -1914224886
481 466517535
482 933035064
483 1866070131
484 -1495862095
485 -144464250
486 1625296392
487 -1510892048
488 -30059895
489 -60119800
490 -120239598
491 -96014944
492 -216254524
493 -492628846
494 -985257700
495 -1694141054
496 1615568546
497 -1063830206
498 -2127660394
499 -2127660376
500 -1024183676
501 -1024183665
