0 0
1 12
2 28
3 47
4 107
5 172
6 345
7 709
8 1340
9 1354
10 3767
11 5122
12 10246
13 21834
14 42328
15 64177
16 138602
17 266943
18 266959
19 672507
20 1409190
21 2754207
22 2754221
23 6917636
24 13835273
25 27670545
26 53931886
27 53931906
28 135534355
29 271068704
30 460534979
31 460534981
32 460534999
33 460535009
34 921070020
35 -1531757295
36 770917720
37 770917737
38 931148188
39 941226355
40 1872374545
41 1872374556
42 -550218186
43 -1100436363
44 221720011
45 -1428934518
46 -1428934507
47 8163735
48 566545666
49 -854225086
50 -1708450178
51 878066935
52 -830383228
53 -830383218
54 -1660766438
55 973434431
56 -1470031507
57 476837346
58 -993194149
59 -1012953866
60 -2006148006
61 -710522866
62 565342577
63 2143639004
64 -1020643140
65 -1028332429
66 -2048975565
67 -2048975562
68 291679614
69 -539636640
70 -1079273266
71 -1079273258
72 2136420791
73 -561762356
74 -561762350
75 1012896088
76 2025792179
77 2025792184
78 769513163
79 -1499661943
80 -973531706
81 1821773654
82 2143885359
83 -2032988766
84 959138543
85 1070035144
86 -3815077
87 -3815057
88 -3815053
89 1058589969
90 2117179933
91 -1119197384
92 2052757475
93 -1244227270
94 1806512770
95 1806512783
96 1806512793
97 1124571063
98 1004914857
99 -358968574
100 645946290
101 -1878503659
102 -1591525934
103 1470884001
104 -1353199286
105 -1353199284
106 -410576848
107 1057349946
108 -588741454
109 -1295167628
110 1704632043
111 467496068
112 467496088
113 467496096
114 934992203
115 1402488300
116 -554998540
117 847489765
118 -1664995557
119 -1664995551
120 -1664995545
121 -407528112
122 -2072523641
123 -2072523630
124 -1922603629
125 -1922603619
126 -1922603612
127 749600117
128 1499200226
129 775956788
130 1102153531
131 -2090660243
132 -988506700
133 -1201056617
134 -1201056603
135 1892854083
136 1892854090
137 -509259110
138 -509259101
139 874335885
140 365076785
141 1239412687
142 1460307157
143 -1230170658
144 -1586005430
145 -116456236
146 -116456230
147 -116456226
148 -1935374121
149 2010224490
150 74850379
151 74850395
152 74850413
153 299401574
154 523952770
155 823354357
156 823354375
157 -1750053803
158 -1750053801
159 794859708
160 794859714
161 -1087033791
162 -292174076
163 -1539542244
164 -2123890394
165 47186507
166 -2076703870
167 -2076703851
168 820280743
169 -1256423106
170 1782121086
171 1782121094
172 -1166867477
173 -1166867461
174 -551613831
175 -1103227658
176 -1103227644
177 370030715
178 370030731
179 740061464
180 -726332385
181 383759826
182 383759839
183 41187298
184 808706981
185 1233654128
186 2083548416
187 -127870463
188 -1105635209
189 -1402563439
190 -552520691
191 -552520685
192 -1105041374
193 -1657562046
194 979843204
195 1959686404
196 -1355437672
197 -73470090
198 -1428907750
199 81714111
200 -1420663709
201 98202203
202 1625312161
203 302850668
204 687415451
205 990266124
206 1980532245
207 -636753471
208 1343778780
209 707025314
210 707025332
211 -1537137853
212 -830112511
213 1927716935
214 974517225
215 -1392733124
216 -418215887
217 -836431770
218 -1672863551
219 -25277032
220 -1698140572
221 -1698140570
222 -799454409
223 73954717
224 147909437
225 321095902
226 321095922
227 790101268
228 1432293109
229 1432293117
230 1432293118
231 1432293137
232 -1430381039
233 -1430381024
234 -1430381005
235 -1430380994
236 -1430380986
237 -1430380978
238 -1430380963
239 3824370
240 7648746
241 11473123
242 11473125
243 22946256
244 22946257
245 68838769
246 126204416
247 126204434
248 126204449
249 447452081
250 826065387
251 826065389
252 -1942975547
253 -1942975536
254 -1942975520
255 -1942975518
256 818032484
257 818032492
258 2045081248
259 1738170712
260 -818625863
261 -818625849
262 -818625835
263 -1637251665
264 1940008813
265 302757150
266 -2052201331
267 190564641
268 381129282
269 -1177750244
270 -1177750234
271 458959415
272 -1324847122
273 1073579118
274 -970058813
275 103520316
276 -1117806499
277 2059354315
278 941547825
279 941547829
280 941547840
281 941547851
282 1530578381
283 1001802434
284 1062057051
285 1182566270
286 -2050343971
287 1196081797
288 1390361163
289 1718665270
290 -1185940856
291 -1185940843
292 1933226546
293 747285709
294 308630562
295 1055916283
296 2111832564
297 1861924372
298 1043336491
299 -1389706430
300 1515554444
301 125848027
302 1295032549
303 -1358532259
304 -1358532253
305 219370525
306 -1202661421
307 1889644451
308 -1810710940
309 -1810710936
310 1579898976
311 -230811946
312 -230811938
313 1118275108
314 -2058417091
315 178133119
316 -992820797
317 -814687676
318 1725449965
319 -1962342469
320 -1962342465
321 1281044668
322 -681297786
323 -681297770
324 -81550868
325 -762848622
326 -844399489
327 -844399473
328 1761768847
329 1761768851
330 1761768855
331 1761768860
332 1761768878
333 -1542859137
334 1209249026
335 1209249040
336 -1657559479
337 760938588
338 -20981951
339 -20981950
340 270664252
341 270664271
342 541328538
343 811992814
344 1353321370
345 -2129653105
346 -2129653096
347 1388982481
348 -1517002336
349 -128019842
350 -128019831
351 1781254685
352 1781254694
353 1789467374
354 1057009464
355 1985999094
356 -194949276
357 1791049835
358 344141836
359 344141840
360 688283678
361 688283691
362 1720709210
363 -509407030
364 -509407016
365 1390178870
366 880771862
367 1252136692
368 -771879864
369 -1543759732
370 -182731026
371 -1726490750
372 -1909221768
373 659254790
374 1135778543
375 1135778562
376 1021590128
377 2043180259
378 -94418339
379 -188836667
380 -283255001
381 -566510001
382 -566509981
383 -1133019962
384 -1133019946
385 2028927397
386 2028927399
387 2028927402
388 1791814922
389 1791814929
390 -948449928
391 -948449919
392 1686730014
393 1581645109
394 1581645122
395 555052955
396 1110105907
397 1110105924
398 1643587725
399 1705530348
400 -945849207
401 -945849191
402 1457419679
403 1271251645
404 1782822139
405 -1675172227
406 -1675172225
407 1161149013
408 -406373283
409 1699398577
410 -1840792979
411 -1061790888
412 1392383449
413 -217175123
414 -217175116
415 -103757671
416 -320932776
417 -641865558
418 -962798315
419 2048437867
420 19083563
421 2067521438
422 2086605010
423 2086605020
424 1945764175
425 1945764194
426 1945764195
427 -403438887
428 -1069475886
429 -1876353667
430 -1403504242
431 1015109395
432 1015109411
433 626714571
434 -622924513
435 630504633
436 7580132
437 7580138
438 15160272
439 15160281
440 15160292
441 15160308
442 45480892
443 60641220
444 121282433
445 227404555
446 409328226
447 758015228
448 1516030462
449 -1262906385
450 1011139321
451 1264263416
452 1264263421
453 -2018207505
454 258552288
455 -1759655202
456 -990783573
457 -990783553
458 -1205910245
459 -652165262
460 -1858075506
461 578816302
462 1157632594
463 -121626601
464 -121626600
465 -364879803
466 1128315902
467 641809518
468 1405245621
469 -1484476041
470 -1484476036
471 1326015239
472 -158460784
473 -316921578
474 -475382355
475 -1109225512
476 -733974979
477 -1843200486
478 -183737606
479 -183737601
480 2084291605
481 1900554018
482 -677596868
483 -1171456140
484 1952055018
485 2003556047
486 2003556054
487 -287855187
488 1376344648
489 1088489463
490 1088489464
491 -1029498902
492 -1029498889
493 -970508319
494 -970508308
495 1383442344
496 -557574267
497 -557574256
498 268293832
499 268293835
500 536587672
501 1073175342
