0 0
1 9
2 19
3 31
4 68
5 141
6 270
7 544
8 821
9 1378
10 3025
11 5241
12 11016
13 11021
14 31694
15 53745
16 112724
17 166476
18 375680
19 375698
20 751394
21 751396
22 2420655
23 3923448
24 7095515
25 14191032
26 27630667
27 41821716
28 41821732
29 125465158
30 236739292
31 445847899
32 891695805
33 1741569896
34 -1661701582
35 -1661701577
36 -1581833255
37 1051432484
38 -530400764
39 -89237391
40 -619638144
41 -619638128
42 -1239276258
43 1727177378
44 487901139
45 487901158
46 487901171
47 1951604604
48 1951604613
49 584044257
50 584044264
51 1168088536
52 1944418982
53 -598415508
54 -1196831005
55 149172470
56 1466433478
57 1466433495
58 1885208456
59 -943325334
60 -943325322
61 1464991314
62 521666005
63 1985215128
64 1985215133
65 1662120301
66 -970726704
67 366856572
68 366856588
69 -237013535
70 -474027064
71 -948054131
72 -1292238126
73 -1292238121
74 1710491060
75 1710491069
76 -111548229
77 724957665
78 -1971066785
79 -1246109110
80 -1246109105
81 1802749098
82 -1935578236
83 -1378938234
84 -1378938222
85 1404261722
86 -1486443852
87 -480669506
88 -1967113339
89 -1967113333
90 -1606372727
91 721481242
92 -524150846
93 -1048301702
94 -129490063
95 1708133218
96 727671865
97 -1988652274
98 447152814
99 894305631
100 894305648
101 974783701
102 -1531572301
103 -556788599
104 -556788580
105 -556788562
106 1093029270
107 -20547868
108 -597884336
109 -82191493
110 -82191487
111 -762267302
112 -762267287
113 -1524534571
114 -1524534560
115 -1524534549
116 -1040903652
117 -1319540023
118 409989082
119 -1950454590
120 394058114
121 1829019892
122 682612518
123 -1783334885
124 728297544
125 1850653197
126 1850653210
127 -966085700
128 -966085684
129 -1797534714
130 565261204
131 1130522420
132 1130522425
133 1130522432
134 -338138800
135 -1241538800
136 681367277
137 -898310318
138 -216943025
139 -433886046
140 -2109310904
141 1534827322
142 -574483581
143 -1582853195
144 -1582853185
145 2089604662
146 -1650585283
147 993796716
148 993796735
149 337008185
150 337008196
151 337008203
152 337008215
153 674016429
154 2022049236
155 -587877008
156 2108188665
157 -752606398
158 767705266
159 767705284
160 1535410568
161 -1224146164
162 -1224146148
163 -912881739
164 933793263
165 -1203234616
166 1888498066
167 1888498075
168 -787412502
169 1786349029
170 -722269224
171 -241303848
172 35363473
173 -928209589
174 -70070142
175 -1926489312
176 -1996559443
177 -626361187
178 -324512779
179 -578955416
180 -903468178
181 1861669743
182 379246153
183 433979527
184 1192471839
185 1626451370
186 1198851348
187 -277192721
188 -1746857292
189 -825198662
190 1445718641
191 620519996
192 -505817311
193 735222667
194 229405376
195 458810737
196 458810757
197 458810777
198 917621539
199 917621559
200 1835243112
201 293140450
202 -331340628
203 1797042943
204 1465702317
205 -1032222019
206 -2102644225
207 127879023
208 -1541284887
209 -1541284867
210 -1541284849
211 1212397597
212 1011389317
213 -2071180378
214 -1388678300
215 1517610696
216 1517610708
217 -424637258
218 1221905850
219 -462477293
220 334791307
221 1094219879
222 1763802501
223 -1102153592
224 2090660098
225 -1542658286
226 -554151771
227 -6149942
228 -2102959998
229 -2109109930
230 82897372
231 165794756
232 331589512
233 497384269
234 497384288
235 1326358088
236 1326358092
237 -1144866813
238 1507849377
239 1689340673
240 1689340682
241 -916285925
242 773054759
243 1546109526
244 -1202748245
245 343361292
246 1459777338
247 -1375412615
248 427726024
249 512090749
250 -435595839
251 588585666
252 588585672
253 1177171348
254 -1940624609
255 -174867588
256 -938320839
257 -1288055998
258 1130269619
259 1130269625
260 1130269643
261 -904158406
262 -904158404
263 -1808316794
264 1582492105
265 1582492107
266 1356667424
267 -1581632437
268 1131702408
269 -449930018
270 456807393
271 6877387
272 -436175248
273 709281936
274 709281950
275 982388657
276 1964777303
277 -638519385
278 1326257928
279 687738549
280 687738552
281 -266974346
282 -1860206599
283 -1439442378
284 -1439442371
285 -711098378
286 2144426552
287 -1445556561
288 1403854171
289 -41702375
290 -41702359
291 -125107120
292 -208511840
293 -375321301
294 -792344979
295 -1501285227
296 1626015805
297 -1251447532
298 -1919061932
299 456843434
300 1706031856
301 1706031870
302 698397706
303 -184505849
304 87831731
305 601723594
306 689555342
307 1291278945
308 -1624577676
309 356256617
310 22957899
311 22957900
312 402172427
313 804344853
314 1206517300
315 2010862155
316 2010862163
317 933274327
318 660031353
319 660031364
320 1980094083
321 -994810485
322 1645314974
323 1645314992
324 -1999147800
325 296671701
326 593343387
327 593343390
328 -515789311
329 670897475
330 748451557
331 1496903114
332 -1894504458
333 350850225
334 701700453
335 -841953778
336 210596915
337 70343608
338 70343616
339 211030821
340 281374439
341 633092493
342 633092502
343 1547559435
344 -988817602
345 558741845
346 1117483696
347 -1426907418
348 -309423719
349 -618847429
350 -1237694867
351 -1856542279
352 1200730162
353 -655812115
354 1126800779
355 470988673
356 286165230
357 -1866094554
358 -1579929305
359 1606097345
360 -1082772600
361 -1082772594
362 2129422115
363 1569974277
364 -595570893
365 974403396
366 1948806800
367 -1371757089
368 577049712
369 1154099427
370 1731149146
371 -255619294
372 1475529857
373 1219910578
374 -1599526853
375 1095913592
376 1936207891
377 -1642462084
378 293745827
379 -1348716255
380 1597534804
381 -1099897707
382 497637111
383 497637115
384 497637121
385 497637140
386 1990548492
387 -811507408
388 -811507390
389 -811507370
390 -443973669
391 -443973665
392 -443973648
393 -887947311
394 -1331920941
395 743178077
396 -1476690163
397 897613321
398 164101240
399 -414975594
400 -86773101
401 -337647435
402 -337647422
403 -1177043538
404 -1514690953
405 1265585399
406 1265585405
407 -1763796473
408 -498211048
409 -498211044
410 -996422083
411 538326651
412 538326670
413 80231240
414 -337748557
415 -257517310
416 561618703
417 -33647149
418 -33647134
419 -100941443
420 393382985
421 258794418
422 483941685
423 742736118
424 742736122
425 1485472249
426 -840081103
427 -840081102
428 1290782304
429 -389379884
430 901402425
431 1802804850
432 -689357590
433 -689357583
434 424089684
435 424089695
436 848179384
437 1696358782
438 -902249747
439 2066378134
440 1164128397
441 -1064460752
442 99667663
443 -2029253849
444 -1929586183
445 435794944
446 771922219
447 771922226
448 771922243
449 821975450
450 1593897698
451 -335249678
452 -670499346
453 -2112920926
454 1511547028
455 -1271873233
456 239673804
457 1990894641
458 958695216
459 -1105703620
460 2083560058
461 1936551667
462 -274855570
463 -1655414749
464 984137789
465 -946132529
466 -1892265054
467 510437195
468 -1343822593
469 623184324
470 623184326
471 623184345
472 1869553001
473 -555861290
474 1313691721
475 -1044399504
476 -286569068
477 1296414878
478 -34553693
479 -34553674
480 -103661041
481 -103661034
482 -276429424
483 -380090444
484 -656519851
485 -1313039705
486 -1313039694
487 632277606
488 -1993801789
489 1620403433
490 -373398336
491 1247005114
492 1132486031
493 1632694457
494 -1529786807
495 102907664
496 1338301357
497 -1618364588
498 -280063225
499 -457218791
500 1939320696
501 1939320710
