0 0
1 7
2 18
3 34
4 78
5 83
6 169
7 346
8 349
9 876
10 1227
11 2455
12 4577
13 4583
14 9170
15 18331
16 39126
17 39139
18 110360
19 110365
20 259877
21 370258
22 890001
23 1520143
24 2410146
25 5190555
26 9120860
27 16721574
28 33443153
29 66886294
30 126171887
31 226501337
32 453002674
33 679504017
34 1359008035
35 2038512068
36 461560837
37 -435886346
38 2064186576
39 1192413888
40 1025819741
41 -2076733665
42 141499975
43 -1935233673
44 1450319689
45 1450319708
46 1106905719
47 2072311459
48 1784889298
49 -725188706
50 -725188691
51 -1888143934
52 1681634687
53 128002661
54 128002670
55 49496102
56 177498776
57 354997563
58 837997777
59 837997779
60 1675995559
61 -1780973940
62 1926014756
63 -1635933126
64 -1635933122
65 1023101055
66 -322750426
67 -935582478
68 -1871164960
69 -1871164947
70 -705695502
71 -1411390999
72 -1411390980
73 766489835
74 -338185288
75 1194794367
76 1623098919
77 -1048769460
78 574329462
79 574329475
80 -1377184526
81 -1277295036
82 -1505820614
83 1283326073
84 1417993207
85 1195498672
86 1113702321
87 -790267631
88 323434698
89 -1034606027
90 -1501438946
91 2082357034
92 2082357052
93 1952103829
94 320411692
95 2142262312
96 119810548
97 -2032894432
98 549590139
99 1099180267
100 1648770412
101 -1547016614
102 101753808
103 101753818
104 305261431
105 610522864
106 1119291927
107 1729814809
108 -428322445
109 1301492375
110 37832239
111 -1654150299
112 -743148117
113 -1057973799
114 839695088
115 1679390188
116 -1775882006
117 -1057918638
118 -1154410446
119 1986146405
120 1986146420
121 1759963761
122 -775039786
123 984923991
124 209884217
125 -129088688
126 1065719535
127 1065719542
128 1065719558
129 -1226897345
130 -161177767
131 -322355540
132 -322355533
133 -967066614
134 1295114504
135 1295114508
136 1623162410
137 1623162418
138 246472056
139 -802170396
140 -802170380
141 265293715
142 530587429
143 -6289222
144 524298220
145 511719775
146 1825609929
147 -1433339353
148 -1433339341
149 -1041068759
150 387219852
151 -2087188239
152 120590816
153 1674520975
154 -945925342
155 728595650
156 728595661
157 -2109180337
158 -2109180317
159 805202306
160 805202321
161 1687011280
162 1687011284
163 -1419720413
164 -1535462810
165 -1268171937
166 -1268171921
167 1758623445
168 1981784077
169 1981784084
170 159052398
171 1586276719
172 1413929991
173 -1294760567
174 1864498556
175 -565970185
176 3767824
177 3767837
178 1306064037
179 747629518
180 2061229233
181 -172508841
182 -352553346
183 -525062183
184 -525062177
185 486042700
186 -564081657
187 -1128163314
188 2038640674
189 832438407
190 1178834111
191 2011272525
192 -272422241
193 1493796190
194 1221373954
195 1221373967
196 -358423166
197 862950811
198 862950828
199 1725901650
200 -1706114812
201 19786839
202 1765475335
203 1805049031
204 1884196401
205 -526574495
206 -1132296349
207 -499117370
208 -499117366
209 -2130531076
210 33905148
211 -2096625921
212 -896519274
213 1301822114
214 507018290
215 507018295
216 507018306
217 1521054908
218 -1759875774
219 -238820857
220 29376584
221 29376604
222 -1939943437
223 -1910566816
224 -1910566801
225 -1466109755
226 -992276062
227 1836581481
228 844305438
229 222501107
230 1911111966
231 519532716
232 519532730
233 519532744
234 1558598191
235 733341060
236 -444429838
237 288911241
238 -155518592
239 -155518575
240 -155518573
241 -177644495
242 -644200229
243 -1132881861
244 2029203566
245 74477001
246 2103680581
247 -2116809712
248 61347888
249 61347900
250 -1994113921
251 -1871418116
252 429435270
253 981566321
254 1411001606
255 950585085
256 1901170171
257 949355903
258 949355922
259 949355942
260 949355958
261 1898711915
262 -1446899412
263 -1944442887
264 -1944442879
265 -1944442864
266 -1538361331
267 1218244642
268 2030407747
269 1710291068
270 1710291073
271 -874385138
272 281637457
273 1117543410
274 1399180874
275 -1496605547
276 -97424667
277 1204331545
278 1106906879
279 2116389085
280 -1071671325
281 -1071671311
282 -2010682406
283 140942260
284 140942267
285 -1728797873
286 -234299766
287 -1822155356
288 791598841
289 -1264856262
290 -1264856258
291 500398502
292 -764457740
293 -764457732
294 2001594076
295 472678609
296 1445755719
297 1918434342
298 -930777222
299 -1861554442
300 -873897305
301 -1747794623
302 -1119056280
303 -1307335345
304 1680296607
305 927180361
306 927180366
307 1854360737
308 1094050794
309 -1346555763
310 -1765931150
311 763104985
312 763104999
313 -1586276922
314 -60066919
315 -883238825
316 -943305727
317 1585183922
318 641878213
319 -2067905152
320 159156993
321 -1908748141
322 -1590434152
323 -471084935
324 483857079
325 -1577662003
326 1139643287
327 -2015680711
328 -2015680709
329 -2015680700
330 -1752074821
331 -1752074809
332 790817682
333 -961257126
334 -1922514241
335 1411195944
336 -511318278
337 -1022636556
338 -122758876
339 -1656713701
340 -1656713683
341 -1656713673
342 -675173753
343 -1350347496
344 -2025521229
345 243924825
346 -1168864021
347 -924939184
348 -930779795
349 1270384308
350 339604529
351 679209061
352 1018813608
353 -1917735573
354 -219712901
355 -1118634849
356 -1338347748
357 1618271814
358 1318808054
359 260384373
360 1579192446
361 1579192448
362 -1136582396
363 -693972357
364 -251362303
365 -502724598
366 -1005449199
367 -1508173791
368 -1508173785
369 273170532
370 43616458
371 589957512
372 -601429264
373 305315251
374 305315271
375 9201266
376 18402535
377 638234329
378 656636868
379 656636884
380 656636904
381 -1686822295
382 283088375
383 566176751
384 566176763
385 1415441902
386 1981618669
387 234446793
388 -2078901822
389 -1844455010
390 -1707291353
391 -1335680887
392 1858052326
393 1858052341
394 673132439
395 -1763782499
396 -1763782482
397 1440534767
398 -2087030195
399 794039328
400 794039343
401 -822199226
402 -1321150737
403 -1349310610
404 -1904581900
405 -1904581884
406 1288110251
407 424603164
408 849206318
409 1273809483
410 -1747348316
411 800270655
412 800270664
413 -146806994
414 1453734340
415 1306927361
416 -80571261
417 -80571244
418 -161142491
419 -322284988
420 -563998707
421 -886283691
422 -1933709870
423 427547566
424 427547572
425 427547583
426 -1537350821
427 -682255661
428 -682255658
429 -1364511300
430 28593867
431 28593886
432 -1307323533
433 -1278729644
434 1708914138
435 -848545144
436 -848545141
437 -848545128
438 -2115450916
439 482426115
440 482426124
441 482426134
442 1447278386
443 1929704525
444 1929704529
445 1976572403
446 1541014162
447 234339426
448 1386663239
449 -1521640821
450 -134977567
451 -134977554
452 -269955115
453 -269955098
454 1963461150
455 1693506070
456 -638000059
457 -1815910330
458 1203056845
459 -1250853538
460 -47796690
461 -1911503700
462 471959894
463 471959895
464 471959910
465 471959918
466 -23664075
467 920255761
468 1368551622
469 -2006159904
470 282647491
471 -354960782
472 -72313288
473 -72313269
474 -216939832
475 -361566372
476 -578506203
477 -1301638957
478 1836315943
479 -405395570
480 1430920392
481 -1433126520
482 1428714262
483 -4412243
484 -8824486
485 1413271418
486 1413271433
487 -1477248911
488 1349293950
489 -1605203880
490 -1733158836
491 -2053046232
492 -1224396596
493 -715634358
494 -715634339
495 -1431268693
496 208033325
497 208033345
498 -1015202013
499 -807168655
500 -1822370656
501 650225989
