0 0
1 15
2 24
3 42
4 99
5 184
6 367
7 665
8 678
9 687
10 2043
11 3425
12 7499
13 12971
14 23900
15 47811
16 84684
17 84702
18 169392
19 338784
20 677580
21 1185760
22 2371522
23 4234876
24 8808527
25 15414929
26 32015624
27 56239098
28 56239116
29 159908775
30 319817547
31 479726334
32 799543894
33 1279270230
34 -1256700500
35 822113644
36 -434586850
37 387526804
38 387526822
39 340466784
40 1503047216
41 -2110986509
42 -607939276
43 -487884953
44 -1703763515
45 887440268
46 887440287
47 887440296
48 887440316
49 -1632646377
50 -1632646367
51 1029674556
52 -602971803
53 1456377316
54 -1382212666
55 -1382212649
56 -1911019793
57 1001734859
58 1001734875
59 1001734890
60 -1289762669
61 1715441966
62 1427414205
63 -1152111118
64 275303102
65 -2028919134
66 -1478312935
67 1063038347
68 1063038355
69 647763781
70 1710802137
71 -873363006
72 -873362986
73 -1746725981
74 -1746725980
75 -945210654
76 1603030680
77 1603030685
78 -1088905930
79 514124762
80 514124777
81 514124789
82 514124791
83 1542374359
84 -696093802
85 846280565
86 846280568
87 846280580
88 -909845021
89 -63564429
90 -63564420
91 -63564408
92 -254257681
93 -254257669
94 -508515343
95 -762772993
96 -762772986
97 2006648323
98 481102363
99 962204712
100 -1607784866
101 -1607784854
102 -1772262643
103 750442027
104 -1021820599
105 -964243627
106 -320702384
107 -1556324570
108 -1877026939
109 -1445150808
110 -583535012
111 -2028685812
112 237595675
113 -1401835594
114 518506557
115 518506558
116 2139054685
117 2139054688
118 -16857911
119 2122196785
120 2122196796
121 2122196800
122 2122196805
123 -118005316
124 -219152718
125 -387731719
126 -724889734
127 -1112621451
128 1732566374
129 -492676518
130 -492676507
131 -365408083
132 -730816180
133 -1588900761
134 1975250362
135 1975250378
136 -1933367310
137 2017133442
138 2059016519
139 1798316101
140 -353868535
141 1444447581
142 1090579047
143 -1759940654
144 775085991
145 105724391
146 880810392
147 880810411
148 882490550
149 -1545131551
150 1204704213
151 -340427322
152 864276893
153 1728553795
154 1911976037
155 -654437445
156 -654437441
157 603101166
158 -51336269
159 -102672534
160 -154008793
161 -308017585
162 -462026368
163 -1026725271
164 -1488751629
165 -1488751626
166 290738777
167 581477557
168 -616535281
169 -35057710
170 220623361
171 220623372
172 441246748
173 661870129
174 1323740256
175 -1868110144
176 558746993
177 676247235
178 690624343
179 1366871596
180 -1561224108
181 -1561224100
182 -1755576596
183 -583057497
184 -1166114987
185 790218233
186 19212364
187 -356684370
188 -713368746
189 -713368731
190 -713368723
191 -713368721
192 1441492380
193 -1411982536
194 29509860
195 -1382472668
196 -2036821682
197 875672950
198 875672960
199 -285475760
200 1465870157
201 1180394411
202 -1058505525
203 1587759044
204 1709647949
205 1709647966
206 712087680
207 -1873231641
208 -449056291
209 99447732
210 -349608544
211 -1860361044
212 2084997714
213 224636688
214 224636698
215 324301519
216 324301538
217 648603069
218 1746479525
219 -1251281639
220 1143800967
221 -107480664
222 -2114846028
223 -1078525719
224 886634227
225 886634228
226 886634238
227 1581376985
228 -940321835
229 1527689391
230 587367572
231 -652220931
232 522514202
233 1045028408
234 915321697
235 915321708
236 1830643421
237 -1549002160
238 -1549002142
239 -1267360870
240 -70397864
241 1689847694
242 352088978
243 352088993
244 -1971339476
245 422686191
246 -1548653273
247 1197660757
248 -350992511
249 846668263
250 144683254
251 991351529
252 -1465596000
253 -1465595997
254 -1795157204
255 704652880
256 704652883
257 -1851447432
258 -1851447422
259 1296725334
260 -1701516627
261 891934048
262 487142772
263 1379076836
264 -1941604926
265 -562528073
266 1790834317
267 665778155
268 -47520513
269 618257662
270 618257672
271 1188994826
272 1188994832
273 -680462298
274 -1360924582
275 -852392034
276 2081650694
277 -812128212
278 -1624256415
279 -354733930
280 -1561859889
281 2023639549
282 2023639566
283 2023639576
284 -247688142
285 1775951443
286 -743064401
287 1032887052
288 1818085966
289 2107908631
290 663914355
291 294941664
292 -1228202635
293 -1228202624
294 -1228202606
295 610359437
296 -617843150
297 -617843146
298 1213235221
299 -640294237
300 -640294231
301 -640294225
302 -640294212
303 -1920882648
304 1093496228
305 -2107974844
306 1359606045
307 1359606058
308 1704733500
309 -1230627726
310 1833711848
311 -627543604
312 -627543587
313 -1255087177
314 -676462515
315 -1931549676
316 -823219253
317 1540198383
318 716979138
319 -2037789765
320 -1320810614
321 -1101422857
322 -165055935
323 -1266478781
324 1762009728
325 -2091758455
326 -329748718
327 -1925976214
328 443014868
329 -2142458787
330 -2142458781
331 -1802660331
332 349848198
333 -999747518
334 -649899309
335 -649899291
336 1995421196
337 45723290
338 741345891
339 741345911
340 1528415094
341 -1283860382
342 244554727
343 -1039305651
344 191149713
345 -1887461591
346 520044127
347 -1367417446
348 1560132387
349 -1174702513
350 -461943439
351 -461943420
352 -923886841
353 -1847773695
354 -575282597
355 948024170
356 -1475032106
357 421016242
358 1765919326
359 1084645046
360 1084645064
361 -1413773717
362 -1773531559
363 -1018015147
364 1503420593
365 -1617254748
366 -1617254743
367 -1731088885
368 832789520
369 -898299348
370 -65509811
371 815604040
372 684584417
373 536379300
374 1072758600
375 -2001244978
376 -928486369
377 -636009026
378 729226927
379 93217921
380 186435835
381 279653762
382 279653769
383 745743385
384 745743393
385 2050794324
386 -473032421
387 -1971461998
388 352043314
389 -41656765
390 -1661075444
391 972816408
392 -729915791
393 242900625
394 -487015165
395 -487015160
396 -974030307
397 1859891501
398 885861211
399 797692087
400 1683553304
401 -927860683
402 1553384724
403 1553384743
404 -2116058494
405 -2116058485
406 1616235075
407 -499823393
408 -999646802
409 116764884
410 -1882528705
411 1529556688
412 1529556690
413 1529556702
414 293702795
415 -1295123118
416 528136386
417 528136394
418 528136406
419 582988864
420 872274946
421 1983400224
422 -328166854
423 -1767458968
424 760049366
425 -1007409583
426 1951981264
427 1951981284
428 1951981302
429 553566973
430 -1789419016
431 -1626856739
432 878691546
433 -1984017218
434 -1105325655
435 457459232
436 1663083665
437 -968799975
438 1151742941
439 1198160214
440 1198160216
441 -746903923
442 451256313
443 -295647605
444 155608713
445 -140038876
446 15569839
447 186748401
448 62279375
449 62279385
450 186838127
451 311396888
452 498235023
453 996470056
454 1992940108
455 -807322102
456 -1303247320
457 1377075781
458 -733493637
459 -1466987276
460 -2126652441
461 -2126652434
462 2136148824
463 -22669651
464 688154320
465 665484677
466 665484679
467 -162364441
468 1856759239
469 -1935087815
470 -78328565
471 -156657138
472 -475678708
473 -475678706
474 -1108014533
475 -1583693231
476 495244984
477 1147147108
478 -1049315663
479 593076443
480 -456239203
481 234668692
482 -221570497
483 -899380223
484 -899380203
485 -1798760413
486 697446462
487 1173322424
488 -1726751947
489 -1726751928
490 2014785861
491 -265395577
492 22638373
493 -242757194
494 1529271472
495 1309152667
496 1309152679
497 1309152687
498 919005033
499 919005039
500 1470500811
501 1470500820
