0 0
1 13
2 21
3 43
4 51
5 130
6 264
7 516
8 800
9 1323
10 2129
11 4258
12 8514
13 8521
14 8525
15 8532
16 38363
17 63961
18 110858
19 221729
20 221745
21 221761
22 221768
23 997862
24 997876
25 2439272
26 3437165
27 8093955
28 13970405
29 22064361
30 36034769
31 72069538
32 72069543
33 216208617
34 360347708
35 648625869
36 1225182203
37 1225182223
38 1225182225
39 389552940
40 -229867692
41 159685250
42 319370509
43 479055770
44 798426282
45 1596852573
46 -1420632669
47 1453701974
48 -1866619132
49 -1833549815
50 594798353
51 1222666010
52 -429002592
53 1388461781
54 943373756
55 943373764
56 1886747537
57 1886747553
58 1886747559
59 1886747560
60 1365275388
61 -1564416517
62 1687606434
63 1488465314
64 -1118895533
65 2057176235
66 -180614842
67 -361229679
68 -361229676
69 -722459352
70 -1083689020
71 -1083689014
72 682670574
73 -401018424
74 281652170
75 -1604073709
76 -1040769374
77 1530757973
78 -1233451348
79 -1233451342
80 -936144712
81 891919900
82 -980369523
83 -88449616
84 -88449603
85 -265348827
86 -1422617550
87 -1422617542
88 1095933780
89 -326683745
90 1953633415
91 1953633430
92 -387700438
93 -6150839
94 -781551713
95 -781551706
96 -1956954678
97 -1956954660
98 -1188196291
99 -1588690021
100 -1588690005
101 -2027563664
102 239839957
103 -1858332716
104 -1618492744
105 818141837
106 1636283682
107 1636283701
108 613883773
109 613883777
110 613883795
111 1841651356
112 -1225548361
113 616103010
114 1232206008
115 -1830555266
116 -1830555251
117 -1830555233
118 -1830555218
119 1267713625
120 -1759540030
121 -1688524810
122 -1546494367
123 568121723
124 568121742
125 568121756
126 1136243500
127 1294114360
128 -728365923
129 -2024853597
130 -1459105153
131 -1781966805
132 1053895352
133 2107790696
134 -2104239500
135 -2104239485
136 -2104239481
137 -2017751158
138 259464969
139 -1671797853
140 864883270
141 -374472937
142 1355293606
143 980820673
144 1154726766
145 2135547458
146 1331421211
147 1331421226
148 -1632124846
149 -1128702235
150 1534140221
151 -1226686842
152 307453384
153 -919233447
154 -1433028908
155 1942704946
156 -1328790863
157 613914094
158 613914103
159 1227828210
160 -1225396792
161 -1225396774
162 -609051234
163 -1834448006
164 -599325497
165 -1198651006
166 53491557
167 -1145159438
168 2004648412
169 912980533
170 -1377338334
171 1540290624
172 1075932828
173 1238885137
174 -1980149319
175 -1980149309
176 -1645480655
177 -1645480641
178 -1717407482
179 -1717407477
180 1864158347
181 1078830051
182 1078830068
183 1078830084
184 -1058477078
185 -252795804
186 -252795802
187 -505591602
188 -758387399
189 1466919626
190 202940645
191 202940658
192 405881317
193 405881332
194 405881340
195 1420584652
196 1826465999
197 -1047916635
198 -1689951935
199 915063428
200 -1822805126
201 -907741680
202 -1815483370
203 -1815483357
204 -1815483353
205 -2059224444
206 -2059224427
207 -2059224415
208 596777960
209 -1462446448
210 1370074410
211 -1554818480
212 -1050412542
213 -2100825093
214 -2100825090
215 93317124
216 -2007507948
217 -1820873695
218 653219892
219 653219905
220 -514433897
221 792005902
222 792005917
223 1069577928
224 -1641377533
225 220206316
226 440412640
227 440412656
228 -540345915
229 -540345908
230 -1080691806
231 -1720970957
232 -1720970951
233 -768012317
234 -995678716
235 810305326
236 1620610646
237 -1053745996
238 -1053745979
239 -486881322
240 -1540627289
241 -1540627275
242 -1380660560
243 1373679481
244 1373679493
245 1366698419
246 -1561570445
247 -194872012
248 983935467
249 1967870936
250 1967870952
251 1967870970
252 1967870976
253 1608645621
254 890194864
255 -187481190
256 1952133948
257 1764652768
258 -765661758
259 998991015
260 233329263
261 466658522
262 466658523
263 1399975570
264 -1728345412
265 604947205
266 -1123398189
267 -518450977
268 1529719933
269 1011268959
270 -1753978387
271 268559543
272 -1485418838
273 -1959568715
274 849979759
275 1968519058
276 -357929176
277 -357929163
278 -715858320
279 -715858318
280 -1789645787
281 715675719
282 1431351434
283 1431351445
284 -716588685
285 2146114209
286 -2738891
287 1426786638
288 -1441394020
289 -14607366
290 -14607359
291 -14607354
292 -58429457
293 -58429437
294 -146073587
295 -277539820
296 -555079643
297 -832619444
298 -1869741911
299 1037526311
300 -832215582
301 -1664431170
302 -1664431150
303 966104995
304 966105005
305 -1396652315
306 -1396652299
307 -1396652293
308 1071115410
309 2142230824
310 420041647
311 420041657
312 840083307
313 -472569843
314 787555126
315 787555136
316 1575110279
317 -1144746737
318 1217918690
319 1217918706
320 1217918709
321 1217918721
322 1217918735
323 -1859129833
324 -641211082
325 -641211062
326 -1923633222
327 -770217901
328 -770217886
329 -451523851
330 -261836620
331 -1483578341
332 1327810605
333 -155767728
334 -1024895920
335 147146961
336 -877748951
337 -730601985
338 -1608350934
339 1078265442
340 -530085476
341 -530085470
342 -530085468
343 -1590256395
344 -2120341846
345 -2120341830
346 54283630
347 108567262
348 -1373121872
349 -1264554591
350 1657290837
351 -980385623
352 -1960771233
353 1353810443
354 -1194610158
355 -1194610153
356 -1035409855
357 870337141
358 870337143
359 1740674302
360 1251328598
361 -597699960
362 -597699941
363 -1195399890
364 601203127
365 -1789596649
366 -1789596631
367 -476122679
368 2029248001
369 -2026067939
370 2032428065
371 2032428083
372 -230111133
373 1802316968
374 1572205837
375 1572205850
376 1572205862
377 1993856097
378 -728905329
379 114395192
380 -614510126
381 -500114931
382 -500114914
383 -1000229826
384 -1500344734
385 -1500344718
386 294048025
387 -1206296690
388 1882373921
389 -2030564184
390 1734183667
391 -296380499
392 83316229
393 1521119400
394 1308055138
395 -1465792739
396 -157737583
397 -1623530306
398 -1939005477
399 -1939005474
400 1464863025
401 100551493
402 358840576
403 358840581
404 818232664
405 1636465323
406 -1022036649
407 -1022036630
408 769465291
409 1180090008
410 1180090017
411 -1165321976
412 942286714
413 -223035256
414 -223035239
415 510984275
416 64913798
417 1072114300
418 1201941879
419 -1445013025
420 893956957
421 650885827
422 650885830
423 -2099238680
424 96489940
425 96489958
426 -604487116
427 -1859860049
428 -75638631
429 1754981516
430 -180517162
431 1498825725
432 1318308570
433 1318308581
434 -340041566
435 -499565977
436 -839607539
437 -1339173510
438 1276578714
439 -1741809876
440 1151389109
441 1151389120
442 1837547080
443 -154641978
444 -2051093834
445 1934589512
446 1934589525
447 1934589533
448 -696934531
449 -696934512
450 -1819657275
451 1081440981
452 -197495789
453 -1632646592
454 1029674126
455 -800468244
456 -519495510
457 -1319963751
458 -1839459260
459 -184419457
460 -2023878705
461 -1072753859
462 -1072753855
463 -1898297838
464 -1772716942
465 -1772716925
466 1000695179
467 -148069229
468 -148069214
469 -296138429
470 408418317
471 -35789312
472 76490581
473 449119593
474 898239188
475 1347358783
476 1347358802
477 -702010517
478 -702010513
479 -2106031547
480 -815334978
481 1373600779
482 558265808
483 1931866598
484 -431234096
485 -862468191
486 -1724936384
487 -1086772056
488 -1086772049
489 -897215473
490 1224207723
491 1224207741
492 464427955
493 1688635707
494 -2141903633
495 -453267924
496 -906535838
497 793259919
498 -113275908
499 -679819733
500 164298
501 -792931330
