0 0
1 11
2 16
3 38
4 83
5 150
6 285
7 559
8 1013
9 1864
10 3878
11 7322
12 11201
13 18531
14 18540
15 18542
16 55623
17 111241
18 185425
19 185433
20 537737
21 1019845
22 1019854
23 2577446
24 4617162
25 9772052
26 14389224
27 28778444
28 60134329
29 113074052
30 113074062
31 226148124
32 452296247
33 452296257
34 1130740637
35 1130740653
36 -1581189744
37 -450449087
38 -900898161
39 1362430310
40 -1570106667
41 -1570106662
42 -1570106651
43 -1570106634
44 -1985459316
45 -1985459297
46 1478802708
47 232744774
48 2035596180
49 -547823617
50 -1095647249
51 2103672806
52 2103672809
53 304503647
54 216881980
55 521385631
56 955149591
57 -193373635
58 -193373625
59 568402339
60 375028719
61 556683818
62 1306741252
63 1306741257
64 -1681484771
65 -1681484753
66 -2056228264
67 -1124230484
68 2046506336
69 1479530147
70 1479530154
71 -413631132
72 296968223
73 593936433
74 477273538
75 1368178195
76 -1855579128
77 583809045
78 573681660
79 1147363321
80 -1990113253
81 -269068258
82 -538136523
83 1497649270
84 959512757
85 -340155998
86 1309801253
87 1309801259
88 -2015520778
89 -2015520775
90 -1751595020
91 1131933249
92 1659784751
93 1304048737
94 328650943
95 1632699691
96 1762150083
97 -900117518
98 862032572
99 1724065156
100 -1708869560
101 877228185
102 892423796
103 60782429
104 1845630024
105 1967194891
106 -421359942
107 -842719879
108 -1746222195
109 -1746222175
110 1505638003
111 1044081124
112 -1745248162
113 -701167018
114 103303949
115 206607916
116 -1092422181
117 -1092422169
118 -1874932479
119 235190481
120 -1639741984
121 -1169361032
122 1485864291
123 1485864305
124 397816079
125 397816089
126 397816097
127 1193448277
128 1193448297
129 -1510254615
130 1672274150
131 162019536
132 162019552
133 486058625
134 810097715
135 1620195447
136 1620195453
137 241579959
138 -2898713
139 -2898708
140 -5797418
141 1850180587
142 1841484476
143 -614897059
144 -1223996690
145 1846973915
146 1846973934
147 -601019439
148 1245954500
149 -1180081060
150 65873445
151 -1114207606
152 -1583480144
153 483071933
154 2080351495
155 2080351500
156 2080351507
157 2080351514
158 214543362
159 80279095
160 294822469
161 589644932
162 -1035325923
163 -445680973
164 -516260397
165 -961941357
166 1335758656
167 -142443092
168 231374217
169 -53511971
170 177862256
171 124350291
172 124350299
173 373050884
174 621751475
175 1243502954
176 1865254439
177 -564458417
178 1300796033
179 171879195
180 -1521496033
181 -1521496027
182 -1521496016
183 1203154459
184 -318341543
185 615292146
186 -21390946
187 275559665
188 869460872
189 1738921738
190 1738921746
191 306505782
192 306505798
193 -204112218
194 408899377
195 204787161
196 204787164
197 409574335
198 409574343
199 819148682
200 1638297378
201 1638297388
202 -1018372517
203 -1217596351
204 1040625915
205 -176970423
206 -1372313371
207 -1372313356
208 1550340578
209 -1194286129
210 -1194286113
211 712108910
212 -126122749
213 -252245490
214 -2054831565
215 -1721090885
216 519044850
217 519044864
218 519044870
219 -163956291
220 -163956283
221 710177164
222 710177165
223 710177179
224 1966575229
225 -908037711
226 -908037699
227 150499833
228 -1665575562
229 -1515075710
230 -551259544
231 563056493
232 1126112979
233 1137909935
234 1137909953
235 -893034419
236 1382785475
237 1382785482
238 -146610863
239 -146610850
240 1579314828
241 1286093118
242 -1722781051
243 -1722781037
244 2135498335
245 -23970631
246 -1334034372
247 -1334034358
248 2015645239
249 1459104225
250 782710117
251 782710135
252 745202437
253 -1984344595
254 -1239142154
255 -1695574158
256 1360250989
257 -335323158
258 1024927850
259 2049855701
260 -1890830069
261 1183953495
262 2032583822
263 1325707258
264 406302914
265 1732010181
266 2138313108
267 -955017301
268 -955017286
269 -1910034573
270 -1910034558
271 474898179
272 -960238238
273 1899592697
274 939354464
275 1878708933
276 422688811
277 -1993569543
278 -1570880724
279 730517035
280 1883722892
281 -527521514
282 -1477731853
283 -2005253349
284 -1396266786
285 893447178
286 309162503
287 1202609685
288 -1889747917
289 -687138229
290 -1065113943
291 652967225
292 -1099284940
293 -446317698
294 1650079719
295 1203762030
296 -1441125540
297 966398520
298 729035028
299 -1186817537
300 -1186817529
301 -678201505
302 1972165771
303 107146744
304 214293489
305 321440252
306 1936844760
307 256923733
308 -2101198793
309 628303452
310 -1472895332
311 -1472895324
312 133205039
313 133205046
314 1615586738
315 -1063793819
316 -654692308
317 -654692305
318 -757591685
319 -2066976295
320 -902779114
321 567620207
322 480548122
323 -1921587077
324 451793155
325 -1324404706
326 1500768679
327 176363989
328 176364005
329 352727999
330 881819968
331 -1206922638
332 380353329
333 380353331
334 -446215968
335 314490702
336 314490712
337 628981427
338 1192100211
339 2135572358
340 -338313294
341 -1305608002
342 1683751286
343 -927464722
344 -887634714
345 -1775269430
346 1082741726
347 -692527700
348 390214039
349 390214042
350 -604627309
351 -516726914
352 -1121354209
353 2052258867
354 -190449558
355 -190449555
356 -380899109
357 1290460648
358 719112000
359 1438223985
360 -2137631310
361 1310165338
362 -827465965
363 482699379
364 -344766579
365 -1516999133
366 2088434999
367 226669307
368 453338607
369 1251443796
370 -1792079717
371 -1792079700
372 -1792079689
373 -1081271807
374 2132423691
375 -30119922
376 -30119921
377 -801167630
378 189744427
379 1460760654
380 1460760665
381 -2014989098
382 906532223
383 -1108456855
384 -1108456844
385 -1108456841
386 2078053622
387 -1247316908
388 -277720126
389 -277720124
390 -555440231
391 -1110880475
392 -1944040828
393 406885652
394 406885663
395 813771328
396 1627542656
397 1311044486
398 1311044487
399 1311044493
400 -361833810
401 903875028
402 -1130837081
403 -1130837071
404 2033293163
405 2033293171
406 -228380958
407 1804912229
408 1348150329
409 -1370285687
410 -22135355
411 -44270695
412 -44270678
413 -44270661
414 -88541324
415 -221353353
416 -442706691
417 -796872014
418 -1460932042
419 1594456569
420 -1327407513
421 -1327407511
422 -1060358446
423 713318363
424 1293112192
425 -381335389
426 1625095171
427 -2105135398
428 -2105135391
429 -1673398803
430 -1673398787
431 1032866224
432 1032866227
433 392333669
434 -888731464
435 1569334666
436 680603218
437 -1508560977
438 -1508560975
439 -1508560967
440 -230715616
441 -230715602
442 816414152
443 1632828305
444 1987811249
445 -319344792
446 -177258379
447 -1170930907
448 1953105477
449 1953105494
450 1953105497
451 216159904
452 216159922
453 432319845
454 432319861
455 432319874
456 1296959584
457 1729279460
458 -836408373
459 -1240496886
460 -2076905243
461 141156811
462 141156828
463 423470435
464 564627281
465 988097731
466 -2036458206
467 80894070
468 -1955564119
469 1936564056
470 -19000044
471 42893965
472 42893979
473 2003351967
474 2089139926
475 -202475395
476 -362056807
477 -564532186
478 960075539
479 960075552
480 1920151093
481 -1381254089
482 -1381254088
483 -842357074
484 -842357067
485 -1684714124
486 -455715055
487 1312181069
488 1312181078
489 1312181087
490 -358424051
491 -1172563164
492 -1530987197
493 -1749793309
494 -1749793305
495 -1908169674
496 1651191117
497 -2006771843
498 -355580717
499 -355580710
500 1577034040
501 1221453341
