0 0
1 4
2 13
3 31
4 67
5 117
6 190
7 382
8 788
9 1560
10 2940
11 2960
12 8644
13 14553
14 14555
15 29111
16 43678
17 101916
18 174715
19 363985
20 538713
21 1223008
22 2125725
23 3348741
24 5474484
25 12710673
26 18185175
27 36370343
28 72740680
29 127296199
30 200036887
31 400073768
32 400073788
33 800147567
34 1600295137
35 -1894524586
36 905991925
37 611762482
38 1517754410
39 1140984234
40 -1636228640
41 -1754702868
42 904035802
43 904035821
44 904035827
45 904035836
46 1861440430
47 278580625
48 -346874561
49 1793146511
50 195361546
51 195361565
52 1836995077
53 -274102595
54 -274102575
55 1679513036
56 -1326664350
57 -1326664339
58 1641638617
59 -1011690069
60 -343867096
61 -343867078
62 -687734172
63 -1375468334
64 1887897722
65 -863038945
66 -1038343721
67 -1038343706
68 1867670321
69 829326620
70 -242729422
71 -242729402
72 1173194417
73 1173194426
74 1173194437
75 -775384005
76 1571004859
77 1968815298
78 -357336688
79 -1887867812
80 2049762801
81 161894999
82 323790001
83 290243318
84 -1469276176
85 -1469276174
86 1356414963
87 -1291894068
88 1420935859
89 1420935878
90 1549977670
91 161403022
92 161403032
93 1872783738
94 2034186779
95 -387996771
96 1646190026
97 1258193264
98 255606003
99 -1522974757
100 1637014553
101 1637014564
102 -1030113651
103 -1030113646
104 -2060227283
105 -2060227266
106 -248699985
107 -2134414518
108 1056251907
109 -1152349848
110 1815754857
111 -663457582
112 1056199352
113 1056199362
114 -1030271287
115 418669860
116 444597955
117 444597969
118 1307865791
119 -2097905576
120 -345441801
121 -345441791
122 -1036325403
123 1777718518
124 741393117
125 1137344442
126 -1674836615
127 203900948
128 -1470935654
129 -1470935653
130 -1470935650
131 1353096009
132 -1588775291
133 -1706614928
134 -1706614921
135 -824877473
136 56859986
137 1820334895
138 1052317426
139 398019920
140 -1792312522
141 1478359725
142 84067135
143 -229885650
144 1332541224
145 1186722719
146 -2005588983
147 -2005588976
148 -1491913999
149 -1491913979
150 1594928659
151 1594928661
152 -1105109958
153 2084747378
154 -1720401202
155 -1720401201
156 -1356055010
157 477747310
158 2060604573
159 -1756615403
160 -574318529
161 -1148637051
162 815396314
163 -907559265
164 723233373
165 -517566617
166 113503818
167 319170594
168 638341176
169 553448984
170 1191790172
171 -1592216359
172 -400426167
173 390937824
174 -1601704684
175 1091557915
176 -510146762
177 -1020293511
178 -1649649214
179 604731056
180 -1483800500
181 745955141
182 1491910278
183 -290853230
184 -290853223
185 -581706447
186 328497379
187 328497392
188 328497395
189 985492179
190 1970984354
191 -681495971
192 -2019986714
193 -730498317
194 -1460996637
195 1372974013
196 1372974014
197 -1465533626
198 -180582217
199 -273141812
200 -453724022
201 1921985637
202 1195119809
203 -1904727680
204 -1904727661
205 -1904727644
206 485511992
207 261416122
208 261416125
209 1008344253
210 1269760394
211 -2016862642
212 784074270
213 784074289
214 -448714071
215 -897428146
216 -562067909
217 -562067891
218 -562067878
219 -1124135762
220 -1686203635
221 922560030
222 1845120066
223 -1527287180
224 1240392925
225 -1814181452
226 -573788518
227 -1147577040
228 1999813217
229 -295340867
230 556895311
231 1113790632
232 -2067386024
233 -2067386010
234 1535540342
235 -531845662
236 -2017286706
237 -853396753
238 360592527
239 1784876384
240 1784876401
241 -725214504
242 -1450428999
243 1754701811
244 304272817
245 -116668864
246 -233337737
247 258539041
248 1967507072
249 1992708386
250 -334751829
251 1657956558
252 1657956559
253 678902387
254 1357804771
255 2036707163
256 -1200607142
257 836100029
258 -1264962460
259 -428862426
260 -21624820
261 -1715449691
262 2129030370
263 391955877
264 783911746
265 1175867632
266 1175867643
267 -1943232004
268 1192415024
269 1600918307
270 -1093130679
271 932838303
272 -160292367
273 -320584740
274 -641169470
275 -189208260
276 -378416531
277 -378416525
278 -378416505
279 -1135249554
280 -1513666051
281 889218678
282 -624447360
283 1532406505
284 1797177830
285 -965382941
286 1739754039
287 774371106
288 1548742209
289 1548742228
290 -423111752
291 1125630486
292 1125630491
293 630666385
294 -1413039933
295 -1413039926
296 1468887443
297 1468887463
298 742361445
299 -2083718375
300 -1341356926
301 869892012
302 -471464912
303 398427120
304 -544502690
305 -1089005386
306 -1706545863
307 954913373
308 -751632472
309 -1503264958
310 2040069880
311 740085829
312 1480171657
313 -2074709804
314 -2074709786
315 145547720
316 1771267102
317 2062362538
318 -170242221
319 1734225368
320 1102645511
321 -1628338620
322 -1194314712
323 1472313976
324 1486531543
325 1764530814
326 1764530833
327 -2102027418
328 90912461
329 -246584123
330 -493168243
331 1544099976
332 804347622
333 804347630
334 -1881924421
335 -1077576773
336 1335466114
337 257889353
338 515778712
339 1031557417
340 1547336137
341 -1200295025
342 -1200295017
343 -1200294999
344 1894377293
345 694082313
346 -1706507676
347 881951938
348 881951940
349 -1649111485
350 -1649111481
351 -1649111466
352 229584814
353 -422782314
354 803546859
355 610349374
356 991113923
357 -2083154630
358 -1092040694
359 -1573732008
360 -1573732006
361 55462605
362 55462607
363 110925217
364 166387837
365 277313057
366 610088727
367 1053789622
368 1663878367
369 1663878380
370 696667806
371 -270542729
372 2090003461
373 -1778838740
374 311164731
375 -1467673994
376 -1115887264
377 -1115887245
378 2063192806
379 2063192825
380 -168581659
381 -337163305
382 -674326610
383 -1348653230
384 -465531974
385 -1814185200
386 666596901
387 666596917
388 1333193829
389 -1628579645
390 371211109
391 742422224
392 1113633350
393 1856055587
394 -1325278358
395 -1325278357
396 319132227
397 1963542817
398 1488173932
399 1488173933
400 964055624
401 -354563797
402 -354563778
403 -709127560
404 1033974428
405 -384280702
406 -768561400
407 -768561399
408 -1596556618
409 1810981608
410 -1706978503
411 -1492553506
412 -1492553501
413 -397118203
414 1016745206
415 619627018
416 -253299477
417 -253299457
418 -506598930
419 623174377
420 623174382
421 233150900
422 233150914
423 1206051662
424 1439202578
425 1439202590
426 1439202598
427 1461843048
428 -1604432106
429 -1559151153
430 1131384057
431 -2032199188
432 1692411956
433 -767554311
434 -767554307
435 -743511792
436 2016346893
437 1272835109
438 -1005785282
439 772330634
440 -1239239940
441 -1472694583
442 -1939603884
443 -356571106
444 -713142211
445 -713142202
446 572507912
447 1145015812
448 291239322
449 1295620848
450 1586860189
451 596276799
452 -2111830292
453 -1515553488
454 667583525
455 667583542
456 1335167077
457 -1624633146
458 -1624633139
459 -1246515662
460 -200814649
461 -401629291
462 -401629283
463 2044378412
464 -206210463
465 1838167969
466 -1020260644
467 817907326
468 1635814660
469 1635814662
470 612476687
471 -2046675942
472 1837430077
473 -209245855
474 -418491702
475 1209692535
476 1209692539
477 -665889687
478 1335003703
479 1335003719
480 2004117752
481 379157880
482 -576687935
483 -576687919
484 -1730063786
485 1988215596
486 -318536101
487 -60384287
488 -60384268
489 -120768540
490 -181152798
491 -362305587
492 -784995468
493 -1147301050
494 1819212412
495 -475389673
496 1343822740
497 755348975
498 2099171725
499 2099171726
500 1527158214
501 -765261193
