0 0
1 13
2 30
3 51
4 53
5 162
6 219
7 228
8 231
9 461
10 1155
11 2300
12 4378
13 8542
14 16846
15 32067
16 57468
17 119304
18 208841
19 417684
20 835371
21 835386
22 2297294
23 3968063
24 3968070
25 10233434
26 14201506
27 32371091
28 46572611
29 93145213
30 196523873
31 196523881
32 532765590
33 532765598
34 1262055079
35 1794820681
36 -1238091534
37 -1943417464
38 -124633223
39 -2068050680
40 2102283407
41 -2033817947
42 -1999585200
43 171163660
44 -1828421529
45 -1828421518
46 1070852075
47 -757569430
48 1122570563
49 -392568302
50 -392568286
51 -392568266
52 -812703717
53 -867837996
54 -867837995
55 1354019337
56 -381656636
57 -763313278
58 -1526626549
59 -1317577124
60 1659813066
61 -1184390600
62 1926186105
63 -1893358724
64 -1151563207
65 -1151563188
66 840277694
67 938759882
68 -524088806
69 414671093
70 518056685
71 408638975
72 408638992
73 1225916943
74 1225916961
75 -507798734
76 -1533654158
77 -815535930
78 -815535922
79 -1631071845
80 1032823608
81 -598248231
82 -1196496465
83 -761921075
84 1738301530
85 1738301543
86 1518185552
87 -1258596202
88 259589366
89 -299185490
90 1958294774
91 1918698670
92 -1716166174
93 -2134140009
94 444661119
95 -1689478882
96 -1689478879
97 916009554
98 -773469321
99 -773469302
100 1974559351
101 1974559365
102 -1892787192
103 509392907
104 1792255148
105 -1911547053
106 -119291901
107 -119291882
108 -119291879
109 2025544600
110 1667668952
111 1667668967
112 946623355
113 -13006015
114 -13006012
115 -13005999
116 -13005979
117 894599368
118 894599370
119 1763186780
120 1763186789
121 1020605029
122 2041210044
123 530034586
124 -1723722647
125 -1723722636
126 -876200635
127 -1752401283
128 -57357241
129 -1809758514
130 -1924472997
131 -2125223368
132 -1564487571
133 605256360
134 605256361
135 1210512736
136 1815769109
137 1815769128
138 -663429039
139 -116345347
140 1035994754
141 1035994759
142 1955644174
143 -1303328361
144 -1570661961
145 -1570661941
146 -1570661925
147 1153643433
148 -417018485
149 -834036970
150 -834036967
151 1792856388
152 958819427
153 1917638860
154 1917638872
155 499129877
156 -1878198537
157 -1878198536
158 578010539
159 -1300187988
160 -1300187970
161 1694591348
162 -327774053
163 1366817298
164 1433446624
165 -1428074029
166 -1428074025
167 -1422701424
168 1449564446
169 -1395838394
170 53726053
171 1551643968
172 1551643980
173 1551643988
174 -982147690
175 569496300
176 569496306
177 569496320
178 726341254
179 1295837576
180 -1133795831
181 888383000
182 -1948704972
183 -898280221
184 -1958602188
185 -1958602175
186 -520517270
187 1815847854
188 1673093536
189 -806025898
190 -1612051791
191 1070863719
192 2141727435
193 -1827360294
194 -1827360285
195 -1827360283
196 -1827360279
197 -872746405
198 407747058
199 -1652112887
200 -1244365810
201 933489258
202 -310876541
203 622612736
204 1245225472
205 1556961681
206 -1181043940
207 1621143218
208 -430068124
209 1566992839
210 1136924721
211 -1591049723
212 -1591049717
213 -2045174709
214 658742885
215 -1386431808
216 -1386431804
217 135671863
218 -1978448847
219 -1842776979
220 -1842776967
221 1675171864
222 -167605083
223 -335210168
224 1172356615
225 501936278
226 501936291
227 1673413948
228 -2119617054
229 55733188
230 111466391
231 111466405
232 -167537117
233 111128869
234 222257754
235 277315916
236 443165424
237 720481357
238 1440962706
239 -1413041880
240 -1413041868
241 -1385121024
242 -1385121018
243 -1301358485
244 -1301358471
245 1803933738
246 725942051
247 -1765091491
248 764784312
249 1529568619
250 1529568627
251 2058830081
252 -706568576
253 -706568559
254 -1413137127
255 -1413137124
256 762124491
257 762124500
258 762124518
259 1524249032
260 1524249036
261 1039904282
262 1317684092
263 1111119153
264 -2072728991
265 1395978554
266 1395978561
267 -1503010176
268 -107031604
269 -1610041777
270 -1717073361
271 -1717073353
272 -856252796
273 -856252789
274 1833240532
275 976987762
276 -619350643
277 478372068
278 478372088
279 478372090
280 1435116256
281 -1424734783
282 -1424734770
283 -1424734753
284 -1424734746
285 -1424734738
286 1445497825
287 20763102
288 41526191
289 -1341682357
290 -1279393052
291 1715418093
292 -843368006
293 -407342951
294 464707144
295 -349978762
296 -349978751
297 -642593302
298 -1342550807
299 1959844455
300 -25299638
301 -25299636
302 -25299628
303 541394759
304 516095135
305 981591002
306 1988481650
307 1988481669
308 663587033
309 1843269196
310 -1124524028
311 718745179
312 1437490361
313 1437490366
314 -701241375
315 -701241357
316 -1402482727
317 -1367475090
318 1560017121
319 -1911182048
320 -351164916
321 -351164903
322 -351164888
323 -1404659623
324 -1404659622
325 783318268
326 783318276
327 -1593847573
328 -1431870637
329 -1431870635
330 -1431870628
331 -1594492158
332 -1595136743
333 -1758402855
334 -1758402850
335 778161611
336 1556323214
337 1517509693
338 -1221134379
339 -1664107143
340 1409725779
341 1409725792
342 -1475515723
343 -1541305669
344 -1861476962
345 -583331047
346 1850159289
347 -2135954388
348 1564364199
349 1564364217
350 -1452033976
351 -459259947
352 -918519876
353 1465153514
354 1465153522
355 -1364660256
356 187866977
357 1753513759
358 1941380742
359 -1776866066
360 1918028436
361 141162376
362 141162382
363 141162399
364 423487159
365 423487171
366 988136736
367 988136741
368 -1330557074
369 1492690747
370 1492690758
371 -1309585772
372 183104988
373 528343658
374 -598137108
375 -1196274216
376 1902418858
377 1902418860
378 -1686403775
379 922159729
380 -764244035
381 -1528488076
382 -1528488072
383 -290496922
384 -290496916
385 -580993828
386 76003499
387 -795487233
388 -719483716
389 -1438967441
390 1341028919
391 -1612909466
392 1864635607
393 1864635622
394 1864635641
395 -313969879
396 -313969863
397 1236695910
398 1236695912
399 -2135545333
400 337846491
401 675692993
402 1013539493
403 1013539502
404 2027079013
405 -1254348767
406 772730261
407 -722427785
408 -722427780
409 -1444855549
410 -2116980841
411 10703144
412 10703154
413 21406314
414 21406332
415 42812662
416 85625328
417 85625334
418 256875990
419 428126654
420 685002652
421 685002655
422 1798131978
423 -1126830006
424 -1126829998
425 914477300
426 1143951938
427 1143951953
428 -2007063400
429 68487800
430 349328309
431 698656606
432 1116472727
433 1815129352
434 1815129353
435 1150420748
436 -1329417187
437 272767713
438 -1056649460
439 852251185
440 68369452
441 920620652
442 1841241308
443 -1533105317
444 1297126100
445 1297126119
446 -1392579070
447 -95452941
448 -190905887
449 915314332
450 915314340
451 1639722787
452 -1110974649
453 -2126496364
454 -1597748208
455 1099470881
456 1099470889
457 1099470901
458 1700664471
459 -395361031
460 -395361013
461 -395361007
462 1614052333
463 1218691327
464 1218691340
465 1218691342
466 -638893278
467 -638893261
468 1159596161
469 -118190363
470 402512555
471 166131823
472 450454024
473 616585857
474 616585875
475 616585890
476 -1994755643
477 -761583875
478 -906581887
479 632045902
480 1264091803
481 989555826
482 1979111661
483 569837916
484 507629918
485 1077467850
486 1585097785
487 -1632401654
488 -47303866
489 -94607726
490 888252402
491 746340821
492 1492681632
493 1492681646
494 1492681648
495 1492681651
496 -1309603996
497 1675759320
498 1675759326
499 -760370993
500 -1703819628
501 -422275954
