0 0
1 16
2 24
3 33
4 75
5 87
6 211
7 425
8 808
9 1252
10 2500
11 5199
12 9762
13 14974
14 29947
15 29949
16 84652
17 84670
18 229228
19 313912
20 313914
21 941740
22 1883478
23 2825230
24 2825246
25 8789620
26 11614876
27 27938463
28 51168223
29 102336441
30 193058005
31 386116027
32 760617166
33 1493295876
34 -1654938224
35 1178148857
36 1016506525
37 -2100311909
38 -67298862
39 2127356539
40 2060057689
41 2019803473
42 -255360360
43 -470466481
44 -470466477
45 -470466464
46 -1411399411
47 1942634947
48 -880163880
49 -348928329
50 -697856662
51 -1926948852
52 -1926948848
53 -256787062
54 184282551
55 -1999453351
56 296060602
57 -1703392747
58 -1703392732
59 888181836
60 2072424269
61 1257213389
62 -965329629
63 291883773
64 -673445849
65 -1346891685
66 -2020337524
67 254292245
68 254292254
69 -1511753012
70 -1511753008
71 -1511752989
72 1271461301
73 1271461321
74 -480583357
75 -480583343
76 -961166696
77 -961166684
78 1411467222
79 450300555
80 900601112
81 840035512
82 -2104030112
83 -363393482
84 -276486406
85 1551057299
86 1274570904
87 -1469339091
88 -1469339089
89 -113049965
90 -1582389044
91 -1695438999
92 -565249792
93 451889480
94 790728981
95 1694507938
96 676437617
97 -1246653054
98 -1246653052
99 -1816868477
100 -1939229015
101 538869808
102 538869827
103 -861489363
104 -322619530
105 -2045598257
106 1926749511
107 -441468269
108 -1744425893
109 -1744425883
110 -2003570516
111 546970914
112 1093941814
113 -362657781
114 -362657778
115 -362657764
116 552939413
117 190281656
118 17905534
119 761126608
120 1522253214
121 -1250460869
122 1241106151
123 -2020942182
124 -508043679
125 -1016087348
126 -1016087346
127 -266193247
128 -532386492
129 -532386472
130 931826402
131 -1415227144
132 -1415227128
133 -1898627855
134 -1898627836
135 -1400916252
136 -903204643
137 1990846420
138 2083064988
139 -1124260520
140 -1124260500
141 922185757
142 -1547391148
143 -1547391146
144 -1547391141
145 -549280868
146 25698760
147 -523582096
148 153020822
149 -370561272
150 -1264704635
151 -2005827163
152 283312963
153 -1722514181
154 -1439201211
155 -1853966914
156 -1853966894
157 2003598366
158 149631479
159 -2141737436
160 -1842474468
161 460386888
162 -1370595170
163 -449821403
164 -1049274292
165 43188865
166 1928852203
167 472945380
168 1395712157
169 -1503542977
170 -1503542972
171 790423803
172 2078305165
173 -1426238318
174 652066848
175 1304133708
176 529962256
177 529962257
178 -1278842225
179 -748879949
180 -2027722164
181 769485224
182 1538970442
183 -1746988656
184 -1746988638
185 1081723508
186 -873283341
187 1009430174
188 136146852
189 272293702
190 544587388
191 953027960
192 1769909057
193 -619002335
194 -1646445207
195 -1646445189
196 -2141983666
197 506538458
198 -633368292
199 -1266736590
200 -887027970
201 1507834453
202 -645930100
203 861904368
204 861904386
205 1077878661
206 -2139209978
207 -1061331303
208 -398853861
209 -1460185149
210 -764612992
211 2070169159
212 -553482842
213 -708111809
214 808574520
215 852536048
216 952998762
217 1905997529
218 -482972242
219 -482972228
220 -965944454
221 -965944440
222 -965944437
223 -965944421
224 -51782680
225 1345351320
226 1345351338
227 707031130
228 -897233501
229 -1846249674
230 -2036452040
231 412265597
232 -72702315
233 -1696888755
234 901189797
235 -795698939
236 -795698932
237 -1591397863
238 1112171567
239 -1274925216
240 -162753630
241 -325507273
242 2052554893
243 1564294009
244 -678118384
245 -1844497680
246 768725575
247 768725585
248 579129108
249 579129117
250 1926983815
251 -440999666
252 -440999661
253 1044984495
254 -1625869186
255 -1462884003
256 -2043768679
257 -2043768673
258 207429953
259 414859913
260 414859917
261 1037149796
262 1452009716
263 -768657988
264 2135361453
265 2135361466
266 1696257164
267 903354812
268 -1719599695
269 -1719599678
270 -839587392
271 1735780234
272 -1639651699
273 96128539
274 -647330313
275 -455073219
276 -910146455
277 -1916421430
278 1013326209
279 2026652402
280 -1254988676
281 -131431483
282 -1386420144
283 1522127007
284 4275399
285 8550782
286 17101575
287 25652369
288 51304739
289 106884870
290 106884883
291 307828439
292 521598207
293 521598225
294 1043196434
295 -1900745977
296 493475336
297 493475351
298 -913795280
299 -1827590558
300 -1754435135
301 -1754435118
302 -1754435105
303 -968338044
304 530700643
305 348459689
306 -1843612801
307 -1495153106
308 1835361726
309 1835361741
310 1835361753
311 -2127647981
312 -292286214
313 -292286194
314 1582746924
315 998174532
316 1996349049
317 -9982978
318 272320241
319 262337281
320 -775769161
321 -241111638
322 -754543501
323 -1771424280
324 -1771424271
325 -1019305540
326 1504237499
327 -1286492305
328 -801560328
329 -583815118
330 -1385375440
331 -1385375438
332 940401301
333 1880802614
334 -533362072
335 902466422
336 -1104659026
337 2085649245
338 1883456651
339 1883456660
340 1883456663
341 -1958574379
342 1808338956
343 1205167272
344 1205167281
345 -76293768
346 -1960926507
347 -2113514054
348 -1740399767
349 441053482
350 -1155113315
351 1840507702
352 1126447878
353 1811842285
354 -230229261
355 -1586906392
356 -5293354
357 1115861163
358 1115861177
359 -2063244953
360 163184044
361 -1900060893
362 -1568399446
363 -1568399433
364 -1568399428
365 1984675404
366 1574444395
367 422320940
368 422320954
369 844641901
370 1266962857
371 -1338720630
372 1195205085
373 -143515540
374 -143515524
375 908174030
376 477627437
377 477627442
378 1863428925
379 1863428943
380 -90481966
381 1772946979
382 1114355597
383 365282261
384 1479637873
385 437255416
386 -2012791738
387 -95898435
388 173485391
389 -18311485
390 -1953516257
391 -1798342331
392 698282625
393 1396565244
394 -1657010705
395 980945877
396 -676064809
397 742718236
398 1047599316
399 438187919
400 -1761580756
401 466924730
402 -856468089
403 -389543346
404 -779086703
405 975213137
406 -193416903
407 -193416896
408 -386833791
409 -577541153
410 -1351208731
411 -1928749867
412 1015008703
413 1452476253
414 1452476255
415 1991211355
416 1991211370
417 -687550643
418 1904857305
419 -1937728942
420 -720422264
421 1636816093
422 -1021335105
423 -1021335087
424 1230962000
425 -811708179
426 419253829
427 -182827434
428 236426410
429 -338855356
430 -677710723
431 -962967087
432 -962967072
433 -962967057
434 389500008
435 389500022
436 -1146934096
437 -757434070
438 -757434056
439 -1514868120
440 -1514868108
441 -1396571145
442 1383528060
443 -13043079
444 -1540954267
445 -170469282
446 -340938551
447 -2065405175
448 164156949
449 -1901248208
450 -1737091257
451 -1585558943
452 972317104
453 972317123
454 1944634244
455 566618290
456 -1424639464
457 2058930194
458 634290733
459 -515133280
460 119157472
461 -395975803
462 -276818317
463 -553636638
464 -1107273271
465 -1937728207
466 1249965826
467 1946295022
468 1258532648
469 1409792029
470 -368109969
471 1201508279
472 -2051776947
473 -2051776936
474 1024811738
475 -1877233849
476 1390768253
477 -1513430776
478 -975084625
479 -1950169245
480 1247050919
481 -1678202939
482 -431152014
483 -431152010
484 1754460353
485 892156339
486 1784312672
487 -295189929
488 -159227852
489 -454417761
490 1767633472
491 1313215731
492 -1668535849
493 -355320115
494 -2023855947
495 -966862691
496 948928561
497 -17934128
498 1879922982
499 -1484049873
500 1326867544
501 -1641232196
