0 0
1 6
2 25
3 29
4 73
5 91
6 170
7 172
8 437
9 953
10 1743
11 1747
12 4444
13 7953
14 16850
15 16861
16 33725
17 50587
18 125982
19 125997
20 302573
21 638879
22 638888
23 1277782
24 2858137
25 4135932
26 6994080
27 15904835
28 29892987
29 56927837
30 86820840
31 143748683
32 230569542
33 230569554
34 748636462
35 748636475
36 1727842504
37 1727842516
38 -839282258
39 888560267
40 888560287
41 888560307
42 1826398610
43 197112193
44 -1382896185
45 -1877232083
46 1034839032
47 -842393046
48 -842393029
49 384891995
50 -2142287113
51 -1757395106
52 -62215953
53 -1819611058
54 -1881826999
55 593529247
56 1187058488
57 1187058501
58 1187058510
59 1187058516
60 1187058530
61 -733791734
62 453266812
63 -1014316649
64 -1294841561
65 -1855891383
66 -150607204
67 -150607202
68 2137861511
69 -1314085829
70 -1314085826
71 -791524538
72 -2105610357
73 907522264
74 991268844
75 1898791119
76 900447334
77 -1495728838
78 -1092666565
79 1202111895
80 109445333
81 218890682
82 1530447930
83 -1234071436
84 515267181
85 1139979694
86 1139979714
87 1139979727
88 -359760978
89 1920198477
90 1920198485
91 1920198488
92 1920198505
93 -454570289
94 1465628232
95 1465628251
96 2022115903
97 203834811
98 203834829
99 -1865181744
100 564603817
101 -1096743084
102 -1989651364
103 111829752
104 111829767
105 111829778
106 223659547
107 -1430502508
108 -871353661
109 1993111129
110 26744303
111 26744311
112 -255256408
113 1791343352
114 1791343360
115 -914048371
116 -1626328938
117 1042309415
118 -1498067891
119 -455758456
120 -1953826330
121 -1953826321
122 -524202277
123 -592646077
124 -729533694
125 -1846382040
126 -1846382027
127 -719976526
128 1728608758
129 1728608765
130 1728608776
131 170882493
132 1899491278
133 -495984738
134 736639282
135 -255330194
136 2055698123
137 1800367945
138 42407865
139 42407884
140 -609415666
141 -524599901
142 -1134015564
143 2069344068
144 935328524
145 736641473
146 736641488
147 182988266
148 -1703367535
149 -47096299
150 -47096287
151 -94192580
152 -1891752692
153 511461912
154 -1380290770
155 1534385764
156 154095008
157 308190017
158 616380027
159 616380036
160 -1065536442
161 167223634
162 642637275
163 642637277
164 1003341788
165 1003341804
166 2006683604
167 361037188
168 -923904694
169 -923904676
170 -1486772165
171 1884290457
172 1884290469
173 1357904096
174 -1579159102
175 -1579159093
176 -1800414092
177 -1800414079
178 694139140
179 694139155
180 503258338
181 1197397497
182 1197397511
183 -1900172272
184 494622745
185 -208152007
186 -416304003
187 -624455998
188 -1040759983
189 -1795049228
190 834702100
191 1669404207
192 -331702884
193 -2122563857
194 1840700559
195 1890540128
196 1276973957
197 -1409316494
198 -132342519
199 -828411655
200 797443431
201 -163310725
202 634132714
203 1268265424
204 1268265442
205 -1287614429
206 1883049156
207 -528868971
208 1354180203
209 1354180218
210 -1586606861
211 -1586606850
212 -1819033476
213 656900338
214 -40379546
215 1505847779
216 -1283271738
217 -979936628
218 -757360567
219 -1514721153
220 1265525002
221 1265525017
222 1265525022
223 -498392252
224 -498392237
225 -996784480
226 -728043931
227 -728043924
228 -728043921
229 615658807
230 -112385100
231 -112385092
232 -224770186
233 166118431
234 -283421941
235 -454458783
236 -908917568
237 -908917551
238 -1817835107
239 204838301
240 409676589
241 614514900
242 614514910
243 614514913
244 -2041745974
245 211475350
246 211475369
247 -389765428
248 -389765415
249 1896641217
250 1117110376
251 -1281215685
252 953005069
253 -1609426314
254 1076114678
255 -861522240
256 -1723044485
257 1710400573
258 -1407477775
259 2013323371
260 2013323373
261 34602263
262 -1641196056
263 -1874914335
264 813459174
265 -1061455157
266 -2122910301
267 1110601843
268 -2073763595
269 960899276
270 1108339375
271 -1016833389
272 91505994
273 1143911265
274 1235417260
275 -1732626785
276 646701751
277 1384909503
278 1384909515
279 1384909530
280 1384909547
281 -140238693
282 1104432124
283 -560954771
284 1788148215
285 1227193464
286 -876386939
287 350806542
288 350806560
289 350806572
290 701613137
291 1052419710
292 1754032861
293 -786901581
294 -1573803160
295 -1573803158
296 -1573803156
297 -1213343744
298 -1639785916
299 1441837652
300 -263931024
301 -263931013
302 -1939154033
303 1827951245
304 802772830
305 802772845
306 1494342897
307 -1997851534
308 -503508628
309 -503508623
310 -1510525877
311 1273915549
312 -236610318
313 1037305243
314 60575979
315 2135186457
316 -1298509928
317 -1298509908
318 -401257392
319 1296690073
320 1296690090
321 -2102844521
322 490535661
323 -315618760
324 174916906
325 349833810
326 -1403176893
327 -1403176883
328 2013364251
329 -792989514
330 -792989500
331 -975791636
332 -548406392
333 1184790262
334 1184790267
335 1184790276
336 2030172784
337 741169914
338 -1523624593
339 -677668635
340 1754839753
341 -1970078056
342 -1970078043
343 2109650965
344 -1830505128
345 -1906170494
346 -1272213455
347 1116583353
348 1116583360
349 1116583362
350 2077536632
351 2077536640
352 -1085111236
353 -1225005255
354 -232579848
355 1752270968
356 1519691133
357 -1023005180
358 -2046010367
359 202946555
360 -1843063793
361 -1843063773
362 -1234224067
363 -1234224047
364 -16544582
365 -33089167
366 -66178324
367 -99267482
368 -1449303600
369 -1614749390
370 1230914308
371 -1932406151
372 529422483
373 -1402983666
374 -1402983650
375 86016323
376 86016338
377 86016340
378 258049009
379 516098017
380 860163385
381 860163397
382 -1714477134
383 521947667
384 527797323
385 195431260
386 1245176267
387 1968404865
388 -358157564
389 1610247310
390 170703596
391 1780950912
392 -1091223026
393 -1824288494
394 1379455787
395 244895199
396 244895218
397 489790422
398 534748145
399 1269433802
400 1269433816
401 -731561099
402 -1952912615
403 -1952912607
404 -1952912597
405 389142100
406 389142110
407 -1174628384
408 -1174628369
409 -1174628350
410 -1174628338
411 1945710615
412 1542164481
413 1542164485
414 1542164504
415 1102608454
416 1434134636
417 1434134638
418 1218074953
419 1218074971
420 -1858817371
421 -640742380
422 1795407552
423 1795407563
424 -704152180
425 -704152179
426 1541768385
427 837616214
428 1675232433
429 -1648654618
430 1701810239
431 1701810243
432 -891346812
433 -1782693620
434 729580064
435 -242650122
436 2107856822
437 -1700180524
438 -888087370
439 6518879
440 -473892173
441 -947784353
442 -947784334
443 1043937947
444 96153632
445 192307246
446 288460883
447 288460894
448 865382667
449 1153843563
450 -1987280164
451 31946086
452 31946099
453 95838267
454 127784376
455 287514836
456 575029670
457 862544512
458 1948711674
459 -908681421
460 -1817362854
461 85211925
462 1654134960
463 -78015959
464 -78015949
465 1583314986
466 -1213549252
467 291749805
468 505483633
469 797233446
470 1964232622
471 -736267783
472 1227964844
473 -1041804155
474 -2083608306
475 -2083608305
476 -914053455
477 -600142078
478 -1386444838
479 -1986586897
480 -1986586881
481 -1986586870
482 -1664793340
483 -1664793339
484 -1021206252
485 -2042412500
486 210142298
487 210142301
488 210142308
489 -1411985590
490 -1201843279
491 -1983401953
492 -92121204
493 -2075523152
494 -2075523151
495 51799792
496 51799794
497 -1971923556
498 -1971923544
499 402919991
500 857639790
501 857639800
