0 0
1 20
2 39
3 64
4 130
5 146
6 350
7 692
8 1324
9 2031
10 4050
11 6098
12 10150
13 10166
14 30469
15 40649
16 91451
17 132113
18 223571
19 223577
20 670729
21 1117891
22 1788640
23 1788645
24 1788657
25 7154582
26 7154586
27 7154592
28 23252421
29 23252435
30 23252448
31 84066483
32 84066493
33 237890287
34 429275725
35 751232506
36 1418398537
37 -2125336248
38 711460818
39 1185031339
40 -228844085
41 -457688165
42 -915376323
43 -1601908571
44 -1601908561
45 1091150171
46 -510758379
47 756165652
48 245407275
49 -19943838
50 1562020889
51 2032891606
52 2032891626
53 -229184044
54 1103652790
55 645284697
56 1519753451
57 777431239
58 -248845110
59 -497690216
60 -746535307
61 -746535296
62 -1493070600
63 811135878
64 -681934705
65 -681934700
66 -2045804122
67 1696429650
68 -349374463
69 -349374462
70 -1730058085
71 1516785832
72 -562646707
73 -1125293416
74 -1687940122
75 1481733760
76 -377360635
77 1104373135
78 1104373152
79 1104373158
80 122525284
81 -859322560
82 -1718645117
83 -1718645098
84 120879807
85 120879826
86 1099436733
87 -2096093847
88 -2096093843
89 1443975987
90 -1527895141
91 1118297203
92 1118297221
93 -2058372864
94 178221562
95 -1171452012
96 1243363985
97 1243364001
98 1315275988
99 -1664415327
100 894224664
101 -770190652
102 124034014
103 248068035
104 -1168279260
105 -796177209
106 -796177195
107 1906435689
108 1906435693
109 1906435694
110 628162602
111 2052502398
112 292133404
113 -1950331488
114 -1950331479
115 -927864543
116 -533560211
117 -1067120406
118 -1600680611
119 -1784589946
120 -1784589942
121 725787427
122 -149105765
123 -149105756
124 427575910
125 427575927
126 427575937
127 427575941
128 1561197967
129 -1023465607
130 537732371
131 -485733218
132 51999168
133 51999172
134 103998354
135 103998372
136 103998382
137 207996760
138 415993522
139 623990302
140 1351978975
141 -1903004477
142 488958340
143 977916665
144 -436129452
145 -872258907
146 158486655
147 -713772244
148 -555285574
149 1876007780
150 1320722212
151 -1653522870
152 -1653522868
153 -1986323523
154 322320262
155 -1664003259
156 966960784
157 -697042465
158 -1071764658
159 -1768807113
160 60310593
161 817663659
162 877974262
163 1755948528
164 -783070239
165 -783070230
166 189808070
167 1257590400
168 1257590402
169 -1779786484
170 142132169
171 142132183
172 -237931712
173 -95799510
174 -191599027
175 -191599022
176 -383198047
177 -574797053
178 -957995089
179 -957995080
180 1229383007
181 1229383020
182 -1836201261
183 -1836201246
184 2123335747
185 2123335762
186 574269007
187 -1310228009
188 -1310227997
189 77148778
190 154297551
191 -1814740655
192 -1814740636
193 819783557
194 -994957069
195 -994957064
196 -994957059
197 -994957049
198 -994957044
199 1310096154
200 1310096171
201 -364678825
202 -364678822
203 580738534
204 -1823394083
205 -1242655542
206 1080298569
207 -1405012513
208 904203742
209 -500808768
210 78681039
211 78681048
212 -343446661
213 -186084569
214 -372169133
215 -823019300
216 -823019284
217 -823019276
218 1825909443
219 -1015317536
220 -1658465949
221 1621183820
222 -37282111
223 -1089881770
224 2115203767
225 988039891
226 -697703684
227 -697703670
228 -697703663
229 -697703647
230 -1395407302
231 -2093110944
232 108745418
233 -480212827
234 -371467392
235 -851680202
236 -1594614995
237 996991882
238 -597623106
239 1876573485
240 681327280
241 1960277665
242 -374411971
243 -374411968
244 1892781008
245 1892781012
246 -1258229206
247 1778508888
248 1778508903
249 1789383325
250 1051433823
251 -1454150138
252 648717511
253 -481073869
254 -1286506481
255 -1521579143
256 1005807822
257 -1634634144
258 858055355
259 -776578788
260 -2068928882
261 -2068928868
262 -1396048019
263 -2015517254
264 1040511589
265 1923913615
266 948907953
267 948907954
268 1897815913
269 -1829877554
270 67938364
271 135876737
272 135876750
273 407630228
274 -1082555470
275 -403171736
276 -1485727191
277 1323512915
278 -162214270
279 -1810155746
280 -648857091
281 -1297714184
282 -1297714168
283 -921688160
284 2075564975
285 -2090408624
286 -14843640
287 2045877693
288 2045877700
289 -232899172
290 1812978541
291 1376867480
292 -1338020434
293 38847054
294 1890672654
295 -513621994
296 77877289
297 77877309
298 1571652315
299 1649529636
300 -1431652730
301 1789529227
302 357876516
303 -358032315
304 1789373436
305 1789217646
306 1072997217
307 356465205
308 1429462436
309 1429462448
310 -1079577187
311 1779347706
312 1779347714
313 -386386610
314 1392961119
315 1006574528
316 2013149041
317 117717394
318 -150951816
319 -1308478134
320 -1341712537
321 -1341712522
322 303064120
323 606128236
324 606128240
325 1212256493
326 1385864582
327 -1090717965
328 2113531366
329 -1886289301
330 522388686
331 522388687
332 181301484
333 1453320936
334 793110499
335 -1344845673
336 -551735157
337 -1103470326
338 -1655205473
339 -1655205455
340 -670649102
341 -1341298197
342 -1341298190
343 1926278188
344 -756318198
345 -756318192
346 2026012725
347 -1855312772
348 170699965
349 -1684612799
350 -2099531057
351 -1173789361
352 -1173789359
353 -1666055308
354 792156719
355 792156734
356 792156748
357 -463374462
358 1120939039
359 1449721337
360 1449721356
361 -737960025
362 -1012545584
363 -1750505589
364 793956100
365 -956549483
366 -956549464
367 1425318879
368 -487780051
369 -975560102
370 -1463340139
371 1368287024
372 -1558393265
373 -190106229
374 -190106226
375 -570318676
376 -570318671
377 1215724244
378 75086907
379 1290811152
380 1440984962
381 -1488084264
382 -1488084247
383 -244372381
384 1074426416
385 830054046
386 1904480463
387 -1560432785
388 344047698
389 344047712
390 1032143107
391 1032143109
392 1032143114
393 -1198537956
394 865748279
395 1731496547
396 -1864117304
397 -132620739
398 -598031172
399 2475619
400 -728176279
401 -728176266
402 -2051908086
403 789182285
404 -1990902063
405 -415013105
406 -101849931
407 1787202202
408 -720562892
409 -720562888
410 -720562880
411 2133278651
412 692152895
413 2104868671
414 -85229951
415 -170459899
416 379643088
417 -2066145372
418 -2066145367
419 286629807
420 828949453
421 1115579268
422 -1901132194
423 330026348
424 -1571105845
425 1152755612
426 1152755629
427 1064431764
428 1064431770
429 1064431784
430 2128863558
431 -1101671943
432 -1101671932
433 2091623430
434 989951500
435 -1287872664
436 -297921151
437 -297921150
438 -595842287
439 -595842274
440 1219567789
441 27883245
442 55766479
443 55766486
444 763141738
445 902557959
446 1665699708
447 -907801400
448 757898317
449 -1876612701
450 541741897
451 180925832
452 722667737
453 326621100
454 1230214677
455 -2015463769
456 -2015463752
457 264039779
458 1758294233
459 2022334017
460 13740514
461 -500598521
462 -1001197045
463 -2002394091
464 790777656
465 1581555304
466 -1922634326
467 1741074806
468 -181559500
469 1218436285
470 855317279
471 855317281
472 1710634572
473 1710634590
474 2055372729
475 -1402658140
476 634333745
477 -1297284358
478 -662950609
479 -1960234962
480 1008831120
481 1008831123
482 2017662259
483 -259642793
484 -519285584
485 -1038571162
486 1208993851
487 1409156584
488 1579579285
489 -97237574
490 1482341719
491 1287866581
492 -1524758994
493 -1524758974
494 -1524758956
495 -1524758954
496 1245449396
497 -558619184
498 686830222
499 1373660453
500 2060490690
501 -173985925
