0 0
1 14
2 31
3 51
4 84
5 183
6 361
7 637
8 1005
9 2015
10 3022
11 3024
12 3031
13 12101
14 23204
15 41373
16 79714
17 144305
18 288614
19 432929
20 945581
21 1811447
22 2757034
23 6235619
24 6235623
25 6235625
26 23275352
27 44739256
28 80485870
29 160971744
30 309472236
31 550929861
32 1146598986
33 2007001103
34 -590437332
35 1416563780
36 826126459
37 510885704
38 -124827562
39 2038311054
40 -1044471632
41 993839434
42 1987678875
43 1937046681
44 623597695
45 1247195401
46 -487127507
47 760067899
48 -214187123
49 58753288
50 604634080
51 1209268161
52 1209268168
53 -1271796872
54 1751373546
55 479576689
56 959153381
57 -1167392383
58 271337688
59 271337700
60 542675405
61 -82041588
62 -82041582
63 921267631
64 839226063
65 2139085944
66 -395387654
67 -395387647
68 -2107430573
69 1396761435
70 -1501444433
71 2082853737
72 1978170757
73 -338625799
74 -572568584
75 -572568575
76 -572568564
77 -78160748
78 -1223297869
79 -1223297857
80 625073694
81 -598224151
82 1797060368
83 600612056
84 600612067
85 600612085
86 1201224155
87 1801836252
88 -691294801
89 -1382589593
90 -272048129
91 657127893
92 385079781
93 -612430040
94 -612430028
95 -1224860055
96 1845247190
97 620387149
98 1240774285
99 1869118553
100 -1185074451
101 -1185074443
102 739743951
103 -445330485
104 -890660957
105 -1781321931
106 1917397883
107 136075969
108 2053473865
109 -188019576
110 -188019565
111 -188019563
112 1489415166
113 1301395617
114 -2068215208
115 346556450
116 -1721658755
117 -2141921891
118 -1290272102
119 -858885444
120 -1371214445
121 -1367326581
122 1556426284
123 -2041000166
124 -2041000152
125 -2041000146
126 -1638933453
127 -1910540328
128 -1295506611
129 1088920372
130 538907292
131 538907304
132 -2128232318
133 -1589325010
134 577409981
135 1693727269
136 -907512756
137 786214531
138 1572429052
139 -572699215
140 -572699212
141 427030643
142 854061282
143 708392729
144 1562454027
145 -1315727813
146 246726215
147 493452440
148 493452447
149 1233631115
150 -1827705063
151 -1827705056
152 -1434874098
153 -1434874087
154 2064776294
155 -804971888
156 -804971886
157 -804971876
158 -804971862
159 1075079799
160 270107940
161 -1069727884
162 -529511990
163 -529511974
164 -1858643892
165 1377299441
166 -1540368401
167 -1540368392
168 203374086
169 -1500063255
170 1457909751
171 1375451091
172 1536671675
173 75065235
174 1611736922
175 1761867390
176 2065825021
177 2065825023
178 2065825043
179 981144809
180 350552698
181 1168380292
182 -1958206723
183 -439273728
184 102597365
185 2000084220
186 2102681597
187 2102681610
188 -89604075
189 1923473436
190 1923473442
191 1923473447
192 1923473457
193 -896040793
194 1027432677
195 1606844952
196 -1660689653
197 -1660689646
198 -687101661
199 -687101652
200 1206229647
201 519128003
202 1038256005
203 1557384015
204 -1180199253
205 377184782
206 377184801
207 1131554365
208 705724698
209 -1703318634
210 511145246
211 645105695
212 -547067685
213 -1094135365
214 -1641203041
215 1657666903
216 1657666919
217 1674130783
218 -2040841086
219 1290956626
220 924246334
221 -2079764327
222 -2079764318
223 -2079764304
224 135438680
225 135438693
226 -1808886921
227 -1808886913
228 948070844
229 -860816063
230 764448245
231 -96367803
232 -96367790
233 -192735590
234 -481838997
235 -770942357
236 -770942354
237 -2023723706
238 729358899
239 976878795
240 -1088428352
241 -1405914345
242 1483138593
243 -1011204086
244 -2022408177
245 1261355038
246 -1695032964
247 -1695032953
248 904901397
249 1809802787
250 -675361728
251 1134441061
252 -2026085172
253 1147698365
254 -419307457
255 -419307438
256 309083487
257 -529531406
258 -220447909
259 -220447896
260 -440895797
261 -661343690
262 -1543135279
263 1429144639
264 -775334311
265 -775334309
266 -121523966
267 -1786183207
268 -1907707155
269 -295781327
270 305295611
271 305295619
272 610591244
273 -982306001
274 -371714742
275 -132838267
276 -876267752
277 1931840548
278 1055572803
279 1978307351
280 -1261087141
281 -590333730
282 126886494
283 -1724534368
284 -1724534360
285 845898584
286 1691797164
287 -1757271534
288 -944110145
289 -1888220274
290 1397162522
291 1102527874
292 -2089911542
293 -2089911538
294 115144218
295 1332816319
296 -641950995
297 -1283901989
298 -1283901985
299 -1876938632
300 -791726293
301 -941501592
302 684800781
303 -1048427095
304 -2096854194
305 1149686011
306 1149686021
307 1149686031
308 1352203872
309 -643391356
310 1858498551
311 -577970189
312 -577970186
313 1411370709
314 2113928889
315 -67109515
316 -1992717587
317 -2059827097
318 175313106
319 -1884513971
320 -1533887760
321 -1533887751
322 1227191804
323 -306695935
324 920495879
325 613799963
326 1227599916
327 -612575662
328 615024255
329 1843848481
330 -1836094544
331 622778208
332 630532164
333 1876088569
334 1293304410
335 1293304419
336 798262271
337 965992392
338 -1237408203
339 -1181511995
340 638638888
341 -814288899
342 -814288897
343 -989938905
344 1133577490
345 1133577507
346 462927207
347 462927208
348 462927214
349 925854426
350 925854446
351 925854456
352 925854472
353 -591549494
354 -1183098989
355 -848794009
356 -2031892997
357 565486293
358 565486312
359 1130972615
360 1130972635
361 1130972647
362 -902049398
363 -1804098780
364 686769726
365 -1117329050
366 2060309199
367 942980169
368 942980174
369 942980184
370 1885960368
371 1885960378
372 1362913809
373 1782847463
374 -1149206009
375 1996555283
376 1996555288
377 331784732
378 331784751
379 -1634842524
380 -1273129754
381 -1273129739
382 113865296
383 227730578
384 2090303685
385 2090303697
386 -114359901
387 1975943800
388 1974954579
389 1974954582
390 1630885679
391 -1147555844
392 -1836682864
393 -1836682863
394 1104931405
395 -731751453
396 994781527
397 1989563064
398 -1310622686
399 1673721915
400 -1679274928
401 -1316175689
402 -642788313
403 -642788294
404 -1285576589
405 -1285576584
406 -877938164
407 203087669
408 1048963648
409 374113167
410 748226331
411 -1920576468
412 -798236965
413 -798236961
414 1900256420
415 -1616793955
416 -1616793935
417 1365161907
418 31830440
419 63660881
420 63660900
421 -92479794
422 66672431
423 -25807357
424 12046190
425 12046196
426 12046206
427 24092414
428 36138625
429 96369648
430 132508279
431 132508291
432 397524852
433 662541426
434 662541440
435 1987624299
436 -1644801550
437 -1644801538
438 -1301978771
439 1348187006
440 46208242
441 1394395250
442 1440603506
443 -1367552047
444 -1433125329
445 34321390
446 34321395
447 -1291431083
448 -1291431075
449 -1291431064
450 1712105168
451 420674116
452 -450082852
453 -450082848
454 1232613599
455 753122034
456 1535652790
457 -2006192459
458 -470539659
459 -187957283
460 -658496941
461 -658496922
462 313284034
463 -1662206763
464 -2007419642
465 -2007419639
466 -1382078741
467 -1101950724
468 2091065863
469 -112835572
470 1978230292
471 1978230302
472 1978230317
473 -338506674
474 1301216956
475 962710284
476 1586913901
477 -782632824
478 804281089
479 -1723694826
480 847577629
481 -854468916
482 -926305006
483 -1852610020
484 661583356
485 661583361
486 -1455748304
487 -794164932
488 -794164924
489 -1720911427
490 1779890949
491 -1529350318
492 2030431592
493 560060799
494 -1704474893
495 886017502
496 242684684
497 -575772704
498 -333088013
499 -908860701
500 -1575036723
501 1144893855
