0 0
1 11
2 12
3 31
4 72
5 131
6 265
7 528
8 998
9 1798
10 1808
11 5149
12 9764
13 9769
14 24692
15 44244
16 93631
17 162571
18 300464
19 556667
20 1157593
21 1714277
22 3891584
23 7320133
24 12926008
25 24137741
26 37063765
27 85339248
28 159466778
29 318933553
30 318933566
31 882673156
32 1201606723
33 2084279892
34 -1009080667
35 -1009080665
36 -1009080663
37 -942962097
38 -1952042750
39 -1627279545
40 -227317078
41 -1854596609
42 -2081913675
43 131139946
44 489596961
45 979193927
46 -481982830
47 -963965653
48 -1445948476
49 1885053170
50 1885053179
51 -524860943
52 -1049721870
53 749575068
54 -825007741
55 -1650015482
56 1819944085
57 169928614
58 1989872707
59 1504722197
60 1504722206
61 1504722220
62 -2085895260
63 -1866695932
64 342376120
65 342376128
66 -1181943664
67 -154815310
68 1776264656
69 1124257941
70 1563763637
71 14503648
72 14503650
73 1592770937
74 -1109425406
75 483345533
76 -626079866
77 340611217
78 -285468641
79 55142584
80 110285180
81 -120040872
82 100529478
83 90773803
84 236690192
85 327464014
86 635416632
87 635416633
88 1270833281
89 -1753300739
90 -1753300734
91 2059199117
92 -1447402352
93 1400162603
94 -1494642093
95 -1235983453
96 -718666171
97 -1954649609
98 -1954649605
99 -332998084
100 2007319623
101 -280328058
102 -280328042
103 -280328033
104 833337410
105 553009383
106 825690732
107 1378700121
108 -984557676
109 1772842562
110 -749282163
111 1417702847
112 -1459561593
113 -41858726
114 939842931
115 856125464
116 1795968412
117 1795968426
118 1795968437
119 1795968454
120 -1406060851
121 389907618
122 389907626
123 -1329276011
124 -549460760
125 -1488829141
126 927401400
127 927401408
128 1854802821
129 -585361662
130 -585361658
131 -1170723303
132 -486643785
133 -1657367087
134 -190490185
135 789742939
136 1579485893
137 34727780
138 -1891010665
139 -276796984
140 -2133079864
141 1885090449
142 1913898027
143 1389111644
144 1389111664
145 149164639
146 546318689
147 -821260654
148 1263334340
149 988392380
150 1976784761
151 -887716458
152 2077460687
153 1189744243
154 1049698328
155 1049698348
156 183917869
157 -2011652746
158 -1827734873
159 -1827734869
160 -1827734851
161 -1188237293
162 -93160022
163 -641899728
164 -641899718
165 -1376959450
166 1541048384
167 -1119710492
168 -1119710486
169 1577735551
170 458025074
171 1337388043
172 1133727692
173 1133727696
174 1133727703
175 -893784189
176 -450180341
177 -210236809
178 -660417138
179 -660417128
180 -660417126
181 -660417114
182 -1320834222
183 -1320834215
184 -327952503
185 4512134
186 669441384
187 -974833190
188 -305391805
189 -305391803
190 -911663279
191 1797687234
192 -699592833
193 -424352475
194 -543313151
195 -543313135
196 -412884342
197 -1499510625
198 871593574
199 -1040801389
200 1670051389
201 1670051394
202 -1995665890
203 1175229088
204 849614607
205 849614619
206 -1746123473
207 -867331031
208 -914225266
209 -1828450539
210 -211548389
211 473412074
212 946824154
213 -619762688
214 -1239525369
215 -912463890
216 -1824927778
217 -301712422
218 16337854
219 16337859
220 -269036699
221 1931966122
222 1393892722
223 -1238145139
224 -1238145134
225 849568582
226 1699137158
227 1466308196
228 1538723679
229 20625186
230 -1269310219
231 -839483283
232 -839483282
233 -1678966555
234 937034188
235 604758155
236 -137174210
237 -137174203
238 -411522621
239 -411522612
240 -1097393629
241 -1508916229
242 1688657458
243 1688657469
244 1868398717
245 950746363
246 950746368
247 950746382
248 -1442728167
249 -1017057626
250 392453324
251 -2067332467
252 -2067332450
253 -2067332449
254 1763332927
255 248756184
256 248756199
257 193512863
258 691025260
259 1382050510
260 1382050520
261 -397571930
262 -1043900058
263 -59421464
264 -59421453
265 -178264367
266 -178264358
267 -178264341
268 -653635978
269 -1010164670
270 -1010164661
271 1442737661
272 432573004
273 1875310669
274 -1554510616
275 1185946058
276 1506746112
277 -1602275115
278 -464093556
279 -2066368659
280 162229985
281 324459966
282 486689963
283 486689973
284 1460069894
285 -1861517459
286 -401447545
287 -316205122
288 -316205109
289 -316205092
290 1083386973
291 134771653
292 134771668
293 134771684
294 134771691
295 134771693
296 404315088
297 808630166
298 1212945262
299 2021575437
300 152498672
301 152498690
302 -1968394479
303 -1815895782
304 -1815895767
305 663175754
306 -1152719997
307 -1152719996
308 -1152719982
309 -1152719976
310 -1152719970
311 836807377
312 520894759
313 -947737806
314 409964335
315 819928676
316 819928688
317 1639857373
318 -1553026012
319 2136653063
320 -1251554167
321 1791858958
322 -1531178074
323 1145779788
324 154906517
325 1561367191
326 1716273724
327 1716273733
328 698947353
329 1397894720
330 2096842084
331 2096842092
332 2096842100
333 2096842118
334 1995559027
335 -303849242
336 -607698479
337 982728239
338 2066739555
339 -1853197962
340 213541594
341 -1639656362
342 -1426114757
343 -1426114750
344 -1426114730
345 -1623033287
346 -1623033284
347 -1803328740
348 868605277
349 114177273
350 982782563
351 1965565117
352 2127801495
353 895359161
354 1676541056
355 -1924667748
356 -1924667729
357 850366247
358 -1074301479
359 2146364346
360 2146364358
361 2146364378
362 -2238544
363 1067585767
364 -1085494275
365 -22385602
366 -40294090
367 -82826742
368 -1231000698
369 -1354121524
370 -1354121523
371 355723570
372 355723582
373 355723600
374 -1641072281
375 -1928023048
376 1793042736
377 -1420328980
378 1454309329
379 1454309338
380 -1386348616
381 -1386348603
382 1522270082
383 1658191549
384 1658191565
385 -842662691
386 815528887
387 -27133784
388 -1032851769
389 571072218
390 -488913317
391 -977826641
392 -1928519502
393 437928298
394 437928308
395 -1052662889
396 -614734574
397 1574906947
398 1574906964
399 -1145153381
400 337263078
401 337263088
402 674526175
403 1778805926
404 1778805936
405 -737355416
406 -800184673
407 241265854
408 482531706
409 723797570
410 -89944952
411 557465514
412 1915115695
413 1915115714
414 -464735876
415 -929471762
416 520908094
417 520908106
418 520908122
419 1041816248
420 1562724385
421 -127702329
422 1435022063
423 1435022064
424 -1424923152
425 1445120985
426 -1404725323
427 1485516653
428 1536011232
429 -1273439401
430 1748088491
431 2010660335
432 1211870017
433 1211870031
434 1211870041
435 -659357193
436 552512867
437 -106844319
438 998181403
439 1996362803
440 1996362812
441 1996362827
442 -1709509054
443 286853788
444 271465889
445 271465906
446 829785588
447 1101251498
448 -1820998400
449 110038694
450 220077384
451 220077390
452 440154790
453 880309582
454 880309594
455 -1874115923
456 546735438
457 546735445
458 546735446
459 1640206349
460 -2108025498
461 625651757
462 625651763
463 625651774
464 625651779
465 394581577
466 1645885135
467 -1003197030
468 1662921477
469 -969124339
470 -969124337
471 -275327180
472 -275327173
473 1806064271
474 -682838751
475 1123225539
476 1695796720
477 -628046671
478 1067750066
479 -1036241640
480 -2072483267
481 1625945796
482 -415029032
483 -861566490
484 -1723132986
485 1295238793
486 -427894174
487 -427894171
488 439450457
489 878900913
490 890457201
491 -2086158708
492 -305244292
493 -1500945796
494 -1500945786
495 -1500945782
496 -1500945767
497 -1500945756
498 1085205709
499 -623610076
500 461595652
501 461595659
