0 0
1 18
2 35
3 72
4 138
5 143
6 406
7 795
8 1496
9 2306
10 5155
11 9771
12 14933
13 32181
14 32199
15 79327
16 111539
17 190886
18 446147
19 860099
20 1497143
21 3105817
22 4602966
23 10512177
24 18220980
25 18220999
26 54662947
27 106220074
28 160883023
29 267103114
30 607090164
31 874193284
32 1909269600
33 -1511504406
34 1879048650
35 -2018153448
36 1132853683
37 -517755514
38 -1403055259
39 1488856773
40 1488856793
41 -2105210816
42 -616354020
43 -616354014
44 -360205268
45 2085699980
46 2085699992
47 2085700010
48 -123567292
49 -247134574
50 -494269154
51 -494269142
52 -1359240153
53 1947188859
54 1947188876
55 1546599288
56 1546599295
57 1333368877
58 -268989392
59 -268989386
60 -1952977883
61 -1157587768
62 915412260
63 2099813907
64 -364328859
65 1735485067
66 1735485080
67 1735485096
68 911487957
69 87490851
70 -1560503375
71 1173960548
72 -386542826
73 -685594783
74 101822958
75 -970314635
76 -1554086454
77 1770566213
78 -652011914
79 1118554313
80 1118554329
81 1118554334
82 -939304310
83 -1878608628
84 -1699358584
85 717000086
86 717000105
87 717000111
88 -2143966991
89 -2143966984
90 724033448
91 -2129900294
92 -1398833517
93 1490266945
94 1490266959
95 1490266960
96 -1314433371
97 -1314433370
98 351667195
99 351667199
100 351667203
101 703334417
102 1055001631
103 2110003254
104 2110003257
105 1683375277
106 -928216747
107 1735199377
108 -1804609374
109 -1499215501
110 991142427
111 -577483063
112 413659374
113 413659378
114 -258237384
115 155422012
116 147020331
117 44204976
118 502069315
119 693294632
120 1386589261
121 1386589276
122 -282219819
123 -1110713926
124 -1110713916
125 -1110713910
126 680605727
127 1361211467
128 -179610626
129 751492662
130 1502985334
131 -858888457
132 644096896
133 1860075829
134 -1146697682
135 498586596
136 1211964760
137 -1226940890
138 -14976113
139 -678063312
140 -209428950
141 -209428949
142 -209428947
143 -628286844
144 -1047144720
145 -1675431556
146 944104181
147 -1778472089
148 -834367899
149 1682127313
150 1682127321
151 751414662
152 751414665
153 -1110010640
154 -358595971
155 -358595954
156 -324373218
157 2143391525
158 1101826393
159 1101826402
160 -2091314491
161 112338320
162 -1978976153
163 1438841381
164 1775856354
165 -743254578
166 1032601779
167 1525068799
168 -704694939
169 -1409389869
170 443585777
171 887171555
172 -78632526
173 -78632516
174 -157265034
175 572641482
176 572641484
177 572641497
178 1717924471
179 -859118345
180 2004089123
181 -859430536
182 285540254
183 1430198843
184 1715739100
185 -1149029347
186 1996908610
187 -301150088
188 -602300169
189 -602300149
190 -1505750400
191 1584616579
192 -523433956
193 -444567771
194 -444567763
195 -444567747
196 -889135494
197 -1778270993
198 1182993082
199 1182993087
200 1182993104
201 -1928981090
202 -158272802
203 278732302
204 278732310
205 -346796156
206 52395667
207 -15668176
208 247395967
209 247395982
210 479123786
211 726519779
212 1453039566
213 -2115407942
214 64151417
215 607426621
216 607426636
217 1279004676
218 1279004685
219 -522104672
220 -522104665
221 234795364
222 -809413969
223 -1618827925
224 1866725420
225 247897515
226 -78823583
227 -78823579
228 338147851
229 338147871
230 676295737
231 1014443614
232 -2006755787
233 22131442
234 22131444
235 -1962492889
236 -1918229993
237 -1918229990
238 -1503985565
239 1286996157
240 -1720974982
241 438772934
242 4794125
243 4794138
244 4794156
245 -1267819621
246 -1253437200
247 1778504638
248 -733163870
249 -1471121883
250 -1471121880
251 -1896902978
252 501161332
253 1428103788
254 1385085678
255 1417447831
256 -1460071642
257 1342461887
258 -181939752
259 -1791983292
260 -631461139
261 -631461129
262 -631461113
263 426660884
264 -1467722479
265 -1041061587
266 1786183237
267 -722600824
268 -1018540760
269 -1741141572
270 -1741141564
271 -928457423
272 -1134314011
273 -1250087272
274 982108591
275 1964217194
276 1696238514
277 -634511587
278 -286914572
279 -1555937745
280 -781125387
281 -1562250773
282 395653409
283 395653412
284 395653432
285 395653441
286 1582613699
287 -1921046723
288 -1921046704
289 -1921046703
290 -1468172820
291 -1353731935
292 1925936431
293 -895968323
294 -323763820
295 -1219732131
296 -1219732115
297 -1733259940
298 1341975251
299 1140454554
300 1140454573
301 669892332
302 -1735450511
303 74896396
304 -1660554108
305 1643751421
306 -1007464465
307 636286973
308 636286993
309 1272573981
310 -1113532389
311 1431615574
312 1590657186
313 1590657196
314 317962676
315 317962681
316 317962687
317 317962696
318 1271850757
319 1907776150
320 1907776162
321 -479414965
322 -479414948
323 948946267
324 1897892529
325 -499182246
326 1388826657
327 -1037899031
328 -1596383113
329 -1596383100
330 1102201098
331 1166503170
332 672321185
333 672321193
334 1344642386
335 663021746
336 663021752
337 -951960209
338 -951960199
339 -1240898645
340 -1240898634
341 1813170030
342 1722419654
343 -759377611
344 963042048
345 1926084097
346 -1405841135
347 -1405841118
348 1483285055
349 1483285069
350 2080971987
351 -653266301
352 -1383976529
353 -1284667997
354 1626322779
355 385383941
356 727038739
357 1454077477
358 1454077489
359 -274389636
360 -1661201965
361 1699602113
362 38400166
363 38400168
364 1776402467
365 1814802639
366 -626961841
367 -1330724021
368 1633519256
369 1633519262
370 1936314515
371 -725133502
372 -1450267010
373 2119566797
374 -55833711
375 613466078
376 -1617768123
377 -1617768108
378 1617063434
379 -1618472784
380 1058021722
381 1058021723
382 2114634110
383 -1122311449
384 -1186601173
385 -1186601171
386 1921764968
387 1921764973
388 1921764977
389 1921764978
390 1470327634
391 567452948
392 -335421716
393 1702358885
394 -890249542
395 -890249531
396 153891062
397 -1626608006
398 1041751283
399 -430965660
400 -1752180845
401 1526964074
402 -225216759
403 160352095
404 160352110
405 95487465
406 95487479
407 351327071
408 702654127
409 1149468682
410 -1900542469
411 398394897
412 701302310
413 -800845242
414 -1601690487
415 -1701233411
416 892500480
417 892500499
418 892500516
419 1785001019
420 -1533698190
421 2036303849
422 502605664
423 -1504754940
424 -499543606
425 -499543592
426 -999087188
427 -999087181
428 1797249348
429 -700468598
430 97693572
431 195387148
432 -407387864
433 -814775734
434 -1026776431
435 -1026776425
436 1214638004
437 -1653690577
438 -1465828979
439 1363309323
440 -541572214
441 -644091854
442 -1185664055
443 -1185664046
444 -1185664026
445 93883320
446 187766649
447 1019625143
448 1207391807
449 -2067950344
450 440716595
451 -1627233736
452 1040499826
453 2080999651
454 2080999654
455 -132967983
456 1948031677
457 -1572371762
458 109723948
459 -1861551756
460 -1861551740
461 571863818
462 1143727631
463 -1897788079
464 -1897788074
465 353430859
466 852822011
467 852822016
468 2059074900
469 -176817506
470 -176817500
471 -353634996
472 1351804914
473 821352431
474 1642704850
475 -1830910013
476 1631317201
477 1631317207
478 1431724411
479 1431724425
480 199798767
481 -1231719680
482 399803521
483 -2063635842
484 -1663832310
485 967302673
486 702885669
487 702885670
488 -1354394134
489 -1354394128
490 -1354394113
491 1586179072
492 1586179091
493 -890824206
494 -427254272
495 -427254268
496 -854508524
497 -1709017044
498 876933197
499 -2113846624
500 -1236913413
501 -742385103
