0 0
1 7
2 21
3 43
4 84
5 163
6 169
7 430
8 906
9 1679
10 2592
11 5796
12 10982
13 10992
14 30382
15 60761
16 118921
17 232056
18 350995
19 350997
20 702003
21 1754990
22 2807998
23 5966986
24 11231986
25 22463978
26 44225952
27 83888908
28 83888924
29 212003802
30 424007605
31 636011417
32 1355911768
33 -1667032693
34 -311120922
35 437777192
36 -184464640
37 -57808369
38 -242273004
39 -242272987
40 -289041789
41 -531314757
42 -820356533
43 -2125259063
44 286722174
45 1104759130
46 -733777745
47 2007055269
48 2007055282
49 -1014634482
50 -2029268956
51 1251063866
52 -778205078
53 -778205061
54 -1556410137
55 1182147023
56 -1930673238
57 1990030957
58 1990030970
59 1675125580
60 -629810738
61 730409475
62 730409491
63 201197494
64 1662016466
65 -970934366
66 -970934364
67 -1941868719
68 1382164231
69 -839556744
70 -839556738
71 -839556724
72 1776297103
73 97183661
74 194367315
75 1228291369
76 -1838384564
77 -1838384555
78 2040856874
79 -1635912235
80 -1635912217
81 1023142863
82 2046285711
83 -202395869
84 1231120489
85 -196814086
86 -1416771044
87 1461425219
88 1461425224
89 -1754581489
90 -1754581486
91 -586312521
92 199491811
93 398983617
94 598475434
95 997459061
96 1595934506
97 1595934508
98 -1103098268
99 -610262047
100 1478508709
101 1361082918
102 -1455375664
103 1384215978
104 1289923239
105 1218763564
106 -1857440168
107 580086964
108 580086965
109 521497339
110 -175768885
111 -351537773
112 1154364613
113 627057975
114 1781422601
115 -732122101
116 1049300515
117 2098601019
118 529292726
119 -617773031
120 -88480302
121 -706253323
122 -706253317
123 -1589467234
124 -1589467223
125 -1589467219
126 -1179687690
127 -1653122056
128 988723182
129 -1844086551
130 -982673021
131 -982673017
132 -982673016
133 1346948243
134 -618397784
135 2075498704
136 838703140
137 -652214991
138 186488164
139 372976329
140 372976336
141 932440845
142 932440852
143 932440866
144 932440871
145 -192227513
146 -757431362
147 -949658870
148 -34435996
149 -1001312856
150 -1001312851
151 -2037061696
152 1256592759
153 -780468934
154 -780468915
155 952247660
156 952247678
157 952247681
158 1295805188
159 1295805205
160 1153386125
161 -549970765
162 -147693848
163 -147693841
164 308027684
165 308027691
166 468361536
167 789029241
168 1257390797
169 1257390799
170 -214767230
171 -1205923677
172 -163300099
173 -163300096
174 -163300079
175 -326600160
176 -653200317
177 -1306400644
178 1682166011
179 375765383
180 751530756
181 1503061510
182 -2040375022
183 -2040375011
184 1717278785
185 -323096220
186 -1183505951
187 -1183505939
188 -972829319
189 955126089
190 -1201209158
191 -1218912368
192 673636608
193 -545275754
194 128360859
195 2131567488
196 -1906678094
197 353250255
198 578139669
199 931389925
200 1509529601
201 1509529621
202 -344518142
203 -1620426197
204 -455414704
205 598700183
206 598700192
207 1197400390
208 1939386077
209 -416195138
210 -376975576
211 -1951351541
212 1550445049
213 745308875
214 -448768318
215 -104365920
216 -104365901
217 -104365890
218 -313097702
219 -417463573
220 -834927163
221 -1252390729
222 -2087317873
223 -2087317868
224 1910517403
225 778458230
226 601657768
227 601657782
228 601657799
229 1203315599
230 -508220115
231 -508220101
232 186875384
233 186875403
234 -642689412
235 -455813996
236 -1232972706
237 -1688786685
238 -1688786682
239 -771392771
240 1834787857
241 1063395099
242 438003521
243 876007043
244 1314010566
245 -1666946153
246 -352935568
247 -705871137
248 -1058806703
249 -1058806695
250 -548398951
251 923083818
252 -684121826
253 238961998
254 -70474953
255 -70474947
256 -140949882
257 -140949878
258 -281899750
259 -422849609
260 -704749350
261 -1127598947
262 2039769403
263 2039769414
264 2039769418
265 2039769428
266 -1558455866
267 -1558455848
268 -1558455841
269 1178055627
270 -380400210
271 417255171
272 -1902001082
273 -1902001075
274 908220316
275 1816440645
276 -662086009
277 1154354643
278 1314928540
279 -1825684109
280 1797953719
281 1287198160
282 -1209815406
283 1875336478
284 1924988848
285 1924988857
286 220531488
287 2145520347
288 2145520359
289 216604907
290 -1936768619
291 425356653
292 -1294807046
293 -869450391
294 619297906
295 -1544959512
296 -1544959501
297 -339911241
298 614984566
299 -1269886162
300 -994812832
301 760382142
302 -234430676
303 525951480
304 -1212796031
305 -686844537
306 -847737605
307 2073540621
308 538958493
309 538958499
310 538958518
311 538958536
312 538958548
313 538958562
314 1077917125
315 1077917134
316 -1600174457
317 555659811
318 1650278180
319 605763539
320 -2038925567
321 -2038925552
322 -2038925549
323 -1216045824
324 1257112113
325 258182494
326 1515294610
327 1814543403
328 -665880498
329 -115715160
330 -115715142
331 -231430288
332 -462860579
333 -925721156
334 -1851442322
335 1517803829
336 1517803844
337 -204416373
338 -1463775982
339 -1463775974
340 1162998984
341 -300776980
342 862222013
343 862222023
344 862222042
345 -1708301207
346 577587904
347 -268491245
348 -268491234
349 -536982472
350 -1073964942
351 -1610947399
352 1610054956
353 -1880331085
354 1339778827
355 -540552255
356 -540552253
357 -1081104493
358 2132758315
359 1051653829
360 1022203152
361 -1710008733
362 363848254
363 -1346160471
364 -1346160453
365 1602646391
366 -725826269
367 -1815500783
368 1753640250
369 -61860513
370 -123721042
371 -973268356
372 -1220710441
373 1915406956
374 694696519
375 292403646
376 292403648
377 1974200348
378 -1735959641
379 1517744534
380 2048388904
381 -198189501
382 -198189486
383 1433794823
384 308581985
385 1544187340
386 1544187357
387 337594731
388 337594733
389 675189473
390 -1400400996
391 -1400400983
392 -2125612505
393 43742298
394 43742309
395 856438421
396 900180750
397 1800361482
398 -694244331
399 -694244321
400 411872842
401 823745683
402 541374209
403 541374211
404 541374221
405 1624122659
406 -2129470407
407 1118774901
408 -1010695505
409 -397268341
410 -289188937
411 -1697152771
412 -1697152759
413 -1697152750
414 -1697152736
415 900661815
416 900661820
417 104170906
418 1004832733
419 1213174554
420 -2076960006
421 -863785440
422 -1727570882
423 839825539
424 -887745339
425 -47919781
426 -95839562
427 -191679140
428 -335438476
429 -622957167
430 -1245914339
431 1803138628
432 1803138631
433 -1934604357
434 425758575
435 2097431495
436 -100104311
437 -1871881519
438 -1383400100
439 1039685683
440 -218268743
441 821416951
442 1642833903
443 -1009299490
444 1236682622
445 -1603333296
446 -1603333287
447 -1603333286
448 -287649421
449 434000633
450 434000652
451 868001300
452 1448353172
453 -1398260944
454 -1398260943
455 -1398260931
456 -1398260911
457 1498445471
458 100184580
459 100184583
460 -1097707198
461 -897338023
462 -897338004
463 1502768671
464 1502768684
465 1210861343
466 -78568588
467 -1659905849
468 -1738474429
469 896587037
470 -1369500471
471 423673603
472 -1787714259
473 -1836954070
474 621059155
475 -1215894907
476 1863177480
477 1863177492
478 1294565167
479 -489942049
480 -979884103
481 -175260968
482 1512655540
483 1162133600
484 -1795439123
485 879350035
486 1583439086
487 1829483613
488 -2694559
489 -5389104
490 -890128252
491 -890128242
492 -1785645589
493 729065228
494 1452741339
495 -1384095507
496 797711068
497 797711069
498 797711070
499 1595422157
500 -1690507428
501 -1690507411
