0 0
1 19
2 31
3 59
4 108
5 203
6 206
7 626
8 1037
9 1871
10 3959
11 5840
12 12721
13 25433
14 38158
15 63603
16 63623
17 203541
18 394368
19 394369
20 788755
21 788774
22 1971902
23 4338184
24 7887624
25 15775241
26 15775259
27 45748218
28 77298736
29 123046957
30 123046959
31 123046975
32 369140899
33 615234837
34 1353516637
35 -1710980982
36 -1710980974
37 -1710980956
38 515541041
39 515541053
40 1031082097
41 1031082106
42 2062164212
43 2062164218
44 2062164221
45 -1372359826
46 519165530
47 -853194276
48 355775651
49 -497418616
50 -1848031521
51 1971264065
52 1971264070
53 1971264078
54 1971264081
55 -352439135
56 -704878263
57 -1409756533
58 -2114634777
59 65697738
60 131395470
61 262790934
62 -1654750634
63 -1391959691
64 1642443376
65 -1010080526
66 1880619828
67 -1781984600
68 -911445278
69 1601537437
70 690092172
71 -401800267
72 1889829345
73 -515308607
74 -1030617215
75 -1545925819
76 1203115666
77 -1373427364
78 1032803967
79 -1714050752
80 -1714050746
81 -1714050732
82 185619038
83 -661565889
84 -661565871
85 -1137512702
86 -1137512692
87 882429196
88 -255083488
89 -1647679677
90 -1020333957
91 1371870192
92 -668797717
93 2074942654
94 2074942674
95 -462343440
96 -1276223121
97 -1883648523
98 -1883648506
99 -748552844
100 -748552830
101 -969435397
102 -55222271
103 -55222259
104 -55222247
105 -110444488
106 -110444486
107 -276111204
108 -386555670
109 -773111342
110 -773111335
111 1975633262
112 429410605
113 429410616
114 1288231821
115 -172280991
116 -344561982
117 771388850
118 771388856
119 1025934740
120 -1726254838
121 71068761
122 142137532
123 142137543
124 -1370910998
125 -1086635920
126 -1086635917
127 750784466
128 -1422487354
129 79081585
130 1529074175
131 1608155771
132 1608155777
133 450418432
134 2058574221
135 -1785974635
136 -355637710
137 367380310
138 11742620
139 379122946
140 -1383366457
141 -1383366441
142 -2008487014
143 -101129663
144 -101129651
145 -202259304
146 -303388941
147 1578572724
148 1275183801
149 -1946859000
150 -1946858987
151 -1343350395
152 1911655450
153 1911655470
154 1911655480
155 -471656341
156 -471656333
157 -943312662
158 1936685616
159 521716634
160 571776919
161 1093493562
162 -171294559
163 -171294558
164 750904465
165 2073585843
166 -1641771533
167 1011424227
168 2022848462
169 1392501161
170 -1509964974
171 -1509964969
172 395419682
173 395419686
174 2065876723
175 -1438251190
176 -91500057
177 931545170
178 1467670666
179 1467670680
180 -519580832
181 -519580822
182 1896179709
183 -1970278551
184 -74098834
185 -148197660
186 -222296479
187 -222296475
188 -666889437
189 -666889417
190 -1778371798
191 960520179
192 960520197
193 -524220834
194 1396819562
195 1833118929
196 -628729441
197 1204389499
198 1204389506
199 -681798783
200 -681798765
201 1045181460
202 2090362935
203 -1318630932
204 1816913477
205 -661140345
206 1155773147
207 -1211689013
208 -717056192
209 -772972048
210 2087882863
211 597854635
212 1912765457
213 -469436375
214 1443329094
215 1443329110
216 632874632
217 2076203758
218 1300769311
219 1158209535
220 240215312
221 240215327
222 1638640188
223 283082381
224 -1892814078
225 -1609731685
226 -1340607849
227 1373536262
228 1373536269
229 1406464693
230 -1514966329
231 1297963053
232 1297963061
233 -1699041178
234 -1699041174
235 1977844734
236 -1420237606
237 557607138
238 -862630451
239 -305023306
240 -305023288
241 -610046591
242 -1525116485
243 -2135163065
244 -585405433
245 1574398815
246 1574398831
247 1574398839
248 -157176228
249 -157176222
250 -157176212
251 -471528652
252 -943057295
253 -1728938380
254 837090545
255 1988533533
256 153628406
257 1250314118
258 -1794339073
259 -1859739765
260 1891202592
261 -1762876236
262 128326370
263 256652730
264 384979120
265 384979128
266 -607938875
267 -607938870
268 -1215877725
269 -1823816587
270 647334117
271 1902607112
272 -1097691951
273 1452249285
274 1452249304
275 1452249315
276 61780628
277 -974130707
278 -850569467
279 1141579090
280 830908874
281 1121918505
282 -2051130290
283 192706732
284 192706749
285 287110584
286 479817342
287 959634682
288 2111976100
289 2111976108
290 2111976128
291 -71015043
292 1969946016
293 -355075271
294 1614870765
295 -1065225769
296 -1065225751
297 -2130451501
298 -2130451482
299 -2130451468
300 1133354392
301 1167418739
302 -1960129802
303 374707687
304 -1415100435
305 -1415100421
306 1046763074
307 1046763086
308 2093526172
309 -1154678036
310 -1262592996
311 -323744849
312 -647489696
313 -647489691
314 -647489681
315 766160399
316 -528818953
317 -528818934
318 -1057637869
319 -1586456802
320 -1586456801
321 -993222058
322 -993222043
323 722066407
324 722066410
325 -2128768072
326 -1406701644
327 1481564002
328 -1331839285
329 -1331839276
330 -1182114546
331 524036563
332 -1840192523
333 -1316155943
334 1662655408
335 -969656493
336 692998917
337 -276657560
338 -553315127
339 -829972684
340 -1383287797
341 1251734146
342 1251734158
343 -1791498977
344 -539764803
345 172204541
346 -367560242
347 -735120500
348 -930476183
349 -2033156915
350 1331334200
351 1927547917
352 295249024
353 -2072170351
354 150626608
355 -1921543737
356 -1770917115
357 602506453
358 602506462
359 1205012919
360 639108736
361 1278217470
362 1278217481
363 1278217493
364 178793889
365 -1559738417
366 1175490447
367 1175490456
368 791242499
369 -1152743881
370 813989086
371 452487722
372 2080465896
373 -2100768459
374 432185179
375 864370353
376 -804212909
377 -1608425816
378 -1116083187
379 2062800922
380 -661708072
381 -1323416148
382 -1985124214
383 324718865
384 1311145814
385 1635864690
386 -1347956791
387 -61351628
388 -1409308399
389 -1409308394
390 1414998886
391 -1464969522
392 1426379869
393 1376409245
394 1337819605
395 -154358569
396 -154358551
397 -463075691
398 -771792799
399 -1234868477
400 -1234868475
401 -1234868469
402 -644506612
403 -644506609
404 -698651326
405 -162434178
406 2144868580
407 1283783085
408 -1727401130
409 -1727401116
410 -188584743
411 -1915985842
412 19377565
413 -1245027955
414 -1245027941
415 -280281612
416 -280281601
417 -560563208
418 -1121126417
419 -1961971223
420 90743254
421 90743265
422 1393356188
423 1484099468
424 -1326768363
425 -1326768360
426 -1169437248
427 -945518302
428 853243403
429 -92274888
430 -92274870
431 -1446261894
432 -1446261884
433 2071137180
434 -821386596
435 -1642773193
436 -393022593
437 -2035795779
438 -598010848
439 -598010841
440 1063149843
441 1063149858
442 1063149876
443 -1703528547
444 1485921049
445 845542394
446 1691084775
447 -1758340125
448 -2030759197
449 233448902
450 -1797310292
451 633091370
452 1333438099
453 169219186
454 169219194
455 1671876493
456 1671876502
457 1671876516
458 889881414
459 1610543641
460 -1073880021
461 1426545042
462 1426545059
463 1779210093
464 -1089212141
465 689997972
466 1379995942
467 2069993918
468 -1244191590
469 1806584106
470 -282584918
471 279807601
472 1803806796
473 1803806800
474 1803806805
475 1113675794
476 -2064838392
477 852644215
478 -1212194173
479 493094258
480 -817618284
481 1546054934
482 1221530911
483 -1527381446
484 422586123
485 -1104795309
486 -682209171
487 -1364418346
488 -2046627505
489 883921453
490 -1162706032
491 -77072293
492 1892482920
493 -510001445
494 142703170
495 142703171
496 142703190
497 142703200
498 428109562
499 856219135
500 1569735102
501 -1869013046
