0 0
1 1
2 3
3 6
4 14
5 20
6 56
7 111
8 180
9 196
10 502
11 993
12 1694
13 2693
14 6089
15 10483
16 16579
17 33153
18 33170
19 93394
20 186797
21 346534
22 693068
23 1226406
24 1919481
25 4185499
26 8024465
27 12209973
28 20234458
29 44654398
30 85123303
31 162222152
32 162222169
33 474456499
34 636678671
35 1111135175
36 -1910474778
37 -799339599
38 -962000527
39 1734287579
40 772287069
41 -1165240237
42 1341334416
43 948381258
44 948381266
45 1896762539
46 -501442228
47 1395320321
48 893878098
49 -610448557
50 -1220897105
51 457852776
52 -763044323
53 -763044305
54 -1068235851
55 -1831280141
56 327215469
57 1722666780
58 218602117
59 -631031625
60 -412429507
61 -412429488
62 485378293
63 -970512319
64 -1941024637
65 1456379148
66 -1382208991
67 1457600506
68 1531770680
69 -1231425952
70 1757945237
71 526519290
72 -1710158035
73 -657119455
74 1927689821
75 1927689825
76 1488102165
77 1048514533
78 1048514538
79 1217853783
80 508017724
81 1725871509
82 -2061078045
83 -2061078044
84 -1888266848
85 -1715455624
86 -1705039751
87 -1705039743
88 884887803
89 -1833946850
90 1640868524
91 691809490
92 691809494
93 -1270479783
94 113139211
95 113139215
96 226278429
97 -817922923
98 -1635845831
99 1841198559
100 -612570180
101 1228628390
102 616058226
103 1437469173
104 -1625381667
105 428145749
106 428145768
107 428145769
108 1096524801
109 1952816350
110 38811158
111 -1206814982
112 784812539
113 784812544
114 1569625088
115 -1155717106
116 1198720536
117 43003449
118 43003458
119 1284727448
120 -1725512388
121 -397781476
122 -838566402
123 -1634129355
124 1822271554
125 188142209
126 376284423
127 376284434
128 752568871
129 752568888
130 1505137762
131 -1284691770
132 220445994
133 220446006
134 440892017
135 440892035
136 37984290
137 37984296
138 957752657
139 1474613285
140 -1786632759
141 645733190
142 1329450677
143 188551125
144 188551140
145 1706552948
146 -236128212
147 -1117989605
148 -1354117812
149 -1354117809
150 1586731686
151 2055473769
152 2055473788
153 -1305523657
154 -1256929510
155 1732514146
156 1732514162
157 902575153
158 -1184293337
159 -281718181
160 -563436355
161 -563436339
162 -1408590870
163 293492219
164 293492225
165 586984447
166 586984449
167 1173968899
168 -1360045045
169 400908305
170 214832169
171 429664342
172 -314640215
173 730764605
174 1461529220
175 -2102673462
176 -641144237
177 1551149615
178 268861153
179 268861168
180 -654945761
181 -117223423
182 -117223410
183 -117223396
184 -117223382
185 -1123839366
186 -1475509538
187 1695618393
188 220108865
189 440217728
190 660326600
191 660326603
192 1980979816
193 -553116533
194 -1106233068
195 -1659349600
196 1529384631
197 -129964953
198 -1366162981
199 -1366162961
200 1432676415
201 -1429614460
202 -1363100986
203 -1363100982
204 1571827299
205 208726329
206 1919704503
207 1919704516
208 -455558268
209 869437090
210 413878840
211 827757679
212 1655515353
213 -1397815423
214 257699948
215 1343157568
216 1600857522
217 1803899620
218 -687168060
219 23479316
220 1140210881
221 476522144
222 1616733043
223 -1725189953
224 368065244
225 368065263
226 -989059440
227 -361385837
228 -361385820
229 -1343765815
230 -2066537461
231 884664037
232 884664057
233 -1640975181
234 -1938184547
235 -1938184541
236 -1938184525
237 1134405808
238 -803778710
239 -1188959218
240 1498450665
241 -1298065965
242 -1792353226
243 710260854
244 -2070666871
245 1342592768
246 -1810166473
247 674634353
248 -1135532100
249 2023903091
250 1095431645
251 848270518
252 -788259776
253 -788259772
254 367182630
255 -361066393
256 6116238
257 -776027281
258 -763794797
259 -1533705834
260 1997466681
261 -1076061230
262 -612300366
263 -612300348
264 -1836901093
265 1233465508
266 -1828036294
267 -594570773
268 -594570764
269 -1189141531
270 -1783712281
271 132971949
272 -1650740328
273 -1517768370
274 -1517768361
275 -2042050077
276 1861607462
277 -1698210964
278 -619223013
279 -619222995
280 1177867711
281 558644718
282 558644736
283 1056711172
284 -1562321940
285 -505610749
286 -452576773
287 -452576757
288 -1916375041
289 1926015513
290 9640480
291 1935656008
292 1935656009
293 -414014795
294 -837670073
295 -1675340135
296 -991368985
297 1628258183
298 2004831511
299 128710520
300 -533167080
301 1600374971
302 1195918412
303 1195918418
304 -835922556
305 1555914275
306 1555914282
307 372775552
308 1928689854
309 -1993501880
310 -1993501877
311 307963542
312 -1750350356
313 -1442386811
314 -1442386803
315 -340156663
316 1070037028
317 389723695
318 -1765169534
319 -305408803
320 -305408783
321 1918980180
322 -67283236
323 1851696960
324 1784413739
325 1192840361
326 -1909286575
327 -1909286558
328 1010377942
329 1010377956
330 -1797817228
331 -1686347878
332 1821180155
333 -652606991
334 -517774708
335 -1035549403
336 -1035549387
337 1706093801
338 -1535386672
339 1876800939
340 1011958699
341 -1235500518
342 1823966261
343 588465744
344 -1882535273
345 306354916
346 -1576180339
347 1731072352
348 461246945
349 922493885
350 922493892
351 1844987786
352 -143744781
353 -1671230384
354 952506523
355 1905013037
356 1042544404
357 -1347409854
358 1600147599
359 1295282160
360 1548019923
361 -156383049
362 -7900651
363 -164283695
364 1219452537
365 890885156
366 1946054017
367 -1458028108
368 1378911070
369 -317692609
370 -1854837750
371 2122436944
372 1328817656
373 1278724246
374 -1419826195
375 1187715718
376 -232110469
377 814503313
378 582392847
379 1164785696
380 -1965395892
381 596285968
382 -1369109910
383 -991041289
384 1934816112
385 943774839
386 518439762
387 1036879516
388 138942950
389 1175822469
390 1314765437
391 -1665436435
392 964094439
393 -701341978
394 -701341973
395 -789260502
396 2103022858
397 875172858
398 -1316771565
399 872163665
400 872163677
401 427555795
402 855111580
403 1282667381
404 -1729632526
405 -1729632508
406 835702282
407 -893930214
408 2060141726
409 2001913799
410 2001913807
411 1769002038
412 -1650893429
413 118108629
414 -54922449
415 63186186
416 8263757
417 8263765
418 16527523
419 24791295
420 49582589
421 90901418
422 140484018
423 305759334
424 586727379
425 1032970738
426 1925457464
427 -303568348
428 -1640107441
429 -1640107424
430 -625355001
431 -625354988
432 1404149898
433 1168192358
434 1946987286
435 -1026347730
436 920639571
437 -105708158
438 -211416306
439 -422832609
440 180682517
441 361365034
442 -92201345
443 449846213
444 476859815
445 1376552251
446 -1722545321
447 488511616
448 -1234033695
449 -1234033682
450 1969418480
451 -1732682594
452 -1742819855
453 320815959
454 320815975
455 641631938
456 962447923
457 502891954
458 -1546363544
459 560608290
460 560608298
461 1040192938
462 -2133557758
463 -2133557748
464 1068044744
465 2136089477
466 1070576493
467 1070576497
468 1050319917
469 -1103494375
470 1017402056
471 -1189586700
472 845217407
473 619858316
474 275489041
475 895347366
476 1170836416
477 1170836433
478 -1057947062
479 -2115894138
480 -2115894133
481 1346904821
482 1522973218
483 1875110015
484 513199791
485 963220562
486 1476420364
487 -1342126568
488 1610714159
489 1745007970
490 -804951354
491 940056634
492 135105281
493 2015218539
494 2015218552
495 -264530198
496 -393955120
497 -787910237
498 -787910228
499 -219087224
500 -1794907687
501 1493062171
