0 0
1 2
2 15
3 28
4 38
5 71
6 123
7 134
8 410
9 788
10 1466
11 2922
12 5177
13 10362
14 15553
15 15560
16 41485
17 88143
18 145199
19 233350
20 378555
21 886742
22 1265308
23 2152054
24 2152066
25 5569438
26 12025616
27 17595072
28 17595078
29 17595083
30 17595097
31 52785260
32 87975458
33 158355817
34 334306732
35 651018382
36 1143680944
37 1143680958
38 -2007605383
39 -863924422
40 -863924405
41 -863924392
42 -1727848793
43 -24654709
44 -49309408
45 -1801812903
46 -1851122301
47 -1159780809
48 -591712833
49 -1158770942
50 2026734820
51 867963888
52 1735927770
53 -1414824587
54 -1079165404
55 109901687
56 -648160523
57 1262718481
58 -1769530326
59 -506811826
60 -506811821
61 2126371292
62 605935814
63 -50846858
64 -50846839
65 -50846833
66 -50846832
67 -203387358
68 -355927860
69 -711855703
70 -1067783546
71 -1779639229
72 735688836
73 -2111733923
74 -2111733909
75 -2111733907
76 71499494
77 142998991
78 -1825735955
79 -1825735953
80 786494382
81 1572988767
82 533747199
83 533747201
84 1601241612
85 1601241631
86 -1092484042
87 2109999219
88 -1676210475
89 433788750
90 433788762
91 1301366261
92 -2126023505
93 42920272
94 -347948194
95 -305027915
96 1558887960
97 1558887974
98 1558887992
99 381696648
100 458365365
101 1221758658
102 1680124031
103 1680124049
104 287039447
105 -647679757
106 -1295359525
107 -1943039267
108 -1943039256
109 -886470750
110 1874346054
111 1874346062
112 -546275177
113 -546275173
114 1769671030
115 677120688
116 -1848175567
117 52340993
118 650957154
119 -467756731
120 235541421
121 471082840
122 889824701
123 889824714
124 2018516954
125 -25718078
126 -51436163
127 -573955159
128 -651109384
129 -1302218771
130 1690529756
131 -888189707
132 -1150988094
133 1992991103
134 842003020
135 795816337
136 1591632661
137 -223512254
138 703963584
139 703963598
140 1407927188
141 -1479112911
142 -1479112900
143 -1550298608
144 1194370080
145 -1835041427
146 -854228469
147 1605697415
148 -1083572480
149 -972774870
150 -450649934
151 -901299867
152 1970242641
153 1068942790
154 1068942801
155 2137885598
156 1951046538
157 -392874222
158 -598909362
159 959262964
160 959262972
161 1319616594
162 -2048608345
163 590624835
164 1780159025
165 -1693912208
166 86246835
167 -1285489854
168 1401812071
169 202569070
170 1604381146
171 1806950234
172 -681066834
173 1125883403
174 -2043200479
175 208566333
176 -708750723
177 -1417501465
178 334080976
179 -1083420486
180 2128126322
181 2128126324
182 -1122135131
183 -1910189286
184 1223928234
185 319730154
186 -366530892
187 -46800736
188 -93601457
189 -187202913
190 -374405832
191 -374405828
192 -1076416763
193 -1825228405
194 1018916315
195 1018916331
196 212604254
197 1231520591
198 1231520594
199 418510797
200 -1200811055
201 449220344
202 2129961272
203 -1715785664
204 81095702
205 495271317
206 576367024
207 -563051613
208 508586741
209 1098269177
210 1043804311
211 2142073494
212 2142073498
213 2142073515
214 -10820281
215 -1130730046
216 989702885
217 1990226078
218 1849198930
219 534160611
220 534160615
221 534160633
222 534160644
223 2136642519
224 -21682257
225 -21682237
226 -43364479
227 2049913547
228 2006549075
229 -303551374
230 -542056044
231 -1084112079
232 -1929719483
233 435528326
234 1716664063
235 222472918
236 -639166240
237 1299970744
238 883277432
239 1766554862
240 -1645134982
241 -1645134972
242 -1645134968
243 -1645134950
244 -519017696
245 1490377032
246 1490377047
247 -1314213206
248 -1314213202
249 1666540897
250 2018868572
251 -609557818
252 1409310769
253 799752953
254 -676592800
255 123160162
256 -553432625
257 -553432623
258 -1660297868
259 2081236825
260 -685926279
261 -1371852551
262 -1371852534
263 -1371852522
264 179409691
265 1730671947
266 -833623409
267 -1667246814
268 -1667246794
269 126850289
270 126850299
271 126850309
272 253700621
273 634251531
274 1014802479
275 1649054013
276 -1631110794
277 1032745700
278 -1595224366
279 2101377851
280 506153502
281 -1687435923
282 920095446
283 920095459
284 920095463
285 -1534680923
286 -461830477
287 -1996511388
288 1836625439
289 -621716407
290 -621716400
291 -621716380
292 -1243432772
293 -1865149139
294 564669021
295 -1300480110
296 -735811088
297 -1471622172
298 -513426185
299 -1985048337
300 -1985048333
301 1898978482
302 -2071118168
303 -2071118154
304 -2071118152
305 -2004457017
306 -2023865708
307 -1651742601
308 -1651742584
309 -812991466
310 1830233266
311 1830233286
312 -456010086
313 -1903502277
314 -1903502272
315 31952667
316 519915429
317 551868104
318 1071783536
319 1071783556
320 2143567110
321 544035026
322 544035030
323 1088070066
324 24739950
325 -2094087217
326 106792861
327 -330449296
328 -330449294
329 -660898588
330 -991347871
331 -991347855
332 1651372993
333 -1322670607
334 1980075382
335 1980075385
336 1980075397
337 322588264
338 1967847152
339 -359273001
340 -383729470
341 -767458945
342 -1151188408
343 -1918647334
344 1225131566
345 1225131568
346 1225131587
347 605558997
348 -1932660907
349 1123161251
350 1021190937
351 2144352207
352 -1333364793
353 1832178360
354 1832178373
355 -630610553
356 -450233700
357 751334136
358 -960120670
359 -960120664
360 -1619140892
361 -1619140889
362 -112221669
363 -975777474
364 1587827277
365 499828152
366 2087655433
367 -1095433898
368 992221537
369 -222868793
370 -326081142
371 443271620
372 117190480
373 234380968
374 794843083
375 1589686154
376 -1676057090
377 708472163
378 1651325283
379 683740366
380 -1959901633
381 1083636191
382 -2127694914
383 -668894701
384 -1712953423
385 -214575733
386 654484724
387 654484739
388 -1287454384
389 -193060645
390 -826030284
391 1988421990
392 -318123319
393 1670298678
394 1670298685
395 715928756
396 715928773
397 -1192811070
398 -1192811066
399 -1192811055
400 716534111
401 -476276924
402 -2145364929
403 1197048501
404 -1900870283
405 1686037787
406 -1639425841
407 46611959
408 -1807646377
409 894507051
410 1789014096
411 -716939111
412 205547627
413 -511391474
414 766231146
415 766231166
416 1021070848
417 -2047277966
418 -2047277947
419 -2047277937
420 -59564528
421 -1906431073
422 -1765584182
423 563387515
424 1126775033
425 -1981852693
426 -2057274307
427 1946002851
428 -111271437
429 -1077620552
430 757110866
431 -431781114
432 1082440627
433 218878399
434 218878405
435 1845527191
436 -929242664
437 1135162936
438 1135162944
439 1341083229
440 232726347
441 -450831836
442 -901663665
443 221314084
444 -898455059
445 -1578804629
446 -1578804613
447 -441446571
448 18770518
449 -2001480658
450 1870810591
451 1870810601
452 1317464490
453 764118404
454 -473243860
455 290874558
456 1899213593
457 1899213611
458 -205665524
459 -884574908
460 -1295905957
461 -486932760
462 1627553687
463 1627553700
464 1472268676
465 -1350429931
466 -1404953908
467 -1283115144
468 1728736995
469 445621859
470 -1864140111
471 310218761
472 620437516
473 620437521
474 1551093813
475 -2123435943
476 978751672
477 406409546
478 1385161235
479 1385161255
480 -139483587
481 -139483571
482 1106194111
483 966710545
484 1933421089
485 -567608708
486 -567608706
487 1764914240
488 -1731849374
489 -1102152547
490 1460965395
491 391877733
492 -981158784
493 -230468188
494 641216169
495 410747984
496 -159662817
497 661833155
498 661833169
499 -2078999632
500 -504248132
501 -504248129
