0 0
1 3
2 6
3 23
4 52
5 67
6 158
7 230
8 231
9 626
10 643
11 1749
12 2405
13 2409
14 2421
15 9641
16 16884
17 31371
18 31387
19 91712
20 171365
21 342732
22 342738
23 342752
24 342769
25 1028262
26 1713788
27 1713803
28 5141385
29 9940024
30 16795213
31 26735248
32 43530479
33 43530495
34 140531463
35 254327686
36 394859161
37 394859174
38 1184577491
39 -2066343777
40 -2066343776
41 1346857251
42 -719486521
43 627370736
44 -811602301
45 443139169
46 886278348
47 425699432
48 1570885388
49 -968964950
50 601920448
51 1203840895
52 1805761348
53 -1652409545
54 1959113159
55 -978661424
56 -978661412
57 1790332
58 -1955532500
59 -1953742149
60 -1569839856
61 771385302
62 1542770596
63 1542770613
64 1542770626
65 1104729842
66 -2085507594
67 -2085507583
68 -1523514701
69 685945028
70 685945037
71 685945041
72 -1551187159
73 506647959
74 327350894
75 833998857
76 833998862
77 950809426
78 1784808291
79 -725350711
80 2010267026
81 559565612
82 -1725134645
83 119347294
84 119347309
85 1083392603
86 1322087212
87 919039784
88 -731753088
89 1509373924
90 777620853
91 777620871
92 -1962104725
93 -1184483848
94 -1184483846
95 -1184483841
96 -1220588947
97 -479073179
98 1410821340
99 1410821344
100 -1473324596
101 869244920
102 869244933
103 1675986608
104 -1749735737
105 795495819
106 1590991632
107 -1908479844
108 478007612
109 956015238
110 -474456985
111 642077663
112 1601643531
113 1769264213
114 -281981871
115 -563963750
116 923318596
117 77372983
118 1924010180
119 -1370265523
120 1554436253
121 -1186094800
122 -1186094792
123 -264008674
124 1658769042
125 208665590
126 208665601
127 1812091564
128 -406775487
129 1613981688
130 1613981693
131 -1067003896
132 -1067003893
133 -1067003890
134 26951712
135 1120907346
136 -2053152601
137 -1972297427
138 350372449
139 1767748783
140 2118121236
141 -2031022254
142 1854847774
143 -234899299
144 -411073773
145 -822147545
146 -822147544
147 -822147541
148 -1644295084
149 1006377141
150 -1460065483
151 -2097983419
152 -723147072
153 1473836820
154 -1800981993
155 -1800981977
156 693003327
157 -1435123805
158 1424719686
159 682599223
160 1365198450
161 -1564570398
162 472823161
163 472823162
164 945646337
165 1891292671
166 -985205109
167 -1970410218
168 1339351986
169 1339351997
170 708293779
171 2047645793
172 2047645812
173 -199675684
174 -199675678
175 -399351356
176 -599027017
177 649916092
178 649916109
179 101778152
180 802583338
181 802583343
182 802583362
183 -1887217250
184 622310957
185 1142843770
186 1142843776
187 -2009279739
188 276407817
189 -1732871915
190 -1456464092
191 1382039125
192 1382039130
193 -148849922
194 1158764243
195 -1977438806
196 -967524472
197 1350004034
198 382479564
199 1732483599
200 2114963169
201 317438618
202 -130081906
203 187356718
204 57274825
205 244631549
206 489263097
207 978526195
208 1769695673
209 1769695688
210 956844925
211 956844941
212 2136640140
213 2136640144
214 2136640158
215 -21686984
216 2114953191
217 -86747930
218 -151808860
219 -303617708
220 1551091711
221 1008917214
222 2017834443
223 -20741618
224 262134465
225 241392856
226 503527330
227 -1290819811
228 -545899610
229 -1333192085
230 1628583140
231 -1037801030
232 -742409956
233 -742409951
234 -1484819895
235 -1484819882
236 -1484819870
237 -1484819868
238 -1484819866
239 -159492300
240 -318984607
241 846850667
242 368373779
243 368373780
244 368373794
245 368373811
246 1105121396
247 -1716350729
248 -1716350723
249 1967387259
250 1967387273
251 502073085
252 1004146183
253 -821360740
254 -1642721476
255 -1459936025
256 370949072
257 741898141
258 1112847214
259 1854745358
260 -1327374707
261 1640217881
262 -1014531538
263 625686354
264 1778743364
265 1389898199
266 -500639377
267 -500639363
268 -2127604460
269 -1738984982
270 428377858
271 356116351
272 784494215
273 1997366291
274 1997366295
275 1997366299
276 1997366313
277 184024830
278 -2113576151
279 67815003
280 2132996304
281 271259988
282 542519983
283 -1348191017
284 1666400266
285 318209259
286 1178938495
287 -1131419271
288 47519234
289 2079647995
290 2127167232
291 -40632827
292 -81265660
293 2005268752
294 1883370274
295 1883370280
296 -528226730
297 867549626
298 867549639
299 678645803
300 -526078671
301 152567144
302 -373511519
303 -373511518
304 -373511511
305 -1494046068
306 1680386699
307 -560682384
308 -747853259
309 -747853252
310 -1495706493
311 1303554309
312 2046426223
313 -944986747
314 -944986742
315 156452739
316 156452744
317 -632081242
318 -475628479
319 -475628471
320 -475628460
321 -1426885408
322 -1426885405
323 -1426885398
324 1441196496
325 1455507592
326 42933297
327 85866586
328 1598618593
329 329155278
330 2013640471
331 -1952171546
332 -1952171534
333 -1890702599
334 -1890702594
335 -1377140498
336 -1377140490
337 102076882
338 -1275063593
339 -1275063587
340 1846917014
341 -703210146
342 -703210126
343 -834566835
344 -834566822
345 -1669133653
346 -1669133650
347 -712433659
348 1913400002
349 1323099519
350 -1770901419
351 -447801883
352 2076263997
353 2076264006
354 -590241160
355 -1180482319
356 -1770723471
357 -1770723460
358 1059060893
359 1812581274
360 -1850287080
361 -749368363
362 1695311870
363 945943521
364 945943541
365 -1457136715
366 434750351
367 869500699
368 1304251054
369 2097308931
370 410843752
371 821687492
372 821687511
373 1160811455
374 -1079937074
375 80874391
376 80874396
377 161748796
378 -756439477
379 -513816277
380 -1108506952
381 1916204592
382 -300809317
383 -300809307
384 -307737258
385 -608546560
386 398302165
387 -1119600276
388 -1119600268
389 1845522373
390 4624001
391 1850146385
392 1854770404
393 1260095877
394 674669372
395 1349338757
396 2024008141
397 -246951023
398 -246951022
399 -246951014
400 -246951006
401 -987804048
402 -1481706063
403 -1481706044
404 343751150
405 1675306349
406 -944354595
407 1074702916
408 667699791
409 1742402713
410 -810161857
411 932240873
412 1864481745
413 -566003807
414 -1132007624
415 -1132007615
416 1464948269
417 1464948282
418 1464948293
419 1464948305
420 1464948313
421 1464948318
422 -1265193074
423 1664703574
424 1664703587
425 -965560123
426 -965560104
427 -266416639
428 -1231976723
429 1831013837
430 -632939622
431 -1265879232
432 -1299781724
433 -1299781719
434 1695403863
435 2124928495
436 -1774416647
437 746134006
438 1096645869
439 68363245
440 68363263
441 205089751
442 -2110371152
443 -1905281400
444 279314757
445 279314770
446 -1346651867
447 1601663570
448 1601663580
449 1856675288
450 -581616720
451 183418424
452 366836866
453 366836878
454 733673761
455 1467347506
456 -1727109144
457 -259761633
458 -519523268
459 -1039046525
460 749526730
461 -289519784
462 -289519769
463 -289519766
464 -289519759
465 -289519753
466 -1447598830
467 1978809202
468 241690627
469 483381252
470 483381260
471 -1107704947
472 2079557402
473 2079557416
474 -276794899
475 -276794891
476 -276794888
477 1249172746
478 695582972
479 1391165953
480 1391165962
481 432120344
482 -384932048
483 -769864095
484 -722675796
485 -722675782
486 1694819579
487 972143809
488 1221611811
489 1221611827
490 -879599829
491 -64380093
492 -943979915
493 -943979899
494 -1610327896
495 732299496
496 -878028399
497 -145728891
498 -145728889
499 -145728881
500 -437186660
501 -437186645
