0 0
1 5
2 11
3 20
4 54
5 107
6 199
7 387
8 587
9 1349
10 2339
11 3689
12 7389
13 14784
14 14788
15 42999
16 79974
17 79994
18 202970
19 362952
20 362955
21 1008890
22 1734808
23 3672583
24 6779239
25 12186634
26 25382166
27 37568804
28 37568807
29 75137612
30 175657401
31 175657402
32 351314808
33 815336048
34 815336063
35 -1961665559
36 20321363
37 20321372
38 20321380
39 -1900701438
40 -1880380046
41 534207201
42 1048093022
43 1048093035
44 -1664574032
45 -914560801
46 51258439
47 1767090909
48 -760785467
49 -1521570937
50 -1378567851
51 634043053
52 2028871575
53 2028871579
54 396818914
55 159594773
56 953232608
57 1272422164
58 -1909717749
59 315937026
60 791468823
61 791468826
62 791468838
63 -1604623780
64 -1604623772
65 -1604623761
66 -1604623743
67 -2123527751
68 1652535569
69 1652535571
70 -2027704097
71 -846160692
72 431206361
73 -790122851
74 1062186024
75 -142891151
76 919294875
77 776403733
78 -1679973803
79 935019688
80 935019701
81 1885764213
82 -1442733763
83 443030463
84 443030483
85 886060947
86 1329091438
87 -1636784409
88 -307692964
89 713705509
90 713705522
91 1427411035
92 1427411054
93 -12734167
94 -1452879357
95 2102914098
96 650034748
97 1287335327
98 -254683117
99 1032652230
100 -1579628089
101 -546975852
102 -1093951694
103 2107063902
104 466136360
105 1479248587
106 1945384953
107 -404197393
108 1298669114
109 -1455110614
110 -156441496
111 -156441477
112 -873521859
113 -1186404826
114 -1186404816
115 1048635811
116 -1324173818
117 -1324173800
118 1508850675
119 1508850695
120 1508850711
121 -1277265889
122 -1045681084
123 -814096243
124 -1628192501
125 -470268405
126 1382410155
127 1719139236
128 1003088501
129 -660597799
130 -1321195601
131 -1321195599
132 1652576102
133 -1650412888
134 2163228
135 -1648249647
136 1329848496
137 -1966650806
138 -636802295
139 1691514212
140 -911938885
141 -911938883
142 -769165842
143 -1538331678
144 1987469780
145 -320027723
146 129110398
147 -190917309
148 67303474
149 5496574
150 -309034581
151 -309034562
152 -618069127
153 -927103684
154 2131725355
155 -31516590
156 1173105097
157 -1021653432
158 -2043306847
159 -1923371762
160 479740369
161 -1443631389
162 -635602319
163 772102209
164 1544204420
165 1680704312
166 -297956340
167 -595912678
168 -1963927578
169 1735127046
170 1735127054
171 -824713190
172 -1649426373
173 996114545
174 996114559
175 1253216607
176 771306164
177 -1274329949
178 -1552545364
179 -1552545361
180 686852799
181 686852816
182 686852821
183 686852829
184 -1547556016
185 1199855258
186 339152082
187 -8548664
188 -17097325
189 -34194653
190 1479166713
191 1479166722
192 -1396474494
193 1527664306
194 131189821
195 -1074254208
196 -1074254191
197 -1886128758
198 391519966
199 651850116
200 1043370100
201 -873642763
202 821577472
203 2034674903
204 -1438714919
205 1417537459
206 2013497457
207 -863932368
208 1128387637
209 1128387654
210 -888626902
211 -1777253802
212 -409105401
213 -1946598449
214 -726617256
215 1212646209
216 486028966
217 -974540513
218 -2482591
219 -4965171
220 -981988273
221 -986953425
222 -1973906852
223 352118747
224 352118763
225 2038344536
226 -218278214
227 -218278198
228 -1988941661
229 -387153528
230 1918872109
231 -457223073
232 -1132724347
233 -1589947414
234 -1589947411
235 -1589947406
236 -1607599280
237 -2082474198
238 1719966299
239 -855034695
240 1469825440
241 1469825445
242 -1355316396
243 -1845701187
244 -1116401376
245 1447373790
246 330972415
247 1755894546
248 1755894557
249 -121233360
250 1634661216
251 730249676
252 -2051289745
253 192387805
254 -1128652244
255 -936264427
256 1101398363
257 165133953
258 1266532327
259 1431666283
260 1431666295
261 31565
262 31580
263 -1431571567
264 -1431571566
265 1431824175
266 -1431318942
267 1432360988
268 -1430276907
269 -1429234841
270 -1426645508
271 1439086964
272 12441476
273 -1404351908
274 -1404351891
275 1486263510
276 129088153
277 -1193352122
278 -1064263961
279 -642264416
280 -642264401
281 1946174531
282 -402618227
283 259027494
284 259027502
285 259027519
286 259027539
287 777082565
288 1813192634
289 1813192645
290 108500554
291 217001117
292 -343080335
293 -686160680
294 -1029241010
295 -1732980336
296 1532745951
297 1532745953
298 303270564
299 -926204811
300 -622934236
301 286877477
302 573754964
303 573754971
304 573754972
305 573754977
306 573754985
307 573755005
308 573755019
309 573755027
310 1147510059
311 -1426192169
312 -1426192154
313 -1426192149
314 -1426192142
315 16390858
316 -1409801281
317 49172601
318 -1360628676
319 -1311456067
320 262253885
321 262253887
322 2147390343
323 1360442050
324 -787134891
325 -1049762019
326 -1049762011
327 1408308376
328 -117908475
329 1290399921
330 1172491447
331 -1949984387
332 394998518
333 907905509
334 907905522
335 907905529
336 1168730699
337 -7521506
338 2069114735
339 2069114741
340 1912376907
341 -313475642
342 -626951283
343 -626951274
344 -1880853830
345 -1535855109
346 -689119831
347 -689119814
348 -1126932548
349 -1126932537
350 -872992524
351 1168109688
352 295117175
353 295117179
354 885351529
355 1475585893
356 1475585894
357 -163326792
358 -621770755
359 -2128893039
360 1544303512
361 105898823
362 105898832
363 105898841
364 317696513
365 423595363
366 1058988382
367 1482583754
368 1482583773
369 152783994
370 -118027391
371 -236054778
372 -1531097933
373 -1531097913
374 996716686
375 1993433368
376 -1304817227
377 688616158
378 -1921018299
379 -543785990
380 -1776188119
381 -1776188105
382 198805088
383 941396172
384 -635986831
385 -635986825
386 -1271973651
387 -1602551130
388 148468863
389 296937741
390 1865849125
391 -563269044
392 1599517826
393 -947462784
394 652055052
395 652055060
396 1392896130
397 1749543478
398 151582427
399 -348890183
400 1552235736
401 1552235742
402 -1190495805
403 -1190495789
404 374589714
405 374589720
406 -79576412
407 295013314
408 590026642
409 885039966
410 2065093231
411 -459794127
412 -459794118
413 1145505003
414 -2003957297
415 287052694
416 -1031193711
417 -1031193698
418 515675304
419 -1546712091
420 1201543119
421 170506333
422 -174662638
423 -174662629
424 -349325263
425 -349325255
426 -1047975768
427 -2095951547
428 801714741
429 -1294236790
430 658517942
431 -635718844
432 -635718825
433 -635718806
434 -1248638516
435 1774891169
436 1774891170
437 -745184940
438 1555958886
439 65589005
440 -1643713159
441 -767350193
442 -789515448
443 1094388513
444 -2040601280
445 1791888905
446 -248712371
447 596963776
448 99539050
449 99539066
450 199078124
451 995120029
452 1393276282
453 -1607953787
454 -214677496
455 -1822631279
456 649704738
457 649704745
458 -737899283
459 -737899282
460 -1475798556
461 1343370190
462 1343370196
463 -264856726
464 -1873083617
465 548800059
466 -245770078
467 303029995
468 606059985
469 606059992
470 1818179954
471 -961637354
472 2068662596
473 -157642120
474 -1527404207
475 -1527404188
476 -2105425256
477 1045754137
478 1707891999
479 1888379788
480 1888379800
481 -518207705
482 -518207699
483 -518207685
484 -2072830779
485 1185721148
486 1185721161
487 1185721174
488 -737803798
489 -737803785
490 895834757
491 1791669516
492 -1607463009
493 -395566308
494 -2003029310
495 2080578197
496 2080578208
497 -2136840200
498 21286915
499 -2115553279
500 2144438955
501 28885682
