0 0
1 19
2 25
3 45
4 79
5 126
6 129
7 266
8 526
9 1053
10 1062
11 2643
12 3717
13 9017
14 17509
15 17522
16 35034
17 52562
18 122647
19 245290
20 420509
21 420511
22 1208960
23 1208977
24 3258974
25 5676914
26 11774341
27 23128178
28 34902523
29 78740943
30 154222915
31 302768904
32 570635301
33 1027627121
34 2133995199
35 -259940765
36 -519881528
37 -519881511
38 -519881499
39 -519881483
40 -1039762968
41 -1039762964
42 -2079525921
43 -383966020
44 1831475361
45 -632016572
46 815492782
47 183476230
48 -2096539489
49 101888322
50 -1627698717
51 -1627698701
52 -771605048
53 -1726686336
54 -1726686317
55 -1557709102
56 1010571885
57 2021143772
58 -1979366087
59 -505359527
60 -463581832
61 -968941342
62 -1896105007
63 1429920966
64 1890900561
65 -7806644
66 -7806624
67 -989759032
68 -997565650
69 -112037377
70 -112037359
71 -1221640367
72 861927531
73 -583787567
74 278139966
75 556279949
76 834419928
77 1946979826
78 -679147618
79 -1636435199
80 465816952
81 -1849765853
82 -1383948886
83 -1383948881
84 -322696310
85 -179575675
86 -824968303
87 -1004543967
88 -1004543957
89 1460911081
90 456367134
91 456367152
92 364557450
93 -1556764463
94 1181438361
95 901965642
96 1347564157
97 1347564159
98 -1599838974
99 -1116273942
100 -20984597
101 1557869797
102 1557869805
103 -1179227679
104 1936511928
105 1936511933
106 1514568496
107 -86602615
108 -930489467
109 497476428
110 -433013038
111 64463395
112 -888165295
113 -1256714920
114 -2015953429
115 198597055
116 397194106
117 1618090128
118 -2081085989
119 -462995846
120 -528797599
121 -991793431
122 -991793430
123 -761498994
124 -1753292419
125 788382463
126 -964909939
127 -176527459
128 1427120965
129 1250593523
130 -1793780251
131 883934239
132 340747512
133 340747519
134 -228350979
135 112396548
136 224793092
137 108838665
138 333631764
139 779660085
140 1222130525
141 -1625913158
142 375877457
143 375877476
144 1127632392
145 1879387328
146 -536192636
147 -1448262729
148 1398441838
149 -1873961102
150 -1873961096
151 -1873961083
152 -1326915965
153 -1255390106
154 -2035260951
155 2098406500
156 1775806784
157 583562242
158 162808233
159 325616467
160 1071986955
161 1560411666
162 1560411684
163 -1174143938
164 -950684457
165 2067981929
166 -1230990404
167 272574828
168 -1015262037
169 -856380123
170 -1871642150
171 -1871642139
172 551683012
173 1103366023
174 1103366040
175 886772951
176 1990138994
177 -1418055340
178 -1418055327
179 1144167330
180 298195677
181 1442363015
182 1740558695
183 330317440
184 2070876147
185 -1893773699
186 -2046988711
187 -1869886257
188 -1869886256
189 909399672
190 1464594461
191 -1365778364
192 -1365778356
193 1563410577
194 -1168146131
195 -1168146124
196 790528902
197 17647226
198 -359969990
199 -359969977
200 -359969957
201 -719939927
202 -1439879860
203 2135147527
204 -24672247
205 -24672235
206 -24672222
207 621250982
208 621250998
209 1217829772
210 1217829783
211 1217829797
212 -641477936
213 -641477917
214 1152703730
215 -1989559828
216 -901982136
217 -1738838221
218 -1738838208
219 -84691257
220 -84691242
221 -84691235
222 -1992911930
223 -1992911921
224 139760977
225 -1853150943
226 -1713389948
227 868187390
228 868187407
229 -1690405097
230 45969709
231 -776247976
232 -1552495944
233 -1552495924
234 413727464
235 1603702903
236 -1087561498
237 929868876
238 1446010299
239 -989219239
240 -989219219
241 397440721
242 794881455
243 794881472
244 997984435
245 1995968877
246 686189683
247 -614824285
248 71365416
249 142730817
250 -400728043
251 -186631799
252 -186631797
253 -631260821
254 -817892600
255 -1449153410
256 2027921297
257 -239124700
258 339643207
259 679286395
260 1358572804
261 2138377723
262 2138377734
263 -1935676726
264 202701009
265 405402028
266 810804060
267 810804076
268 294034450
269 1915642587
270 -1274486173
271 -1738168285
272 -1738168279
273 -1738168262
274 818630774
275 1637261542
276 1536354796
277 515910585
278 2052265389
279 -190436516
280 -190436512
281 -2107664342
282 -2107664338
283 -2107664327
284 1886068564
285 -332393644
286 1553674937
287 999685548
288 999685556
289 1999371116
290 925056219
291 628831147
292 257976746
293 515953502
294 773930258
295 773930275
296 2063814045
297 2063814063
298 2063814082
299 -1624562120
300 439251968
301 -1352649288
302 1757007867
303 1757007874
304 1757007876
305 -376592953
306 -753185918
307 627229011
308 -125956887
309 -125956885
310 375315252
311 375315269
312 375315282
313 375315302
314 1375304231
315 -1793717199
316 -418412965
317 -86195341
318 -504608302
319 1492033491
320 901229855
321 901229869
322 901229882
323 1802459767
324 -1591277628
325 -1591277622
326 -1380095471
327 1534776347
328 1534776353
329 -1225414581
330 -1127234968
331 -663192301
332 53710852
333 -1427354642
334 1130896249
335 -296458389
336 -296458377
337 -835664302
338 -1132122667
339 1734263581
340 -233523368
341 -763505120
342 -1230551859
343 -1230551850
344 1070358479
345 2140716962
346 1980523606
347 -333920092
348 -507646812
349 -507646792
350 -1015293586
351 -1015293570
352 1249086540
353 -1796794201
354 -1796794186
355 1950465454
356 153671269
357 153671285
358 -2037159277
359 -1576145438
360 -1355496692
361 -520162810
362 -1193996911
363 1906973469
364 1556138919
365 -2025851804
366 -2025851800
367 1799402621
368 -696162044
369 1103240585
370 -2088486123
371 -1681407578
372 525073605
373 -2141579496
374 997053833
375 1994107662
376 1994107682
377 -1451277609
378 -1758029546
379 -1758029535
380 -1758029527
381 -1758029524
382 778908262
383 1557816525
384 1557816545
385 -400425953
386 -400425947
387 -1980186107
388 1914355254
389 -65830851
390 -65830841
391 1782693573
392 -729580154
393 1053113427
394 2040396015
395 -148344428
396 -296688861
397 -445033288
398 -445033271
399 -445033258
400 -445033239
401 -890066491
402 -1780132986
403 1179734584
404 -600398384
405 -1200796777
406 -621460570
407 -1822257346
408 -1822257339
409 28992057
410 28992072
411 708436760
412 737428834
413 1445865595
414 -2111672862
415 809050405
416 809050406
417 1618100818
418 -1724572929
419 702578313
420 -1021994603
421 -2043989216
422 1228983494
423 -1134422002
424 -1134421989
425 -1039860493
426 -2079720989
427 -1093458163
428 2108050973
429 1014592813
430 1014592816
431 964057464
432 964057467
433 1928114942
434 1928114946
435 525320065
436 525320082
437 1050640160
438 1575960251
439 -617726734
440 -1760773533
441 -802540008
442 -554439850
443 -1356979840
444 -1911419672
445 1026567799
446 1026567803
447 1026567822
448 1026567831
449 -188696028
450 -1403959860
451 -1592655878
452 -1132176104
453 1570135329
454 1547614764
455 1985574007
456 808356817
457 46578294
458 93156596
459 93156611
460 232891503
461 326048122
462 652096252
463 978144393
464 978144395
465 -1360534115
466 1247850937
467 1843605623
468 1843605636
469 -720439198
470 -720439180
471 -800783473
472 2053305460
473 1252521991
474 -1789923311
475 -5318512
476 -5318504
477 1505267131
478 -295293189
479 1204655447
480 -1890974905
481 -981612632
482 1422379762
483 -245552317
484 195214828
485 -1500545245
486 -1500545229
487 1293876830
488 -206668380
489 -206668361
490 -620005138
491 -826673479
492 -566138519
493 2075481803
494 2075481820
495 -1536815654
496 538666176
497 -1142153145
498 2010661007
499 2010661024
500 1881019420
501 -403286836
