0 0
1 19
2 32
3 34
4 36
5 141
6 264
7 487
8 943
9 1874
10 1876
11 4708
12 6600
13 11324
14 17934
15 35874
16 53812
17 125554
18 125556
19 358731
20 663664
21 663668
22 663672
23 663679
24 663689
25 2654715
26 4645763
27 7964178
28 7964193
29 7964204
30 28538353
31 52430947
32 88933523
33 88933525
34 88933539
35 347769899
36 667001439
37 1103704890
38 2118476246
39 -405784714
40 -811569432
41 -1217354135
42 -2028923552
43 1048689622
44 1285809806
45 1285809817
46 -674658032
47 -1349316078
48 -1349316066
49 921677126
50 1843354247
51 -1529935905
52 313418361
53 199197782
54 1747711619
55 730391876
56 -1816863786
57 -1816863768
58 1391631625
59 -425232123
60 -850464260
61 -1275696369
62 -1275696361
63 1743574578
64 467878230
65 -1190404162
66 -1190404155
67 -1912930068
68 1191633078
69 -1911701141
70 -720068057
71 1663198113
72 943130066
73 943130077
74 917689062
75 1860819156
76 1860819168
77 1860819169
78 1287490209
79 1287490216
80 -1719986865
81 -1579154565
82 -1579154552
83 1991651759
84 1408323074
85 1408323085
86 -1478321133
87 -964990499
88 -964990491
89 -591655945
90 295009235
91 590018482
92 885027731
93 213409016
94 1983464474
95 -1213066064
96 -1836113644
97 1245787597
98 1245787602
99 -557604489
100 688183120
101 -1672813450
102 949340387
103 652893188
104 59998768
105 712891975
106 1425783937
107 -2096292601
108 -670508648
109 -628125318
110 -1256250641
111 1069574027
112 -814801921
113 -1629603844
114 1663884934
115 34281106
116 34281112
117 1732447154
118 1766728271
119 936655292
120 175144539
121 350289073
122 666297036
123 1191730664
124 -2086650505
125 121666278
126 -1964984207
127 -1964984188
128 -1599985319
129 -1113320125
130 1581661868
131 -766644660
132 -766644653
133 -1533289298
134 1228388693
135 -304900588
136 -1376445826
137 -452957715
138 -2134304120
139 1254747758
140 1586007412
141 706451055
142 -747761063
143 1544697407
144 -1205572482
145 1883822346
146 -2113330023
147 -229507667
148 -119890410
149 1832239201
150 1712348802
151 1081859911
152 1081859919
153 -418898646
154 994441907
155 994441917
156 1988883836
157 345761657
158 345761664
159 691523338
160 -923036785
161 460009889
162 920019778
163 1494277896
164 1951270788
165 530611064
166 -1813085430
167 -2131892975
168 880599966
169 -582496575
170 648092294
171 648092297
172 1594287983
173 -1106391316
174 1201584695
175 -1957393619
176 -755808922
177 1676958149
178 921149234
179 1086489550
180 2007638800
181 -279689693
182 -279689688
183 -1760218309
184 -311958878
185 -2072177181
186 1910831251
187 1910831256
188 -322691860
189 -795996640
190 630796836
191 -487891651
192 -975783299
193 -1463674942
194 1998414259
195 -441043964
196 93695368
197 -347348585
198 -159957847
199 1143759241
200 289104225
201 1432863469
202 -1936546789
203 -1936546788
204 2143841414
205 -7284449
206 -1736536593
207 821894105
208 821894108
209 -100032815
210 -192781186
211 529080125
212 1880054353
213 -2078613999
214 330520495
215 661040980
216 991561490
217 1784563325
218 1689072299
219 170229836
220 1859302143
221 2029531989
222 1453168985
223 1047035839
224 -2030665785
225 469539051
226 -1326357202
227 -387279111
228 2067240099
229 2067240104
230 2067240108
231 1906753017
232 -868740359
233 -868740354
234 -2058454875
235 1367772084
236 1866803811
237 -561359676
238 -253978990
239 1051465149
240 2102930297
241 -1394550828
242 -1394550820
243 -1394550800
244 -1029256986
245 -917942123
246 -441333429
247 -882666855
248 -370782880
249 652985041
250 -1041798104
251 -759595934
252 -1801394032
253 -1801394013
254 -456229735
255 -1565444509
256 -2089090919
257 -1617191860
258 -976759980
259 1701015475
260 724255501
261 -1869696309
262 -1869696289
263 555574707
264 1111149420
265 1666724146
266 -1517093712
267 -1517093701
268 1260779892
269 -1773407520
270 -1880090886
271 -1880090870
272 534785549
273 -1345305304
274 -1345305292
275 -1621039503
276 1328622503
277 -1637722288
278 1019522720
279 1019522730
280 401323163
281 401323181
282 1203969517
283 1203969527
284 -64859175
285 1139110371
286 1139110376
287 1139110386
288 -877636148
289 -1755272304
290 -354687680
291 1307371166
292 -541114577
293 766256593
294 1177825503
295 -1939316279
296 -761490775
297 -1522981547
298 2015260799
299 2015260809
300 1746049287
301 1746049304
302 -802868698
303 943180615
304 1886361223
305 1886361241
306 -522244828
307 -904177733
308 -1426422547
309 -1426422530
310 15699663
311 31399332
312 585043488
313 616442821
314 1248585323
315 -1844895656
316 605175986
317 1210351981
318 1210351996
319 -1269087321
320 -58735315
321 -1327822626
322 -234941273
323 1404380763
324 -1486205757
325 -1703324200
326 -2020090461
327 -914653108
328 -343100456
329 1017123280
330 -240630269
331 433392570
332 192762308
333 1402647906
334 -1489671492
335 105738730
336 -1383932760
337 -1365217601
338 -1365217589
339 180599360
340 361198707
341 361198713
342 902996791
343 1805993584
344 1805993585
345 1805993589
346 1123013482
347 -1365960217
348 880066747
349 880066753
350 880066766
351 -1654767019
352 985433262
353 -669333744
354 -458600720
355 -142501194
356 -142501184
357 -743603085
358 2138427380
359 1109821918
360 1109821933
361 1109821938
362 429322798
363 1602248681
364 2031571492
365 2031571512
366 -231824280
367 1138600122
368 -2017767057
369 920580305
370 41413387
371 -148997520
372 -148997517
373 -148997499
374 -297995007
375 -744987542
376 -1191980035
377 -1191980021
378 -1191980020
379 -1191980019
380 -1191980010
381 719027264
382 246074510
383 -226878219
384 738223557
385 284467121
386 1022690685
387 1307157814
388 -1169306335
389 -1169306326
390 -8764144
391 1947590505
392 907371530
393 -1448769403
394 1406192645
395 864794790
396 822218040
397 1644436091
398 -963518360
399 -963518345
400 539617431
401 1079234865
402 1079234872
403 -1596880111
404 561589634
405 561589640
406 605534050
407 1211068104
408 -1355185861
409 -144117737
410 -144117734
411 -1643421324
412 -1643421304
413 1008124688
414 2016249376
415 -406586278
416 -669054841
417 -669054836
418 271553436
419 543106863
420 -523449363
421 291210940
422 -232238410
423 -464476821
424 -696715227
425 -1161192035
426 -1857907256
427 -117562433
428 1158305591
429 -1978356120
430 -937612950
431 -937612939
432 1482128454
433 1923513748
434 -889325088
435 -889325083
436 1626992038
437 -151658124
438 586008846
439 282692603
440 282692607
441 999735946
442 1565121174
443 -578716103
444 -578716101
445 -1157432198
446 249992735
447 249992739
448 -1814878915
449 1822641664
450 -649683959
451 1172957722
452 1172957723
453 1172957743
454 -1425778050
455 920137420
456 1840274855
457 -1534555020
458 -1534555013
459 -1228835171
460 -2977900
461 1528599227
462 -1237768849
463 1819429598
464 1819429613
465 -368255596
466 -733533286
467 717640738
468 -1040256216
469 -1056148748
470 -2112297493
471 86264850
472 1212785921
473 -813246711
474 485804073
475 485804092
476 485804102
477 1457412283
478 2101577857
479 -735977154
480 -986150207
481 -986150199
482 850712589
483 850712602
484 715274994
485 715275004
486 715275013
487 -447717080
488 -1746146747
489 -48038804
490 -1794185543
491 258879130
492 965475336
493 1224354483
494 -1846258333
495 602450627
496 1204901251
497 1185448030
498 1146541576
499 -1962977683
500 -816436102
501 -447424176
