0 0
1 5
2 13
3 23
4 51
5 93
6 183
7 201
8 541
9 743
10 1291
11 2054
12 2064
13 4122
14 6189
15 14436
16 26829
17 53657
18 80500
19 134163
20 134173
21 429337
22 831831
23 1529520
24 2361362
25 4722732
26 4722752
27 4722758
28 9445529
29 18891054
30 33059352
31 51950411
32 118069106
33 231415467
34 349484582
35 750919579
36 1501839161
37 -1692723963
38 -190884801
39 -381769593
40 -572654389
41 -572654375
42 -572654359
43 -2099732702
44 -2099732686
45 -2099732670
46 1145427808
47 1240929764
48 -1908609714
49 -1621984796
50 764372789
51 -1525291947
52 1244383409
53 1244383423
54 963474889
55 -842725563
56 -842725545
57 1766790615
58 1044814412
59 -1483362254
60 -438547829
61 -438547827
62 -877095655
63 -877095645
64 180318094
65 -1573873198
66 708673084
67 708673087
68 708673099
69 732464167
70 1441137279
71 -2121365836
72 760908711
73 -1360457119
74 -1360457111
75 -1360457103
76 -1146861152
77 -172356460
78 254835478
79 82479035
80 164958072
81 329916126
82 577353241
83 1154706489
84 -1985554316
85 -253494567
86 -177073014
87 1878845403
88 -537276489
89 -537276482
90 627219437
91 1431511884
92 2058731337
93 2058731340
94 1254007272
95 -1159733307
96 -1159733287
97 -1242963923
98 -1242963912
99 649306188
100 649306197
101 1947918567
102 1947918579
103 -343481667
104 -93305600
105 -93305580
106 -186611177
107 -279916738
108 -996620744
109 -996620730
110 -996620727
111 1025188368
112 28567651
113 -1936106181
114 -1907538527
115 479890250
116 931212844
117 1890993335
118 1890993345
119 -512980615
120 385141881
121 -127838716
122 -127838706
123 -255677418
124 -639193565
125 -894870976
126 -2045419366
127 1354676966
128 1354676971
129 -1585613345
130 -1816549744
131 1556738786
132 863929636
133 863929642
134 -1010369213
135 457679118
136 -1563059316
137 -1563059312
138 1168848685
139 -1957269941
140 -1957269926
141 380427430
142 -1576842483
143 352861073
144 -463126538
145 1031016862
146 920751407
147 264660333
148 264660346
149 2017962425
150 -1747684174
151 270278268
152 -1477405894
153 -936849356
154 -936849341
155 1214140982
156 1214141000
157 554583293
158 -1312102010
159 456622285
160 -855479718
161 -1156376141
162 1982215009
163 -29640831
164 -29640818
165 -29640803
166 1893292569
167 1863651777
168 -567663738
169 -567663720
170 -1702991205
171 -1702991197
172 1617309231
173 1617309241
174 1531627293
175 -1231712710
176 299914601
177 599829198
178 599829214
179 267860308
180 1767433337
181 -760100624
182 -760100619
183 1114921618
184 354821010
185 709642027
186 709642039
187 -1405940589
188 13343490
189 -1392597091
190 -1365910118
191 1549803597
192 -1208703610
193 -1208703600
194 668856480
195 -198747131
196 -1947297844
197 -1477188482
198 -1477188473
199 -606707483
200 -1412162104
201 -1412162086
202 -613252840
203 -1226505679
204 -975822879
205 1479385918
206 -722942637
207 -722942617
208 -1445885246
209 -1445885226
210 -42688429
211 -85376853
212 -1573950495
213 -1702015774
214 -1702015755
215 -1702015741
216 -1702015734
217 207921108
218 1098856949
219 1098856963
220 -2097253371
221 100460551
222 -897935841
223 -697014744
224 -697014742
225 2003001981
226 -288963339
227 -288963334
228 31045840
229 759106415
230 790152260
231 1549258688
232 1549258707
233 383854615
234 -812595272
235 -1625190540
236 1857181493
237 -580604306
238 -348613351
239 -1509821967
240 1855927674
241 346105719
242 -237006221
243 1965027183
244 -364912939
245 -364912928
246 -364912911
247 -364912904
248 505375517
249 505375519
250 505375526
251 1151213662
252 -2133002571
253 534337663
254 563299816
255 563299823
256 -472065265
257 654534387
258 654534401
259 1309068792
260 -1585595141
261 560477178
262 938485238
263 -86632715
264 851852534
265 851852539
266 -1178932518
267 -1178932516
268 -1506012488
269 -1506012480
270 -223070154
271 -119060339
272 -238120667
273 -357180996
274 -937432139
275 -1651794125
276 991379039
277 -1597847209
278 1099272871
279 -2096421559
280 1039556323
281 -1056865228
282 -1014457584
283 -2071322807
284 -2071322791
285 -879444771
286 -727123068
287 -727123067
288 -727123053
289 1234153354
290 -947215825
291 -440185513
292 -153247968
293 -153247956
294 -306495918
295 -612991827
296 -919487733
297 -919487717
298 1383256147
299 -1068711121
300 -1524430414
301 1246106471
302 1246106490
303 967782552
304 1935565102
305 -1391619632
306 543945489
307 1087890969
308 -1151402803
309 -1151402795
310 -670969135
311 -1341938270
312 -2012907400
313 -2033653099
314 -1093531471
315 -1093531465
316 -1938656128
317 169248248
318 -1769407871
319 -1769407868
320 -1013256305
321 -2026512610
322 -514209476
323 -1028418952
324 -1028418943
325 -2056837888
326 1209710484
327 1391002005
328 -1512963284
329 -121961275
330 -243922535
331 -243922519
332 -731767590
333 -1341573906
334 -2073341492
335 -2073341476
336 2125987623
337 932698053
338 -1236281619
339 1822404064
340 1822404066
341 -1886440783
342 -64036709
343 458049026
344 329975606
345 659951212
346 1383939150
347 -1527089007
348 -143149845
349 703627130
350 1077278647
351 1494606093
352 -1019455415
353 -2038910824
354 -486481486
355 1769574996
356 1769575002
357 -755817282
358 -755817275
359 -755817274
360 1271698168
361 -995753652
362 -1991507308
363 -1991507292
364 -167920052
365 -851720998
366 -1019641042
367 -1871362030
368 552243231
369 936566414
370 2041052885
371 638859467
372 -678488521
373 -1356977046
374 644446787
375 -712530243
376 -2103549008
377 -2103548991
378 -624660936
379 1566757382
380 1029965748
381 -131486782
382 1840575421
383 10844493
384 -1545068399
385 306351526
386 612703058
387 -615169320
388 -2466257
389 -617635566
390 -617635551
391 -1235271110
392 1206789505
393 -28481597
394 -1292234309
395 -1966833054
396 -2080759454
397 247374805
398 494749600
399 989499205
400 -349135838
401 1135112970
402 -1777366540
403 -1890201
404 -1890189
405 -646033940
406 -647924122
407 -1297738435
408 -1297738417
409 405532401
410 -892206007
411 -892205996
412 1618349293
413 239469708
414 1857819019
415 -1471535253
416 1351896779
417 1977650263
418 1977650283
419 -459305206
420 552924828
421 93619626
422 646544455
423 -1483533298
424 -190444375
425 -380888757
426 -571333124
427 1668767757
428 526101513
429 1052203029
430 -1619228108
431 1627844206
432 1586920643
433 -1121126009
434 465794639
435 -1735533805
436 -1735533804
437 1755488964
438 1924057296
439 1944012459
440 1944012477
441 -406942352
442 1110172591
443 1110172596
444 -537551964
445 -537551946
446 1145241283
447 -2004484723
448 -824174746
449 2073997168
450 -146972949
451 1927024221
452 -1265093600
453 1764780101
454 499686512
455 999373023
456 -369197034
457 1129862518
458 1760038516
459 -1405066251
460 354972281
461 -1050093955
462 -2100187910
463 1854629987
464 -940679591
465 2058635833
466 872398334
467 872398352
468 -491534767
469 -491534749
470 -983069502
471 -1474604250
472 1837293551
473 1837293569
474 725378635
475 -1732295081
476 -1006916433
477 -2013832870
478 -2013832857
479 267301581
480 2090358937
481 -1937306762
482 687655345
483 -1249651411
484 -141642302
485 -1391293705
486 -1532936003
487 -1532935987
488 -1553492092
489 -324396770
490 -324396764
491 -324396761
492 235348928
493 235348937
494 235348948
495 470697897
496 706046863
497 706046866
498 -1941477773
499 -58686135
500 -2000163907
501 1706733220
