0 0
1 6
2 15
3 37
4 51
5 129
6 199
7 391
8 816
9 1545
10 2373
11 4753
12 9488
13 18976
14 35592
15 68823
16 137648
17 242075
18 379739
19 759477
20 1518953
21 2900248
22 5178690
23 8078958
24 18436346
25 18436354
26 53030606
27 103160955
28 103160964
29 296225236
30 296225237
31 695611449
32 1494383842
33 -1808746766
34 -1808746760
35 -1131272997
36 1040584627
37 -1899435117
38 -1312649700
39 1082882491
40 2075076601
41 -54125720
42 2020950895
43 -482832717
44 346984263
45 346984271
46 -2117006291
47 -1905870463
48 966059087
49 966059089
50 -1743774299
51 -777715195
52 1799725527
53 1022010340
54 300246392
55 600492770
56 1922749503
57 1350257256
58 900788979
59 479321217
60 1380110197
61 1859431431
62 1859431435
63 1859431441
64 -1152208865
65 -1152208859
66 1414445160
67 1414445172
68 -1911063238
69 -1386590610
70 997313452
71 528549946
72 -1771790430
73 -245927021
74 -1489167493
75 -1981021543
76 824778277
77 -368160911
78 -368160902
79 88456482
80 -279704407
81 -559408811
82 -1486978545
83 1968875541
84 -268759733
85 1700115827
86 -894735643
87 -894735632
88 -358115176
89 -1252850800
90 1789265703
91 1789265722
92 -1969286667
93 1609244762
94 1429223825
95 352746063
96 1781969893
97 -731027513
98 -1462055009
99 -411112617
100 -1873167610
101 -182395449
102 1828291627
103 -2100439049
104 -272147421
105 -544294827
106 -816442246
107 561643765
108 1123287532
109 1684931298
110 2009125528
111 267578592
112 -2018263170
113 258440967
114 516881926
115 775322904
116 1292204840
117 2067527758
118 -159911793
119 -1095146472
120 2104674337
121 1009527876
122 -1180765075
123 1933437152
124 -1523239461
125 238960494
126 -531606881
127 -1063213756
128 -1594820629
129 -1594820616
130 42112301
131 84224610
132 -1468483704
133 -1468483693
134 -1468483674
135 15853138
136 15853143
137 -1436777391
138 -47071179
139 1374341343
140 -77800939
141 1249469232
142 1062161085
143 -1983336966
144 250492430
145 -670683445
146 -91897658
147 -1433264550
148 -1525162189
149 573959463
150 1147918919
151 1147918920
152 1147918937
153 -1802413235
154 493424627
155 493424646
156 1480273903
157 1973698553
158 -840994825
159 -1681989647
160 -1681989627
161 89993209
162 179986424
163 179986441
164 -1232023543
165 -782057460
166 -1834094554
167 626778200
168 -1989373799
169 316219693
170 -1046375892
171 368120954
172 1943558262
173 1581523018
174 -1131921257
175 -1131921248
176 1261238795
177 578919323
178 578919343
179 1287156231
180 1866075580
181 1866075588
182 -562816121
183 1303259487
184 177627251
185 918070630
186 1095697900
187 -2103571509
188 -1007873602
189 -2015747202
190 -2015747189
191 263472908
192 -1752274277
193 2061765249
194 2061765251
195 -1660238158
196 -1831674937
197 -1831674917
198 -1200057499
199 -568440053
200 -1768497544
201 1958029702
202 189532168
203 189532187
204 379064358
205 758128727
206 -820680151
207 695577300
208 1012090243
209 2024180497
210 -1383799392
211 1652471362
212 268671979
213 1921143359
214 1921143375
215 1468462796
216 1468462815
217 -1810722236
218 -1810722234
219 -1810722220
220 -1810722208
221 673522886
222 673522901
223 2020568660
224 2020568674
225 2020568679
226 -1854705667
227 165863017
228 331726035
229 497589070
230 1161041153
231 301513610
232 1960143845
233 -374679599
234 -1246948280
235 -1621627877
236 -981598285
237 -981598266
238 -536805406
239 1794965353
240 1968302823
241 1968302835
242 899798315
243 541436685
244 -1417128579
245 -334255214
246 -1209947098
247 -1544202293
248 330870801
249 1537433501
250 -885845087
251 -885845079
252 -885845076
253 -1120101734
254 -2005946795
255 -2005946782
256 -837028004
257 -837027985
258 1783883309
259 1783883311
260 -112236132
261 -839436801
262 -951672919
263 -1903345839
264 1439948556
265 1928224172
266 -326282822
267 1138544086
268 -114533301
269 -229066602
270 -1898081746
271 -2127148342
272 -73862677
273 2093956288
274 2020093617
275 -254780065
276 -509560116
277 -945257555
278 -1890515126
279 949634506
280 1899269009
281 -496429279
282 1402839732
283 1402839736
284 1402839745
285 1316391658
286 733514307
287 1963457888
288 -1597995099
289 1098977100
290 -780621431
291 683818466
292 1002174145
293 1685992631
294 -922982037
295 -922982031
296 842202711
297 -1003761339
298 -1084540647
299 1202903955
300 118363316
301 -767034708
302 -530308078
303 -1178979453
304 1937008383
305 1937008385
306 -420950525
307 -420950513
308 -1262851551
309 -2104752571
310 85462148
311 85462153
312 1098287489
313 1098287505
314 -2012930134
315 -2012930117
316 -1829285255
317 -1829285236
318 -1376533293
319 -740136471
320 349012304
321 -391124158
322 306900456
323 -475347858
324 -210559237
325 -770130792
326 -1456037875
327 1858239401
328 -367929255
329 34272280
330 -333656968
331 1190925472
332 891540800
333 1783081603
334 -429419410
335 -2049764298
336 1386364169
337 1581802865
338 -2022902363
339 -2022902353
340 249162588
341 249162606
342 747487782
343 1245812996
344 1993300785
345 1993300794
346 937447295
347 1874894586
348 1874894600
349 392269195
350 -1517128102
351 -1124858901
352 1500071398
353 1125248196
354 1500460702
355 -1294045884
356 -1294045869
357 1706875556
358 1744492718
359 -1931230060
360 -1931230047
361 432507197
362 865014388
363 -820445785
364 44568622
365 521644424
366 521644428
367 521644446
368 789056147
369 -1940977835
370 -1940977821
371 -2049610621
372 -2049610609
373 195746085
374 195746090
375 391492176
376 978730427
377 978730428
378 978730446
379 -771537717
380 207192741
381 414385476
382 621578219
383 1243156441
384 -2015847149
385 -772690694
386 -1545381385
387 1976895236
388 1937943306
389 -419080673
390 1950376502
391 -825728146
392 325438935
393 325438949
394 650877903
395 1301755789
396 -2016894643
397 -715138845
398 -453960833
399 1108972988
400 -60126674
401 -60126664
402 -60126644
403 928593010
404 868466376
405 1616679406
406 1616679424
407 -193142082
408 1423537358
409 1423537363
410 1592324182
411 -1279105741
412 -1279105740
413 -1279105720
414 -821455647
415 915300194
416 -1185261160
417 1924444969
418 833028358
419 833028370
420 1666056731
421 961591141
422 -1667319421
423 -1668582115
424 124774715
425 -583478937
426 -2127286317
427 -1626924776
428 -42722714
429 -1669647479
430 -1712370180
431 -756697851
432 1825899272
433 1982151070
434 -486916943
435 852065379
436 -1947667780
437 -1947667770
438 764780198
439 1529560384
440 -1600994967
441 -1600994962
442 -907649331
443 1714888422
444 1900216478
445 -679862381
446 -679862369
447 540491746
448 -819233002
449 -819232988
450 -1097974228
451 -1097974226
452 460552867
453 -1735395571
454 -1735395554
455 -1735395551
456 -1548640728
457 1010931026
458 -537709685
459 1484152364
460 1957373708
461 -1928860609
462 974955798
463 974955807
464 21051005
465 1999475710
466 -324528973
467 1674946753
468 1350417798
469 426395006
470 831739017
471 1258134025
472 -1778699228
473 -1778699224
474 -1467525406
475 1359916491
476 1359916493
477 1359916502
478 -1575134290
479 -1790352094
480 -2005569881
481 -1076088960
482 -792261409
483 -1868350363
484 1634355534
485 -1026256219
486 -1026256203
487 -2052512408
488 -44052355
489 1780245659
490 1926135773
491 -632638213
492 -1221224069
493 -1853862267
494 1219880968
495 -1855205363
496 -635324382
497 -1270648759
498 1753669763
499 483021011
500 -2058276510
501 -1575255487
