0 0
1 16
2 35
3 64
4 133
5 258
6 277
7 682
8 979
9 2347
10 4292
11 8320
12 14979
13 27592
14 27593
15 78504
16 106100
17 212202
18 318321
19 318335
20 848878
21 1803849
22 2652736
23 5942139
24 11565949
25 11565952
26 29074056
27 40640027
28 40640047
29 110354147
30 110354155
31 110354168
32 371702526
33 702765000
34 702765007
35 1887586706
36 -1704615569
37 1588501151
38 1771472291
39 1655357882
40 1655357902
41 1655357903
42 -984251484
43 -1968502964
44 -1968502959
45 -1610541592
46 -581473794
47 134448966
48 -1699605042
49 -1565156067
50 583181360
51 1166362725
52 1749544105
53 1933932135
54 -611491047
55 -1222982089
56 1849003113
57 14529983
58 1863533102
59 1892593077
60 1892593080
61 1353751978
62 -1572933367
63 -219181371
64 -438362748
65 2064489818
66 1187764313
67 -1042713156
68 1771178244
69 -314248057
70 414217034
71 99968994
72 928403065
73 -1395448009
74 -267106970
75 -1662554976
76 969857345
77 -1426849543
78 1908313167
79 -478340970
80 -478340969
81 951631240
82 1903262471
83 -488442342
84 -488442341
85 926377798
86 926377807
87 -1515833883
88 336921742
89 185401134
90 -67133192
91 -67133189
92 -1127777375
93 -739720875
94 -1816363495
95 543972367
96 543972372
97 1699050304
98 1699050323
99 -352894282
100 -161816207
101 -161816200
102 -161816181
103 -485448573
104 -647264751
105 -647264735
106 -647264724
107 -1941794194
108 -1941794181
109 -1530415272
110 1881401502
111 1881401503
112 -532164276
113 -532164266
114 -532164248
115 -1064328508
116 -2128657017
117 569817538
118 -1558839478
119 112959835
120 -876062091
121 414186099
122 -1907755616
123 -1907755599
124 130539942
125 -1777215643
126 -753033514
127 -1920253116
128 -1932750622
129 -311069937
130 1895611779
131 -348208762
132 -348208754
133 -696417502
134 -1392835007
135 1857506038
136 -928163981
137 -1159910448
138 -2088074426
139 1046982428
140 -1041091990
141 -2082183977
142 1171691334
143 -1951584625
144 -779893280
145 1563489402
146 3702851
147 -1164285651
148 -1164285641
149 1966396015
150 802110387
151 439935115
152 879870243
153 879870259
154 -2095291670
155 -1215421391
156 1864124502
157 -1446588545
158 -2013306841
159 1483775024
160 -111995855
161 -641527652
162 -1283055320
163 -2036578825
164 975333164
165 -1061245657
166 889420669
167 -171824987
168 -343649973
169 288033232
170 661978945
171 606362206
172 1212724423
173 1212724428
174 1212724430
175 1212724437
176 1162292642
177 -1919950210
178 -757657558
179 1617359530
180 1617359540
181 -1817905773
182 659155756
183 458609538
184 1117765306
185 1117765317
186 -2059436669
187 -941671336
188 -1883342672
189 528281941
190 -61201434
191 467080512
192 467080513
193 -482101124
194 -15020607
195 -30041202
196 -60082404
197 -105144205
198 -195267792
199 -390535602
200 -690947590
201 -1381895187
202 1831588926
203 449693757
204 449693770
205 899387529
206 1349081314
207 -2046498437
208 201970412
209 -1844528007
210 1954992579
211 -384982119
212 -274517543
213 -659499657
214 -1208534729
215 -1868034368
216 1218398203
217 -1858170881
218 -639772676
219 -61147142
220 1086240443
221 1086240450
222 -2122486384
223 -1036245921
224 -1047398548
225 -1047398533
226 -2094797068
227 -2094797066
228 105373163
229 -1989423883
230 -1989423871
231 -1673304342
232 -1673304328
233 948358634
234 948358635
235 -1449891389
236 1395184524
237 1842010421
238 -1559305096
239 282705327
240 -1276599760
241 -1276599747
242 -1987788835
243 1030578725
244 784557699
245 784557714
246 -664694430
247 -52789124
248 -717483540
249 -1434967088
250 -1434967075
251 654760488
252 1362310096
253 582103513
254 -1695793198
255 -531586159
256 -1645275830
257 -1928241561
258 189863752
259 911313658
260 1101177422
261 -1371162539
262 641328546
263 -729833979
264 -729833965
265 -818339378
266 -1548173341
267 468786643
268 937573282
269 1406359933
270 -1951034079
271 -1951034078
272 -1951034061
273 -1558134904
274 -1709909886
275 -924111536
276 -1848223088
277 1522632679
278 -1249701930
279 -1575292327
280 220271112
281 -1082090456
282 2130786382
283 2130786392
284 -895213856
285 -928608377
286 -1857216745
287 580533811
288 1194462137
289 -1906043020
290 1378095121
291 -527947889
292 -527947888
293 -389381533
294 -389381524
295 -389381506
296 -1696092448
297 -1696092444
298 -265362144
299 -141342752
300 -141342744
301 -548047630
302 -1096095250
303 -1926828370
304 1272043688
305 -654784675
306 -654784661
307 -1964354010
308 -1964353995
309 -288525351
310 -1231835380
311 -1154101437
312 1620505148
313 -1053957018
314 -587553300
315 1888025324
316 246515009
317 2134540350
318 -25886609
319 -25886595
320 -25886588
321 -77659774
322 -77659758
323 -77659738
324 -232979266
325 -491845109
326 -880143857
327 -1760287721
328 -1760287707
329 774391879
330 774391895
331 1443031796
332 -1303151714
333 1688663871
334 1828543963
335 -2080911157
336 1576176772
337 1576176775
338 -1142613736
339 433563045
340 433563054
341 -275487635
342 591638469
343 591638479
344 591638480
345 1774915437
346 -1336774894
347 -1336774890
348 -898634341
349 2059558080
350 -1512626043
351 1269715226
352 -418761966
353 -661672770
354 -1323345536
355 1648276226
356 324930700
357 -11811368
358 313119347
359 313119352
360 626238703
361 1252477411
362 -1790012473
363 -537535048
364 1967419785
365 1518588386
366 1518588394
367 -1257790514
368 -1085696273
369 1951480511
370 1951480515
371 1951480520
372 473777991
373 -1869708781
374 163543462
375 -1232387325
376 -1232387306
377 597805347
378 -1866969282
379 1793416066
380 524252146
381 -1977299067
382 -1977299047
383 791068119
384 -845861781
385 -845861773
386 -1691723548
387 911520213
388 1823040421
389 196975320
390 -1363431326
391 -1166456005
392 401648635
393 -1931263369
394 235465234
395 -1294149491
396 1305019680
397 1305019683
398 1315889890
399 1315889903
400 -347297617
401 -705465425
402 1579016763
403 1579016777
404 -1842399176
405 262871327
406 -1579527846
407 -1316656510
408 -180744901
409 1218038054
410 -1596019863
411 -377981798
412 -377981784
413 -377981782
414 -1511927171
415 -1889908952
416 893131177
417 893131182
418 -1615573756
419 1063819792
420 -655400554
421 -314023334
422 -314023321
423 -219627412
424 -1503074612
425 -1722702009
426 1069190679
427 -653511329
428 415679354
429 831358710
430 1662717427
431 -969532453
432 1524543697
433 1524543706
434 2079554953
435 2079554957
436 2079554971
437 -826725991
438 -962583339
439 154388267
440 -1770778412
441 -1616390126
442 99603691
443 1007402465
444 -2125774099
445 -1018767941
446 1150425273
447 -1994116751
448 -1862459415
449 438391132
450 -1424068269
451 1446830750
452 -1401305783
453 -940152150
454 1976271847
455 1036119704
456 1036119713
457 -1186608179
458 -150488452
459 735142793
460 735142806
461 133188975
462 868331796
463 868331804
464 1869852585
465 -1556782902
466 -1556782883
467 -1556782880
468 1181401542
469 1181401543
470 806020215
471 -1126143980
472 -320123749
473 1722555573
474 276287852
475 552575710
476 828863565
477 828863574
478 828863585
479 -1808376555
480 -979512963
481 1507077780
482 -1280811723
483 226266074
484 -526980815
485 -74448683
486 -1655975127
487 983017023
488 983017026
489 -291370567
490 691646471
491 1383292931
492 1783568842
493 -727829607
494 -1455659209
495 -1455659190
496 -1455659184
497 -72010274
498 -144020542
499 -216030814
500 -360051354
501 -792112972
