0 0
1 9
2 19
3 36
4 48
5 115
6 234
7 367
8 729
9 1455
10 1457
11 1474
12 2938
13 8056
14 12474
15 23469
16 46939
17 93880
18 140835
19 281670
20 516403
21 1079742
22 2018657
23 2018674
24 2018694
25 7135772
26 13191799
27 13191813
28 37556754
29 71076155
30 121824741
31 121824757
32 314725659
33 629451316
34 1258902640
35 -1848238164
36 -1848238145
37 -1848238125
38 9155520
39 607646558
40 -632945051
41 -632945036
42 -1265890077
43 1763187148
44 497297090
45 994594164
46 1491891270
47 452002392
48 -859182368
49 -1718364731
50 -1718364727
51 -944517
52 -1719309232
53 856348831
54 1712697670
55 -869571968
56 -869571950
57 829902599
58 803456371
59 -105784941
60 658002096
61 658002116
62 1210219284
63 -1768743793
64 -1768743777
65 -1669266160
66 -911786421
67 -54829048
68 -54829028
69 -164487123
70 -274145182
71 -274145163
72 -548290334
73 -822435494
74 -1370725823
75 -1370725807
76 -91355309
77 1462160377
78 2101885246
79 -822276970
80 1279687540
81 1279687544
82 1006176460
83 -729415733
84 -729415729
85 -729415716
86 -1182070704
87 924649432
88 -1716252713
89 862461874
90 862461891
91 1724923779
92 -1707581609
93 17342171
94 897146235
95 897146250
96 104053067
97 1001199331
98 1001199349
99 2106451766
100 -186116831
101 -186116814
102 1734218141
103 1361984510
104 -1384881457
105 -22896934
106 -1407778375
107 280645889
108 -1150029409
109 -869383507
110 -869383503
111 -1738766998
112 1686816807
113 -1790717188
114 -1842667365
115 609632566
116 1271215326
117 38180538
118 1309395880
119 1347576432
120 281033455
121 -47565649
122 233467808
123 185902167
124 185902182
125 185902187
126 371804377
127 371804397
128 743608780
129 1859021932
130 -948727799
131 -948727795
132 1076979518
133 1076979520
134 2115525390
135 -25482854
136 -25482843
137 -50965696
138 -76448524
139 -76448518
140 -254828427
141 -254828423
142 -254828410
143 -764485243
144 -1019313650
145 -1783798883
146 472541126
147 472541127
148 945082269
149 945082276
150 1890164563
151 -514638178
152 -514638159
153 -1543914523
154 1721776450
155 -336776220
156 1385000236
157 1385000251
158 -139966570
159 -279933144
160 2013324558
161 1593424847
162 -968151024
163 625273824
164 -342877199
165 -1373972285
166 -1716849480
167 861268350
168 1722536696
169 -1711162230
170 872642817
171 28436172
172 28436186
173 940889647
174 997762019
175 1967087855
176 -332355398
177 -1662472815
178 970021671
179 942281330
180 1884562656
181 -498101638
182 1636291220
183 1636291222
184 1306357508
185 -1352318560
186 -1068345904
187 -1114306948
188 759995895
189 -1468617989
190 51373800
191 1455066157
192 -316489079
193 -278667100
194 911283793
195 316127617
196 632255239
197 948382867
198 1580638112
199 -817563454
200 1711457543
201 -872052222
202 -1744104440
203 1678810636
204 774111535
205 1548223063
206 -1972632684
207 -424409612
208 -848819216
209 -1697638435
210 1748509653
211 -1222357609
212 -1222357598
213 -696205536
214 1204917772
215 -713645354
216 -713645351
217 -713645342
218 -2140936029
219 -2140936028
220 -2140936010
221 13095270
222 -2114745491
223 -2101650220
224 -2049269142
225 -2049269140
226 275000605
227 275000615
228 -1355219973
229 -1080219339
230 1859527987
231 -575911312
232 1283616691
233 707705390
234 1991322093
235 971293570
236 -1332351614
237 -361058038
238 1269206029
239 1269206041
240 845002434
241 2114208477
242 -1335756380
243 -133100685
244 -1535407406
245 -1668508085
246 1736403227
247 1736403237
248 135790306
249 1940088704
250 1940088721
251 1940088723
252 1940088737
253 -414789817
254 -1244369506
255 280929427
256 -963440066
257 -682510636
258 1270786699
259 -375163985
260 -375163973
261 -1125491955
262 -1500655912
263 1293655467
264 1293655475
265 -38836915
266 1047818116
267 1047818124
268 -944512486
269 1112286842
270 1215592498
271 -815964187
272 567402684
273 2079317850
274 -1648246744
275 998473810
276 -649772918
277 348700912
278 1128472917
279 1825874741
280 -1340619627
281 1962428947
282 1962428967
283 1962428983
284 1962428991
285 -2080838327
286 -118409334
287 -236818666
288 1488791654
289 -947274657
290 304698343
291 -642576296
292 203639056
293 203639076
294 69400199
295 69400217
296 138800433
297 684878993
298 962479860
299 1647358862
300 1647358869
301 1647358881
302 1609589193
303 1609589212
304 571570002
305 571570017
306 67351147
307 1210491181
308 1277842335
309 -596142613
310 681699733
311 681699745
312 2045099217
313 -1482611195
314 562488024
315 1806675809
316 -681615680
317 1125060132
318 -1482359002
319 -1038914537
320 1773693768
321 1773693782
322 -1786494281
323 -760380252
324 1000513023
325 1000513031
326 -545848471
327 1455177588
328 1909842164
329 -929947536
330 -1405230518
331 483993236
332 1513834943
333 -337349872
334 1660478323
335 -1458003894
336 -1458003874
337 -1592879314
338 1109208676
339 -483670632
340 1869622164
341 1869622173
342 -1039393572
343 -1595116512
344 1660457216
345 65340712
346 65340728
347 -843371418
348 947767251
349 104395843
350 274132416
351 378528261
352 861452365
353 1514113046
354 -1162345364
355 1213220059
356 1213220069
357 1213220080
358 -1868527135
359 -1868527125
360 -1868527116
361 -1310614073
362 -752701012
363 -2063315082
364 -2063315077
365 531462248
366 -1531852818
367 -832053432
368 -1832444000
369 98617059
370 -1733826934
371 -1635209870
372 -1635209864
373 -610662298
374 2049095141
375 -196777001
376 -2028763878
377 -2028763877
378 237439555
379 -1791324313
380 712318664
381 -841566075
382 -841566073
383 1770269069
384 1770269083
385 -754429136
386 1944542961
387 435684683
388 -1914739637
389 1481327963
390 2273012
391 4546031
392 9092055
393 9092064
394 18184120
395 18184121
396 36368260
397 81828581
398 154565095
399 236393679
400 527339737
401 527339752
402 1445638273
403 1445638274
404 -1403690739
405 41947543
406 2056873105
407 -708560823
408 1348312283
409 -1598342727
410 -958591248
411 -1917182501
412 -179149164
413 -358298326
414 881746061
415 881746071
416 1763492139
417 -1649729084
418 1877255194
419 1877255198
420 455052236
421 -85404663
422 369647583
423 739295172
424 739295191
425 1762833296
426 1762833297
427 1762833301
428 -769300688
429 -769300685
430 1987065228
431 448463865
432 -1635206272
433 31022146
434 -1155720248
435 -1124698092
436 858828711
437 -1390567467
438 -1656436847
439 -1656436832
440 -408473833
441 -816947670
442 1413108973
443 -1468749347
444 1357468597
445 -111280746
446 -222561478
447 1023626389
448 801064912
449 -1446649603
450 44199494
451 -601385181
452 -601385167
453 -1804155533
454 1288041432
455 -516114083
456 -1633613335
457 -1633613327
458 -1633613308
459 -605872671
460 421867997
461 -184004673
462 659731331
463 659731348
464 1319462684
465 1319462697
466 -1656041903
467 -1992621127
468 -350006282
469 -1359743917
470 -1063445918
471 -1063445917
472 -2126891820
473 41183642
474 -1277376617
475 -1277376605
476 -1277376595
477 -1277376578
478 -814539080
479 -1629078163
480 1851350057
481 1851350072
482 1259082887
483 666815739
484 -295446692
485 1630451951
486 1335005266
487 -958141024
488 1711869508
489 -575781582
490 -1151563159
491 -1151563148
492 -1167038372
493 1960890552
494 -1509274113
495 -715421916
496 2070271277
497 1806465818
498 -682035660
499 -1100265851
500 24164311
501 2118599913
