0 0
1 14
2 30
3 48
4 83
5 176
6 180
7 532
8 544
9 1265
10 2527
11 4356
12 8152
13 16308
14 32609
15 48919
16 81534
17 163071
18 163082
19 456620
20 913232
21 1369858
22 1369862
23 1369872
24 5479457
25 9589065
26 16438397
27 34246662
28 34246674
29 84931748
30 119178435
31 238356865
32 476713737
33 715070620
34 1634251412
35 1634251426
36 -311393824
37 -622787655
38 -1960645929
39 -1960645917
40 -1960645914
41 -1960645899
42 -1960645895
43 747350980
44 -1213294902
45 -2052914331
46 1028758073
47 -1490100161
48 1314766965
49 853424880
50 -2126775432
51 -1273350537
52 894841333
53 1789682671
54 1411173479
55 -1094111142
56 -1293380947
57 -976318594
58 -162954519
59 -1139273096
60 -1139273088
61 2016421123
62 -425079563
63 -850159141
64 741182422
65 -108976705
66 -643032979
67 -10827255
68 -762836931
69 -784491431
70 -784491428
71 -1568982839
72 394164673
73 1551166272
74 -1192634744
75 -816286621
76 -2008921358
77 -2008921342
78 -1731796756
79 -1454672158
80 -1454672148
81 -1454672138
82 -1800845895
83 -415222873
84 -415222872
85 209003519
86 -621442225
87 1251236952
88 1251236963
89 2090035223
90 -114896844
91 -438797211
92 -438797208
93 -992491262
94 -1431288459
95 993593159
96 -1430186551
97 1434594187
98 -1425778910
99 -427778108
100 -1853557001
101 2022447467
102 -1684666540
103 -1684666533
104 666746582
105 1761271280
106 -941315203
107 -197963870
108 -395927740
109 892811059
110 892811078
111 250415325
112 1143226417
113 1143226424
114 1143226441
115 1143226452
116 277938442
117 277938454
118 1699103361
119 -2039987032
120 -2039987017
121 1914096628
122 -466774040
123 1662315842
124 -970335617
125 2139302816
126 -1463684247
127 675618585
128 2043217394
129 -1576131310
130 -320979569
131 146106517
132 -1751004359
133 -1604897823
134 764192068
135 1849363704
136 -742346406
137 1871209384
138 1871209389
139 554468788
140 -740426131
141 -185957342
142 -926383459
143 -1852766929
144 1143902233
145 1733335688
146 -87869798
147 936601212
148 -568997949
149 -568997933
150 -201394659
151 -770392589
152 -1173181904
153 -2144969144
154 -563968931
155 412847321
156 55302063
157 55302074
158 -40517467
159 -81034920
160 -81034908
161 -202587280
162 -405174563
163 -688796739
164 -1458628402
165 -1458628398
166 283739213
167 -1174889166
168 486560559
169 -1863217779
170 -1863217771
171 -1863217764
172 -1983014622
173 -1983014621
174 -965747961
175 -636809907
176 1158129720
177 1158129726
178 -1978707838
179 -1978707830
180 2017001179
181 375844959
182 -1902121139
183 -1902121137
184 490725025
185 -1411396111
186 -54101101
187 1418073977
188 1418073979
189 -1458819329
190 -1458819318
191 -135591786
192 -217082461
193 -1852238907
194 -1852238897
195 -1852238883
196 590489530
197 -671259851
198 -1342519698
199 -832800496
200 -832800485
201 615586778
202 1902433404
203 852419220
204 852419233
205 852419235
206 780310593
207 -957399014
208 -177088406
209 -354176825
210 -354176818
211 -708353626
212 -1593795659
213 1107375982
214 -486419664
215 -972839321
216 -1459258972
217 -1811141968
218 -434692621
219 -382965581
220 206908172
221 -610750025
222 1262325278
223 40825231
224 516343084
225 1208743570
226 1208743576
227 -57986555
228 -1419123601
229 -1477110151
230 1398733548
231 -78376600
232 -78376581
233 -156753173
234 -313506338
235 -313506320
236 -783765816
237 -1567531631
238 1943669858
239 -407627573
240 -407627553
241 -439116896
242 -878233784
243 -2132605789
244 437383278
245 437383286
246 437383292
247 1312149873
248 1749533166
249 -358517677
250 1391015505
251 -200786426
252 831711420
253 2021940511
254 -1441315355
255 -1441315338
256 -28978760
257 -57957509
258 -947626435
259 -1034562702
260 -2069125388
261 -2069125375
262 -1825472597
263 -1825472591
264 -1425103256
265 -624364613
266 420026837
267 420026854
268 215689087
269 215689091
270 851405033
271 2122836921
272 -1320725341
273 2084894804
274 -340866786
275 -897422657
276 -1238289435
277 -2135712091
278 23543117
279 -2112168957
280 70629374
281 141258741
282 141258756
283 282517498
284 282517516
285 565035026
286 1412587554
287 -1611050945
288 -1611050943
289 -1809514333
290 675938644
291 -1133575688
292 2027815931
293 2027815945
294 -696972459
295 1330843502
296 633871058
297 -999409245
298 965305332
299 -34103907
300 1896506751
301 1828298951
302 1828298966
303 1224033466
304 585664097
305 585664113
306 1756992308
307 -1366646759
308 390345561
309 1366355233
310 390054044
311 1756409290
312 -1758449918
313 388013435
314 388013450
315 -982423022
316 -1964846049
317 1347698230
318 -617147813
319 2078248643
320 2078248646
321 -138469988
322 -894087794
323 -1788175592
324 1612703912
325 1612703917
326 543144451
327 -2139118915
328 -1595974453
329 1103018395
330 -2088930516
331 117106269
332 -868805846
333 961381155
334 209681593
335 1171062762
336 1380744374
337 1380744382
338 -1533478530
339 -1686212711
340 1075276071
341 -610936635
342 1539615502
343 928678882
344 1246421110
345 -580251793
346 1594848201
347 -2033949763
348 1155746647
349 136393299
350 853038385
351 111228575
352 222457152
353 1323117413
354 -1648732454
355 861109078
356 535494046
357 1070988103
358 1070988109
359 1889846887
360 1889846906
361 1626702714
362 -2112549970
363 -2112549951
364 69867391
365 -638682897
366 1613601840
367 1114653726
368 1114653730
369 -1020873493
370 1208433975
371 187560491
372 375120986
373 750241965
374 1500483928
375 1500483941
376 -168636471
377 -712393920
378 -712393909
379 -1424787823
380 -1517728167
381 -1517728156
382 -1590064664
383 -1755341505
384 -2085895178
385 -1136334038
386 -682603421
387 -682603401
388 -1365206815
389 1564553664
390 -1165859971
391 -966513118
392 -567819406
393 -567819387
394 -1703458206
395 -1703458188
396 -247587876
397 72643648
398 145287301
399 -1733115114
400 -1762772035
401 -1762772016
402 -1762771997
403 -1762771993
404 -194268554
405 -1957040536
406 -1381885769
407 -1000999554
408 1912081990
409 1672854878
410 1202051551
411 -508978418
412 -1929039265
413 1856949632
414 -581068041
415 1275881596
416 113745523
417 736469459
418 736469464
419 -2013469292
420 -426784832
421 -853569671
422 -1280354483
423 -2133924135
424 1881832199
425 1482166381
426 -50280018
427 -50280010
428 1381606354
429 1281046328
430 -250708257
431 -250708242
432 2110956188
433 1860247961
434 -574471388
435 -574471385
436 -1472705906
437 1349555471
438 -697621808
439 651933665
440 651933679
441 483095112
442 1089340663
443 -1418664175
444 -329323496
445 -1747987658
446 -2077311142
447 -188978507
448 -1467297681
449 -1656276184
450 -1656276181
451 -484882741
452 -969765474
453 -1454648209
454 -1926881473
455 2097480518
456 2041152678
457 -156334097
458 1884818583
459 -354731082
460 1530087521
461 650026311
462 650026312
463 -1464827144
464 1365313005
465 550512176
466 1101024365
467 1651536550
468 373418819
469 746837620
470 128362253
471 -293787672
472 -165425417
473 -165425399
474 250561391
475 -80289410
476 -454366490
477 -449519896
478 -903886379
479 -1888062155
480 1503018780
481 -385043363
482 -1673973097
483 1850907468
484 -208108980
485 1086800818
486 878691844
487 1965492675
488 1278816542
489 1278816562
490 -1737334190
491 -630483858
492 1927149267
493 838147796
494 838147800
495 1676295601
496 1676295619
497 -104228275
498 -208456537
499 -312684794
500 -1567745674
501 -1567745669
