0 0
1 15
2 31
3 34
4 54
5 153
6 307
7 593
8 1145
9 2056
10 4118
11 7335
12 13521
13 20876
14 20879
15 41763
16 41768
17 138816
18 243239
19 465594
20 889432
21 1737099
22 1737108
23 4363646
24 9192897
25 17030761
26 26223664
27 43254429
28 69478099
29 155986957
30 268719491
31 494184561
32 988369117
33 1976738244
34 -410968919
35 -1246644289
36 -1246644271
37 -927519224
38 2120803805
39 -53359682
40 -1353363660
41 714080480
42 -639283170
43 788877783
44 149594615
45 -340093933
46 -190499305
47 -380998608
48 -571497910
49 -1333495134
50 -1333495128
51 484981231
52 2112958273
53 -640548659
54 623895737
55 -1713680713
56 -1713680693
57 867605908
58 -1935859752
59 1513032775
60 1312384824
61 1757163773
62 -780639756
63 -780639750
64 -1273665426
65 234603675
66 -1819701483
67 1436204076
68 2091768398
69 -766994808
70 1324773605
71 -209216014
72 -1854636099
73 585695100
74 -1268940987
75 -683245883
76 1073839429
77 -878347437
78 -878347434
79 -878347427
80 -878347420
81 1855417018
82 977069609
83 197444354
84 -1265036308
85 1764894680
86 1764894699
87 -765177904
88 1499575187
89 -30780626
90 -1826455924
91 642055433
92 -480783832
93 -1665184309
94 -1503912695
95 1125870310
96 1770956787
97 -1398140191
98 1498686911
99 1493461131
100 1594007854
101 664005211
102 -442946371
103 221058850
104 -765380617
105 -323262926
106 -323262906
107 -1411906430
108 -1411906410
109 -1411906398
110 59248074
111 118496152
112 1648898719
113 -997169849
114 829473108
115 -167696728
116 1432001421
117 1264304713
118 -936884769
119 1591724657
120 654839893
121 -2048402733
122 525581768
123 525581782
124 525581785
125 183182504
126 183182507
127 891946811
128 1783893618
129 -1435944352
130 1423078592
131 -12865756
132 -25731498
133 -38597247
134 -77194494
135 1268689604
136 1127166367
137 -2040634557
138 278026929
139 -1762607626
140 -1762607619
141 769752069
142 1539504121
143 -1215959038
144 -669310455
145 -669310448
146 1740387371
147 725311562
148 725311575
149 725311586
150 725311593
151 -1393720975
152 56902208
153 -1336818763
154 -1336818754
155 1621329783
156 1621329796
157 625924281
158 -2047713215
159 -2047713202
160 -1848172325
161 -1648631439
162 1623628710
163 -1673634167
164 -1698636893
165 897693508
166 -850948833
167 46744694
168 93489375
169 186978760
170 327212834
171 654425677
172 1262106658
173 -1864243359
174 566480584
175 945982413
176 1512463010
177 -1270041277
178 1188404154
179 -81637118
180 1349188777
181 1185914537
182 -653096937
183 1882006387
184 -1880143289
185 1863108
186 1863119
187 -647507598
188 -643781362
189 -1287562717
190 -1287562705
191 -1287562690
192 -211502169
193 -1499064842
194 9274897
195 9274906
196 1315387403
197 1333937224
198 -1627092852
199 -1627092843
200 -1627092840
201 1040781632
202 1040781648
203 1040781667
204 -131840725
205 1949722605
206 -395522099
207 -1831825839
208 2067619366
209 235793542
210 471587073
211 471587085
212 1178967717
213 1650554807
214 1650554817
215 -993857657
216 -337160521
217 -1331018160
218 -1668178661
219 1615307119
220 1580059422
221 1527187883
222 1723357615
223 482766092
224 -2088843580
225 -1606077487
226 600046234
227 1682858573
228 1682858578
229 -929250139
230 -929250132
231 -929250113
232 1507216918
233 577966814
234 226683506
235 804650340
236 1031333853
237 -1654332765
238 986301754
239 363302846
240 363302854
241 726605708
242 1089908573
243 -765545550
244 1777574435
245 1777574451
246 1777574462
247 -739818365
248 -467607853
249 -169670164
250 -169670159
251 -1546766524
252 -1716436677
253 1031764115
254 1893858067
255 1209185522
256 1209185532
257 1049025952
258 -827570272
259 221455683
260 -606114575
261 -606114559
262 -1818343707
263 1264394460
264 -553949237
265 710445224
266 1420890461
267 1577386454
268 1577386459
269 -1140194368
270 -1140194350
271 -1999692628
272 -1999692610
273 -1999692590
274 -1704110518
275 591164191
276 1182328383
277 -1930310532
278 -1860928469
279 -2017746422
280 -1514018112
281 -1845707853
282 -1845707851
283 -494174098
284 -494174088
285 -988348177
286 -1373144756
287 -1373144751
288 -1373144731
289 -812815118
290 735862702
291 98580652
292 834443368
293 834443377
294 1767467401
295 -1693056510
296 74410911
297 74410919
298 148821831
299 372054565
300 595287320
301 967341903
302 1934683801
303 -797654263
304 2104371450
305 2104371457
306 -883878632
307 -883878612
308 336614231
309 -1517367388
310 -844138933
311 502317982
312 -1859188325
313 2093958036
314 2093958050
315 -1463921539
316 1367124217
317 -96797306
318 -193594626
319 1076732295
320 883137670
321 883137671
322 1766275343
323 -1645554277
324 120721080
325 120721081
326 362163239
327 362163247
328 845047583
329 1690095164
330 1690095167
331 1690095171
332 1690095181
333 1690095190
334 -1829553867
335 -139458663
336 -1193694278
337 217483575
338 1349744081
339 373533391
340 607608120
341 -1964081703
342 584287475
343 584287483
344 584287497
345 584287508
346 1168575023
347 -1373529782
348 -204954758
349 -1578484535
350 -1578484526
351 1137998238
352 2071041718
353 -1085927324
354 985114404
355 -1186740244
356 -1186740231
357 1921486840
358 1921486860
359 -1638733826
360 -1638733825
361 565506059
362 1583005713
363 509777951
364 -619177927
365 -109399966
366 -218799940
367 -947377822
368 -1384977699
369 1743811847
370 1743811859
371 2102646010
372 2102646017
373 -89675258
374 -986694099
375 -1166044613
376 1962878062
377 1823110125
378 -1675023708
379 -1675023691
380 -1526937268
381 -1526937263
382 -433930923
383 1752081740
384 1752081754
385 1752081755
386 527347044
387 1488625002
388 2015972055
389 -1053826974
390 -1316850154
391 -1316850152
392 -1671555213
393 1306561944
394 1306561950
395 -375281451
396 -375281446
397 -375281441
398 -1125844322
399 -1501125758
400 -1501125745
401 -1501125734
402 -208409924
403 -1709535652
404 -1917945558
405 -1917945543
406 -1917945542
407 918152380
408 -999793154
409 -1540510104
410 -1540510095
411 214153963
412 1428101077
413 1428101085
414 1529846039
415 -1235275223
416 -1235275216
417 1824416870
418 883712487
419 1472854159
420 -1938400640
421 -2052384412
422 304182246
423 2081218656
424 -1909566381
425 475834524
426 951669052
427 1427503577
428 945440775
429 945440778
430 1890881555
431 1865968453
432 1865968468
433 -563030367
434 1302938111
435 739907745
436 739907763
437 1479815510
438 1479815518
439 144479253
440 1624294781
441 1173345548
442 -1497326955
443 1300313389
444 976332000
445 -718008515
446 61309926
447 319633418
448 380943358
449 700576784
450 744454991
451 744455010
452 744455023
453 -1361025486
454 872339550
455 255769089
456 1128108642
457 -2038749996
458 -2038749984
459 -2038749969
460 -693174000
461 1563043331
462 869869350
463 869869366
464 1739738719
465 1739738727
466 54379530
467 54379531
468 163138589
469 -543592197
470 -326074075
471 -652148137
472 -1521814400
473 1794930689
474 -705105917
475 -1084137762
476 -1084137749
477 -1078450733
478 1048241064
479 1391376210
480 277028806
481 -1578321211
482 1138324879
483 -439996319
484 698328566
485 258332253
486 258332259
487 258332260
488 258332279
489 258332289
490 1033329099
491 1549993684
492 -1453312216
493 -1453312197
494 -1453312181
495 1485024402
496 1420055124
497 -1389887764
498 61879583
499 92046952
500 -1235961213
501 -1051867299
