0 0
1 18
2 36
3 39
4 94
5 207
6 378
7 695
8 1431
9 1438
10 3962
11 6845
12 14379
13 21235
14 47865
15 90330
16 138209
17 276408
18 574048
19 1079012
20 2067689
21 3146702
22 7143877
23 14011339
24 26369619
25 47524837
26 98196382
27 172090851
28 317812080
29 635624160
30 953436246
31 2078963345
32 -309131461
33 -618262925
34 -618262906
35 -1545657273
36 1512784206
37 1512784221
38 1512784222
39 -1269398833
40 1723296550
41 -815501130
42 -815501126
43 92294301
44 -1084810237
45 -992515924
46 -992515915
47 -1985031834
48 -1985031818
49 1550028882
50 1550028890
51 -870005879
52 -1740011752
53 -1740011743
54 -1740011727
55 -1795073791
56 759881795
57 -1035191980
58 -2070383970
59 1949273152
60 -1156302789
61 -1277413599
62 704948123
63 220504888
64 -351960577
65 -703921155
66 -1407842309
67 -1538271014
68 -1538271010
69 1218425292
70 1029008257
71 1029008274
72 -1018525465
73 1039491086
74 1049973915
75 -1166011213
76 923453803
77 828382132
78 828382135
79 828382151
80 -1809820875
81 1598779356
82 1445722768
83 1445722774
84 195257613
85 1640980398
86 1640980403
87 2073696661
88 -580290224
89 -580290215
90 -1160580436
91 -1160580420
92 1393516235
93 -2088225049
94 -2088225030
95 1512033469
96 1512033479
97 241133113
98 -911250016
99 -1941017231
100 -1941017225
101 -257184052
102 -755501225
103 -755501211
104 -1355253637
105 1171527187
106 -183726439
107 -183726433
108 804074317
109 1608148635
110 -1882744327
111 529478643
112 529478658
113 1058957317
114 1588435977
115 -1118095325
116 -1706712013
117 -1236371349
118 -1413785380
119 -61901442
120 1582909132
121 1459106252
122 329957217
123 -922994689
124 -922994681
125 -1845989365
126 1525983262
127 -320006089
128 -320006070
129 885971118
130 1771942225
131 2017901197
132 2017901211
133 1512777342
134 -383441488
135 870170973
136 -277559251
137 -277559238
138 -555118484
139 -623507480
140 -1733744447
141 1382596895
142 -974655022
143 -1325802569
144 1019854681
145 -1631750445
146 -1529756446
147 -147142498
148 680370030
149 -996528900
150 670159054
151 354000199
152 1024159256
153 1024159265
154 1024159268
155 -1222489499
156 -1222489493
157 -1420819711
158 1651658105
159 230838402
160 1882496515
161 1121683836
162 -1290786935
163 1713393434
164 1544290351
165 676109921
166 -1651960511
167 -1651960499
168 1667156219
169 -1636764790
170 -1621569064
171 1051829172
172 2103658342
173 1533918457
174 -657390488
175 876527986
176 613576184
177 -1928335150
178 438296990
179 66018
180 -876395939
181 -1752791879
182 175807351
183 1841586831
184 1841586832
185 1229793216
186 1229793222
187 2023600170
188 188219318
189 -2083147797
190 128671711
191 128671712
192 -1825804367
193 -1825804351
194 643358592
195 1544060608
196 -1464189512
197 -1464189503
198 -1464189495
199 2089817999
200 1992216791
201 -212932499
202 -425865003
203 1353419297
204 714621801
205 2068041104
206 -584750089
207 -2097054476
208 -613763451
209 -613763439
210 -1227526879
211 -1227526866
212 1226150116
213 -1376741
214 -2753482
215 1222019906
216 1219266444
217 -631661044
218 -631661036
219 -631661024
220 -675716645
221 -675716638
222 1048550915
223 372834287
224 -561709098
225 -188874804
226 -4915336
227 665885976
228 472095837
229 472095838
230 1416287524
231 -1273517442
232 -1273517425
233 1747932437
234 474415030
235 -324687398
236 -649374784
237 1248285296
238 274223116
239 548446241
240 822669368
241 -2050718045
242 -405379300
243 -1084981722
244 1576557607
245 491575895
246 -1472945559
247 -489793778
248 -1962739318
249 -1962739306
250 -120305093
251 249183597
252 249183603
253 -1584677189
254 1125612912
255 1125612916
256 666548651
257 1582280906
258 -2046137734
259 1328304740
260 -1638357799
261 -107361217
262 -107361203
263 -524775475
264 -739497893
265 -1478995778
266 -1478995758
267 -34658799
268 -34658788
269 -34658778
270 1232999402
271 1198340635
272 -1932944809
273 429077673
274 -1503867128
275 -1503867124
276 1716310730
277 1499676647
278 637330816
279 -441649095
280 -441649091
281 -441649090
282 -441649081
283 -1324947246
284 2086721896
285 2086721914
286 2086721927
287 640251196
288 518727760
289 518727777
290 1556183281
291 1556183295
292 -663872932
293 -663872925
294 228437455
295 456874903
296 685312365
297 1370624733
298 -1782155285
299 730656735
300 1004438565
301 1323564752
302 1276504787
303 -690459186
304 -690459183
305 -2071377559
306 2119176175
307 -642660566
308 -594861937
309 -1237522493
310 1819922305
311 -655122687
312 -655122680
313 509676939
314 -800568412
315 -290891470
316 -1892028305
317 2112047529
318 220019237
319 -651421402
320 1680645370
321 1469262436
322 -1576461644
323 922024776
324 922024790
325 1844049579
326 1844049583
327 -339280201
328 897901249
329 558621061
330 510373994
331 1068995064
332 -1259075908
333 -1259075892
334 -1449156717
335 1396653861
336 1396653872
337 -1501659544
338 -105005654
339 -1606665179
340 -1606665161
341 1081636965
342 -525028177
343 1638245760
344 -2100112746
345 -2100112739
346 1207959400
347 -1879048485
348 -1879048474
349 536870346
350 536870358
351 -805307753
352 -1610615517
353 -1610615514
354 -1610615494
355 -1342186964
356 1342164856
357 -1610637589
358 -268472719
359 -536945447
360 -1073890885
361 -1610836318
362 -1610836311
363 -537541649
364 -537541629
365 -1075679487
366 2144204537
367 -1617394537
368 526810004
369 526810019
370 526810023
371 -36964471
372 1016655584
373 -1734846127
374 298465036
375 70120065
376 -386569895
377 -316449824
378 -334434606
379 -650884410
380 -1688338729
381 -1688338713
382 -1688338703
383 -1420933256
384 -502643372
385 1601341828
386 1601341835
387 -409231657
388 -409231654
389 -1910746925
390 -1127868398
391 2039230504
392 2039230511
393 2039230527
394 2039230529
395 -216506234
396 1822724308
397 1822724309
398 1173205619
399 523686942
400 -775350420
401 272023474
402 1193565620
403 1193565626
404 1883804304
405 -24031745
406 -1241629094
407 -1289692569
408 -1289692562
409 -1961241654
410 1044033084
411 798373602
412 -1408527520
413 1477912263
414 1477912278
415 1547297030
416 208154282
417 208154296
418 624462866
419 624462871
420 1457080034
421 1457080038
422 76272824
423 -680071516
424 -603798683
425 -1283870194
426 1727226911
427 443356730
428 282914775
429 1169628233
430 1895899750
431 -503167798
432 1392731958
433 -339875134
434 1052856825
435 712981699
436 712981704
437 -1816147065
438 662673175
439 272489533
440 -880984355
441 54178369
442 54178381
443 108356760
444 -664270826
445 -447557308
446 -949292978
447 -1898585960
448 335260239
449 -1563325717
450 1168315877
451 1387338764
452 1327589179
453 -1975049179
454 -647459986
455 1260734663
456 -34185311
457 -1395959801
458 -816870430
459 -1633740861
460 448396211
461 448396214
462 448396226
463 -288552191
464 1056636466
465 768084276
466 768084280
467 -1702162264
468 -165993705
469 724649059
470 -1143506903
471 -1518929525
472 489023976
473 489023982
474 -540881560
475 -51857573
476 -592739120
477 -592739103
478 -1778217349
479 738532608
480 2069804348
481 -155358615
482 1914445736
483 -466075822
484 -466075809
485 -466075794
486 -1398227413
487 1498512460
488 100285055
489 100285069
490 -165220618
491 -165220607
492 -330441213
493 -495661803
494 -1056259165
495 -1882362178
496 860684166
497 1390927112
498 -2043356012
499 1564601239
500 912172353
501 433417584
