0 0
1 10
2 22
3 45
4 57
5 119
6 262
7 401
8 840
9 850
10 1692
11 3398
12 6791
13 6795
14 13587
15 30586
16 61164
17 61179
18 173319
19 295678
20 295694
21 591391
22 1417271
23 2008673
24 2008678
25 2008698
26 6026054
27 6026071
28 6026085
29 6026098
30 12052187
31 24104380
32 54234834
33 78339221
34 132574059
35 210913289
36 500165797
37 976227209
38 1898219587
39 -576867339
40 1321352265
41 -175869757
42 1145482518
43 1145482528
44 -858519734
45 1256575568
46 -1781816163
47 907204724
48 -476555597
49 -1351167021
50 -1445758474
51 1928690936
52 -1344790149
53 -1344790133
54 2088319491
55 -601260782
56 726169371
57 868437952
58 868437969
59 1736875925
60 -696306849
61 -1517522291
62 391484756
63 -1822344371
64 -1822344366
65 650278578
66 1692041904
67 -1952646801
68 -260604891
69 -521209784
70 -392140975
71 -913350758
72 -1305491718
73 1683983857
74 -926999584
75 -926999570
76 -170015286
77 -340030565
78 -680061142
79 -1190106973
80 1914753348
81 1914753362
82 -465460572
83 -2121028126
84 1243018019
85 -878010091
86 -1756020195
87 782926915
88 1565853823
89 957768483
90 -1771344989
91 -813576502
92 -813576491
93 896469316
94 896469336
95 165785671
96 331571332
97 331571345
98 1725397698
99 -1740641232
100 647899150
101 1295798294
102 203056213
103 203056231
104 609168675
105 609168686
106 1218337367
107 -1858292566
108 781438405
109 750651909
110 1501303803
111 -1261573170
112 239730643
113 239730659
114 479461307
115 958922615
116 958922616
117 1917845250
118 -459276804
119 -439092296
120 -1357645911
121 620752870
122 -1635262140
123 1483719839
124 1483719852
125 1332177565
126 -1479069877
127 -1474419901
128 -1621312196
129 -279834668
130 919400543
131 919400551
132 -1536765670
133 302035433
134 -315329680
135 -630659350
136 -1261318712
137 852929329
138 -408389369
139 -816778737
140 2030750471
141 805582371
142 -1830873222
143 -1830873214
144 -1642192327
145 -1008971447
146 -2017942903
147 -2017942883
148 1902885044
149 -2133000738
150 -980005621
151 -1210121311
152 2104840384
153 894719085
154 1789438174
155 -1610810031
156 -1610810027
157 1567377594
158 1029914811
159 1165110533
160 -532564357
161 1662460993
162 1662460995
163 -970045306
164 -1940090608
165 -117778263
166 -2057868852
167 179229576
168 179229587
169 -1699409676
170 -1340950505
171 -444802570
172 1168263718
173 -2137669439
174 -159601159
175 1380207359
176 1380207366
177 463144134
178 -1071408436
179 -608264291
180 163678787
181 -1052849802
182 -1497435293
183 -1497435292
184 -197338578
185 -1694773867
186 905419578
187 -789354282
188 1021484871
189 232130596
190 -325093103
191 139168095
192 278336188
193 278336208
194 602878000
195 881214221
196 1762428441
197 -1651324621
198 992318053
199 1984636112
200 -1206909304
201 1770044864
202 -1747195605
203 -1184060039
204 1363711663
205 202500896
206 405001794
207 787154324
208 1394657018
209 -1708154152
210 1081159891
211 -626994259
212 927822826
213 300828586
214 1682817060
215 -1383498814
216 -1383498802
217 -1383498785
218 1527969714
219 1527969716
220 -1239027856
221 433412796
222 -805615043
223 -372202232
224 -744404472
225 -1922221730
226 -1922221717
227 -1471697881
228 -2137780729
229 -1236733026
230 920453550
231 1840907101
232 1840907110
233 1227754019
234 -1226306150
235 -1226306141
236 616048856
237 616048863
238 7239457
239 1239337186
240 1252368232
241 -1803261858
242 1311731892
243 -491529964
244 820201933
245 328671985
246 1969075848
247 1969075849
248 1969075850
249 1940932242
250 -384959189
251 -384959188
252 -1154877567
253 -1924795934
254 445375431
255 -1479420498
256 181248748
257 181248756
258 -1116922976
259 -935674203
260 -1690099658
261 733519230
262 -1892254614
263 -606464919
264 -1765200302
265 31047462
266 -1734152829
267 220196724
268 -1482908628
269 1329150028
270 66438144
271 -87320454
272 45555821
273 -41764618
274 3791204
275 -37973412
276 -34182205
277 -68364409
278 -140520006
279 -281040021
280 -562080041
281 -1086186677
282 -2138191145
283 86949426
284 -2051241699
285 -1964292270
286 366382770
287 -1597909496
288 -952093384
289 1744964422
290 792871045
291 -1757131824
292 -964260776
293 -1135650497
294 -1319207625
295 -1319207618
296 -1319207604
297 -798306033
298 -798306032
299 59940025
300 59940042
301 -1476731988
302 2139809349
303 -15348601
304 2124460752
305 2109112171
306 2109112184
307 2109112191
308 -76742915
309 -153485822
310 1878883468
311 -537200371
312 1188197279
313 -1995315638
314 534564752
315 -272553603
316 -272553592
317 -10542440
318 -21084874
319 -576734505
320 -1153468999
321 -1751288371
322 1390209937
323 1390209940
324 -124337477
325 -1638884892
326 -1763222357
327 892860048
328 -870362308
329 22497757
330 -1718226858
331 -1718226845
332 -1718226840
333 -1718226837
334 -859713215
335 -1719426428
336 -1720626016
337 854914856
338 -865711143
339 844118578
340 -21592557
341 822526028
342 1645052056
343 1645052071
344 640188882
345 -2009726327
346 -1551874579
347 368692116
348 -1183182456
349 -1183182450
350 -1997672774
351 -1997672758
352 -1997672757
353 230551415
354 -1467499575
355 1060346392
356 -176601754
357 -353203503
358 -706407010
359 -175865856
360 -351731717
361 -351731700
362 -351731698
363 -351731680
364 -351731662
365 -1758658450
366 1481113818
367 -277544624
368 -555089239
369 -1110178484
370 -1942812331
371 1241976500
372 1651319125
373 950483301
374 -1693164858
375 207801748
376 -1485363097
377 1324241096
378 46679767
379 -114442231
380 1256478642
381 1256478653
382 -1896452217
383 -639973563
384 -137910703
385 -161379180
386 -1579236992
387 -1878526856
388 -1878526846
389 -1878526839
390 1213737897
391 -1706112326
392 45539194
393 -1660573129
394 -2107408361
395 80150583
396 80150584
397 732826173
398 1420113158
399 1420113177
400 -641764201
401 778348992
402 136584811
403 273169608
404 409754426
405 409754435
406 1229263296
407 -1973025530
408 75746637
409 -258261161
410 2139427262
411 2139427275
412 -16112757
413 -32225497
414 -32225480
415 -96676479
416 -128901944
417 -306142141
418 -596171540
419 -1160117569
420 -1160117558
421 943516563
422 2015935067
423 639216513
424 -1856416691
425 798734909
426 1597469805
427 539788033
428 1718792571
429 -2036386673
430 -2036386657
431 -1814192715
432 -1591998734
433 1110969829
434 -36640966
435 1963104727
436 -1257533697
437 1779899903
438 -1809496362
439 -1809496355
440 -1133521771
441 -1133521753
442 -1133521733
443 2027923813
444 2027923828
445 1788804165
446 1549684517
447 1965847298
448 1009368694
449 2018737397
450 -2046296678
451 -27559266
452 954250165
453 1908500313
454 1908500323
455 448724245
456 897448493
457 -1040294227
458 -172088131
459 2042290720
460 1727356868
461 1727356883
462 1727356891
463 887103361
464 -1680507027
465 -793403652
466 -1586807305
467 234249326
468 234249331
469 468498662
470 -1443213622
471 -1443213605
472 -1443213588
473 433825160
474 433825175
475 -2018776851
476 -1151126502
477 549500693
478 549500697
479 1099001397
480 -2096964503
481 -1050088217
482 -1050088199
483 1196827785
484 1294654177
485 -1803485328
486 -1803485313
487 -1803485294
488 -1803485274
489 687996743
490 687996756
491 687996761
492 260504987
493 -1970472031
494 354023232
495 -667947047
496 -313923814
497 1957152635
498 975281789
499 -1362532858
500 588030720
501 588030724
