0 0
1 10
2 23
3 39
4 69
5 151
6 237
7 249
8 725
9 1444
10 2817
11 5488
12 5497
13 13816
14 19329
15 46953
16 66285
17 146388
18 259629
19 538598
20 1057869
21 1856111
22 2913994
23 4770109
24 9540227
25 17224344
26 34448681
27 51673034
28 103346066
29 103346069
30 310038210
31 516730364
32 1033460724
33 1550191094
34 1550191102
35 -161124367
36 194481637
37 194481657
38 388963302
39 388963318
40 1166889930
41 -1961187436
42 178110774
43 -616186729
44 -616186722
45 -1232373434
46 2008331186
47 -456415696
48 319542070
49 319542079
50 182668466
51 -1921299172
52 -1555962249
53 -1555962232
54 1183042830
55 -1928881631
56 1993166279
57 -1864596998
58 -1864596997
59 -1736027711
60 822911886
61 -913115813
62 -1260458332
63 1208277343
64 -142384908
65 1065892437
66 2131784881
67 -1097289959
68 -1128687501
69 829314954
70 -299372545
71 -1696035035
72 -1696035026
73 -1696035019
74 902897264
75 -793137742
76 -683378253
77 2025313555
78 548797572
79 -1720856161
80 -1720856152
81 -1550979425
82 -1550979424
83 2046263436
84 1518415740
85 1518415751
86 1981136079
87 723000282
88 -802703293
89 -875118467
90 -1677821754
91 1742027080
92 -1613616415
93 128410684
94 1998848433
95 513642711
96 513642712
97 1540928129
98 2054570842
99 -185825601
100 141991515
101 -43834080
102 -787136490
103 -874804653
104 -874804635
105 1714387450
106 839582828
107 -1740997000
108 -61831338
109 -1802828335
110 -1802828330
111 689310643
112 1378621286
113 -1599556070
114 -1599556066
115 -1820490833
116 -1820490831
117 -945570423
118 1528906044
119 1528906050
120 -1237155196
121 875086482
122 875086499
123 875086503
124 1750173007
125 -794621276
126 955551738
127 -633690813
128 -2142468123
129 1679738841
130 1679738851
131 1217009586
132 281519989
133 -1579428144
134 -1297908144
135 1417631021
136 -1459705251
137 1375556793
138 35574434
139 1369057011
140 1404631450
141 -1521278830
142 1287984081
143 1287984083
144 -1835646509
145 623674295
146 -1211972206
147 -1211972203
148 1871022898
149 1871022914
150 -1764893683
151 -446792276
152 -340663035
153 1189696820
154 1189696834
155 -172955339
156 1016741498
157 1016741518
158 -1244742766
159 615784930
160 1404525195
161 1404525202
162 -1485916889
163 1323133509
164 -1032915341
165 290218179
166 499044674
167 789262868
168 1868743902
169 -1137915846
170 2019135605
171 2019135610
172 1263394846
173 -131217064
174 -262434132
175 -1406088024
176 1482791247
177 -316947965
178 -316947946
179 848895353
180 291702685
181 506702141
182 1330352234
183 1837054384
184 1837054393
185 -620858513
186 -1241717022
187 -25521136
188 -25521123
189 -1292759274
190 1088590234
191 -1496928317
192 -1726618479
193 841730353
194 1708981833
195 1708981844
196 -35273249
197 -35273245
198 -35273241
199 1603162116
200 1497342387
201 -1194462787
202 1870768493
203 -553430320
204 -1071587402
205 -1625017712
206 1044931871
207 -334335068
208 -334335062
209 -1248755961
210 1797455380
211 924961173
212 924961191
213 -647589551
214 -647589543
215 -1295179085
216 1704609126
217 -238159495
218 -1123908541
219 -1600227536
220 -1257686431
221 313144802
222 626289596
223 -318252028
224 2058235701
225 1421731654
226 -1133251961
227 -1133251948
228 1213463460
229 368691206
230 448902730
231 897805458
232 1795610918
233 429506484
234 -354450498
235 1870666914
236 -553633475
237 -1107266949
238 -1660900410
239 -1805584400
240 828482496
241 -977101903
242 -977101892
243 -977101876
244 386559732
245 -1567644035
246 182577339
247 1342256584
248 343749624
249 1686006217
250 -922954861
251 -1845909726
252 603147844
253 603147858
254 -1562568876
255 2092784413
256 530215553
257 -2028240487
258 -967809391
259 -373049910
260 -1340859285
261 1613248726
262 -100660451
263 1512588284
264 1512588294
265 1512588300
266 142137144
267 1654725454
268 -985516396
269 811346209
270 811346223
271 637176045
272 1448522282
273 2085698340
274 -760746666
275 -760746655
276 564205032
277 -196541613
278 931868446
279 931868460
280 931868476
281 -1499361894
282 -1499361878
283 -1499361862
284 728750158
285 525631840
286 525631857
287 -1218709869
288 -693077998
289 -693077996
290 1690101439
291 997023457
292 82259046
293 -1525583334
294 -1443324278
295 -1889625098
296 -481306364
297 -1044871772
298 -2089743549
299 -2089743543
300 115480205
301 230960420
302 346440644
303 346440660
304 692881310
305 692881316
306 1385762641
307 1385762642
308 -830560691
309 -1661121371
310 1803285243
311 -688396812
312 -1376793615
313 1541380070
314 1541380082
315 -1212207127
316 493759425
317 -718447691
318 1645864767
319 1750349458
320 -1123441317
321 2048084650
322 2048084662
323 -1322239291
324 -1521037264
325 -795191892
326 -795191872
327 -1590383756
328 -1729076765
329 180314914
330 -434562067
331 721259623
332 1442519260
333 -2131188401
334 -401971582
335 -369381094
336 -771352658
337 -1140733740
338 1611528238
339 -669939241
340 -1339878475
341 -1339878467
342 -1339878455
343 1216920912
344 1492252831
345 -1310461652
346 -1281044825
347 -1281044819
348 -1163377551
349 569500108
350 569500121
351 1708500341
352 -2016966820
353 -332843799
354 497689963
355 -143620299
356 -1995740942
357 -1974515058
358 181091002
359 505802318
360 505802334
361 1517406963
362 735587560
363 -1536170423
364 716824118
365 1433648224
366 1349889496
367 -1511429562
368 1988932278
369 477502735
370 955005455
371 1910010923
372 1910010941
373 957562767
374 482617349
375 482617352
376 -462158871
377 -462158866
378 -462158860
379 -924317716
380 -1386476559
381 597696440
382 -1713097819
383 1793089369
384 1793089377
385 -708788536
386 -708788529
387 -1417577056
388 1459813194
389 -1375340909
390 84472296
391 -1290868610
392 1755466225
393 -826270982
394 929195247
395 651994193
396 651994206
397 1406912674
398 2058906893
399 474840676
400 949681360
401 949681367
402 1899362729
403 -21401152
404 -42802304
405 -1510126637
406 1274714009
407 -299616066
408 975097952
409 397266962
410 1072748852
411 2145497713
412 -1076720711
413 -1756174478
414 -687397463
415 -687397456
416 87277195
417 87277198
418 1338552300
419 1338552302
420 -2130705756
421 -2130705737
422 -2130705721
423 -758597615
424 -758597603
425 647066358
426 -836573021
427 -948104261
428 -948104253
429 -2085715166
430 123536972
431 436580597
432 873161203
433 -1600540638
434 2041990273
435 1314610841
436 1314610851
437 -351134756
438 25109932
439 -1991770408
440 -1003184368
441 1325122457
442 -1644722367
443 -1644722356
444 1005522592
445 -958799661
446 1052245508
447 -545753900
448 506491617
449 1012983238
450 2025966481
451 -243034334
452 -1499051904
453 1803355118
454 -1194748686
455 -1133479791
456 -1133479780
457 -1133479770
458 894527960
459 -238951809
460 1550104118
461 1311152313
462 1311152321
463 -1672662643
464 -2034172977
465 588131692
466 588131699
467 1176263403
468 318353833
469 636707656
470 636707667
471 -938803037
472 -302095364
473 -302095345
474 -906286065
475 1845687501
476 939401450
477 1274612190
478 -2080953642
479 -806341449
480 1172406070
481 366064641
482 732129281
483 732129282
484 -2098579461
485 -1366450176
486 -1634706417
487 -1634706414
488 1025554482
489 684658791
490 -1559199552
491 -874540742
492 -723527002
493 -723526999
494 414173007
495 -1032880993
496 -2065761971
497 886970343
498 -1797499595
499 699968107
500 -210561126
501 -421122268
