0 0
1 5
2 24
3 45
4 84
5 103
6 241
7 357
8 601
9 1304
10 1908
11 3222
12 5144
13 5161
14 13528
15 28973
16 56036
17 103717
18 202261
19 305992
20 611975
21 917977
22 2038208
23 3874159
24 7748324
25 11622488
26 25283183
27 25283191
28 50566390
29 101132766
30 202265536
31 379247901
32 682646210
33 682646230
34 682646241
35 -1867780713
36 559405881
37 -625728590
38 -568810943
39 -1820268123
40 1839565538
41 1839565542
42 1858862974
43 1243026776
44 1243026786
45 49949251
46 1939464044
47 -1062527212
48 -1062527194
49 -2125054400
50 1107385703
51 -1017668686
52 -1017668681
53 -1017668663
54 -1945620313
55 403726667
56 717736319
57 1121462993
58 1121462994
59 1121463003
60 -212841984
61 -212841978
62 -1356262267
63 -660483208
64 -2016745469
65 -2016745458
66 -1755269086
67 -1755269078
68 -1755269070
69 -709363554
70 75065609
71 -1605137863
72 -1530072239
73 -1530072237
74 1234822840
75 -1825321635
76 -590498778
77 -590498776
78 1288648118
79 1288648136
80 1986797493
81 1986797510
82 -321372288
83 1665425238
84 1022680674
85 58563857
86 117127710
87 1198372249
88 1315499967
89 -1605403496
90 1084160290
91 2109756721
92 1588513525
93 -1117940250
94 470573291
95 470573311
96 470573312
97 1882293203
98 1882293217
99 881339047
100 1292104810
101 1643062998
102 -1359799484
103 -1359799468
104 -1359799448
105 215568904
106 2074200814
107 929970272
108 -1075227303
109 -145257015
110 1999255679
111 -512024838
112 1341973830
113 1608720373
114 -1856297918
115 -247577543
116 334793924
117 -1769081534
118 756804229
119 1513608470
120 501331183
121 1337456275
122 1838787476
123 -617392343
124 -1234784697
125 1825397913
126 590613217
127 1181226437
128 -697729718
129 483496724
130 -214232980
131 1343373693
132 1129140724
133 -1553189127
134 705092316
135 281043916
136 562087832
137 -4965053
138 838166701
139 833201660
140 1666403317
141 -1795362316
142 -1795362296
143 -1924321281
144 446324735
145 1021608474
146 1467933212
147 1467933214
148 108832349
149 108832357
150 -119827675
151 1565770255
152 1554774948
153 1554774950
154 260525184
155 640878060
156 -1838789097
157 617389100
158 -319996738
159 -1541396733
160 1212173840
161 -329222873
162 -978442494
163 -1956884996
164 -2052376519
165 285705795
166 285705805
167 285705817
168 857117427
169 857117428
170 -1723615023
171 276325662
172 -1447289348
173 -1170963685
174 1953039928
175 782076247
176 393188822
177 1175265080
178 1568453912
179 -1551248295
180 17205625
181 1209676326
182 1226881958
183 -1858408998
184 -955893376
185 -377744086
186 -755488157
187 -755488144
188 -755488135
189 1650758782
190 -993449726
191 -853667208
192 -951846271
193 -1903692554
194 1243070326
195 1828831599
196 -1223065354
197 605766258
198 550910277
199 550910292
200 1101820581
201 1652730880
202 1652730900
203 112315077
204 1765045982
205 1877361071
206 1112485740
207 572240589
208 1032166090
209 1604406694
210 26331831
211 1630738542
212 1657070381
213 1655746259
214 1655746267
215 673595615
216 -1317037521
217 -1317037506
218 1660892270
219 -973182752
220 687709538
221 -285473201
222 1089945874
223 804472687
224 1608945372
225 -1077076549
226 1336341524
227 -532338385
228 1335871975
229 1335871983
230 1335872003
231 -1623223302
232 -1623223301
233 -1910574598
234 473818111
235 -1436756474
236 -962938344
237 -962938325
238 1406152267
239 -1956480867
240 -1956480854
241 382005593
242 -1574475254
243 -1192469649
244 1528022413
245 335552778
246 -903369698
247 -232264136
248 -1135633832
249 -1367897963
250 1791435518
251 -1847730104
252 -56294584
253 -1480487119
254 -1480487115
255 -1480487109
256 -146494045
257 -292988077
258 -1919969225
259 2082010005
260 -1757928439
261 324081573
262 -1564794149
263 -1564794129
264 1813542159
265 -991964545
266 -1983929076
267 -1162351457
268 1148686776
269 1305409004
270 1291744340
271 -1697813943
272 899339418
273 1798678833
274 -2003018630
275 -2003018625
276 288930043
277 288930050
278 -1425158531
279 -847298419
280 -1694596853
281 905773602
282 1233687108
283 -402434543
284 -402434523
285 -402434512
286 -402434502
287 -804869013
288 -804869005
289 1880360271
290 270622260
291 1346113539
292 1887358054
293 -1061495697
294 825862375
295 825862392
296 -1817380155
297 -165655385
298 -1392806460
299 -1392806458
300 -473681152
301 -1866487605
302 -996469756
303 -434477660
304 997532291
305 997532305
306 -1302370416
307 692694184
308 692694196
309 692694208
310 1385388421
311 1385388436
312 1385388453
313 -1524190388
314 -970298159
315 1800478767
316 830180628
317 830180632
318 966351486
319 -838073936
320 1788638826
321 950564905
322 -1555763560
323 345366244
324 690732495
325 -2075428373
326 -1384695859
327 -1384695858
328 486245952
329 486245962
330 486245977
331 486245983
332 1944983884
333 -891245474
334 2026230374
335 2026230381
336 811231871
337 -322520134
338 488711742
339 166191621
340 332383234
341 1475998339
342 1808381592
343 1808381610
344 1296369113
345 -1190216567
346 903946801
347 331895255
348 331895263
349 663790519
350 1041311290
351 1705101818
352 -1548554168
353 -2101422555
354 -1944874885
355 -1299884309
356 1050208114
357 -1006334
358 -250682524
359 798519266
360 546830421
361 1345349692
362 -1854950425
363 835748961
364 872978667
365 1745957335
366 -1676031289
367 942904718
368 1012830779
369 1012830781
370 1012830784
371 1012830788
372 2025661581
373 -243644140
374 -487288282
375 1294729173
376 807440907
377 807440908
378 -1385356298
379 1524254695
380 1753780227
381 -787406842
382 1105271798
383 -699067411
384 1372577791
385 -1549811714
386 -558436358
387 -1434737685
388 751981543
389 -682756126
390 69225429
391 -613530691
392 -1227061386
393 1840844523
394 -613278241
395 -543800355
396 -543295447
397 -543295440
398 -402824944
399 -1489415818
400 -1489415806
401 -1489415796
402 -1489415790
403 -1489415773
404 1142855625
405 -346560128
406 -693120275
407 1419310968
408 726190703
409 1452381404
410 -697084206
411 755297216
412 755297233
413 755297253
414 1510594489
415 -518481095
416 -1036962187
417 1465745712
418 -2118773115
419 -1689989580
420 -1689989573
421 -1203784952
422 -1203784944
423 1887397404
424 2084805249
425 -1526549583
426 38083180
427 38083189
428 -1773147843
429 -1138725797
430 -1138725786
431 244367886
432 526818957
433 771186850
434 1542373703
435 1542373708
436 87785941
437 -351247092
438 -263461145
439 -1737142163
440 -1737142151
441 557221857
442 -1179920277
443 -1179920260
444 1935126777
445 -1604634044
446 -849427520
447 1416191979
448 897257211
449 1794514415
450 1794514419
451 1794514421
452 1985833182
453 1279894745
454 1279894750
455 1279894762
456 1530550144
457 1530550148
458 1530550159
459 296683172
460 -937183811
461 -1874367614
462 -1874367594
463 1436281612
464 1436281618
465 -876171959
466 122023696
467 -754148253
468 -1508296504
469 1278374288
470 -862046769
471 -1846117233
472 1356881086
473 -72908617
474 -1424191513
475 1446584260
476 -539752015
477 906832253
478 389472986
479 756553231
480 1513106458
481 -2025307594
482 244352114
483 244352127
484 733056353
485 1221760605
486 418213617
487 1639974224
488 2058187860
489 -178591576
490 -178591575
491 -953988344
492 747016383
493 1494032750
494 1287060799
495 1287060818
496 1287060838
497 1807264312
498 1373479472
499 172837344
500 1632735493
501 1632735511
