0 0
1 9
2 17
3 40
4 82
5 130
6 254
7 472
8 857
9 1717
10 3308
11 5889
12 12261
13 24045
14 36322
15 72630
16 108968
17 254243
18 435855
19 435863
20 871736
21 2106677
22 3850148
23 7264427
24 11114588
25 24335851
26 35450448
27 59786315
28 137951634
29 233188408
30 371140054
31 604328464
32 1406394891
33 1406394907
34 -877849023
35 528545890
36 1057091786
37 1585637683
38 -2001540940
39 641188547
40 225285301
41 866473850
42 1091759161
43 -2111448976
44 72069356
45 72069361
46 -9077230
47 -884628326
48 -821636179
49 -1715341722
50 873361079
51 -1663616806
52 967733675
53 -695883125
54 2061220407
55 -1961896336
56 -596559043
57 -497234970
58 -994469938
59 -994469920
60 -1988939849
61 -180147377
62 2125880083
63 -1037677046
64 -1037677038
65 -2075354076
66 144259155
67 -1931094913
68 -1642576618
69 -1642576599
70 -1642576588
71 -1642576578
72 1009814134
73 1009814139
74 1386865810
75 121340920
76 1508206735
77 1629547672
78 1629547690
79 593675729
80 1187351455
81 1187351456
82 -1920264366
83 -732912906
84 -732912905
85 908877139
86 -1289861578
87 -1113897342
88 2067172618
89 953275281
90 1906550574
91 -1435141430
92 -803110248
93 -803110245
94 1253605385
95 118794039
96 118794055
97 688083246
98 -2115690553
99 -2115690537
100 63586221
101 -2052104296
102 -2052104276
103 190758728
104 -1861345535
105 572276226
106 1144552459
107 1144552473
108 1000035626
109 2144588113
110 -1150343542
111 1994280214
112 838145592
113 1682082265
114 1213785356
115 1213785373
116 -1867396565
117 -2052710848
118 -2052710845
119 -464065569
120 -464065560
121 1314125323
122 850059783
123 1700119565
124 -1358793738
125 2041445383
126 2041445399
127 979309099
128 -591561141
129 -591561124
130 1837632239
131 -619702813
132 1014116274
133 394413478
134 1408529758
135 -1477907773
136 719448926
137 -758458846
138 -1516917682
139 -1625305603
140 -1625305596
141 -1231020424
142 -186664309
143 -1417684713
144 -1417684697
145 -1417684683
146 -144751091
147 -144751077
148 -289502153
149 880593609
150 591091472
151 591091492
152 591091505
153 591091506
154 1182183027
155 -1930601245
156 433764811
157 -1496836428
158 -1063071600
159 1420405871
160 -705737339
161 -705737333
162 -1054140386
163 -2108280778
164 426808811
165 426808830
166 426808832
167 1280426481
168 1707235315
169 -26879022
170 -907375686
171 -1814751370
172 -1041770755
173 -1041770754
174 396674419
175 -645096332
176 -645096329
177 -893518234
178 -893518224
179 1614412605
180 1614412620
181 1441788786
182 1441788805
183 -1411389686
184 30399124
185 1502587047
186 -1289793214
187 -1289793204
188 -1076999355
189 1928174751
190 -1728411010
191 -877235603
192 -677471852
193 -1554707447
194 2062788007
195 1519929409
196 -712249866
197 -1424499737
198 -108739626
199 -1533239349
200 2036168145
201 -1742560414
202 1522096318
203 173725086
204 173725106
205 126986108
206 126986120
207 601422423
208 1029119759
209 1630542185
210 -779910695
211 -779910692
212 -1559821376
213 -1489100559
214 1316766179
215 1002990157
216 1002990170
217 273824586
218 2107470538
219 -1913672163
220 467622971
221 1938236105
222 -1421485258
223 -1421485247
224 1944183717
225 1507072291
226 -1748445685
227 1702810324
228 -889346633
229 813463707
230 -75882907
231 737580819
232 661697921
233 1399278752
234 -1572292692
235 1150381902
236 -1918320591
237 -279254701
238 1675481222
239 -522094067
240 106193785
241 -937994350
242 -1353894621
243 1587178058
244 -704710895
245 -1409421799
246 -1409421793
247 1476123720
248 -460252693
249 1787283846
250 1787283860
251 1787283879
252 1066884301
253 346484756
254 -1094314352
255 -1094314342
256 2106338621
257 1012024282
258 1276218967
259 1276218978
260 -730505051
261 -730505035
262 -184791092
263 -369582190
264 -739164386
265 -1108746573
266 1892683064
267 783936507
268 783936514
269 783936533
270 -1159221234
271 1192588321
272 33367101
273 1634607248
274 -1809689316
275 -141714957
276 -141714955
277 -2093119209
278 108728861
279 217457727
280 326186607
281 -1440746006
282 1413475277
283 -27270709
284 1386204581
285 1358933886
286 -1604370259
287 -1604370248
288 -1849806604
289 -1849806593
290 -1849806575
291 1436144579
292 -413661985
293 -413661980
294 -1240985950
295 -1654647922
296 1399333427
297 -1909962415
298 -1909962406
299 1874375912
300 1874375918
301 1874375929
302 1328160479
303 -1092430887
304 -310485849
305 -1402916722
306 1489133850
307 -224268705
308 -1540968309
309 -1989505734
310 626441679
311 -1363064047
312 -1363064038
313 -1335193145
314 233646079
315 -1101547063
316 2091873181
317 2091873186
318 -111220923
319 -1090342829
320 -1201563734
321 2003060744
322 2003060752
323 -1490409532
324 512651231
325 1025302456
326 1025302463
327 -1219059917
328 -193757437
329 -1412817348
330 -1606574771
331 1275575184
332 -1937574368
333 -1937574356
334 88818998
335 1784212770
336 1784212779
337 1784212786
338 1146490039
339 -2090806202
340 839896638
341 1679793270
342 1575373763
343 -1144219776
344 860037708
345 -484085685
346 807106017
347 323020333
348 646040675
349 1292081353
350 1938122045
351 -1064763893
352 -2129527780
353 681952408
354 -574217209
355 -2021792562
356 1698957537
357 -215099807
358 1483857735
359 945922907
360 1891845821
361 26659177
362 26659182
363 53318369
364 -1350561838
365 647920713
366 647920724
367 1295841443
368 1241121052
369 -1758004797
370 -1758004795
371 -979047082
372 -200089373
373 840942318
374 -338194122
375 -676388253
376 -1014582366
377 -1014582357
378 1589414323
379 1589414337
380 -2130720987
381 33525317
382 67050651
383 67050666
384 167626646
385 301727981
386 469354635
387 938709278
388 1408063916
389 -1948194097
390 1169661721
391 629531558
392 1799193296
393 -1866242435
394 1732144145
395 -134098274
396 -268196560
397 1329849328
398 927554505
399 1989207280
400 -316552725
401 1672654561
402 -949658168
403 -971761834
404 -565318151
405 -1537079980
406 1220807340
407 -316272629
408 2125342049
409 2125342059
410 -44283180
411 2081058884
412 2036775705
413 2036775714
414 1815359832
415 -664247635
416 1151112201
417 44032825
418 1195145041
419 1726042447
420 -842882410
421 2078305098
422 -94324286
423 1141098408
424 -286728021
425 -1456616088
426 1381735118
427 685165151
428 2066900279
429 -1904510854
430 847554592
431 1009944035
432 2019888066
433 -255191173
434 -255191162
435 -255191149
436 -765573480
437 -765573470
438 1998246871
439 -43282383
440 1954964500
441 1954964516
442 1569926211
443 1184887942
444 1184887955
445 -1925191384
446 2014510725
447 -1835872049
448 -561664741
449 1897430514
450 1897430521
451 -883132314
452 -1383238561
453 -368940334
454 -368940330
455 -737880659
456 1435967423
457 698086767
458 1396173538
459 -1502620223
460 -106446674
461 -212893344
462 -425786684
463 -745126695
464 1302093686
465 -188159698
466 -269872715
467 844061281
468 942995876
469 942995884
470 -2022946650
471 707106396
472 707106416
473 1277257941
474 1277257952
475 -326238580
476 -2066689975
477 -1115670590
478 -954083233
479 158523500
480 -9191578
481 -1920421881
482 1569794109
483 -201295838
484 -561115179
485 -1122230347
486 -1683345518
487 -1998192754
488 613429032
489 -456487460
490 -456487452
491 313883157
492 -599091748
493 -741696036
494 -1340787764
495 1613391764
496 272604002
497 -795579765
498 1090416004
499 1090416009
500 1657856260
501 -1546695025
