0 0
1 14
2 26
3 49
4 92
5 97
6 116
7 118
8 133
9 564
10 827
11 1766
12 3415
13 5184
14 10369
15 21569
16 40552
17 62135
18 62152
19 164849
20 289152
21 289164
22 805337
23 1383655
24 2932159
25 5410332
26 9726149
27 9726168
28 19452331
29 38904654
30 77809318
31 136166310
32 272332622
33 544665252
34 953164200
35 953164217
36 1906328420
37 -482310458
38 -964620904
39 -1446931357
40 -34370070
41 -1481301410
42 -1515671469
43 -1147927900
44 1631367938
45 483440044
46 2114807996
47 -1696719253
48 1384968838
49 1384968850
50 -1106940864
51 -33722412
52 244305575
53 244305583
54 244305603
55 244305609
56 977222373
57 1710139185
58 -1363300122
59 346839064
60 346839076
61 346839090
62 346839107
63 346839122
64 346839129
65 693678260
66 1040517395
67 -1867093387
68 213941404
69 427882811
70 508926491
71 324174728
72 833101225
73 1157275961
74 -1043606076
75 946771130
76 -96834931
77 1796707311
78 -1648323780
79 998319742
80 998319758
81 348315735
82 696631475
83 1393262949
84 2089894435
85 1231457062
86 -973615788
87 142662854
88 400504145
89 801008283
90 1602016574
91 1972576078
92 -720374638
93 -720374631
94 -720374619
95 -188547792
96 -1629297036
97 315998594
98 1352371821
99 39073384
100 1707443806
101 1785590581
102 -801932896
103 -1603865802
104 1126309085
105 -477556698
106 -1757046291
107 2060364327
108 -174238647
109 777831780
110 603593136
111 1381424929
112 1381424936
113 1381424955
114 1381424972
115 1381424988
116 -150692375
117 -1682809710
118 -1682809703
119 -1682809687
120 -904154164
121 -1808308331
122 -100304884
123 -1883419455
124 502934638
125 502934639
126 1005869286
127 2011738571
128 -774424783
129 -1548849579
130 1197268137
131 1891601650
132 -1206097494
133 -1206097474
134 1882772329
135 1362179026
136 -1570609245
137 -1570609233
138 -1570609232
139 -1570609212
140 1153748871
141 -833720745
142 -833720730
143 640056249
144 -1444245557
145 -804189300
146 2046532447
147 2046532460
148 -1810280993
149 1478594631
150 -331686356
151 1383159747
152 1383159756
153 -381739515
154 -763479032
155 237941210
156 475882421
157 -49655381
158 -49655365
159 614512899
160 515202161
161 1506286755
162 -1658965478
163 -152678705
164 209844748
165 209844764
166 209844782
167 209844800
168 839379110
169 1678758206
170 -1566985163
171 1370841749
172 1370841756
173 -602131636
174 -2043642370
175 -1274932231
176 976392708
177 1350653785
178 -1967920786
179 1335518410
180 1335518424
181 2053769851
182 429839403
183 -475839604
184 -46000194
185 -46000186
186 -92000379
187 -92000360
188 -276001118
189 -506002027
190 -506002010
191 -1380005501
192 -1380005486
193 246951171
194 246951185
195 1522856664
196 636753538
197 1273507078
198 1273507084
199 1273507092
200 -1747953106
201 -1585645609
202 -786584521
203 -1573169056
204 -124877896
205 -124877885
206 99812331
207 -149943437
208 -50131094
209 -350017972
210 -400149058
211 -950241542
212 -1350390587
213 1194037051
214 -1856762103
215 -1856762089
216 -1856762084
217 -1275318979
218 1744329341
219 469010371
220 469010374
221 -449730968
222 19279410
223 38558834
224 38558841
225 96397103
226 173514796
227 347029593
228 694059187
229 694059191
230 694059199
231 -1865760108
232 -1171700893
233 -1171700880
234 1473923823
235 1559729247
236 690251301
237 1380502611
238 -362261186
239 1018241431
240 1018241446
241 1018241463
242 -1240242946
243 -222001482
244 1592479915
245 -2128248885
246 -535768956
247 -535768936
248 -1071537876
249 -1071537864
250 -1071537847
251 544584790
252 -526953043
253 -2125443952
254 44079386
255 1686649695
256 1730729091
257 1730729092
258 -833509109
259 63710863
260 -1603307354
261 -1539596471
262 1215774346
263 -323822115
264 891952246
265 568130137
266 -1942932674
267 -1942932665
268 409101974
269 409101994
270 1227305930
271 1227305937
272 1329883177
273 307731723
274 206361466
275 3620950
276 517714149
277 -1929655828
278 -894227527
279 1988798096
280 -313750142
281 -313750126
282 467070305
283 934140619
284 1087460803
285 1087460823
286 -1185905050
287 -1904739786
288 18417426
289 -1984766578
290 -1966349143
291 362269009
292 362269027
293 1086807038
294 1449076075
295 -1396815138
296 1501337003
297 -1292293287
298 -1187771410
299 1814902619
300 -665162076
301 -38030863
302 -38030860
303 -76061713
304 997617113
305 921555417
306 921555436
307 -1568331886
308 -1568331873
309 -295935792
310 -1589488692
311 -727120927
312 1682421902
313 1796511931
314 1162324231
315 -1970318835
316 -1970318831
317 354329642
318 -1615989178
319 -1615989175
320 -1615989158
321 -198670558
322 864318425
323 864318441
324 -86022831
325 -172045670
326 -172045652
327 -344091314
328 90112990
329 -684092461
330 -1282162104
331 2074734418
332 792572329
333 1585144648
334 -1917250299
335 -332105643
336 -664211280
337 -1328422573
338 52977512
339 52977528
340 -1886678793
341 -1833701246
342 680542302
343 680542318
344 -472616619
345 1463055273
346 990438667
347 990438669
348 1980877343
349 -1323651270
350 657226084
351 -999637792
352 314814366
353 -1351248611
354 -1351248594
355 1564872768
356 -1822447847
357 -1822447841
358 863695802
359 -958752033
360 -1917504065
361 -1917504049
362 364902958
363 364902978
364 -1187698093
365 2067029
366 -1185631045
367 1923705197
368 740141187
369 1480282382
370 -1334402529
371 886021059
372 -448381463
373 437639603
374 -459123323
375 -459123304
376 -480607014
377 -961214032
378 -961214030
379 -1922428043
380 1411325241
381 -511102797
382 900222453
383 389119662
384 778239327
385 2067581446
386 -670907186
387 -670907170
388 -670907161
389 -2012721503
390 1611338645
391 -1072290000
392 -2144580013
393 -2144580007
394 -1467865580
395 1760619009
396 298560722
397 591314154
398 -1644473391
399 -1053159222
400 -47138718
401 -1100297928
402 -1147436637
403 2047232743
404 2047232761
405 2047232773
406 -200501744
407 1846731035
408 1846731044
409 -802006947
410 1044724103
411 2089448215
412 -116070864
413 1973377356
414 1973377357
415 1973377377
416 -696425134
417 -1044637683
418 232314565
419 232314574
420 696943713
421 929258291
422 2090831154
423 2090831161
424 815953319
425 1631906634
426 -1031154031
427 -787430201
428 -1818584226
429 657798846
430 1315597691
431 -632617883
432 1340778672
433 2023758483
434 -1563048021
435 -1810498337
436 -641627069
437 -641627063
438 -1283254124
439 -1924881176
440 -1924881164
441 445204963
442 890409926
443 497565735
444 -2016581708
445 -183401077
446 2094984514
447 1282977408
448 1282977409
449 365972049
450 548543027
451 1280487116
452 1280487120
453 1280487134
454 95037113
455 -358468811
456 1017055448
457 753623759
458 1770679224
459 -753608858
460 1017070386
461 -1507202775
462 1280561748
463 1280561754
464 1280561772
465 -1733843751
466 -1733843732
467 -906563953
468 1201277641
469 1121993506
470 1121993526
471 1121993530
472 272290911
473 272290929
474 -384404879
475 -112113942
476 1170056553
477 1057942620
478 1731480359
479 -335487762
480 -670975513
481 -1341951034
482 -1341951029
483 940089729
484 -401861291
485 538228452
486 1076456901
487 1212824067
488 -2005686317
489 821823117
490 1643646238
491 1643646247
492 2103429302
493 -547891730
494 547862769
495 -28953
496 -547949651
497 -115822
498 -115804
499 -115789
500 -115781
501 -463179
