0 0
1 11
2 13
3 25
4 57
5 115
6 176
7 299
8 683
9 1280
10 1975
11 4423
12 8680
13 13106
14 29479
15 55699
16 106980
17 213954
18 419221
19 825336
20 1621206
21 2865765
22 4486990
23 10218525
24 19192494
25 38384999
26 75148784
27 113533784
28 227067571
29 415750158
30 415750160
31 415750164
32 831500327
33 -1989148896
34 -326148239
35 1979670176
36 -335626947
37 160246435
38 -511007456
39 -511007453
40 782274756
41 782274764
42 1053542080
43 2107084166
44 -80798978
45 -80798961
46 -80798944
47 1864687284
48 1864687295
49 -727190614
50 -1373582266
51 1547802759
52 -1118562827
53 429239938
54 -1242292997
55 -1242292992
56 -2055346041
57 184275208
58 -1871070827
59 -1686795611
60 921376077
61 1658476939
62 1658476942
63 -978013409
64 -1956026810
65 -1275563262
66 85363819
67 85363837
68 256091476
69 426819141
70 -421924976
71 4894166
72 -417030803
73 -412136619
74 -829167405
75 -2075365633
76 978297658
77 -1926235371
78 442496551
79 442496565
80 -62944582
81 -1104186829
82 -282138275
83 -1449269673
84 1459372526
85 -1439166825
86 -1439166822
87 -1418961118
88 7775392
89 -1411185710
90 -1405737779
91 1485819202
92 -1331104284
93 1640534127
94 1795249060
95 -859184090
96 -859184080
97 -859184069
98 858230965
99 -1719321270
100 -1719321267
101 855371657
102 1711696434
103 1711696453
104 -16202738
105 -1751726751
106 -56233028
107 -56233016
108 -1864192782
109 566581729
110 -1353844064
111 -1353844061
112 233435105
113 -1120408955
114 -1120408948
115 -2007382781
116 280201728
117 280201744
118 -1446979294
119 -1166777545
120 -1166777525
121 -1166777509
122 794634729
123 142290169
124 936924918
125 1079215094
126 -2136537109
127 -120397093
128 -1177719098
129 860314013
130 1720628022
131 1403222955
132 1403222957
133 -85298446
134 -85298429
135 -85298428
136 -85298419
137 1062029254
138 976730849
139 976730865
140 976730885
141 -302745438
142 -1667520116
143 -1667520100
144 -1667520088
145 -1010338438
146 1617108786
147 -100822648
148 1465874824
149 1971822525
150 -857269937
151 -198253731
152 -1055523656
153 -1253777377
154 1985666277
155 -323634754
156 -323634749
157 -970904247
158 -1618173730
159 1058619836
160 -1530458126
161 -471838289
162 -2002296411
163 1820832612
164 -653302086
165 1167530531
166 -139073640
167 -139073626
168 -278147252
169 611236027
170 1222472058
171 1416487214
172 -1461992867
173 1788202437
174 326209586
175 652419172
176 -1573641737
177 -595012959
178 -1516235512
179 -2111248463
180 667483339
181 -833688032
182 -833688025
183 -833688013
184 -833688001
185 960215231
186 -707160771
187 -1414321542
188 -1414321535
189 1466324235
190 1466324242
191 104005404
192 1570329647
193 312016250
194 1986351302
195 -1996599731
196 -10248427
197 1861849060
198 1861849072
199 1716849989
200 1145580828
201 429312608
202 429312616
203 429312627
204 -1861448601
205 -1861448586
206 1430695363
207 -1433576577
208 998501525
209 998501531
210 132673270
211 2126795123
212 -1036997352
213 1089797780
214 -984196941
215 -931396500
216 -825795656
217 1553578211
218 1553578223
219 -1187810858
220 1093549922
221 1459317292
222 -1742100076
223 -1742100072
224 -1742100065
225 527984384
226 1338751551
227 935403032
228 -2020812699
229 -960773791
230 -960773788
231 -960773768
232 -608166730
233 1765253011
234 1157086299
235 -1980794699
236 941544616
237 -1039250076
238 -1039250067
239 1177217077
240 -1940533139
241 -1802566127
242 689835055
243 1241703102
244 -634344025
245 -634344018
246 -634344017
247 -634344008
248 -1903032024
249 488903244
250 -1414128778
251 832365747
252 1664731494
253 1664731505
254 -1547267317
255 1200432654
256 1200432668
257 -111906286
258 -111906279
259 -2117914529
260 -2117914510
261 59138272
262 59138289
263 65508543
264 -1934129404
265 -1750344299
266 676002146
267 1411142575
268 1411142585
269 1747943024
270 1747943041
271 -799081229
272 1224122709
273 -2121982759
274 -1696941268
275 476043281
276 -2118758030
277 -2118758012
278 57451273
279 -1105995443
280 -515049618
281 -515049598
282 97565918
283 97565931
284 97565943
285 97565954
286 -124785837
287 265477915
288 265477921
289 265477925
290 265477936
291 530955879
292 796433828
293 1327389724
294 2123823566
295 -843753990
296 -1687507991
297 1716385140
298 28877169
299 1337823912
300 551824248
301 1947402494
302 -457916630
303 -457916617
304 -915833242
305 -1373749852
306 1089550956
307 -2115865379
308 979069798
309 979069818
310 -441924641
311 1516214991
312 1516215007
313 -1704461925
314 1327968089
315 -2080955770
316 -752987668
317 -1694222258
318 -609692234
319 1991052808
320 1381360592
321 -922553880
322 458806731
323 -463747139
324 -927494284
325 -927494282
326 -1859928973
327 575109368
328 -1284819601
329 -709710219
330 -709710205
331 305907669
332 -1823222969
333 1358231576
334 -868793919
335 -1027877636
336 1933304353
337 905426736
338 -1994676176
339 844054916
340 1688109837
341 1688109848
342 1688109865
343 -918747571
344 694669615
345 -1142825525
346 321206402
347 321206414
348 194256916
349 388513831
350 582770750
351 971284591
352 2136826091
353 -604085847
354 -604085834
355 -1812257544
356 1878623937
357 -1141805276
358 2011356738
359 869551472
360 1739102942
361 1739102953
362 -816761396
363 -763971313
364 -763971307
365 -763971301
366 1186291990
367 1186291991
368 1608612690
369 -1077741921
370 -1391512533
371 1511942233
372 120429701
373 771730174
374 -1890865174
375 -878275596
376 1525826546
377 -1243314204
378 282512361
379 -313250874
380 -626501760
381 -374727929
382 -1001229675
383 1979257062
384 -23202282
385 -46404564
386 533692622
387 487288066
388 974576143
389 974576150
390 -1858526918
391 1111606076
392 1689519526
393 1689519531
394 -1662849065
395 1716190009
396 53340954
397 53340960
398 53340978
399 53340997
400 213363909
401 373386861
402 693432760
403 693432765
404 693432768
405 1386865539
406 1386865540
407 -134370671
408 -1655606871
409 983753548
410 1967507096
411 -1343706646
412 1607554008
413 263847374
414 -816011899
415 -552164507
416 -1368176388
417 -1920340878
418 -97878989
419 356406549
420 -1661813311
421 -1661813299
422 -1661813285
423 -1661813266
424 971340755
425 280868206
426 -2071417585
427 -819208622
428 1404341103
429 -1486285088
430 1603265317
431 702112722
432 702112733
433 1521205699
434 1521205707
435 151669574
436 151669592
437 303339184
438 606678358
439 606678369
440 606678380
441 -2019923409
442 -1413245012
443 2075155644
444 -144656024
445 1930499625
446 427830830
447 -6137206
448 -6137201
449 -1948911237
450 -1961185625
451 -1961185608
452 -1588589561
453 745192134
454 1875254710
455 1031857288
456 -642663152
457 389194143
458 778388284
459 1167582445
460 1945970741
461 -1181414091
462 1932139111
463 750725025
464 -1612103146
465 -1612103140
466 1821486054
467 -1402720215
468 418765848
469 1908292708
470 -1967908727
471 -1043570377
472 -684420535
473 -684420525
474 1822939842
475 1737586988
476 -734440450
477 1457245335
478 1457245340
479 1457245343
480 1457245359
481 1457245370
482 -1303707829
483 230306302
484 -1073401513
485 -843095200
486 -1916496701
487 -1916496690
488 -381121293
489 -1835644087
490 -1835644076
491 623679147
492 -1050259690
493 197098602
494 394197210
495 -458963877
496 -458963872
497 -917927743
498 -1835855483
499 1017453544
500 2099673755
501 363344080
