0 0
1 18
2 22
3 44
4 97
5 195
6 345
7 346
8 898
9 1253
10 2506
11 3771
12 6293
13 12589
14 12604
15 31503
16 63007
17 63013
18 170132
19 233153
20 233159
21 466314
22 1165783
23 2268554
24 2268558
25 4537129
26 10706352
27 10706372
28 21412736
29 49631149
30 71043904
31 71043913
32 142087832
33 355219549
34 568351312
35 923570863
36 2060273482
37 -742771635
38 -742771623
39 574730234
40 574730253
41 574730268
42 238647502
43 1962838274
44 -2093481512
45 108004272
46 108004291
47 324012837
48 324012847
49 -1229447253
50 -1229447237
51 -1810868795
52 673229707
53 698433733
54 698433738
55 1396867488
56 2095301244
57 -802798548
58 -208729638
59 1083773077
60 875043449
61 -1252377699
62 -377334247
63 329104582
64 -48229654
65 -48229649
66 -48229642
67 -48229639
68 -48229626
69 -144688904
70 -144688901
71 -385837065
72 -530525957
73 -1061051921
74 -1977414940
75 725974492
76 1982474935
77 1982474940
78 -1581457868
79 1132051565
80 -779423711
81 -779423697
82 -2008253702
83 -2008253692
84 -500963790
85 1785749831
86 783822253
87 -1947899080
88 -1947899063
89 -1947899056
90 -764907649
91 1981329745
92 1615591284
93 -1063784738
94 -1063784719
95 -2127569452
96 -658217866
97 997201820
98 1442597084
99 -1409773126
100 32823970
101 32823977
102 -1344125174
103 1606716946
104 262591779
105 262591793
106 787775358
107 1312958935
108 -1669049420
109 -356090474
110 75594412
111 151188824
112 151188832
113 21881603
114 21881623
115 21881625
116 65644869
117 65644876
118 196934611
119 371987605
120 700211975
121 1400423951
122 -1559764265
123 -1559764248
124 -646904966
125 -646904949
126 -118371118
127 -765276048
128 2117510231
129 1352234198
130 1352234202
131 1352234219
132 -1590498868
133 1113969565
134 -714793976
135 -714793972
136 -1429587947
137 -2144381901
138 -708590497
139 -1417180991
140 24813913
141 49627826
142 -1342739242
143 1609488812
144 341191328
145 682382641
146 1023573977
147 2047147964
148 -541862711
149 -1083725407
150 421559847
151 -1204028254
152 -360908557
153 -1143376956
154 -1143376953
155 1647304850
156 503927910
157 1007855817
158 1511783737
159 -1775327739
160 744311822
161 744311832
162 -286704072
163 -573408144
164 628511448
165 628511449
166 683614769
167 683614776
168 1995741012
169 1995741023
170 -303485260
171 1692255766
172 -910455747
173 478314776
174 -1342596737
175 -1342596727
176 2088088609
177 745491886
178 626701813
179 -834684973
180 -834684966
181 1790912386
182 748244261
183 1704471701
184 1704471710
185 -886023884
186 -1772047751
187 1499116043
188 545516135
189 -613439446
190 -340855007
191 -681710024
192 -1636004472
193 1636397812
194 393348
195 393364
196 1180056
197 2360119
198 4326889
199 4326898
200 4326913
201 8653812
202 21634518
203 34615261
204 69230522
205 125480306
206 259614421
207 385094728
208 839419988
209 1609609460
210 1609609462
211 408380775
212 557147124
213 -1719829934
214 -1719829920
215 855307447
216 -1618824502
217 -763517040
218 -671726638
219 376376657
220 -1058867016
221 -682490357
222 -1364980705
223 1188629222
224 -1917708850
225 -2094060321
226 1471827351
227 1578674007
228 -1244465928
229 -288024878
230 1518010566
231 1564193780
232 1564193792
233 -1166579709
234 -815148848
235 -815148845
236 1498089898
237 265406305
238 948347370
239 948347380
240 1896694766
241 -236171457
242 1660523320
243 -25573268
244 1398778606
245 1398778620
246 -98631463
247 -98631446
248 -98631432
249 -197262877
250 -394525745
251 -887682950
252 -1479471568
253 1927812790
254 448341230
255 -1918813267
256 -1909813761
257 466340269
258 932680543
259 -510792938
260 888227885
261 1310115502
262 1310115522
263 -1674736256
264 1322929735
265 1322929741
266 971123227
267 971123242
268 1942246470
269 -410474350
270 501981042
271 -318967660
272 1714785519
273 1897798917
274 -1001350518
275 -1500719983
276 1110513953
277 1110513968
278 -2073939363
279 -1353631406
280 -1353631392
281 -486234853
282 -972469712
283 -1944939416
284 -462308070
285 -924616127
286 -924616116
287 -1849232227
288 134194776
289 268389552
290 268389554
291 -2102874443
292 1013834528
293 -418066030
294 -1507105926
295 1280755439
296 1280755455
297 1054404985
298 1054404993
299 -905401857
300 -905401839
301 -905401823
302 -607395535
303 971366258
304 1942732510
305 1401301417
306 -1492364463
307 -2079327108
308 743708619
309 -1335618484
310 1532667295
311 -1138569670
312 -941520842
313 -547423209
314 -547423205
315 -1094846411
316 -1642269614
317 463004865
318 1473432942
319 1473432951
320 -1348101386
321 -1348101375
322 250663139
323 1849427686
324 877321028
325 1629310494
326 61091927
327 122183853
328 122183872
329 244367730
330 244367732
331 794195130
332 1527298336
333 -1729106091
334 592387388
335 390579638
336 781159281
337 1171738925
338 1952898222
339 1952898227
340 782568085
341 -1948671832
342 -1166103733
343 1573588981
344 -758618479
345 -1517236974
346 477925266
347 477925267
348 253584070
349 1209434616
350 1209434629
351 -666663446
352 1752205816
353 -790555663
354 -790555645
355 -495568918
356 -2076680221
357 141606850
358 283213701
359 283213706
360 566427413
361 -802218549
362 -802218546
363 -471582271
364 -2076019347
365 142928589
366 285857177
367 1373932906
368 1802718686
369 -832458509
370 -1664917028
371 -1664917010
372 -985640950
373 -985640947
374 -985640928
375 -326872521
376 1996812903
377 -301341484
378 -301341483
379 -602682960
380 -1205365924
381 -1808048874
382 678869543
383 1960422046
384 -1655675702
385 -1655675700
386 983615909
387 1967231814
388 -1344119568
389 -1344119554
390 -1393067093
391 1557780660
392 1557780669
393 -1179405956
394 543088297
395 543088311
396 1086176627
397 -2122614044
398 -1129666753
399 -1623015844
400 505847299
401 -1117168526
402 -611321222
403 -611321219
404 -1222642422
405 1238361225
406 1970875146
407 1986593964
408 1986593974
409 1649095799
410 -996775706
411 -1656053222
412 -1325512475
413 1965721696
414 -1015843983
415 -375634752
416 -375634744
417 -375634737
418 -751269480
419 -1878173708
420 1665524124
421 1665524144
422 -963919017
423 -963918998
424 1403210256
425 439291263
426 878582533
427 1317873816
428 -1659219674
429 -341345840
430 195890839
431 -1804674668
432 -1950129656
433 -1264511687
434 -724348707
435 -1252806577
436 -896829330
437 -1793658642
438 -1793658640
439 -189179298
440 -1982837926
441 2122950077
442 2122950089
443 2122950090
444 -49067112
445 -49067093
446 1975748768
447 1877614569
448 -539738145
449 -981342092
450 356534344
451 356534345
452 1069603033
453 801329649
454 -2067500263
455 -1266170600
456 961296442
457 -1571044760
458 1152877781
459 -418166964
460 124962500
461 -293204457
462 -1004575887
463 -438107024
464 -2029091821
465 654950620
466 654950633
467 -1157297581
468 -502346934
469 -1659644511
470 975678274
471 975678291
472 1951356574
473 -2051898652
474 875136215
475 875136221
476 -301626202
477 573510029
478 1147020057
479 1418903897
480 1418903915
481 -1457159474
482 1380648348
483 1380648368
484 -1533670578
485 1189370585
486 -344299986
487 -344299975
488 -344299957
489 -688599929
490 -1721499835
491 1196267618
492 1196267626
493 -1902432048
494 490103209
495 -741293421
496 -957354624
497 -1698648041
498 -1698648034
499 897671232
500 897671246
501 897671260
