0 0
1 3
2 7
3 19
4 45
5 75
6 130
7 149
8 285
9 566
10 1018
11 2024
12 3627
13 7245
14 14493
15 25368
16 47107
17 72485
18 166701
19 286308
20 525503
21 1050998
22 2102014
23 2102030
24 6066860
25 6066870
26 6066875
27 12133760
28 32436398
29 56703915
30 89140319
31 178280642
32 178280662
33 502405547
34 1004811096
35 1952918269
36 -478271060
37 -478271056
38 2001187266
39 1522916213
40 225512337
41 225512351
42 -798110183
43 -798110164
44 -1370707987
45 2126149160
46 2126149166
47 -42668968
48 -1456045906
49 1382875470
50 1382875488
51 1267036089
52 -1645055711
53 -378019618
54 -756039227
55 -1134058825
56 2026849644
57 -1886323717
58 -1749572120
59 795823058
60 -1947281945
61 -1947281939
62 -1947281929
63 1794339727
64 1043284274
65 890342087
66 1780684162
67 -733598971
68 1937427290
69 1937427304
70 1937427306
71 1517314616
72 -1993937035
73 -476622409
74 -476622398
75 -476622383
76 -476622364
77 -476622355
78 -953244714
79 -1906489430
80 481988445
81 1440599247
82 -1413768796
83 26830463
84 535649368
85 -851288962
86 -261978676
87 -550787792
88 -1101575591
89 2064985645
90 2064985660
91 -2079338041
92 -14352363
93 -14352343
94 -28704687
95 -28704683
96 -86114065
97 -86114064
98 -86114061
99 -86114047
100 -258342165
101 -602798389
102 -1119482711
103 2142115935
104 75378625
105 236871301
106 732084766
107 732084774
108 1464169556
109 1464169559
110 97541371
111 -1269086792
112 1756793703
113 585248287
114 -1952925290
115 -782428711
116 -1662398801
117 -2055710803
118 -205571008
119 1930899995
120 1519757981
121 1519757993
122 675448691
123 -580002625
124 95446071
125 95446077
126 286338215
127 381784309
128 381784312
129 381784327
130 1431691168
131 -1431584958
132 763674858
133 -667910096
134 -667910087
135 -667910077
136 1623326950
137 383271562
138 1338688443
139 1721960024
140 104369626
141 -1129949198
142 -1025579567
143 -329199099
144 1914609074
145 1914609092
146 1914609099
147 1448859987
148 1448860000
149 51612672
150 568974474
151 2069447161
152 -1604932972
153 1085101350
154 1549615552
155 -626761727
156 922853831
157 1325876050
158 -1123383574
159 2048200143
160 -1121420832
161 1129271788
162 -2036423716
163 -2036423698
164 222119888
165 1573511577
166 1795631478
167 -703704343
168 -1629528574
169 1961734385
170 -371498515
171 1052634432
172 681135932
173 -970961043
174 -1941922086
175 -1550611273
176 -1550611266
177 -1550611256
178 1996178718
179 -1105043796
180 2084879700
181 979835919
182 -339116753
183 -678233496
184 -37514325
185 -1054864557
186 -1770612376
187 1469490372
188 1469490383
189 -1355986527
190 -1242482704
191 -1430100848
192 -1089589316
193 532794444
194 -1986895719
195 -1986895703
196 -1665719831
197 -1901338823
198 1049084529
199 1049084537
200 839182022
201 -1357616205
202 1579734893
203 1061300715
204 -1123281325
205 999320117
206 999320127
207 1936659651
208 -359667392
209 1576992273
210 -141662618
211 -283325254
212 -424987854
213 367349174
214 -57638674
215 -398602589
216 -88892069
217 -88892058
218 -88892041
219 -722917419
220 -900701504
221 -1890295079
222 -1890295065
223 -1109241752
224 -1109241742
225 -1704106328
226 886754644
227 -817351669
228 -817351651
229 -817351650
230 -1565300323
231 1164366652
232 1164366660
233 763432992
234 1927799661
235 -439367980
236 1488431683
237 1049063706
238 1049063712
239 780023487
240 780023497
241 851638792
242 851638805
243 -1031642696
244 -1031642677
245 -360007758
246 1871674175
247 300019866
248 1811686296
249 2111706164
250 -71554958
251 -443129777
252 -586239688
253 1010781751
254 424542064
255 334399408
256 334399426
257 1517882966
258 -2108285483
259 78396333
260 -2029889137
261 -1951492787
262 -198420794
263 193560926
264 308725517
265 303865653
266 806152101
267 806152108
268 1916169869
269 -1572645313
270 -2035272859
271 -79444075
272 -79444065
273 -158888120
274 1941918181
275 1703586007
276 -887795290
277 -1537258397
278 -1537258386
279 2036241246
280 -1038275535
281 -1038275518
282 -1577568181
283 640848078
284 640848093
285 640848102
286 -693299406
287 -52451293
288 535945506
289 1071891017
290 1555385238
291 1555385258
292 -112305772
293 -1296502564
294 146576924
295 293153862
296 586307709
297 -382769836
298 -653233895
299 -9965235
300 -166507381
301 -1212476331
302 -1388948942
303 1527034645
304 1527034646
305 -1240897997
306 424222369
307 -816675610
308 1420718068
309 1314401481
310 -1559847733
311 1175271822
312 -1944423652
313 -1014598071
314 951369672
315 -832380220
316 -895608607
317 -895608592
318 1671369894
319 -857841
320 -953085354
321 -1073790486
322 -2026875839
323 240357782
324 480715566
325 721073352
326 1201788937
327 617059816
328 -1755045182
329 1265592506
330 1265592526
331 -1763782247
332 767402794
333 -996379446
334 -1992758882
335 1575042046
336 -1414096262
337 -2060789741
338 820081307
339 -1240708431
340 399454170
341 -2081962682
342 -1682508494
343 -1682508476
344 -1682508471
345 929950367
346 177392230
347 -575165854
348 532176756
349 532176762
350 489187683
351 978375358
352 978375360
353 978375361
354 1956750728
355 -381465845
356 -762931684
357 -1144397509
358 -1144397499
359 2006172303
360 -1427020219
361 1822392690
362 395372478
363 -2077202125
364 -1681829628
365 -1541266579
366 1212434145
367 207103111
368 -121729310
369 -1925288247
370 -2047017541
371 408035319
372 -1638982215
373 -1638982207
374 -621979333
375 803058871
376 1606117734
377 -1490767132
378 -1490767116
379 -572357641
380 -572357633
381 168717783
382 -403639832
383 -234922036
384 -234922029
385 -873483889
386 -1108405904
387 1843233441
388 734827540
389 361249162
390 1096076711
391 1096076725
392 836496284
393 -905068398
394 -68572111
395 -68572099
396 -205716320
397 -1247928908
398 1799109467
399 208320045
400 553784294
401 1313284906
402 -1668397476
403 198671739
404 -1469725725
405 1355515846
406 1355515855
407 1241305991
408 -1812355324
409 670256652
410 -1142098667
411 -1142098666
412 -1613940671
413 1067085964
414 -1688953366
415 2059159239
416 1437291857
417 -1420383598
418 1454200110
419 1454200130
420 1454200147
421 -1386567004
422 1555649803
423 236715909
424 1859998869
425 -642602714
426 -642602713
427 811509353
428 811509373
429 1623018741
430 1960832054
431 269299529
432 369692406
433 369692415
434 1008684355
435 -316766527
436 1700602185
437 1383835667
438 -1210529436
439 173306237
440 173306254
441 -863916937
442 -863916922
443 -1554527598
444 1359218334
445 -1059226183
446 -2118452365
447 58062568
448 980042071
449 980042078
450 1960084168
451 -1354841040
452 1585285208
453 -2104438948
454 -2104438937
455 1671374626
456 1757464051
457 -780039202
458 544360541
459 1521785405
460 419978144
461 -831418338
462 -411440192
463 1243265568
464 420385186
465 420792234
466 420792245
467 2093795060
468 2093795070
469 734207314
470 1468414643
471 2095244809
472 2095244810
473 2095244830
474 -101578172
475 -937363653
476 -937363652
477 -937363646
478 1381298176
479 -1532370933
480 -1532370920
481 1230225446
482 -302145464
483 928079984
484 323789061
485 323789065
486 647578140
487 647578148
488 1295156289
489 -1380865642
490 -1380865639
491 1533236025
492 -1228495247
493 -1161834196
494 2057008250
495 -333321192
496 561852872
497 1123705738
498 1352237427
499 -1819024121
500 -1819024117
501 -1819024104
