0 0
1 8
2 23
3 44
4 57
5 148
6 289
7 503
8 956
9 1473
10 3228
11 3237
12 3246
13 3248
14 14451
15 24183
16 45135
17 69333
18 138669
19 277335
20 554656
21 1040002
22 2010665
23 3050668
24 6655993
25 12757341
26 25514680
27 44928028
28 89856062
29 179712105
30 269568180
31 539136355
32 988416642
33 1797121180
34 1797121189
35 1096396262
36 1096396281
37 -305053545
38 -305053543
39 -915160641
40 -428871437
41 -1649085602
42 -2077957038
43 567924673
44 -1510032347
45 1274902597
46 1274902606
47 -470259500
48 569513370
49 569513387
50 1139026772
51 -2016913762
52 -209119729
53 -209119716
54 -418239436
55 -836478876
56 -836478873
57 -836478856
58 1367291264
59 -1560384760
60 -1560384743
61 -1753478230
62 981104339
63 981104344
64 -1351654271
65 610554420
66 -741099842
67 480009009
68 -1002190670
69 -652727079
70 -1916008577
71 724040990
72 -1844694648
73 -1120653651
74 2053659993
75 -911688290
76 1141971711
77 -2011023877
78 -2011023875
79 503202974
80 1918094234
81 410273341
82 -1966599711
83 -1966599699
84 361767905
85 361767907
86 361767912
87 1447071623
88 -1762591929
89 -1762591914
90 769783454
91 -992808455
92 -992808436
93 -1215833431
94 2086325447
95 -1115124868
96 -1237441283
97 1942401155
98 -410164981
99 -410164976
100 -115370076
101 -525535045
102 -525535034
103 -1051070061
104 2077457082
105 -140053114
106 1937403977
107 -420159348
108 1517244648
109 676925960
110 -2100796687
111 -2100796679
112 -2100796678
113 93373941
114 -1914048795
115 -1820674836
116 653617620
117 1307235228
118 140178016
119 140178032
120 -2053758390
121 -466167111
122 1915219842
123 -324349592
124 -324349578
125 -324349569
126 -648699140
127 -648699128
128 -1621747822
129 727122073
130 -1543324868
131 -816202788
132 -816202775
133 -816202764
134 -1632405528
135 -1632405517
136 -1418452058
137 -1418452040
138 1672016696
139 -134731137
140 -1299618529
141 -1299618514
142 -1061951473
143 1933397320
144 -428172665
145 443273195
146 15100535
147 1963598392
148 1963598411
149 -367770475
150 -720440431
151 -1088210903
152 1750774999
153 1750775016
154 1325128210
155 531710943
156 -687353109
157 1169486053
158 -1955995193
159 -942151289
160 -1884302577
161 -1884302573
162 -1884302553
163 -1357940387
164 636935231
165 636935240
166 -84069914
167 552865337
168 1105730674
169 -1446570714
170 212025316
171 212025332
172 636075959
173 636075975
174 1484177270
175 1484177271
176 -54460810
177 -1381073560
178 -1435534354
179 1478359387
180 -1392709325
181 -1392709312
182 171300146
183 1723673839
184 587914755
185 -302529878
186 -2114608430
187 -2114608426
188 351135319
189 351135326
190 -1412337773
191 -1061202434
192 409089309
193 409089317
194 -1655361578
195 984244138
196 984244157
197 722216050
198 1035342775
199 1757558841
200 204394543
201 -575455083
202 1386498304
203 1386498314
204 1386498332
205 1386498350
206 1386498357
207 1251026069
208 -1792915158
209 -2063859671
210 1689218538
211 469968145
212 -446562064
213 23406094
214 23406111
215 -399749856
216 -799499703
217 -1152437334
218 1966686533
219 14749506
220 -370250851
221 -340751847
222 117996008
223 -578257171
224 -460261150
225 -1631525010
226 1402168142
227 -1149879171
228 252288988
229 -1587208200
230 -1587208184
231 1372839904
232 -214368269
233 1158471651
234 -857473094
235 86630304
236 1546100499
237 1546100502
238 -1973609076
239 -1973609071
240 347749152
241 -1625859904
242 -930361601
243 -930361587
244 -930361568
245 -1860723148
246 -1860723133
247 2077403560
248 2077403576
249 433360861
250 433360881
251 433360896
252 -917481070
253 -484120170
254 -101518590
255 -1069758929
256 -1655397683
257 1569810691
258 -1740984665
259 -1826571655
260 -1826571651
261 470650035
262 470650050
263 941300096
264 1411950151
265 -1000416963
266 -2000833914
267 1293716420
268 1293716429
269 -1707534438
270 -413818003
271 466080411
272 -1655272020
273 -1603009595
274 -618586336
275 470361771
276 1354541533
277 -2051964629
278 -2051964614
279 191038063
280 191038073
281 382076142
282 764152282
283 1146228432
284 -2002510434
285 480984501
286 388854799
287 869839304
288 -262831815
289 607007509
290 344175708
291 344175726
292 688351449
293 1032527191
294 -1278729693
295 -246202500
296 -1524932192
297 1245102914
298 -1804761455
299 1964174065
300 1964174068
301 -366619162
302 1597554911
303 1230935765
304 2095252364
305 -968779147
306 -968779140
307 157694087
308 157694097
309 157694104
310 473082298
311 630776417
312 630776420
313 630776440
314 -1929555703
315 -37226413
316 -1966782099
317 992179540
318 992179546
319 -19649415
320 972530136
321 1945060276
322 1945060287
323 1540213552
324 2107896958
325 -1051703513
326 246500008
327 246500017
328 -558703475
329 -1117406943
330 -1676110412
331 1435746501
332 -240363909
333 -1598134757
334 -1838498656
335 858333900
336 858333918
337 -1719965591
338 -861631670
339 1713370044
340 1713370062
341 -868227176
342 -868227165
343 -1736454333
344 822058636
345 -914395686
346 -1828791368
347 637384554
348 -1283743848
349 1727479597
350 1081120316
351 -1486367378
352 -1486367358
353 -1891614411
354 511738480
355 511738485
356 511738492
357 -356398941
358 667078039
359 1845894558
360 -1114916649
361 730977910
362 -383938729
363 -767877466
364 310139642
365 -457737823
366 -457737820
367 -457737803
368 -1373213435
369 1548540422
370 175326989
371 -564821631
372 -214167637
373 944878161
374 165888912
375 1110767077
376 -2073433145
377 -796777144
378 -648676128
379 1886847969
380 1238171845
381 -1818623601
382 -1818623598
383 657720100
384 -1160903495
385 -1160903493
386 -1006366774
387 1624513654
388 1624513674
389 1081757063
390 -1588696539
391 -1552879439
392 -1552879436
393 -399488117
394 282780845
395 -116707270
396 955793889
397 1121867473
398 -2051232357
399 -929364871
400 -1019643128
401 1416594424
402 -1461778455
403 -1064827148
404 -1110011159
405 -1110011139
406 2074945004
407 2074945012
408 2074945024
409 -290154548
410 529702062
411 94470259
412 94470275
413 428488050
414 617428591
415 1764559246
416 -1912979449
417 991966718
418 843546521
419 1687093050
420 -1764327724
421 -77234665
422 -154469335
423 534607862
424 380138544
425 760277085
426 1520554158
427 1520554163
428 -493581871
429 -1747440831
430 800085634
431 -947355181
432 -147269537
433 -147269533
434 2105717852
435 863823606
436 -1325425836
437 1644115630
438 1644115645
439 -1006736014
440 -2013472022
441 -2013472012
442 905402907
443 1173426189
444 -1948114937
445 -1948114924
446 -1817400763
447 529451611
448 1058903227
449 169691519
450 1758046375
451 1927737906
452 -439491488
453 -1048674502
454 -1927657471
455 1318635335
456 -609022133
457 2028248526
458 -1557105561
459 1180756183
460 1180756191
461 -1462311954
462 899200432
463 -563111503
464 -1126223012
465 -1126223004
466 -1126222985
467 916298302
468 -1336147671
469 -419849352
470 1202822593
471 -553174412
472 -1106348841
473 -1659523238
474 -1659523237
475 -130428017
476 845492807
477 1690985624
478 1690985644
479 -1857454464
480 -1924957665
481 445051957
482 44611116
483 44611122
484 1046829369
485 1046829380
486 2093658757
487 -63038663
488 -63038652
489 -126077302
490 -1406633771
491 -1406633764
492 1481699771
493 -1520683706
494 -1445617684
495 -1484601617
496 1325764080
497 1325764096
498 -278691113
499 888235458
500 888235473
501 888235477
