0 0
1 7
2 25
3 45
4 94
5 100
6 273
7 531
8 1003
9 1007
10 2014
11 4569
12 9128
13 17725
14 17740
15 51181
16 68935
17 155600
18 155615
19 431334
20 862672
21 862673
22 2467899
23 3330573
24 7523832
25 10854409
26 21708829
27 43417660
28 75980905
29 151961814
30 151961815
31 303923633
32 303923650
33 607847295
34 607847315
35 1823541904
36 1823541919
37 -647883467
38 -647883457
39 527775012
40 -767991909
41 -767991890
42 -767991870
43 -1776200638
44 982782906
45 1965565819
46 -363835663
47 -363835644
48 -363835625
49 -727671255
50 -727671245
51 -1455342483
52 2111953571
53 -1162567024
54 949386564
55 -213180456
56 230250189
57 17069734
58 -179040982
59 -179040973
60 -323942472
61 -502983435
62 -1185007843
63 -2011933748
64 -2011933731
65 -1416891456
66 1461184383
67 315392756
68 359685702
69 359685708
70 -1799018735
71 -1799018718
72 1056615564
73 -742403140
74 1370827976
75 -113978315
76 1256849671
77 1256849673
78 -524418273
79 -524418263
80 1464862823
81 1464862832
82 -1365241635
83 1564484029
84 -1690417505
85 1438550549
86 1412238271
87 -1570111947
88 1154743403
89 -415368541
90 581501194
91 1163002388
92 1163002400
93 -1802829838
94 -1802829833
95 1852310032
96 572655162
97 622135368
98 1244270745
99 -1806425810
100 632635484
101 1265270955
102 1897906454
103 -1061309449
104 2101867977
105 2101867979
106 745365676
107 1490731354
108 1490731358
109 -659370247
110 -1227509139
111 -1886879378
112 521208551
113 1701787339
114 1701787346
115 1701787349
116 -891392591
117 810394775
118 810394778
119 729396978
120 -1944780751
121 -485986807
122 -1701370569
123 2107609929
124 -1295131213
125 -888891837
126 -1777783681
127 333160574
128 333160590
129 999481749
130 999481751
131 -1629682631
132 702441465
133 -927241152
134 144481186
135 -80318497
136 64162706
137 64162723
138 -734753032
139 -606427599
140 -606427598
141 -1819282780
142 592239024
143 1855068347
144 -1847659908
145 -1847659888
146 -1847659870
147 599647550
148 -648364801
149 -1896377115
150 -1945094348
151 -1442881282
152 -1637750249
153 1019466811
154 -1607668868
155 2069015002
156 -156937299
157 1323875662
158 1323875676
159 264861751
160 264861757
161 529723518
162 1059447027
163 2118894065
164 -322040925
165 -1438667122
166 1417633050
167 -21034062
168 1754785025
169 1712716904
170 569133623
171 1138267246
172 -874849503
173 5086002
174 5086016
175 273589774
176 283761810
177 562437620
178 1119789217
179 -2050302845
180 189275578
181 104961390
182 104961392
183 -531315255
184 -531315252
185 -663432144
186 -1726062648
187 947803402
188 947803417
189 947803420
190 453915452
191 -1945445002
192 1351880704
193 -139648831
194 -139648826
195 -872861949
196 -1152159593
197 -1152159578
198 1117786195
199 -1186532969
200 -1186532960
201 1921901384
202 -451164538
203 284203892
204 568407781
205 1136815562
206 1136815569
207 -1619889024
208 1506353787
209 -1566463617
210 -1566463607
211 -1626573426
212 -464533341
213 -464533338
214 -929066676
215 810260518
216 -583339479
217 -583339478
218 -1285485098
219 -1868824572
220 557318151
221 1697975788
222 386469379
223 772938756
224 1545877521
225 108294161
226 -1867856855
227 -1759562685
228 -1973247856
229 -1305700088
230 1016019367
231 272476039
232 272476045
233 -1717976477
234 -1445500430
235 1403966454
236 -1487034390
237 -83067922
238 -83067921
239 -249203767
240 -332271685
241 -581475436
242 -1162950868
243 -1744426291
244 806114720
245 1279957743
246 1279957756
247 -928937071
248 351020694
249 1981999129
250 1981999137
251 1981999138
252 1981999153
253 -310917331
254 1340112805
255 -1283772667
256 -585546192
257 -585546185
258 1840102269
259 1254556091
260 639793329
261 -1146061791
262 2002843721
263 1496575261
264 -1301816758
265 1051540437
266 2103080883
267 -1140345963
268 2014275376
269 2014275378
270 2014275398
271 -266416508
272 -266416506
273 -532833002
274 -1332082518
275 -2131332020
276 -234113250
277 597439524
278 597439528
279 597439544
280 1792318605
281 -1905209134
282 1081988544
283 -823220570
284 -1646441142
285 -1387673162
286 -385588154
287 -385588135
288 -385588130
289 -385588125
290 1364941594
291 -177410935
292 416354412
293 832708825
294 -1858373382
295 -609310132
296 -1634974683
297 192309111
298 -1442665570
299 -1058047349
300 -1058047342
301 -1058047324
302 -2116094646
303 -995269347
304 -932491343
305 -806935348
306 1560271272
307 753335933
308 753335953
309 753335954
310 753335958
311 -2034959423
312 -528287491
313 -1809910945
314 1956768870
315 1878578321
316 2025436253
317 -772382270
318 1253053984
319 -1788859319
320 717248662
321 717248665
322 717248674
323 362886687
324 1797384027
325 17049429
326 17049442
327 -1383349023
328 448133879
329 448133880
330 448133896
331 448133916
332 448133919
333 896267853
334 -1606163827
335 186371864
336 -523524093
337 -337152225
338 -674304446
339 -1534980746
340 1225005801
341 -1844955707
342 -1844955705
343 295080949
344 295080963
345 -1254793776
346 -664631852
347 -1624344648
348 2005990809
349 -1242698502
350 763292323
351 763292327
352 1526584657
353 1810470815
354 -194619486
355 -389238970
356 -778477943
357 -778477940
358 -330343511
359 1823809463
360 -452728900
361 -516218818
362 854861756
363 854861762
364 854861771
365 2048366473
366 -198234341
367 -198234331
368 1651897806
369 1255429142
370 -1585874669
371 -1585874660
372 -264422379
373 -528844757
374 1915825501
375 -463316277
376 -926632565
377 525876675
378 -400755886
379 125120792
380 -1139707244
381 -1139707238
382 2140673607
383 -13620071
384 -152360943
385 834985375
386 669004370
387 -816284939
388 -816284937
389 -128580130
390 -1761149988
391 772667304
392 -988482670
393 -1976965344
394 1329519301
395 -863261398
396 -863261379
397 -397003462
398 -397003443
399 -397003441
400 1377434181
401 980430745
402 980430758
403 -956671597
404 1004189917
405 -909153288
406 1099226543
407 190073264
408 427664850
409 1812001288
410 -2055301157
411 184365000
412 184365008
413 184365015
414 184365018
415 -1317841114
416 -1133476090
417 1843650107
418 710174022
419 286871955
420 -1454271207
421 -1167399246
422 -1624624460
423 1045718366
424 1381262710
425 802356618
426 -1065629586
427 -2131259174
428 32448946
429 32448949
430 1965333056
431 -101028218
432 -101028207
433 -101028202
434 -101028192
435 -303084595
436 -404112767
437 -404112761
438 -1212338302
439 1870290688
440 1870290706
441 2124130340
442 -300546248
443 -601092489
444 -901638719
445 -901638708
446 -901638693
447 -901638687
448 87320008
449 -1715957355
450 -1628637345
451 -765584774
452 1900745189
453 -2122114266
454 -221369057
455 -1208322889
456 743161085
457 -686530846
458 -1373061688
459 -1316431438
460 1605474182
461 1605474201
462 -165075584
463 1729441375
464 1564365800
465 -1166235703
466 398130112
467 -768105583
468 -1536211162
469 -1536211159
470 1222544990
471 2075114502
472 -997307795
473 -997307775
474 80498945
475 1383542876
476 1464041837
477 1930775887
478 563892264
479 -1800299137
480 -2136556444
481 21854411
482 21854424
483 965712833
484 1009421673
485 1009421674
486 1009421690
487 -279134983
488 -1545837223
489 1203292847
490 -342544358
491 -964223711
492 -1928447409
493 717207462
494 -1314715157
495 1769012206
496 454297050
497 -302645845
498 605948256
499 1211896518
500 1817844777
501 -659277728
