0 0
1 17
2 35
3 42
4 62
5 144
6 264
7 530
8 1057
9 2010
10 3871
11 6955
12 13908
13 27821
14 54569
15 82394
16 185664
17 268070
18 453746
19 453760
20 1443646
21 2351162
22 4248570
23 4248573
24 4248592
25 12745755
26 16994353
27 29740128
28 67977407
29 97717539
30 195435087
31 361130043
32 556565131
33 917695181
34 917695185
35 -1541881737
36 293508640
37 -330677899
38 -330677880
39 -661355768
40 1723882659
41 401171115
42 2125053776
43 -1768742386
44 -1768742376
45 757482553
46 -654948414
47 -1309896830
48 -1309896816
49 1020225239
50 2040450481
51 -214066327
52 -1448357887
53 88354692
54 -1574069519
55 1146828272
56 1146828282
57 807941732
58 1527528782
59 -1239909729
60 -2052578211
61 -957017419
62 -957017416
63 615973306
64 -1298061520
65 -353733956
66 -1035822164
67 1607349661
68 1607349669
69 1607349674
70 -862474402
71 -1371214857
72 -1706607542
73 -1706607524
74 255412656
75 1137164893
76 -2020637515
77 -2020637505
78 1646269840
79 -1257840285
80 1779286725
81 -2127251010
82 -1605804566
83 -1605804549
84 1083358183
85 39465372
86 -2088785544
87 1723200762
88 -326119394
89 1397081377
90 1070961987
91 1776339196
92 -1447666094
93 1399635090
94 -98615724
95 1629692470
96 1483045753
97 -1182229060
98 1930509183
99 -532564667
100 1397944519
101 -1499078245
102 114581743
103 1411392550
104 26896066
105 53792126
106 80688208
107 161376412
108 242064621
109 537921382
110 779986009
111 1317907396
112 2097893411
113 438740910
114 877481830
115 1217042274
116 1217042276
117 -544659998
118 1889424562
119 -516118174
120 -516118170
121 857188235
122 1714376470
123 2055446550
124 2055446565
125 1530302307
126 -1234362695
127 295939629
128 407805063
129 407805083
130 815610152
131 692797243
132 1508407403
133 1508407409
134 230254916
135 -355100324
136 -355100323
137 -1758098198
138 -2113198516
139 -56275131
140 -56275125
141 -43979989
142 267140346
143 -2002588410
144 -1891978296
145 400400603
146 1023961570
147 2091903126
148 -1179102592
149 1936762110
150 -21042476
151 -442485545
152 -442485544
153 -442485528
154 -1348499075
155 1619011608
156 -614458530
157 -343945983
158 -1130377501
159 -469770393
160 -469770376
161 1266644519
162 796874163
163 796874183
164 -1434574412
165 159173953
166 -478526256
167 -478526237
168 -1435578763
169 626935598
170 -1606521702
171 1401276201
172 -1013888658
173 -1219134155
174 -1219134150
175 637564842
176 1480375182
177 -1334216926
178 146158270
179 292316538
180 292316551
181 -603425549
182 -1206851115
183 -1810276653
184 966730547
185 -2050397211
186 -1083666653
187 1160903441
188 1478260768
189 1555497566
190 -100305509
191 -1361514460
192 -1562125472
193 1271021859
194 -1652618070
195 -1943721670
196 407523952
197 815047910
198 1222571866
199 2037619786
200 -1755925432
201 1504266225
202 -471386937
203 1032879305
204 2065758610
205 -163450078
206 -1831166379
207 -1994616437
208 -890594961
209 1480898059
210 590303103
211 2071201182
212 -152564941
213 1918636255
214 1613506364
215 1155811566
216 240421967
217 240421978
218 -1044805420
219 -804383422
220 -1368344886
221 1317855551
222 -1659256197
223 -1709745515
224 -1709745511
225 -783779926
226 1801441872
227 -692083548
228 1109358340
229 1434936745
230 -641313875
231 1210897679
232 -1181088389
233 823432171
234 1646864333
235 -1824670774
236 645625735
237 -1179045021
238 -1179045005
239 -1179044994
240 -421212755
241 -421212749
242 -84593209
243 -2106063705
244 1683097653
245 -928772005
246 -1857544011
247 1001092034
248 1001092053
249 898965739
250 898965750
251 -494851704
252 -1990795455
253 -687715652
254 -687715648
255 -1375431299
256 -941542457
257 1290277905
258 1892840153
259 -2053391682
260 -1187247378
261 1054328245
262 -293470658
263 1815185842
264 1388796060
265 -1517375168
266 1686606745
267 169231582
268 -752522233
269 -752522230
270 -1505044443
271 -1505044440
272 -50934464
273 -50934448
274 -1606913342
275 -1657847773
276 -576707152
277 453499048
278 906998095
279 1360497163
280 -2027472024
281 693522296
282 26547451
283 53094899
284 -1254307373
285 1786352560
286 1786352566
287 1786352580
288 -137122048
289 -327339003
290 1321891531
291 994552542
292 -1978523205
293 -1978523194
294 -1967941321
295 -635467881
296 1691558104
297 1691558122
298 -1547318938
299 -1547318926
300 1200329437
301 1200329452
302 -693978963
303 -693978954
304 -693978945
305 318722032
306 -1069235854
307 1462516613
308 1462516629
309 1462516630
310 1462516642
311 -1369934005
312 1555099273
313 -1184768740
314 370330535
315 -814438194
316 -814438180
317 -1628876371
318 1851652765
319 -1406099964
320 -1183323557
321 -737770738
322 -1921094286
323 898331524
324 -54989705
325 -1077752451
326 -234410612
327 -468821224
328 -703231834
329 1810751181
330 -673464933
331 -673464928
332 -708231727
333 -708231712
334 -708231699
335 823342316
336 -593121086
337 -1894473896
338 -1894473876
339 -87101557
340 418917974
341 -1562657458
342 -724821498
343 2007488355
344 1282666870
345 1002676287
346 2005352568
347 -1286938431
348 718414145
349 -572795855
350 1866708732
351 725388594
352 2019301491
353 462049818
354 462049830
355 462049838
356 462049850
357 924099692
358 1848199400
359 -1060618334
360 -1060618315
361 -1060618310
362 -1333655546
363 -1333655539
364 -493580396
365 73457523
366 73457532
367 1280990877
368 -399329987
369 534995556
370 1563571516
371 -1314739314
372 783827766
373 783827770
374 1567655549
375 -1943483965
376 -375828403
377 32170966
378 32170980
379 32170991
380 64341984
381 -214973477
382 -150631484
383 -236921003
384 -506012980
385 -893565463
386 -1787130918
387 1108257952
388 -678872960
389 -1357745923
390 685910001
391 685910015
392 1371820019
393 -1551327242
394 1192312808
395 1698715618
396 1339701200
397 -1256550459
398 1422851926
399 1506002679
400 1672304166
401 306191480
402 1978495652
403 1978495671
404 1978495682
405 1978495701
406 -675951867
407 964567905
408 288616042
409 1253183949
410 1830416045
411 41816665
412 1872232730
413 991298137
414 991298140
415 1432094430
416 -1871574718
417 551817867
418 2094933871
419 2094933885
420 2094933895
421 670077521
422 -1529955867
423 -859878337
424 -1824856190
425 750354431
426 -1934380082
427 1286085461
428 -1722796368
429 1923876315
430 303139771
431 504219720
432 1008439440
433 1512659174
434 -1773868669
435 -1773868666
436 -2035078157
437 -1287848187
438 1719270919
439 -1603655408
440 115615520
441 -1056617155
442 1750310256
443 -794346768
444 -1588693554
445 -1588693548
446 1016926533
447 1016926544
448 -1937880775
449 95972304
450 -824981925
451 -1649963835
452 -21886922
453 -43773839
454 -1715624586
455 38736205
456 902454336
457 902454337
458 84246465
459 986700821
460 -1419111323
461 -1419111303
462 -1767275321
463 -1767275320
464 -1767275305
465 760416685
466 -1665553251
467 1622555426
468 1477835551
469 1434837736
470 240261434
471 -1142032573
472 533066605
473 -368704519
474 -368704510
475 -737409018
476 -1474818039
477 -1474818037
478 239217700
479 1584548935
480 -1863278458
481 -278729511
482 -1793059365
483 -2111300686
484 -166851784
485 223755476
486 -2054396975
487 -2054396966
488 409928850
489 409928858
490 -1234539251
491 -824610380
492 1001278409
493 1001278413
494 -56592794
495 -113185602
496 1008168063
497 894982475
498 1903150542
499 -488666205
500 -977332403
501 437151948
