0 0
1 8
2 19
3 33
4 74
5 139
6 219
7 494
8 970
9 1907
10 3379
11 6766
12 6769
13 13542
14 13544
15 13559
16 40661
17 81321
18 135561
19 135564
20 271143
21 623607
22 894765
23 2060646
24 3985741
25 6941165
26 10926926
27 23914487
28 34841424
29 76624021
30 146306868
31 257772314
32 257772330
33 515544653
34 1254020194
35 -1863550923
36 -1863550921
37 1821885663
38 1821885683
39 -651195943
40 -734526432
41 -2036918314
42 872326624
43 1744653242
44 1744653254
45 1590188377
46 1590188378
47 -1920251333
48 -1920251314
49 2044653043
50 2044653050
51 -205661188
52 -205661175
53 1757732424
54 1140748875
55 236844696
56 -1365302469
57 -1128457760
58 2038051766
59 921885113
60 1831479125
61 496448716
62 -1045154340
63 -52256899
64 -600962518
65 -1698373740
66 898219800
67 -1453373354
68 2041440014
69 -813049781
70 673236682
71 -139813094
72 1761813830
73 1761813848
74 -771339616
75 -1009255627
76 1743032446
77 -37562795
78 1705469668
79 -884027974
80 -1768055950
81 1642883376
82 -1009200542
83 -1009200533
84 -375517697
85 -1384718229
86 -2135753621
87 774495461
88 -1361258156
89 -1361258148
90 -1948020841
91 -1948020840
92 -1948020832
93 -1549095208
94 797851258
95 1994628139
96 1243384208
97 -259103690
98 -518207379
99 -1834266001
100 1942493924
101 1942493936
102 2050721864
103 -301751488
104 -495275058
105 -1098778037
106 2097411232
107 2097411240
108 -1694197908
109 -1694197899
110 -292351368
111 514075300
112 -1069260618
113 1753232726
114 1753232731
115 -1343687153
116 1607592988
117 -524595995
118 -1049191988
119 443350584
120 -605841401
121 -1211682792
122 -1374173608
123 1103269506
124 -1645077703
125 -1915981804
126 -748679092
127 1088498211
128 -1576162673
129 -1236343550
130 -1724007993
131 1334615757
132 1334615760
133 -291120021
134 -582240031
135 -582240030
136 -582240010
137 -703224314
138 1845022931
139 1141798620
140 1119117207
141 -2034051455
142 2071887319
143 -151192663
144 1005760422
145 1005760428
146 1005760436
147 -1277686003
148 -271925560
149 -271925551
150 -271925545
151 -2093462647
152 1929579117
153 -979660168
154 949918957
155 -465550276
156 1434287636
157 1918656325
158 -457654649
159 -457654641
160 -1857332618
161 1522325401
162 -792661838
163 729663572
164 -398005468
165 331658122
166 1392979792
167 2056296021
168 2056296039
169 1542262693
170 1359887470
171 -1575192367
172 -1575192352
173 -1790497234
174 929277726
175 1643250556
176 1926613631
177 -1586322598
178 340291036
179 -1971134663
180 -1290552575
181 1713862142
182 423309584
183 846619155
184 1693238322
185 1693238333
186 361438109
187 722876226
188 1022442851
189 1022442866
190 -1527205348
191 1240556615
192 1240556631
193 953907916
194 1907815827
195 -192686916
196 -1625930451
197 1043106394
198 -775510967
199 267595445
200 -1283426476
201 -1791341984
202 1220198850
203 1220198869
204 -634370723
205 -1268741445
206 -682913279
207 -1365826577
208 977485996
209 977486007
210 977486013
211 1566631453
212 -1161704392
213 -1935068214
214 -552655120
215 -552655110
216 92884462
217 92884476
218 1440357800
219 520816524
220 1594288160
221 -553735870
222 -553735865
223 -553735851
224 -66919407
225 -1728126987
226 -1728126985
227 771793934
228 -956333033
229 -956333015
230 -302158777
231 2080142488
232 821650710
233 1643301411
234 1643301418
235 1893428744
236 -758237114
237 -1516474238
238 2020255964
239 2020255969
240 2020255974
241 -508910738
242 -259584359
243 1251760882
244 -1791445525
245 -1791445516
246 1704252793
247 -87192715
248 -87192713
249 -174385424
250 -435963573
251 -610348979
252 -1046312548
253 1940764060
254 894451530
255 1788903055
256 -717161190
257 -1434322388
258 -1434322368
259 -1434322348
260 1426322581
261 -7999747
262 -15999509
263 -15999494
264 -39998740
265 -71997736
266 -143995474
267 -255991938
268 -471985137
269 -471985133
270 -1415955405
271 -1415955399
272 -1415955392
273 -1415955382
274 1463056527
275 94202258
276 1604359918
277 -1133348588
278 612314747
279 1083326089
280 562292268
281 562292274
282 -1474741909
283 -350157361
284 383011364
285 -1441887902
286 -1409033885
287 1476899517
288 -1341168255
289 -1341168235
290 1612630820
291 -1069705657
292 542925169
293 -1596486145
294 -1596486133
295 -1596486124
296 -494491089
297 607503962
298 113012876
299 720516854
300 1441033708
301 -1907390968
302 254159611
303 -1653231348
304 988504595
305 1977009198
306 -1329453490
307 647555711
308 -681897765
309 -34342046
310 -1398137584
311 -1398137575
312 -1398137563
313 100554584
314 100554589
315 -1197028372
316 -1197028357
317 1900910586
318 703882231
319 210736106
320 421472212
321 632208335
322 1264416660
323 -1976870070
324 341227146
325 -371226254
326 -371226246
327 -401225350
328 -401225343
329 -1173676919
330 -1976127607
331 342712078
332 342712082
333 1429361601
334 -1035018759
335 1079767010
336 -2135433274
337 -661323421
338 1542958857
339 -174030815
340 -348061623
341 359543004
342 1380409436
343 1391890824
344 1391890834
345 228766812
346 97990611
347 195981225
348 1914629488
349 2110610714
350 24244749
351 -49501116
352 -49501106
353 -49501104
354 1986352154
355 1862093587
356 -545523746
357 -1091047493
358 -1091047474
359 1567348599
360 476301127
361 -683968975
362 -683968969
363 -415335673
364 -1783273611
365 -1783273602
366 728420097
367 357535551
368 1085955667
369 1085955668
370 -1765520405
371 406390935
372 -273173794
373 -546347592
374 2116316453
375 1569968875
376 -608681950
377 -608681937
378 1922573858
379 1922573869
380 -1058501495
381 -2117002999
382 -1252930605
383 -1252930602
384 1789106108
385 402707716
386 938883233
387 1341590967
388 -2014493090
389 265981114
390 -1748511969
391 -1216549735
392 1595886725
393 1177280347
394 1177280364
395 -1940406578
396 414154143
397 -348972059
398 -1875224475
399 2070770777
400 -153425743
401 42120579
402 -264730912
403 1694734719
404 1430003814
405 -1170228759
406 1954509791
407 -2080682432
408 -1296401383
409 -1422574017
410 -1422574008
411 -1927264529
412 -1773846631
413 747274026
414 -1026572588
415 314557590
416 629115183
417 664374219
418 581474418
419 -2105445879
420 -2105445860
421 665549985
422 1995474194
423 1995474195
424 445606646
425 -1298308116
426 1142772736
427 1142772755
428 -866649072
429 566194958
430 566194978
431 265740878
432 265740889
433 1097676763
434 1097676780
435 -2099613749
436 361480690
437 -640456264
438 -183235775
439 -1464148299
440 268993916
441 -1378390146
442 -1378390129
443 1538187041
444 -949599315
445 2126774760
446 1177175455
447 -402429342
448 -402429341
449 1549492219
450 1147062886
451 -2000841530
452 -853778637
453 -853778626
454 -1707557256
455 879852790
456 -241135943
457 1518569644
458 449729248
459 1727162962
460 1727162982
461 1727163000
462 1336250909
463 -1622465489
464 1440948438
465 -1413070422
466 -258336559
467 -1671406971
468 770636307
469 -900770658
470 -900770653
471 1592655334
472 1592655338
473 -2140561620
474 -2140561602
475 -2140561596
476 -2140561582
477 -2126717472
478 -2099029273
479 -2071341019
480 -1988276340
481 -1863679317
482 -1863679307
483 -1420667659
484 1010620347
485 157561372
486 -252485925
487 -252485908
488 -252485896
489 -599896337
490 -599896334
491 -1957250384
492 885438355
493 1770876718
494 699064692
495 699064703
496 -240522812
497 458541907
498 218019109
499 218019128
500 654057339
501 1090095596
