0 0
1 1
2 17
3 22
4 53
5 106
6 209
7 415
8 740
9 755
10 1920
11 3416
12 6106
13 9535
14 15655
15 31308
16 66040
17 97357
18 194718
19 389442
20 778866
21 1460393
22 2823426
23 5452141
24 10904274
25 16356433
26 27260724
27 43617170
28 87234329
29 130851514
30 305320176
31 305320190
32 610640371
33 610640391
34 1962772656
35 -1721554248
36 1767819379
37 -1675289107
38 92530292
39 -1582758797
40 -1490228504
41 -360778811
42 953731493
43 -897275807
44 -897275806
45 1603139880
46 1603139894
47 1603139903
48 -382823405
49 1220316510
50 1220316518
51 2057809640
52 -1016841118
53 -1016841104
54 -1016841093
55 -2033682177
56 -789238176
57 455205858
58 455205862
59 -1912508629
60 -1912508616
61 925155920
62 1850311849
63 -1049549458
64 -186590285
65 -186590282
66 -373180554
67 54401286
68 -318779256
69 -318779240
70 -956337762
71 -1593896252
72 -1593896238
73 -486721437
74 -486721428
75 1727628204
76 754185344
77 754185356
78 -1545689806
79 1690309117
80 1690309119
81 -1705853507
82 1674764748
83 1674764768
84 1643676019
85 682693852
86 1380932102
87 -587665316
88 499434145
89 1975394793
90 1975394802
91 1975394803
92 2130651261
93 -33664775
94 -222586000
95 1874400502
96 1651814511
97 1105648204
98 1105648205
99 1219958142
100 1219958149
101 356245412
102 356245429
103 356245441
104 712490880
105 1068736325
106 -1801249219
107 -20022013
108 -1821271212
109 -1841293217
110 632402886
111 1264805764
112 55915451
113 -1709440327
114 -1653524873
115 -2042243976
116 -1110241873
117 1142481458
118 -1078002283
119 -1078002276
120 -1078002264
121 1093200069
122 -2140806753
123 -2140806733
124 28551630
125 -2112255099
126 -2083703451
127 -2083703444
128 -1984694681
129 -1857134265
130 -1630565085
131 -1049866324
132 -16029202
133 -16029189
134 -16029185
135 -48087564
136 -48087563
137 -112204311
138 -240437793
139 -400729663
140 -801459316
141 -1554831071
142 1537947263
143 -16883791
144 -16883782
145 -33767570
146 1470412127
147 -1354143041
148 82501522
149 82501539
150 247504595
151 528776747
152 776281355
153 776281375
154 -1966123213
155 -1966123193
156 -1850906916
157 -1488186012
158 955874378
159 -2020497657
160 -108748900
161 1633409122
162 1524660231
163 -1245646833
164 -1245646831
165 -1245646826
166 558026814
167 1116053629
168 -2062860037
169 -946806398
170 -1893612789
171 507741702
172 1015483413
173 -370387670
174 -370387659
175 -740775328
176 -1481550646
177 -1947617889
178 -245364218
179 -120340777
180 500093782
181 -1813229083
182 668509115
183 -764966954
184 -1909686908
185 475593470
186 951186937
187 -1247873454
188 178906964
189 -1068966470
190 -1186746020
191 -2076805525
192 -37550706
193 -37550699
194 -75101402
195 -112652090
196 -112652089
197 -375506978
198 -675912550
199 -1351825098
200 -2027737634
201 -2027737628
202 -1112333048
203 1154896640
204 1154896657
205 1154896673
206 -830277320
207 1479516012
208 649238696
209 -1841593221
210 611780854
211 611780860
212 611780861
213 1835342580
214 -624282130
215 1822841330
216 1822841339
217 1822841359
218 549274618
219 1098549237
220 1647823858
221 1647823863
222 99229678
223 1747053542
224 -800860205
225 1045423035
226 -556297382
227 1435318996
228 1435318999
229 -935203644
230 -935203638
231 -1870407274
232 -870176541
233 619179853
234 1238359707
235 -883044251
236 -1766088504
237 -1766088493
238 1737285613
239 1617031681
240 1588228804
241 -1118509676
242 2057947949
243 939438287
244 -1297581056
245 -2125442974
246 1811381568
247 1385743784
248 -1097841933
249 287901871
250 -809940059
251 -234136319
252 -1854016426
253 1684776369
254 -403376362
255 1281400010
256 708783606
257 1586807258
258 -717976411
259 -1435952827
260 -567121961
261 -1134243930
262 2026479433
263 892235512
264 1217349071
265 1217349089
266 1217349107
267 -642920011
268 -642920001
269 -1928760031
270 -1997250935
271 -273963666
272 94992676
273 189985351
274 284978030
275 474963384
276 759941416
277 759941422
278 1519882841
279 -495260188
280 -1750461798
281 -1750461794
282 298783532
283 298783541
284 -1152894706
285 -1152894695
286 -1152894683
287 836283218
288 1672566438
289 1672566447
290 -1266445873
291 2078687025
292 812241158
293 -997918534
294 1893009660
295 1707332293
296 1198384315
297 503758985
298 -885491700
299 816651610
300 -954331776
301 -954331760
302 -954331758
303 -1908663512
304 -476691509
305 1909612295
306 -1430074482
307 -1430074472
308 -1427228166
309 1440510969
310 1448101157
311 31309501
312 62619003
313 1555312479
314 242885825
315 1892126817
316 -542023153
317 -1146665309
318 -1688688455
319 -1485250097
320 -25636562
321 -1510886647
322 1273193992
323 -237692639
324 -1986271937
325 1807673514
326 -416291056
327 1391382472
328 1391382479
329 -120819867
330 -241639738
331 2004014305
332 1762374573
333 500344466
334 -390693550
335 -390693536
336 -390693520
337 -671736137
338 -1843816736
339 1388720914
340 -1126831950
341 -1126831948
342 1586207581
343 459375642
344 1180640259
345 972559597
346 -1223016156
347 -1223016141
348 166543215
349 -126289211
350 -126289200
351 1762899816
352 1510321414
353 -1107781246
354 -1107781235
355 -1107781229
356 -1813022292
357 266382549
358 -575016147
359 -2121655881
360 -2121655861
361 -2070000330
362 -2070000321
363 206622204
364 413244413
365 774833278
366 1549666541
367 -1350600841
368 1593765612
369 -1314058274
370 -1070893496
371 1910015539
372 -231771457
373 607350604
374 607350620
375 -1402021980
376 -187320748
377 -1589342717
378 -1589342702
379 928961139
380 -660381544
381 1197540734
382 -123222358
383 1342897972
384 1342897978
385 -1732393701
386 2027720629
387 -1437066756
388 590653884
389 791812036
390 791812046
391 -1530035456
392 -1530035437
393 -885792915
394 -885792899
395 -536689397
396 -1073378795
397 -1073378782
398 -1073378778
399 538141554
400 1076283115
401 1076283129
402 1076283142
403 -527976343
404 -527976336
405 -2122070576
406 -1025456966
407 1147439768
408 1766903205
409 1766903222
410 1533718671
411 1533718674
412 1533718677
413 -454972138
414 -454972118
415 -909944237
416 -1364916341
417 -1651086143
418 369020577
419 738041157
420 1476082322
421 -1711823233
422 871320826
423 -840502404
424 30818435
425 -809683955
426 -1619367909
427 1056231479
428 -563136420
429 -1935956799
430 1232737654
431 1232737660
432 -1829491962
433 -596754298
434 1868721043
435 -557525215
436 1311195838
437 2025637372
438 353061744
439 706123500
440 -456474045
441 249649462
442 249649471
443 1102010150
444 1102010164
445 1102010184
446 -988936789
447 -1977873569
448 -762789998
449 565366952
450 -197423042
451 -197423039
452 1724824609
453 1329978536
454 -1069643275
455 1787736838
456 2048072113
457 -198823065
458 -397646143
459 -1055627546
460 -1652096736
461 990773824
462 1981547641
463 -133048952
464 131548244
465 -1500702
466 -1325647228
467 -1328648625
468 1770719004
469 1770719014
470 -753529264
471 1017189755
472 -489868767
473 1544510742
474 1054641976
475 -1695814563
476 413469403
477 -227703174
478 1089104404
479 1089104415
480 668160490
481 1757264907
482 1757264922
483 -112276962
484 1644987976
485 1644987996
486 1644987999
487 639996679
488 1279993356
489 -729989258
490 1190000783
491 1190000795
492 1650012329
493 1650012336
494 1385058958
495 1580117130
496 1580117132
497 1900338268
498 765605243
499 1531210495
500 1531210514
501 -1281452920
