0 0
1 11
2 17
3 18
4 62
5 76
6 191
7 375
8 386
9 404
10 1374
11 1376
12 1381
13 2777
14 7318
15 10101
16 10105
17 27534
18 57839
19 57853
20 57867
21 173567
22 231450
23 520742
24 983633
25 983650
26 2893051
27 5381082
28 9257797
29 17531934
30 17531953
31 52595822
32 52595830
33 149513349
34 254705019
35 456814204
36 966224226
37 1677743468
38 -789967025
39 1854000688
40 -1553190155
41 -489156479
42 699430506
43 699430521
44 909704562
45 266218962
46 2085628078
47 2085628080
48 142507841
49 1194720239
50 1479735910
51 -1601714431
52 1215249578
53 -386464833
54 -386464827
55 -386464810
56 -1159394456
57 1976178382
58 1976178400
59 2020032701
60 518027744
61 -1756906833
62 -1756906827
63 781153641
64 781153651
65 781153667
66 586554140
67 1173108287
68 -972997542
69 -1945995087
70 -378176532
71 -378176522
72 1592619171
73 -2082726494
74 -1246460370
75 965780451
76 -770787231
77 -770787227
78 -1822254373
79 -1822254367
80 650458575
81 -240657307
82 289472607
83 48815307
84 -1074165184
85 -326075993
86 -1061953260
87 -1061953240
88 -2123906499
89 -2123906489
90 1892139117
91 -231767357
92 1707526076
93 1475758733
94 1475758744
95 -1343449814
96 132308939
97 -847064617
98 893311991
99 -1164893498
100 -1164893485
101 2143736628
102 978843146
103 1686104783
104 -1630019351
105 -1116302070
106 1548645883
107 1467272410
108 1899616224
109 -2125754181
110 -1505186940
111 1284593402
112 -446731477
113 1501888118
114 1055156653
115 -1737922508
116 372390805
117 1191513080
118 -174018617
119 -348037226
120 -522055842
121 519792213
122 -2263617
123 -352564460
124 -705128931
125 -1062220630
126 -1062220615
127 -1062220606
128 1108305461
129 1108305468
130 -970050908
131 -877881189
132 -693541761
133 -1571422930
134 2030002622
135 458579708
136 -1806384950
137 -1582767291
138 905815075
139 -2024757447
140 -2024757443
141 1151267496
142 1396719909
143 -1501527472
144 -978297501
145 1815142340
146 1883304789
147 -596520148
148 -1193040314
149 1908886680
150 -477193929
151 -477193924
152 -954387839
153 110993
154 -1908664682
155 -1908664668
156 -1908664658
157 -1430915708
158 955386943
159 2109209
160 2109212
161 4218436
162 963823812
163 970151478
164 1933975300
165 1933975319
166 1933975321
167 1933975335
168 1933975340
169 -427016616
170 1506958730
171 652925495
172 -2135083060
173 -1482157560
174 -1482157551
175 1355453362
176 551022500
177 424318325
178 -633520919
179 215115733
180 1912389002
181 1918302160
182 -458362991
183 -1341044304
184 118894872
185 -1680512420
186 -1680512416
187 -746569956
188 1867884939
189 1121314998
190 -1305767349
191 -184452332
192 -184452320
193 1314527945
194 1314527950
195 -1665911392
196 778692191
197 1741836714
198 854617531
199 -1271204287
200 1325249976
201 -865775167
202 -865775160
203 -822887106
204 1794575558
205 -759861858
206 -759861845
207 -548035248
208 -548035242
209 -821218631
210 -1369253869
211 1008424307
212 -1730083422
213 -2090912965
214 473970920
215 1956366148
216 339424123
217 -1999177014
218 -1659752881
219 -1659752873
220 1272074808
221 -2047430941
222 -2047430935
223 -1847325513
224 -2034898138
225 612849081
226 1225698147
227 -196350890
228 1642196352
229 1445845465
230 -1403276353
231 -1580854570
232 1310836381
233 1310836386
234 1083387311
235 2124205524
236 1534298309
237 446923858
238 893847726
239 1787695433
240 -1802963727
241 -1435165681
242 -1435165672
243 1424635961
244 -1445695383
245 -1456225090
246 -52648552
247 -1529933051
248 -189534769
249 -379069532
250 687556317
251 118952020
252 806508345
253 1044412382
254 1044412386
255 -593125843
256 -593125825
257 902573105
258 1805146224
259 -1729087243
260 76058998
261 -1653028242
262 -1576969235
263 1217087808
264 -359881424
265 -719762840
266 -719762836
267 2135678775
268 1553359503
269 -2045454686
270 204057926
271 -1841396753
272 -1637338826
273 528194462
274 1548484109
275 2076678577
276 2076678591
277 297729625
278 156119502
279 156119516
280 312239020
281 -1296081034
282 -373873361
283 -1669954379
284 955058525
285 955058544
286 955058545
287 1910117094
288 -474733093
289 1435384012
290 485917810
291 1921301834
292 -927096728
293 -1854193460
294 -859988349
295 -859988339
296 1715002256
297 -4974417
298 850039517
299 850039533
300 1695104650
301 810244252
302 -94513751
303 -1884132136
304 526703030
305 1053406050
306 411707452
307 1465113503
308 1876820963
309 1876820971
310 -541325350
311 1335495636
312 794170295
313 794170300
314 -1371131053
315 -1371131037
316 -1153921492
317 1987124319
318 1987124336
319 1449196140
320 -25443982
321 -25443967
322 -909534761
323 488773440
324 -471649253
325 -471649240
326 -1364059807
327 1987609011
328 1987609025
329 -1683809055
330 455699950
331 759499933
332 1518999869
333 1050390700
334 -966076793
335 -1476453623
336 -1476453608
337 -1349593453
338 -973610169
339 1971763683
340 990620141
341 639180217
342 1629800367
343 -37213054
344 899184064
345 899184075
346 -904011843
347 -904011832
348 -9655520
349 -1817679188
350 -1827334701
351 640297894
352 -1187036789
353 93558993
354 93559003
355 187118011
356 -812800773
357 -438564764
358 -970688503
359 -1941377015
360 944337033
361 1888674067
362 -1461956186
363 -1541010602
364 -1541010587
365 -1710966269
366 -1959976346
367 624024684
368 624024702
369 1872074080
370 -550819146
371 1945279644
372 1394460516
373 990052507
374 -1910454255
375 -1875628878
376 1498936689
377 2007820855
378 710726930
379 431401355
380 -1521710340
381 -1167791798
382 2036866533
383 -652635585
384 -652635571
385 731595382
386 731595401
387 1463190799
388 1621110433
389 -1210666055
390 -1210666052
391 -1210666038
392 -547696905
393 1325938313
394 1325938316
395 2104179739
396 -86607819
397 -951457048
398 -951457037
399 -951457034
400 -836799188
401 603796990
402 1207593988
403 23134766
404 46269535
405 1276998293
406 1346402614
407 -394568082
408 -2066134467
409 -2066134463
410 162698372
411 -1903436074
412 -1972607403
413 581622196
414 1000546034
415 1582168242
416 1582168257
417 -1130630791
418 -1260715547
419 -809178073
420 -1618356149
421 1058254994
422 534341743
423 -25759395
424 -860696862
425 706140487
426 706140489
427 1060166477
428 -1822519825
429 -1822519806
430 -1822519801
431 649927692
432 537502045
433 1187429744
434 1724931807
435 -195175991
436 -390351989
437 -1968133709
438 1741305621
439 -226828087
440 -1039184137
441 -1039184121
442 1762942865
443 1199052160
444 656798685
445 1540425459
446 1540425472
447 -1890289947
448 -1890289931
449 514387438
450 -1375902492
451 -347127616
452 -1723030101
453 -526995403
454 -526995401
455 -1053990788
456 -2107981588
457 -2107981573
458 -1501982046
459 1291003199
460 -131974705
461 -131974694
462 -263949396
463 -263949381
464 -791848163
465 -1055797526
466 -1055797512
467 -1055797510
468 1127574758
469 71777265
470 1199352025
471 1271129305
472 -1680931452
473 789549887
474 1650877044
475 2030624804
476 176084447
477 -1328762560
478 877946697
479 877946716
480 -1661127182
481 -783180458
482 -2017176774
483 711429614
484 -2088927615
485 -1544015104
486 -643722574
487 -1287445155
488 -1287445148
489 -1287445135
490 -1287445115
491 -854813242
492 -1709626491
493 -2131807826
494 453532986
495 -1235192390
496 -1182939656
497 -1511066078
498 -1312505652
499 288455918
500 -1024049714
501 -2048099441
