0 0
1 1
2 9
3 10
4 39
5 67
6 135
7 278
8 520
9 1016
10 1967
11 1976
12 5485
13 10459
14 10476
15 26429
16 26445
17 52876
18 79331
19 132220
20 290887
21 581770
22 872675
23 872680
24 2327130
25 4654265
26 4654280
27 11635693
28 11635707
29 27925682
30 27925696
31 83777071
32 111702778
33 223405555
34 474736797
35 893622209
36 1591764569
37 -1111438147
38 1848685445
39 -1072333207
40 776352249
41 -295980948
42 145285412
43 625656717
44 770942134
45 2022255584
46 -1026808380
47 -1757635819
48 8753521
49 17507055
50 1536783691
51 1563044281
52 -1168878746
53 394165547
54 -1952345448
55 -1952345447
56 1178607503
57 794170706
58 20432769
59 814603478
60 -1487152837
61 -1487152820
62 -1487152818
63 -166491174
64 -1653643972
65 -499473484
66 -998946960
67 -998946949
68 143955932
69 -1853937967
70 587091355
71 587091356
72 587091362
73 1761274079
74 -1946601838
75 -1946601819
76 -957746844
77 1792382254
78 -1111966401
79 680415855
80 403084871
81 403084877
82 -2127965831
83 -1753346623
84 1900240450
85 -1577987121
86 -1431093280
87 -695185097
88 -2126278374
89 364663883
90 1838167725
91 -618631847
92 1219535890
93 677457295
94 677457302
95 -500980922
96 1454837736
97 -766659991
98 688177761
99 -78482229
100 1297873287
101 1907568831
102 -479829630
103 1427739209
104 -220097823
105 -1659586694
106 975793910
107 -683792775
108 -1587683379
109 -1587683377
110 -1587683376
111 -1587683374
112 -468082821
113 1771118276
114 834952638
115 2137988100
116 -18991098
117 -37982194
118 2081014809
119 2081014812
120 -132937673
121 -303857539
122 -569732881
123 -873590412
124 -1443323287
125 1104463194
126 -1782183366
127 1300333434
128 622613275
129 622613293
130 1867839845
131 1867839864
132 1867839884
133 1308552304
134 -1055249395
135 1561855212
136 1255870586
137 -1223938583
138 31932006
139 63864012
140 1689583248
141 1817311288
142 -724208743
143 -1512281501
144 1270404301
145 -241877183
146 1028527124
147 786649951
148 786649956
149 786649957
150 -906490292
151 -906490282
152 -239680659
153 -479361313
154 -1625532245
155 1043902804
156 -581629429
157 -1882300829
158 1249407612
159 -170619834
160 -1385142467
161 -306354680
162 -306354668
163 -919064024
164 -1225418685
165 -1225418677
166 618711243
167 1237422498
168 -594703603
169 642718909
170 678730378
171 678730383
172 1405476087
173 2084206484
174 -805284706
175 -931839031
176 347082767
177 347082772
178 -1042958194
179 -1042958188
180 -1042958186
181 -2085916362
182 -572740853
183 593351907
184 20611073
185 20611089
186 634574085
187 675796266
188 1351592524
189 -1612393321
190 -260800784
191 154194689
192 -106606079
193 47588620
194 95177250
195 142765872
196 333120354
197 333120360
198 333120377
199 1142126966
200 1808367706
201 1808367723
202 1808367727
203 1130135874
204 -892568594
205 2045935018
206 1153366440
207 -1095665826
208 1211067051
209 -1872833188
210 -1872833182
211 1818068608
212 -1927597750
213 1650838836
214 1650838849
215 1319315379
216 216496635
217 1535812021
218 2078334432
219 2078334442
220 1397513610
221 1259215206
222 -1776536893
223 741893503
224 -594547423
225 -1629190797
226 -1481844699
227 1331277883
228 -150566810
229 1770095456
230 -1344160763
231 275367887
232 701302589
233 1252038368
234 -2066258434
235 -814220052
236 1414488826
237 -213951275
238 1200537563
239 -1893892172
240 -907305870
241 -1600660477
242 879695066
243 1973341413
244 1252376004
245 -189554793
246 -1258804661
247 -195983435
248 -195983432
249 -1840326305
250 2062674128
251 -169619024
252 1893055112
253 -508857064
254 -508857048
255 -508857044
256 -508857038
257 -2035428189
258 1750682080
259 -284746094
260 -284746091
261 -854238279
262 -1708476555
263 1447506384
264 -1115208447
265 2064550405
266 949341964
267 1898683925
268 -1446941397
269 451742541
270 -377589856
271 1475237193
272 1475237204
273 -1722082736
274 -246845512
275 -246845506
276 734700660
277 734700664
278 -746372422
279 229337904
280 952366815
281 952366825
282 1387699124
283 1387699126
284 -567202220
285 -1134404427
286 -1701606629
287 -627815020
288 831141240
289 203326238
290 1865608713
291 570654553
292 -1452051552
293 -881396981
294 -1762793962
295 769379360
296 769379378
297 769379395
298 -336052796
299 1972085352
300 1636032570
301 -1022902167
302 -1709751538
303 875464227
304 -834287298
305 1603490526
306 -1087986245
307 -1087986237
308 -1087986229
309 -1660468183
310 458526663
311 458526672
312 917053348
313 1375580038
314 1549218540
315 -453115362
316 1096103196
317 -727180877
318 368922325
319 368922329
320 1106766992
321 1117430779
322 -2070769520
323 -2070769513
324 153428277
325 1424287326
326 -493053909
327 -986107804
328 98553900
329 197107808
330 -1183499985
331 -1183499971
332 -1183499953
333 744467405
334 -1622532516
335 1049902276
336 2099804553
337 2099804567
338 -95358168
339 859185945
340 -1431334940
341 -1431334926
342 1432297444
343 1432297461
344 1433259980
345 -1428447329
346 -1428447311
347 1438072662
348 -1418821970
349 -1418821969
350 38501392
351 1505450101
352 1505450119
353 211757687
354 -1033807991
355 -2106117370
356 82732562
357 82732572
358 1532264758
359 -1442195462
360 172801886
361 345603762
362 -923789794
363 -578186018
364 -983570146
365 -2139942189
366 1171454966
367 1764723921
368 -187333441
369 -374666869
370 -1920788700
371 453389879
372 453389888
373 -1388675791
374 -935285892
375 -935285887
376 1942499506
377 71927734
378 71927738
379 143855475
380 1294924569
381 1438780064
382 -1345479448
383 -1345479434
384 186601239
385 1790609666
386 631731485
387 -1686024905
388 -1054293409
389 1554648984
390 1554648987
391 368979659
392 -1870983060
393 553001169
394 -1317981879
395 -712335115
396 1315648082
397 1315648091
398 1153980358
399 1754959538
400 1754959554
401 1754959561
402 2123891723
403 1338843545
404 922727536
405 90495514
406 90495532
407 180991058
408 -1671414105
409 -1309431997
410 1314121202
411 4689220
412 4689235
413 1323499659
414 1328188905
415 -1643278714
416 -1643278712
417 -630179614
418 -630179606
419 -251949346
420 1139380037
421 -2016207238
422 -1128776534
423 1407234627
424 1407234635
425 -330514496
426 -1811012525
427 -455834286
428 2028120490
429 -238726316
430 -238726303
431 -716178927
432 -954905218
433 -1909810444
434 236620103
435 950692818
436 950692823
437 950692825
438 -1206268707
439 1882429877
440 1626854003
441 -1041259288
442 -1826942693
443 1426765331
444 1426765350
445 -14671288
446 -1456107902
447 -1456107892
448 1368080233
449 -132041480
450 -132041479
451 -264082941
452 -396124409
453 443789938
454 -480500368
455 -696917771
456 -696917765
457 -696917748
458 -2090753266
459 -2090753257
460 -1280374736
461 923839318
462 -243074642
463 680764685
464 81154626
465 1442683990
466 -2090363986
467 -2090363978
468 -1976124660
469 -1976124640
470 -1747645969
471 571196705
472 1142393403
473 -34055855
474 -2044236343
475 -2044236327
476 1886028899
477 2092523534
478 -316414856
479 -316414854
480 -632829690
481 826864152
482 -438795240
483 -438795224
484 -438795212
485 -489521513
486 -1367111942
487 1121948172
488 1121948173
489 -51532308
490 335730591
491 -1766872653
492 -360726194
493 -2127598837
494 323967915
495 2130610197
496 326979294
497 653958584
498 1307917159
499 1307917178
500 1307917192
501 609722123
