0 0
1 10
2 16
3 28
4 51
5 99
6 191
7 356
8 370
9 1074
10 1805
11 1817
12 1824
13 1843
14 7300
15 7310
16 14618
17 21947
18 51193
19 95069
20 168214
21 263298
22 577791
23 1155578
24 2164884
25 3898273
26 7796527
27 15015280
28 22811822
29 37827122
30 87349034
31 147987988
32 295975972
33 295975981
34 591951960
35 1419240950
36 -1543834425
37 -1543834414
38 -1668427880
39 1082705021
40 1082705036
41 -2129557219
42 1118557858
43 1154410713
44 1154410715
45 -1914440176
46 1512939113
47 -401501048
48 -803002091
49 -803002076
50 1885961034
51 279956874
52 279956878
53 279956898
54 559913780
55 839870682
56 839870691
57 -1775355231
58 744256827
59 -191227704
60 553029140
61 170573727
62 723602869
63 894176614
64 -2144812639
65 -527033142
66 1623121518
67 -154547630
68 941540760
69 786993145
70 786993152
71 -310866341
72 -2090306563
73 -2090306557
74 -196512156
75 -82157971
76 -82157957
77 -164315909
78 1679516748
79 1515200858
80 -1346723555
81 168477308
82 1852155463
83 2020632773
84 -1600425294
85 -2022604342
86 418235926
87 1090173605
88 1508409542
89 -606210558
90 -1884358765
91 -1884358754
92 -1884358735
93 -1884358733
94 526249840
95 526249858
96 -305609208
97 746890499
98 -390577731
99 -390577712
100 -390577692
101 -1171733134
102 -1952888518
103 -1952888509
104 -782542850
105 1559535939
106 1166183365
107 -1962600556
108 -1972312604
109 -1991736686
110 -1991736667
111 671548089
112 -989270565
113 -1978541128
114 1327155623
115 -1640656066
116 1685203255
117 44547205
118 89094404
119 178188816
120 1997033681
121 1997033683
122 10930512
123 2007964208
124 -279038879
125 1728925346
126 1728925359
127 891808751
128 1783617499
129 -1619541029
130 1055885235
131 2111770463
132 -71426369
133 2040344107
134 841606151
135 -1484443388
136 -1484443382
137 1326080534
138 -158362829
139 -316725676
140 850992045
141 217540694
142 593444237
143 593444247
144 1404429195
145 -1703649607
146 -299220398
147 -2002869988
148 -2007866540
149 -1718639230
150 -1434408454
151 1126930002
152 -307478451
153 -46495365
154 -46495360
155 726460844
156 679965498
157 1359931000
158 -1528609946
159 -168678934
160 -168678930
161 -168678911
162 -674715720
163 1585604861
164 910889145
165 1484420455
166 -1899657679
167 -415237215
168 -415237197
169 -830474397
170 -830474387
171 -96113571
172 -96113560
173 2026554202
174 1930440648
175 -434085997
176 -868171987
177 -868171979
178 -868171964
179 1256365387
180 -479978539
181 -1828129067
182 -1051742214
183 1323310917
184 -780173511
185 543137426
186 34532631
187 -202503451
188 -405006895
189 -572977698
190 -977984587
191 2136494672
192 585532402
193 1744042493
194 -806882313
195 937160181
196 937160185
197 937160190
198 -1483486730
199 390833656
200 781667311
201 626174431
202 315188688
203 315188695
204 1256551827
205 -1781863640
206 -210123111
207 -210123096
208 -210123077
209 1882734373
210 -529498541
211 1143112770
212 1143112778
213 -2008741731
214 -252014719
215 -1117643661
216 -1092174558
217 967505411
218 791898058
219 667228931
220 1459126996
221 1459126997
222 -1376713293
223 -2086197660
224 -2086197645
225 122571994
226 -1963625635
227 -1841053625
228 490288053
229 -983049544
230 -983049527
231 -1475811002
232 -497708334
233 -1973519329
234 -1618170432
235 703277536
236 1406555079
237 2109832625
238 -75302053
239 -1768774524
240 -1768774509
241 -96463371
242 -96463363
243 -96463360
244 468028172
245 -1590136423
246 -1122108247
247 2050750806
248 -193465673
249 -854959531
250 1002325615
251 882542974
252 1029909067
253 1912452048
254 532262418
255 532262421
256 1064524855
257 776443531
258 1840968389
259 451494336
260 -161536170
261 -323072351
262 -1710669542
263 -2033741880
264 -2033741875
265 -1967794511
266 -1967794504
267 586861829
268 1173723659
269 -207209009
270 -414418023
271 -414418008
272 137678639
273 -691157386
274 -691157369
275 -1382314744
276 1253598435
277 -1373352424
278 1410583809
279 37231402
280 1447815228
281 -1399336850
282 48478396
283 48478412
284 48478427
285 145435245
286 145435256
287 339348933
288 339348946
289 678697886
290 1502831038
291 -1434740477
292 1425486331
293 -9254134
294 1484322777
295 -1394412317
296 1506142676
297 1596053153
298 -1112115128
299 -1112115127
300 2070737058
301 -1346264659
302 -1346264644
303 -1733907367
304 827152562
305 827152565
306 1522835765
307 -1944978955
308 -1944978939
309 -1539969544
310 -1539969527
311 -1539969522
312 -324941290
313 -649882570
314 -649882565
315 -649882550
316 480408801
317 480408812
318 480408820
319 960817638
320 1441226464
321 -1892923193
322 509120914
323 1018241836
324 1527362770
325 -1691938500
326 -1691938490
327 -1856514211
328 -945423887
329 -198909280
330 -2089757055
331 2006300975
332 -282365354
333 -365821425
334 -648186764
335 -1296373541
336 1702220215
337 -890526859
338 -1498688368
339 -686994994
340 -1373989989
341 1546987321
342 -2012686015
343 269595252
344 -196103440
345 -1939194190
346 -2135297620
347 293967300
348 514442791
349 832782155
350 1861667751
351 1367562384
352 281487786
353 562975575
354 -221273791
355 -442547585
356 -100845793
357 -543393374
358 -745084960
359 -1288478317
360 1617164869
361 -959791773
362 -1376190177
363 -718817062
364 1240168296
365 -1814630702
366 -1293279455
367 1187057149
368 -106222292
369 1080834872
370 -946240410
371 134594479
372 134594482
373 269188963
374 672972406
375 672972411
376 672972425
377 672972444
378 672972458
379 1345944915
380 -930105037
381 -930105031
382 -930105018
383 -930105015
384 1504652251
385 -355557777
386 -1641220580
387 -492126103
388 -1914357216
389 247263406
390 -1667093790
391 -1419830376
392 -459050663
393 748992479
394 289941821
395 289941825
396 1328876139
397 1908759790
398 271544776
399 -495844764
400 1684459807
401 1684459816
402 -1150347656
403 534112175
404 1068224337
405 2136448674
406 -556182098
407 -1646476379
408 -1646476361
409 445832473
410 -1200643887
411 1893679525
412 2140882677
413 1633274447
414 1633274464
415 1633274467
416 -1028418358
417 604856113
418 -423562226
419 786150015
420 -60974443
421 -121948896
422 603226679
423 420303343
424 420303361
425 420303369
426 1864136769
427 -1169920438
428 1114519709
429 -55400723
430 1753335334
431 1697934617
432 -843697344
433 -628275695
434 -628275676
435 1351021249
436 1351021254
437 2073766846
438 -775709308
439 1298057545
440 522348252
441 174517313
442 1219213808
443 -1080830360
444 138383467
445 276766919
446 276766927
447 -388913036
448 303004296
449 -85908731
450 104949466
451 104949473
452 38081478
453 247980432
454 247980445
455 743941300
456 1277983658
457 -2025061887
458 492823960
459 -1532237911
460 -1532237894
461 976237235
462 -1595414594
463 2143552049
464 -7863187
465 -15726381
466 2119962492
467 2104236114
468 -86495066
469 -172990123
470 1844750940
471 1844750941
472 -778455525
473 -1556911049
474 1181145190
475 1181145209
476 805379359
477 -1127297529
478 859227040
479 859227055
480 1396535945
481 -1501895415
482 485797115
483 1239664706
484 -1815637881
485 -195535517
486 -1787606975
487 -1983142472
488 524217850
489 852900187
490 1377118038
491 771093618
492 771093619
493 -1375662012
494 -1375662003
495 1543643290
496 1543643309
497 335962593
498 2047587199
499 1175869108
500 808094926
501 -263416049
