0 0
1 4
2 8
3 15
4 30
5 61
6 119
7 228
8 233
9 647
10 1116
11 2000
12 2001
13 5128
14 9149
15 16298
16 32593
17 58044
18 106950
19 213904
20 427798
21 427816
22 427825
23 1604305
24 2459955
25 2459968
26 4919942
27 4919950
28 16364129
29 31123959
30 31123964
31 31123977
32 109736031
33 219472072
34 360332098
35 579804178
36 940136280
37 1519940471
38 -1255086353
39 1204990411
40 -1305182293
41 1104798530
42 1004606666
43 2009213325
44 -1281147288
45 1732672712
46 275176667
47 -1559051878
48 -832349771
49 1903565649
50 -487835992
51 -487835989
52 95543907
53 95543918
54 -296748161
55 -296748153
56 -890244472
57 -1388196852
58 -1388196836
59 -1388196818
60 130376799
61 -629490874
62 -1887310889
63 520345526
64 -1866079427
65 562808443
66 562808452
67 -2107427880
68 1967422423
69 -140005443
70 282797568
71 2786674
72 2113001232
73 2115787921
74 -63391451
75 -63391450
76 -63391430
77 -126782864
78 -253565743
79 -507131468
80 -950871494
81 -1901742998
82 554872747
83 1490094084
84 143223843
85 1633317932
86 -1028331431
87 -1501790114
88 -896803595
89 -896803580
90 1604556514
91 1604556529
92 1604556541
93 518702292
94 2123258850
95 -1134303859
96 -1182753465
97 -1182753459
98 1929460390
99 746706932
100 746706945
101 1493413893
102 -1308139506
103 1678688282
104 -937590745
105 1673078885
106 735488148
107 1841525065
108 -1717954071
109 859059149
110 -858894903
111 -858894900
112 -858730645
113 -1717461282
114 860044725
115 -1716147183
116 1721403558
117 -852160166
118 -852160155
119 17083245
120 17083263
121 34166519
122 68333045
123 -715494068
124 -715494049
125 -1328488545
126 1637990213
127 -1121486441
128 2051994417
129 930507991
130 930507996
131 134546886
132 1065054887
133 1065054894
134 -2030310611
135 -965255713
136 -865456536
137 433944442
138 433944457
139 2432364
140 4864741
141 4864748
142 12161867
143 12161880
144 29188514
145 63241763
146 121618783
147 226210946
148 347829743
149 758901242
150 1517802494
151 -2018263552
152 832480879
153 -1185782666
154 -853762833
155 -1707525664
156 -1707525655
157 -1707525643
158 879916005
159 1759832014
160 -775303260
161 1864444761
162 2021363878
163 -409158648
164 166211469
165 166211471
166 1944628175
167 1944628185
168 -405710924
169 -811421843
170 -1456632225
171 -1456632219
172 1381702869
173 -1531561556
174 -149858677
175 -149858675
176 -149858663
177 -1981137569
178 1864253722
179 -566459861
180 -566459852
181 -1132919711
182 -1132919698
183 -1534505382
184 -1534505365
185 93036855
186 -1441468498
187 -122475079
188 -122475071
189 -122475054
190 -244950113
191 -612375308
192 -1224750611
193 -1837125902
194 -1837125891
195 -604035093
196 -604035078
197 -1812105261
198 1274791878
199 -1745383541
200 2012270378
201 1541678727
202 -741018189
203 1067547382
204 326529211
205 1394076602
206 -1506814085
207 540320926
208 1821660045
209 -1719194578
210 102465474
211 204930943
212 950182814
213 -461615341
214 -923230681
215 -1384846015
216 1525275264
217 -782801422
218 -642372156
219 -1425173560
220 -1325071873
221 119548299
222 119548306
223 239096619
224 358644942
225 -488233706
226 109507865
227 219015727
228 198934846
229 527458457
230 566683205
231 1094141678
232 -2106683954
233 -1012542264
234 -1458401330
235 811481432
236 -646919890
237 -1293839774
238 -1293839766
239 -1293839759
240 413447999
241 -880391754
242 -466943738
243 773400292
244 -1454326958
245 -1614814140
246 -1614814126
247 1065339037
248 676351120
249 -1487938093
250 1319091098
251 -41970947
252 -41970940
253 423562254
254 339620383
255 763182638
256 763182642
257 -2047390310
258 -181404636
259 -702429660
260 -1404859314
261 2006273702
262 1965157082
263 1965157083
264 1641620574
265 1641620579
266 -1011726136
267 -2023452264
268 248062770
269 -1145495042
270 -1145495028
271 -2042927288
272 -38950055
273 -2081877335
274 -2120827373
275 -2120827357
276 -2028564757
277 -1975252182
278 291150364
279 -1538526635
280 -1538526634
281 -1538526627
282 1217914043
283 -1859139216
284 576688870
285 576688873
286 1153377749
287 1665530323
288 2113146613
289 1790465138
290 1274174784
291 -1746617730
292 -863798473
293 -1336241401
294 348309694
295 -1851730163
296 -1503420458
297 1288126383
298 1288126401
299 1072832342
300 1072832352
301 -861176193
302 -861176192
303 -1722352373
304 1923094909
305 1923094921
306 401485083
307 -47292370
308 -2017679660
309 -1663486940
310 967993422
311 1581794121
312 -1745179742
313 -1745179724
314 1690908443
315 750336529
316 532679643
317 -1321042663
318 -38026489
319 -1359069140
320 -1397095617
321 712413038
322 -2043751713
323 -2043751697
324 -2043751689
325 -1123874757
326 -916410834
327 -916410831
328 1338270885
329 1338270905
330 -280154617
331 -1898580120
332 -418603772
333 -1259067597
334 1776832101
335 1776832114
336 -2000370668
337 1553293554
338 -447077100
339 -447077088
340 435600819
341 1094740195
342 636186840
343 1730927041
344 -1927853398
345 1969601499
346 1772675151
347 -749616991
348 -1499233981
349 -1499233975
350 1296499360
351 1296499375
352 1296499384
353 891030181
354 -2107437719
355 -2107437700
356 -2027345841
357 160183774
358 -1787070184
359 -1626886402
360 881010712
361 1922205198
362 -610740659
363 1311464551
364 1311464562
365 1311464574
366 -1672038140
367 -2032611735
368 -2032611734
369 1180634835
370 1049805115
371 197828235
372 395656463
373 593484703
374 989141169
375 -2118856706
376 57253874
377 57253881
378 -1015207779
379 1275410586
380 1275410606
381 1275410617
382 -1426689366
383 1384334669
384 1384334683
385 -1526297939
386 1091092668
387 949129420
388 513924159
389 1463053598
390 1463053615
391 94193500
392 188387001
393 188387006
394 188387011
395 565161038
396 753548059
397 753548071
398 1507096146
399 -1280775015
400 1733417265
401 452642259
402 452642276
403 452642287
404 452642300
405 905284596
406 -1579113563
407 -673828966
408 -673828947
409 -2021486868
410 -2021486867
411 251993565
412 503987130
413 -1265506168
414 -761519026
415 -1271044481
416 1500884766
417 229840286
418 229840287
419 1960565351
420 -1644881085
421 -1644881077
422 -1329196794
423 1866413980
424 1866413984
425 1866413993
426 1866414000
427 1304274688
428 -1686417910
429 -944282523
430 -1326425739
431 -786437465
432 855678354
433 69240896
434 924919251
435 1849838508
436 -1520209532
437 1323789137
438 -1647389028
439 -1843809414
440 -1837780318
441 -1837780312
442 1423175522
443 -414604776
444 1008570753
445 2017141517
446 -260684270
447 -260684265
448 2089738974
449 299115426
450 299115438
451 -1867681716
452 -1568566264
453 -748278134
454 409556635
455 -1907287752
456 -1497731107
457 -1017339325
458 -1017339315
459 -735173548
460 1525115116
461 1525115136
462 1297717398
463 -1472134754
464 1350697785
465 -1593571713
466 -242873925
467 -242873912
468 -242873911
469 -485747820
470 -485747810
471 -1457243438
472 -1942991245
473 -319636927
474 89347880
475 664443577
476 434154548
477 868309086
478 868309092
479 -1370403110
480 366215075
481 -1004188021
482 -1140066963
483 1146524285
484 -2001918724
485 -1995461392
486 1444111471
487 1741698653
488 -1109157164
489 -1920727138
490 -1920727119
491 -655644105
492 430410426
493 -880877801
494 -1106111474
495 -1106111463
496 1201866573
497 95755119
498 1297621702
499 1393376823
500 1393376843
501 -114836796
