0 0
1 4
2 10
3 15
4 49
5 92
6 183
7 195
8 529
9 1016
10 1025
11 2954
12 5732
13 5745
14 14442
15 14461
16 43349
17 72271
18 144527
19 274613
20 534761
21 1026179
22 1026196
23 2052381
24 3078595
25 5130996
26 11288170
27 16419184
28 35916948
29 52336149
30 104672295
31 209344595
32 418689190
33 628033797
34 1360739884
35 1988773692
36 101269269
37 -844184432
38 -742915156
39 502943387
40 -1084156194
41 -581212794
42 -1665368973
43 2048385531
44 2048385550
45 1850189321
46 -13375863
47 -26751726
48 1611865518
49 -873040029
50 -1746080064
51 -1034006288
52 -2068012579
53 185693866
54 185693882
55 371387760
56 371387768
57 928469412
58 2042632707
59 -952477408
60 -952477399
61 1066147331
62 113669943
63 1317495179
64 1317495193
65 -1659976904
66 -2140136542
67 -1165123060
68 -670269204
69 319438494
70 319438504
71 319438517
72 958315525
73 958315538
74 -1739459201
75 -781143644
76 -1562287287
77 -1562287270
78 -1350210087
79 1594547106
80 633586116
81 877923146
82 1511509276
83 -1905534871
84 -1582936509
85 -1099038946
86 1218966253
87 119927319
88 -1343081866
89 -1343081850
90 1608803589
91 1608803598
92 1874525342
93 -545916612
94 1328608748
95 -1637749814
96 -1666696025
97 990521469
98 -985315612
99 -1970631231
100 -1965425373
101 358910708
102 717821402
103 450327200
104 450327212
105 450327217
106 2068803050
107 -1325509815
108 1193620468
109 1193620482
110 -1164433110
111 -1164433103
112 -1267135072
113 1892586501
114 1892586503
115 1353604848
116 1353604868
117 930280368
118 -657477205
119 577632092
120 577632104
121 497787001
122 1653051208
123 -988864876
124 -1977729763
125 -238124320
126 -1551667750
127 527445472
128 -1262346588
129 2008398441
130 -516294741
131 1492103717
132 1721860847
133 411100972
134 -1186196499
135 -1186196487
136 -1186196474
137 1922574347
138 736377884
139 1472755776
140 1472755794
141 123300042
142 1432796556
143 1432796564
144 1639437444
145 210063281
146 420126560
147 -2025340007
148 -1605213434
149 1294603700
150 -1915823170
151 2068534401
152 152711241
153 1600026175
154 -1094914939
155 -1568610399
156 1631441963
157 567942814
158 630774391
159 1261548777
160 1261548794
161 -1141095324
162 2012776657
163 -269414000
164 -269413997
165 1473948672
166 1204534682
167 -1885897923
168 523171454
169 -158191780
170 -316383563
171 -316383545
172 -790958885
173 -1581917769
174 1131131763
175 -1558128420
176 1178710453
177 -830203971
178 348506494
179 -481697474
180 215315514
181 430631024
182 164249069
183 810195617
184 810195624
185 1620391245
186 -1864380421
187 1540651146
188 -1377914083
189 -1701643339
190 1215409875
191 -486233448
192 -486233437
193 -486233420
194 -1458700294
195 -1944933707
196 -81133561
197 -2026067265
198 -2026067249
199 161699231
200 -1621535241
201 809064038
202 -650771954
203 967356139
204 -495887012
205 629761231
206 133874220
207 763635468
208 1527270936
209 -1870186669
210 554593969
211 211678252
212 -1103914438
213 -680557931
214 1406580497
215 -166213616
216 1240366891
217 -1814233516
218 666500262
219 92633652
220 185267293
221 185267296
222 1129668517
223 -2035630274
224 -720694457
225 -1626656211
226 1041654890
227 1041654892
228 1041654899
229 -1170002613
230 -1170002602
231 -1298350307
232 1698266691
233 -898433913
234 -1668520118
235 1728013284
236 59493186
237 1787506486
238 1008058928
239 -1439908677
240 -1439908658
241 -24758720
242 -109010624
243 1281380627
244 1281380634
245 -1865975361
246 -584594710
247 -584594702
248 -472403500
249 2068779661
250 -1438788593
251 -1438788582
252 -1865795706
253 -1865795691
254 -1865795671
255 -1302419755
256 -1302419743
257 -1302419734
258 1690127827
259 -914711631
260 1163124263
261 636120734
262 -1720306102
263 -1084185362
264 -1084185349
265 -2089431815
266 37164782
267 -2052267014
268 -2052267005
269 190433292
270 380866582
271 798897937
272 1560631091
273 1560631097
274 196492715
275 202552131
276 24237685
277 1983913636
278 -1887771121
279 519425048
280 615567571
281 1255372830
282 502594344
283 1005188677
284 -916243872
285 1846911993
286 1846912011
287 -1517387158
288 -2118530436
289 57906429
290 -1731099141
291 -1673192699
292 -1169948538
293 -279273075
294 -500639727
295 671913277
296 1343826545
297 2015739825
298 -1043400436
299 -1807527792
300 -1807527772
301 -363488690
302 2123950837
303 1396973445
304 -457619965
305 -1595151663
306 -655798163
307 2044017473
308 1388219322
309 -862730487
310 525488847
311 -1199972140
312 -148994447
313 -297988890
314 -446983335
315 -2093938807
316 -2093938795
317 107089707
318 -530792819
319 -763596752
320 -1080210152
321 1920367585
322 76560697
323 153121383
324 1069839532
325 -1075078094
326 2144811108
327 -2002273359
328 290420582
329 290420594
330 -351699157
331 -351699143
332 -412977688
333 -1116375987
334 -1116375977
335 1649237657
336 532861681
337 532861682
338 482209060
339 -1097797198
340 2099372891
341 2016646451
342 -1276745136
343 -2071281210
344 -2071281197
345 -2071281180
346 -1918876274
347 457214749
348 -1309256605
349 -1309256598
350 2133668846
351 824412261
352 339567906
353 1163980175
354 166661898
355 1330642092
356 1330642107
357 -1633683095
358 1194263007
359 1194263025
360 754842948
361 1949105993
362 -396755325
363 -793510641
364 1513682990
365 1513683009
366 -2061111936
367 172743436
368 -374685490
369 -201942035
370 -576627519
371 1253343770
372 1253343778
373 -1788279747
374 718407806
375 -1069871925
376 -1069871912
377 -2139743825
378 1085351563
379 1819239008
380 -1374897086
381 -610050339
382 -610050335
383 -775758745
384 -1385809064
385 2133399496
386 2133399506
387 1495180877
388 1495180886
389 1495180901
390 1495180908
391 -1304605486
392 381150794
393 -923454676
394 -351728442
395 -703456882
396 -1055185318
397 1261141991
398 205956683
399 411913365
400 411913366
401 411913383
402 1235740121
403 2059566874
404 2059566884
405 1883733334
406 -1351327361
407 -1702994422
408 -1170588429
409 1421384451
410 -919792423
411 -668996383
412 -1337992780
413 -1505397120
414 -1505397119
415 -1505397116
416 -221224055
417 -1726621154
418 2125898046
419 178052841
420 356105692
421 356105696
422 890264249
423 1246369959
424 -1446121680
425 1046618236
426 -399503432
427 -399503421
428 47859682
429 47859697
430 343330778
431 39546753
432 39546768
433 79093532
434 118640314
435 620158149
436 620158167
437 1358956644
438 -1695694319
439 1022218965
440 1305639462
441 1305639478
442 -1683688352
443 254115242
444 1181705843
445 -1931555610
446 -1931555604
447 431856094
448 -1499699506
449 -635987326
450 -2135686813
451 23593661
452 1546886828
453 -565206304
454 -1130412609
455 2034142068
456 903729478
457 903729490
458 1807458987
459 1354092744
460 1354092752
461 -1586781784
462 1121403721
463 888714704
464 1777429404
465 -2094201234
466 -2094201225
467 106564855
468 -1987636369
469 319694567
470 319694574
471 959083708
472 -389163518
473 889614765
474 1779229530
475 -1056202807
476 1612641501
477 -1069684301
478 -2139368596
479 -2139368593
480 -497015487
481 1658583228
482 1177797852
483 199997018
484 -1258589186
485 1777788920
486 -739389450
487 1157605159
488 1137412466
489 1555628194
490 1555628209
491 1111306739
492 -1628032345
493 -516725589
494 -516725570
495 -516725551
496 1116758247
497 83307140
498 -350111315
499 -183497048
500 666457027
501 216155822
