0 0
1 11
2 26
3 44
4 72
5 86
6 222
7 381
8 770
9 1539
10 2320
11 3866
12 8511
13 12390
14 24770
15 49545
16 86710
17 173419
18 309682
19 644134
20 953826
21 2081079
22 3034917
23 5116012
24 8150932
25 8150943
26 21417907
27 37719791
28 59137701
29 59137717
30 185564061
31 185564078
32 185564081
33 615829952
34 801394042
35 1602788086
36 -1274955211
37 -1274955210
38 -1274955206
39 1745056891
40 -804853511
41 1410305051
42 1410305056
43 -534153802
44 876151270
45 -1937213221
46 -1061061940
47 1638689609
48 -1017588080
49 -1017588065
50 -1457548467
51 -1457548450
52 -1457548430
53 -1095266105
54 284604315
55 569208634
56 1138417266
57 896964119
58 1793928237
59 103550973
60 -1500523965
61 -1862630646
62 931812688
63 -930817953
64 1036358404
65 105540456
66 1141898879
67 -2011169537
68 -2011169530
69 1414527111
70 -1360372609
71 54154519
72 54154533
73 108309072
74 162463608
75 379081743
76 758163489
77 1462172450
78 1462172454
79 -1370622375
80 91550080
81 183100160
82 -1095972118
83 2103023057
84 1007050952
85 2014101901
86 829208626
87 829208635
88 384602828
89 769205652
90 769205660
91 769205674
92 769205677
93 1538411366
94 1538411374
95 -448938876
96 1089472507
97 -577610918
98 62922714
99 -514688201
100 60096120
101 60096128
102 120192260
103 -274303692
104 -154111421
105 -188030588
106 -342142003
107 -838395443
108 -1796983141
109 1129416139
110 -667566997
111 2121437867
112 2121437871
113 -1387225546
114 -977467945
115 1930273814
116 -486511216
117 -920930880
118 -920930868
119 -1841861728
120 -1841861719
121 -309687004
122 -309686984
123 -619373984
124 -627504104
125 586853518
126 -1279398553
127 -1939423118
128 416121060
129 2079120207
130 -136726866
131 1942393351
132 -410180600
133 -404240124
134 1127972647
135 2119218414
136 -1862196948
137 1384994121
138 -1524979058
139 117036549
140 117036565
141 -1290905938
142 -1173869362
143 539286054
144 -1808452664
145 678061963
146 1239087367
147 -525886624
148 -525886620
149 -525886613
150 -525886601
151 -1051773203
152 1139647645
153 -963898758
154 175748904
155 -788149846
156 -436652043
157 -2012951732
158 1845363531
159 -604240227
160 1241123312
161 636883093
162 1106177991
163 -1310782889
164 432278203
165 227673325
166 -650831352
167 9120196
168 18240377
169 36480764
170 63841352
171 63841360
172 63841361
173 63841362
174 127682739
175 255365463
176 255365472
177 766096408
178 1276827349
179 1276827360
180 1276827363
181 301611203
182 301611204
183 603222423
184 1206444850
185 -1882077611
186 -675632748
187 1737256957
188 1737256964
189 916803570
190 1833607144
191 1254324593
192 -1207035555
193 1880896186
194 1880896195
195 -485885860
196 2068870972
197 1049810203
198 -1176286120
199 -1176286101
200 766108963
201 -1586463249
202 -1996640370
203 -1996640365
204 -1996640358
205 1013550269
206 2027100528
207 1044010459
208 -1223856303
209 864164609
210 -359691683
211 -719383364
212 -719383360
213 -719383349
214 -719383348
215 -719383330
216 2136817275
217 698050611
218 1396101218
219 -783381508
220 -1566763021
221 1880824586
222 314061570
223 314061590
224 158803232
225 -1627216308
226 -1154351474
227 -1154351458
228 359048070
229 -1949654858
230 -1231558718
231 -1231558702
232 -1231558691
233 -990315592
234 -990315584
235 1082777436
236 -897853736
237 -1795707460
238 1693867959
239 -999693236
240 -999693218
241 -1999386450
242 296194412
243 592388809
244 -2110496428
245 1073667642
246 -1036828776
247 -1185074336
248 1628624220
249 443549899
250 2072174138
251 -1335693374
252 1623580548
253 -1491356067
254 1312255147
255 1444479635
256 1265378735
257 -1585108922
258 945648531
259 -639460371
260 306188172
261 -333272179
262 -27083997
263 -693628358
264 -1053984527
265 -1747612874
266 772657555
267 1572399099
268 -1150169086
269 1194887581
270 -1905192146
271 -710304546
272 1679470624
273 969166091
274 -1646330568
275 1002306160
276 325141696
277 -1965213292
278 -1965213289
279 45658012
280 -1919555263
281 -1184214833
282 1601395935
283 -1456716132
284 -1456716118
285 -120839103
286 -120839086
287 -1698394304
288 -1819233376
289 535661447
290 1071322892
291 1606984352
292 -303658980
293 -1384657569
294 1525652145
295 -1779324436
296 -1941988835
297 714648619
298 1429297230
299 -1577367403
300 -1375410373
301 -1375410368
302 1396076401
303 20666046
304 41332087
305 1458074551
306 1458074565
307 -1316820032
308 1661327237
309 1802581772
310 1802581791
311 -689803723
312 281719782
313 281719788
314 1676217643
315 1957937441
316 1957937451
317 1578845036
318 -1418997007
319 159848030
320 319696066
321 319696070
322 639392153
323 1438632338
324 -1897246732
325 -1897246729
326 -1396772884
327 1000947702
328 104648671
329 104648676
330 209297352
331 418594704
332 837189414
333 1674378832
334 1674378848
335 518871871
336 409851683
337 819703369
338 802217318
339 1621920697
340 -122402348
341 -1173528257
342 325990112
343 325990124
344 325990139
345 -195557878
346 456422387
347 586854660
348 1043277059
349 1630131733
350 1630131753
351 -1034703791
352 -1026130536
353 -430702567
354 1803430418
355 1803430437
356 -1118808992
357 -1806915420
358 1369242889
359 1369242897
360 -1556481493
361 -187238581
362 -187238568
363 -1930958623
364 1802292932
365 -503142839
366 -503142828
367 -503142813
368 -503142803
369 -2012571268
370 1779253237
371 -1239603641
372 -1472921671
373 845981156
374 -1866544146
375 561879009
376 561879016
377 -742786108
378 -180907076
379 -923693169
380 -1847386348
381 1162073616
382 1762268222
383 -1370625455
384 -1217363126
385 -1511033078
386 1566571096
387 55538033
388 1622109147
389 1622109153
390 571360147
391 -479388831
392 91971329
393 1806051802
394 1418634308
395 -886338538
396 -1864648380
397 473699194
398 947398399
399 -443550778
400 -1773440087
401 2077976448
402 2077976450
403 1938962040
404 26507558
405 -251521243
406 -225013682
407 1488934689
408 1012399780
409 2051307108
410 32660600
411 32660619
412 -1165939186
413 -1165939178
414 -215250020
415 1813160147
416 1597910130
417 2029881081
418 -235205121
419 910778946
420 675573844
421 675573847
422 -2033040648
423 -2033040631
424 1580033724
425 -453006900
426 1355912853
427 902905957
428 -2036148474
429 -2036148456
430 1125576342
431 -2043814623
432 -695567903
433 -1613806170
434 -58221385
435 1927371851
436 255344311
437 255344314
438 -1856906816
439 581153661
440 581153673
441 -694599465
442 -694599454
443 -694599445
444 -1389198880
445 -2083798308
446 -2083798293
447 -1261828171
448 1771310948
449 -1574315509
450 -1574315498
451 -1377320055
452 1343331757
453 -1608303790
454 -264972024
455 813387699
456 -1059888106
457 -2119776218
458 -2119776215
459 -1004473233
460 -1195558765
461 -1195558748
462 899376568
463 -321023088
464 -1812764022
465 -2133787097
466 -2133787092
467 -1785370914
468 403202380
469 403202396
470 1182214072
471 1988618856
472 -720931966
473 -720931954
474 2132171417
475 2132171421
476 -1472488376
477 659683047
478 -1564361727
479 -904678671
480 1013121577
481 -1455918811
482 -442797215
483 -1898716014
484 497535271
485 -1401180730
486 -1401180712
487 1492605861
488 91425153
489 -720795148
490 -720795133
491 -1441590272
492 1503211901
493 1503211905
494 1564833550
495 1564833556
496 -1165300186
497 -827388467
498 -827388460
499 -1654776926
500 1812801919
501 -1496751930
