0 0
1 14
2 26
3 44
4 90
5 108
6 276
7 536
8 553
9 556
10 1120
11 2772
12 4457
13 8909
14 13369
15 30640
16 52934
17 96957
18 202821
19 299784
20 299792
21 802415
22 1102226
23 1904647
24 3809291
25 6816166
26 13632340
27 24257801
28 44706318
29 44706324
30 44706340
31 44706344
32 178825327
33 223531682
34 223531693
35 223531708
36 849420429
37 1698840842
38 1698840853
39 175666552
40 1874507421
41 2050173986
42 1504221517
43 1133935634
44 -1851429470
45 -1458065610
46 -671337926
47 314134295
48 -1815269226
49 664428845
50 664428862
51 -486411515
52 -658688719
53 -1145100232
54 -1145100221
55 1346078141
56 -944122309
57 -743144386
58 -1687266689
59 920433926
60 -1509977143
61 1275013013
62 -1001796888
63 -1236761014
64 1821445277
65 584684278
66 1442584676
67 -1683014067
68 -1683014052
69 -1683014037
70 928939222
71 1857878436
72 1857878442
73 349728811
74 699457624
75 469976020
76 939952047
77 22025658
78 2131411353
79 -731602212
80 -1463204422
81 -63395263
82 -1526599679
83 510165723
84 1751933670
85 672104468
86 672104479
87 -688658942
88 -16554457
89 -16554454
90 -33108895
91 -66217804
92 -99326696
93 -215207842
94 -413861231
95 -629069063
96 -1423682632
97 -1423682613
98 1447602052
99 -2028832254
100 237302799
101 237302801
102 -106624591
103 130678211
104 261356435
105 522712873
106 914747531
107 1829495060
108 -635977171
109 -1663988999
110 1995001128
111 -1855689743
112 139311389
113 -1716378334
114 862210624
115 862210636
116 1724421265
117 1724421266
118 878296499
119 1756593014
120 1756593018
121 96515249
122 1917451768
123 2110482263
124 -170518009
125 1415556994
126 1415556998
127 1415557007
128 -218814297
129 1196742720
130 977928437
131 -923553427
132 1032303447
133 108750029
134 -1902796089
135 -1794046052
136 598125156
137 598125166
138 1196250335
139 1196250337
140 -706216299
141 490034040
142 -2118648871
143 -1138580788
144 -1138580769
145 2017805752
146 2017805762
147 -1397936532
148 619869231
149 -778067289
150 461671173
151 -316396104
152 -632792204
153 -645715176
154 -1133232294
155 -1778947463
156 1382787557
157 -396159899
158 -792319786
159 1577095414
160 784775645
161 -1738788356
162 -954012705
163 -1123249776
164 478916460
165 -1598346017
166 -640513088
167 1411774887
168 -1471417532
169 -700155718
170 1296309846
171 -104001601
172 1192308262
173 1088306673
174 -822044109
175 266262571
176 -555781534
177 -1111563058
178 -1401082011
179 670759162
180 -1841885895
181 -1171126719
182 -559931222
183 -559931221
184 832851416
185 -287011007
186 -287010999
187 258829417
188 -315192569
189 -315192556
190 -371555694
191 -1030122400
192 -1716870631
193 861226031
194 861226047
195 861226054
196 866807508
197 866807510
198 -838900168
199 894714868
200 894714879
201 -1610822691
202 -716107804
203 1968036805
204 1430536071
205 1071642398
206 -1792788824
207 -721146408
208 -1442292822
209 1410381643
210 -31911166
211 1378470479
212 1314648139
213 1314648151
214 -319111675
215 -638223352
216 -957335014
217 -600021876
218 -600021860
219 1180253525
220 -1615348561
221 -1615348559
222 1644501859
223 1644501865
224 -1005963563
225 667691620
226 667691634
227 329419703
228 -1991626033
229 -326823064
230 -1321337756
231 -1321337742
232 -666157293
233 986134517
234 1972269036
235 970908535
236 -1031812500
237 -1397467702
238 -1458371648
239 1439127950
240 1439127956
241 1439127959
242 22416571
243 -1394294797
244 -1371878209
245 -1304628462
246 224165845
247 470748261
248 -1981592552
249 331782180
250 -954896261
251 -623114075
252 1537894867
253 1537894882
254 -1219177537
255 278601884
256 597319237
257 -343256400
258 -343256391
259 -1029769201
260 -1118962735
261 2146235366
262 -689009354
263 -689009338
264 -350746054
265 -1728764726
266 1526447191
267 -1931082273
268 -2133399805
269 -2133399790
270 28167716
271 56335427
272 -2048896628
273 -1992561191
274 -1795387159
275 -1795387144
276 704192997
277 -1091194139
278 2112579027
279 -1865196407
280 -843811511
281 -983430019
282 -983430013
283 -983430009
284 -983430001
285 -482564242
286 -482564235
287 -482564220
288 -965128452
289 898716152
290 -1514104985
291 -1580517283
292 2099061194
293 518543926
294 421699023
295 1458786863
296 -1377393570
297 1021636261
298 1103029570
299 747272266
300 -1423029195
301 -1423029180
302 -1423029167
303 25879769
304 -1397149387
305 -1397149377
306 -1397149360
307 -1397149351
308 1500668602
309 1604187823
310 1604187833
311 -1086591637
312 517596205
313 -568995417
314 -51399208
315 -1189390038
316 -1809784647
317 1192994198
318 -616790444
319 1871996374
320 -550974541
321 87440947
322 1984666538
323 -901837966
324 1082828578
325 1082828582
326 1082828590
327 1082828593
328 -1046481513
329 -2092963026
330 -973787340
331 181735420
332 1446299441
333 -1438715494
334 1417536316
335 1606855688
336 -1081255920
337 -1081255919
338 2132455476
339 2132455486
340 -1111312236
341 1021143264
342 -120225295
343 1922061231
344 1711666981
345 -871633339
346 840033660
347 -31599659
348 1648467657
349 -998031981
350 650435691
351 2109305384
352 -916390185
353 -916390181
354 -71071259
355 -1903851622
356 1403654243
357 -500197374
358 -500197356
359 -1000394724
360 -2000789447
361 1293783126
362 1293783131
363 -913815255
364 -327038432
365 -327038418
366 -327038417
367 -1894930517
368 505106267
369 -2043901078
370 -2043901064
371 -1509697505
372 -1509697497
373 -768328764
374 714408697
375 714408708
376 714408712
377 2143226122
378 -8515052
379 -8515041
380 2126196044
381 2109165953
382 -59605293
383 -119210580
384 -238421158
385 -476842310
386 -715263454
387 -1549737482
388 1553124061
389 -1188719184
390 1917528943
391 16932886
392 749129243
393 749129247
394 749129254
395 1498258509
396 -549321029
397 -549321024
398 1897874958
399 1348553940
400 -1597859404
401 -1597859402
402 -1847164864
403 -747916366
404 -747916357
405 951969723
406 -543862989
407 1360076463
408 1020266845
409 1836480324
410 -622006648
411 -2060226768
412 -845753085
413 -845753072
414 -845753062
415 -1691506128
416 66201956
417 -1625304156
418 -1559102192
419 1110560963
420 -448541209
421 662019771
422 1324039544
423 1324039547
424 1324039553
425 339171121
426 339171122
427 2002381807
428 1033835871
429 -580407359
430 -1160814733
431 1294995587
432 -1704976111
433 -1704976099
434 1019195958
435 1019195963
436 -76564701
437 -1448124977
438 -1448124967
439 -1448124965
440 -125972305
441 -175379913
442 -350759825
443 -652112026
444 -1178251758
445 1938463781
446 108099999
447 108100001
448 216200018
449 324300031
450 540500064
451 1297200132
452 1297200151
453 1297200163
454 461433263
455 -1239133713
456 -1181067293
457 1874766309
458 1213198740
459 1129197318
460 -1952571236
461 -823373904
462 -1646747817
463 1824845585
464 1824845594
465 -773001777
466 1229941588
467 -188336290
468 -188336271
469 1905112861
470 1528440318
471 1528440328
472 667026218
473 -571060424
474 -571060409
475 -571060393
476 -1142120795
477 2010725716
478 297544539
479 595089074
480 1190178149
481 1785267230
482 1785267248
483 1785267261
484 1785267278
485 1785267281
486 1060834534
487 336401812
488 1397236357
489 1733638189
490 233143599
491 1966781806
492 1372234474
493 -1886900151
494 -876069361
495 576046780
496 2108044568
497 1293356312
498 -1193588985
499 1907789319
500 714200354
501 -1672977620
