0 0
1 5
2 24
3 46
4 72
5 130
6 144
7 148
8 554
9 704
10 1259
11 2672
12 5207
13 9145
14 18988
15 37280
16 73303
17 110587
18 249314
19 359910
20 359927
21 359936
22 1439694
23 2519475
24 3959185
25 6478662
26 12957328
27 25914651
28 38871996
29 88181841
30 88181846
31 254107678
32 430471368
33 772760897
34 1203232270
35 1975993172
36 87490419
37 174980843
38 262471266
39 437452125
40 -1356579456
41 -1356579448
42 -1356579430
43 225228978
44 887910082
45 -243440351
46 869698715
47 626258370
48 1495957087
49 -658583383
50 837373724
51 1674747445
52 -319214038
53 1534323767
54 -1405110103
55 129213672
56 -60786699
57 -60786682
58 -1397469798
59 -1397469789
60 1507668011
61 -1287271573
62 -1287271561
63 -1287271555
64 1940820630
65 653549091
66 1307098175
67 1307098195
68 913598800
69 1827197598
70 1060025488
71 -494145400
72 565880096
73 -422410708
74 143469392
75 143469404
76 -63737197
77 -199209105
78 23992507
79 -175216597
80 -350433194
81 -350433174
82 -1051299544
83 -1401732703
84 -1401732699
85 -1401732690
86 1491501926
87 1581271134
88 1671040375
89 448846145
90 448846152
91 448846160
92 -1277388462
93 -1277388442
94 -2105930740
95 -365740337
96 -282634513
97 -1014115189
98 -750841907
99 1881635352
100 116678263
101 -49277981
102 184078539
103 184078550
104 318879128
105 754436504
106 1441472729
107 -1780178917
108 734609450
109 1150339779
110 1884949243
111 -525068820
112 -525068817
113 -1050137622
114 -1575206420
115 -1790532420
116 -1790532411
117 -861303935
118 -147401460
119 -147401442
120 1348328063
121 -1598311170
122 -1406089927
123 -1950875926
124 -660309716
125 27708622
126 305400362
127 2016890657
128 -1972676269
129 349614764
130 393829157
131 743443935
132 743443954
133 1486887897
134 1486887909
135 165696409
136 165696425
137 1818280747
138 1983977190
139 1983977201
140 1822660687
141 1822660698
142 1822660703
143 1173014809
144 523368927
145 1696383742
146 1696383759
147 -1678122636
148 -1678122634
149 36522234
150 -1623339260
151 1048288770
152 -538528251
153 -1077056499
154 2140854300
155 1063797819
156 1063797828
157 -26517332
158 2101078332
159 -92810636
160 -185621277
161 1796129095
162 -676191768
163 -1352383549
164 -1352383533
165 914008466
166 -438375050
167 1389641874
168 1865275302
169 -1916800225
170 1813750372
171 -1581475004
172 -1684524852
173 -1503774389
174 1106668072
175 1106668073
176 1738529202
177 -1846876327
178 601214648
179 601214666
180 1202429332
181 -1890108631
182 -687679292
183 1717179391
184 1717179394
185 856570881
186 -1721217001
187 852533291
188 852533309
189 1705066612
190 1688916229
191 -900984437
192 -96902281
193 -997886700
194 -1094788976
195 -1094788965
196 -1094788953
197 2105389398
198 -84188513
199 -84188497
200 -84188478
201 1852823930
202 -589319446
203 1095127518
204 505808082
205 1011616172
206 1011616191
207 -670799314
208 -670799299
209 -1341598598
210 -659964842
211 -659964835
212 291840418
213 -368124414
214 -368124400
215 -1104373211
216 -1840622021
217 981847681
218 -858774337
219 1473045411
220 -1348876474
221 124168945
222 371411234
223 -853296293
224 -853296279
225 1735078442
226 881782172
227 910268057
228 1792050233
229 -1592648997
230 -1592648982
231 -1592648974
232 -2075628653
233 -2075628651
234 143710012
235 143710030
236 -1161518922
237 -874098862
238 -2035617782
239 1385250672
240 1752692440
241 228226477
242 228226490
243 456452973
244 -244118243
245 668787698
246 424669474
247 1305791918
248 -1683383459
249 715865632
250 -967517810
251 -251652175
252 -1219169974
253 1856627353
254 134153042
255 519958258
256 519958263
257 1811526959
258 -1309370756
259 1022114471
260 -1730780098
261 -708665617
262 1568265309
263 -1158436673
264 -1158436657
265 -748608002
266 2089085664
267 182041014
268 1522518694
269 -1249929920
270 1795107469
271 545177568
272 545177585
273 -1409504659
274 -319149505
275 1156808474
276 1156808478
277 1994467465
278 13117122
279 2007584602
280 2020701725
281 -266680952
282 -520244796
283 -786925739
284 -786925732
285 -340075477
286 -340075475
287 -680150943
288 -1020226399
289 -1020226386
290 -1020226384
291 554137195
292 -466089175
293 -1952404746
294 390157812
295 -2028336107
296 704384269
297 704384279
298 -229409733
299 1179358818
300 949949091
301 2129307921
302 438623098
303 -1727036272
304 -1288413165
305 -1288413156
306 -1735931571
307 1270622574
308 -1753722138
309 -1753722137
310 322214029
311 -1914607663
312 -804870612
313 1897703056
314 -499561174
315 -1321336374
316 1652294548
317 924229446
318 -1641637776
319 934886230
320 -706751537
321 -489273627
322 -978547254
323 2120394893
324 2120394913
325 -1521998360
326 -1521998347
327 -1521998338
328 1849367184
329 1578339440
330 383709940
331 767419887
332 -1565498011
333 -798078115
334 1931391172
335 335234951
336 -96949983
337 1371598033
338 -1551771227
339 58111782
340 58111795
341 116223585
342 -1319324058
343 -1203100463
344 2004989941
345 801889493
346 801889511
347 1603779019
348 -1889298752
349 -1889298751
350 -571039461
351 -54669654
352 -109339315
353 -218678617
354 -328017919
355 -710705491
356 -1421410981
357 1506814976
358 85403998
359 -867915398
360 -1407812894
361 -683509305
362 1421133715
363 -670188481
364 67435938
365 -602752527
366 -535316577
367 -535316568
368 2018829085
369 2018829101
370 -1930694778
371 -1930694764
372 176268659
373 -1666291771
374 962383757
375 -703908001
376 -1407815999
377 1479335287
378 329995054
379 329995071
380 731509426
381 1391499571
382 -1511968157
383 611040843
384 490572265
385 490572275
386 490572288
387 490572303
388 981144603
389 -1351533559
390 -1351533543
391 -1231350181
392 -1231350170
393 480733407
394 -390066741
395 90666679
396 2013600305
397 963583491
398 -1136450152
399 1840733663
400 -522833303
401 1145033708
402 -1832033213
403 -686999498
404 -56098634
405 -1952930928
406 -2009029559
407 276908193
408 276908195
409 886823209
410 1440639612
411 -1413688068
412 -1413688060
413 -1386736509
414 1521494285
415 -1251978734
416 350370222
417 350370227
418 -416480502
419 553775513
420 838035466
421 975330480
422 -1993936107
423 -1018605609
424 -2037211221
425 -754785635
426 -1509571271
427 -1025206426
428 1005403966
429 1005403985
430 2010807955
431 1486838217
432 208082870
433 -589238248
434 -589238232
435 -589238218
436 -1767714688
437 1938014403
438 -1008176733
439 -1008176718
440 -1008176705
441 -1008176702
442 -2016353393
443 -1754092945
444 524520968
445 -1229571958
446 1835823369
447 1835823373
448 1212502816
449 589182274
450 1801685104
451 -1904099909
452 1699270300
453 -2108929511
454 -512073999
455 1469134181
456 -1356698927
457 -399638725
458 1386760330
459 1386760343
460 -1521446607
461 -504263583
462 -638949836
463 -1277899676
464 -1916849497
465 461268295
466 461268301
467 461268321
468 -533044573
469 850760358
470 778984108
471 1557968232
472 -1179030835
473 2008681882
474 2008681885
475 101333885
476 202667765
477 -1152632698
478 -1152632695
479 -2102597619
480 89772050
481 -2012825561
482 -1923053500
483 -1653737316
484 -1294649061
485 1705669160
486 -883628980
487 -883628968
488 -1356237842
489 -1356237824
490 1582491644
491 1582491647
492 452507634
493 2034999285
494 2034999289
495 2034999306
496 -449937418
497 -449937408
498 -1124843509
499 -1574780897
500 -1574780889
501 1145405530
