0 0
1 12
2 15
3 39
4 58
5 136
6 199
7 456
8 464
9 933
10 1408
11 3275
12 4690
13 9377
14 17351
15 34708
16 69404
17 135534
18 239647
19 496645
20 941247
21 1813085
22 2754334
23 2754339
24 2754340
25 5508692
26 8263042
27 22034763
28 35806502
29 66104317
30 137717335
31 239628172
32 501291092
33 980547429
34 980547444
35 980547445
36 980547453
37 -1353324938
38 607769965
39 234992488
40 1450532430
41 939969959
42 -1669472404
43 -729502439
44 -729502435
45 2106459991
46 2106460007
47 -811549726
48 1294910290
49 1294910308
50 1294910321
51 -1705146648
52 -410236313
53 -410236303
54 1769348033
55 948875424
56 192604198
57 -1384139633
58 -1384139619
59 142548408
60 1669236454
61 1669236455
62 -813945968
63 1282935742
64 -344956186
65 -344956173
66 -689912341
67 -689912326
68 -786801273
69 1783385202
70 306671609
71 1303255539
72 1303255547
73 1303255555
74 -385200644
75 -770401284
76 147653644
77 147653655
78 -475093975
79 -950187941
80 -1425281896
81 1592057159
82 -1258506649
83 1777954011
84 -263965315
85 1847539224
86 1847539235
87 -344406789
88 569693080
89 -374602544
90 195090538
91 45774303
92 91548593
93 137322907
94 274645818
95 744382162
96 1156350889
97 1900733061
98 -218855353
99 -218855344
100 -218855325
101 -1894449363
102 1962807270
103 1962807275
104 1812309869
105 1812309871
106 1360817633
107 690470094
108 -951219841
109 -951219831
110 -951219811
111 2131777915
112 -721881559
113 -1443763123
114 -1443763113
115 1407441076
116 -36322023
117 -36322014
118 -1552729188
119 -1661695254
120 -1879627393
121 -835406538
122 -835406537
123 -1670813071
124 -1670813058
125 117934642
126 -599537255
127 -599537241
128 1543014401
129 343939914
130 805814472
131 805814492
132 1611628984
133 -1877523806
134 1345734147
135 1345734158
136 -1063579311
137 1627888996
138 1627889010
139 -757034440
140 870854576
141 113820152
142 227640305
143 341460462
144 1553775502
145 1553775508
146 -1187416278
147 -1805731782
148 -1439372551
149 -137553304
150 -275106605
151 -275106585
152 -275106567
153 -825319743
154 -1650639484
155 1819008071
156 168368606
157 1987376684
158 -1970853417
159 184891891
160 201415169
161 201415176
162 604245516
163 -778885657
164 26775038
165 26775047
166 -725335556
167 -698560500
168 -698560498
169 -2068906449
170 130379345
171 130379347
172 1788259058
173 -19888690
174 -39777379
175 1728593004
176 -837781296
177 -1675562579
178 -824528232
179 1794876492
180 -705214306
181 265133973
182 265133980
183 795401919
184 795401924
185 1415857494
186 -1288305952
187 1983489383
188 -1388524440
189 -1388524423
190 -2081865431
191 824577460
192 1649154912
193 -1821234908
194 -1429367956
195 1436231393
196 6863441
197 1443094840
198 -364413179
199 1092408554
200 -2123877066
201 47213151
202 47213170
203 -937042182
204 1328474370
205 1328474390
206 -1638018521
207 -1638018519
208 -1556130449
209 1100818348
210 -2093330617
211 -2093330597
212 1209124440
213 1317430540
214 1317430556
215 -1660106183
216 -342675622
217 632079300
218 632079314
219 921483009
220 1553562331
221 1553562349
222 1553562357
223 1287202765
224 -1720561779
225 -1720561764
226 -600358413
227 253485353
228 506970696
229 506970715
230 -1053493403
231 -386425041
232 -425977019
233 -425977002
234 -1784901732
235 1658111545
236 -126790176
237 -1105534370
238 425787006
239 425787024
240 -253960339
241 -507920669
242 89693023
243 89693036
244 -582494947
245 -911029545
246 -1822059090
247 979383729
248 -842675350
249 136708387
250 -1548642316
251 -1548642310
252 1197682672
253 1689398380
254 1689398390
255 -1267130147
256 422268247
257 844536507
258 -916495910
259 -916821300
260 -1833642592
261 -1833642574
262 627682146
263 338542983
264 1593907274
265 -1734834885
266 -140927600
267 56687782
268 -225167419
269 -309407226
270 -534574642
271 -534574640
272 -534574626
273 -1913131123
274 1847261548
275 -600444194
276 -600444175
277 -600444155
278 -1200888326
279 1893190657
280 692302337
281 1384604670
282 2076907016
283 -141153258
284 1935753773
285 1653447261
286 -1680375122
287 -26927850
288 1881898074
289 1828042368
290 -638882564
291 1363754923
292 139845506
293 139845521
294 279691028
295 1284254429
296 1284254446
297 1284254463
298 -1726458382
299 -1888971304
300 -1888971284
301 -1209433664
302 1196562355
303 -12871295
304 1183691072
305 1170819788
306 -1940456426
307 -1940456409
308 -1526401962
309 -1526401959
310 1242163387
311 543870365
312 1786033755
313 -722899783
314 1607004339
315 -1624828968
316 1589179709
317 1589179713
318 -1116607857
319 2061751575
320 -1796293118
321 -1796293102
322 1647524804
323 -999917678
324 647607146
325 -352310517
326 -352310502
327 -1056931543
328 -1113945411
329 1419469324
330 -751407620
331 668061714
332 222178013
333 890239747
334 890239749
335 1780479504
336 156231451
337 -355598831
338 -1823615406
339 -2022982770
340 -2022982764
341 -1773981012
342 590773816
343 -1183207193
344 -592433367
345 -1775640547
346 1334460012
347 -1626047268
348 -2067227783
349 160511717
350 762203972
351 762203990
352 -2008355355
353 -1246151363
354 1802664585
355 556513233
356 -895328887
357 -895328877
358 -895328873
359 1608980673
360 713651803
361 713651806
362 1245626538
363 1959278364
364 337241218
365 674482445
366 1011723676
367 2023447349
368 2023447363
369 -248072569
370 515578532
371 267505983
372 783084526
373 -953423445
374 97167081
375 -73171830
376 -73171828
377 -73171825
378 -219515479
379 -219515477
380 -658546421
381 -878061881
382 -1536608291
383 1221750717
384 -1851465875
385 2128643853
386 1498928708
387 1776106693
388 -1019931887
389 88780082
390 88780098
391 177560188
392 1111295188
393 1466415568
394 1466415583
395 -73280762
396 1393134838
397 1319854091
398 -188843538
399 -377687080
400 2073177555
401 1506646939
402 -715142786
403 -1430285583
404 -2145428358
405 4110584
406 1514868100
407 1518978692
408 -1261120500
409 1772726303
410 -745404101
411 1285180407
412 -1724606486
413 -439426066
414 -1624256235
415 -2063682290
416 167602713
417 774631497
418 1109836923
419 2052071137
420 2052071145
421 919011924
422 -1682311954
423 155711890
424 -798413152
425 646069857
426 -759931416
427 1856092524
428 1856092529
429 -1495056945
430 2103266559
431 -1830665150
432 633637012
433 1267274013
434 70245890
435 -2051208966
436 -713689059
437 1600315173
438 1600315187
439 435732341
440 2036047540
441 1377442951
442 -445744445
443 -1327221249
444 1640524798
445 313303557
446 313303576
447 939910687
448 -1087924662
449 165289604
450 165289606
451 165289607
452 495868819
453 495868821
454 1322316865
455 -1980912788
456 -162727085
457 -2143639867
458 -2143639861
459 7687584
460 -2128264719
461 -2112889558
462 -2082139239
463 -2020638629
464 -1920700128
465 -1920700123
466 -1567071583
467 807195601
468 -306308922
469 -306308914
470 194577784
471 389155553
472 389155562
473 389155574
474 1055735566
475 1055735580
476 -1016029458
477 1873752842
478 857723391
479 -468049364
480 -1991834292
481 -744436870
482 1558696151
483 1558696170
484 1558696184
485 -363315658
486 -1540890596
487 -1523085030
488 -309898925
489 921092752
490 1478869852
491 1478869861
492 2045848523
493 2045848543
494 -1540497812
495 -264898169
496 -529796332
497 -794694496
498 1165080495
499 -159410328
500 -159410317
501 -159410314
