0 0
1 20
2 38
3 73
4 135
5 154
6 306
7 726
8 739
9 752
10 2237
11 4773
12 7771
13 16285
14 24073
15 40368
16 64442
17 128895
18 128903
19 257806
20 515624
21 515631
22 1417965
23 2449233
24 3867209
25 7734413
26 14050861
27 29519684
28 29519693
29 59039393
30 132129634
31 220688721
32 470897144
33 912274596
34 912274602
35 -1646702580
36 177846629
37 826590401
38 1182283654
39 1182283658
40 -1103809569
41 -2029772504
42 57575641
43 -1893722771
44 -674761888
45 1784058294
46 1784058306
47 999631953
48 999631968
49 1272413244
50 -1750140823
51 521904390
52 521904406
53 -706332019
54 -184427605
55 -184427593
56 -553282807
57 -1106565614
58 -1844276003
59 790842889
60 2134968573
61 1081535476
62 -1078463227
63 2138040832
64 2141113089
65 -15813357
66 -28554473
67 -44367822
68 2052377441
69 1963641798
70 -278948046
71 -602263912
72 -1204527831
73 -122097979
74 -1928889719
75 -2050987696
76 -2050987680
77 1232443706
78 -503454073
79 728989636
80 225535570
81 225535576
82 1909050431
83 -1205856075
84 -1205856057
85 -51590542
86 -328716655
87 -328716636
88 -709023826
89 -709023817
90 -1418047638
91 1130155396
92 -1705939866
93 -575784456
94 1725350738
95 -844265806
96 305300492
97 305300496
98 305300511
99 1796986438
100 1796986450
101 -395693893
102 -486087284
103 -1277475067
104 -1277475047
105 -1277475045
106 -23545134
107 438997009
108 438997020
109 877994039
110 1755988088
111 -782991124
112 -1565982262
113 285008753
114 -307976536
115 -615953061
116 2090064210
117 -114838878
118 -114838874
119 1860386463
120 1745547602
121 1745547604
122 1745547623
123 -1492905294
124 -551229749
125 -298587402
126 -849817146
127 -849817134
128 -849817124
129 -849817106
130 1745515936
131 895698834
132 1791397666
133 -1607870778
134 -1470225630
135 1354516040
136 1354516053
137 1422333370
138 -163601826
139 -1797429272
140 -538697723
141 1795238487
142 717843045
143 1974383828
144 -1602740407
145 -1410242325
146 1474482647
147 1474482656
148 -64017422
149 -1410019401
150 445835
151 -1473590972
152 -1473590955
153 -1473590940
154 -125359726
155 -250719453
156 971706229
157 595627056
158 1316613840
159 -1787099341
160 -1787099334
161 -690251546
162 -690251544
163 1127364887
164 437113346
165 -1603124187
166 -1166010825
167 1525832302
168 -1243302698
169 -1243302691
170 1808361914
171 -678243463
172 -113184234
173 -113184216
174 -226368431
175 -339552632
176 -792289509
177 -1471394776
178 1691730389
179 220335622
180 -691170892
181 1220895132
182 970395490
183 1500119739
184 -603556915
185 -1898284726
186 -31326398
187 1761799259
188 -167811848
189 1562661031
190 1227037338
191 57392091
192 146110577
193 -1469578090
194 -1266075405
195 -1266075398
196 1762816512
197 -769334281
198 -1538668556
199 1217630181
200 -321038364
201 351405508
202 30367163
203 381772677
204 442506993
205 854646848
206 1678926535
207 -937114230
208 741812324
209 -1956695810
210 -473071172
211 1669898410
212 1669898421
213 910029866
214 1820059717
215 1820059736
216 1820059749
217 1820059765
218 1820059779
219 -1309695559
220 -1309695557
221 -1309695544
222 -1309695543
223 365880653
224 2041456863
225 -1887629762
226 -789987780
227 -1579975568
228 -1850255589
229 228575475
230 303323843
231 606647688
232 -711708572
233 -105060876
234 -210121741
235 -315182608
236 -630365222
237 -1155669551
238 1983628178
239 -327710943
240 1655917243
241 1328206314
242 -810596038
243 1845816588
244 -603334126
245 1242482478
246 -1810002339
247 674962612
248 -495891370
249 -1630931086
250 -1451859829
251 1391247631
252 -1512472033
253 -121224386
254 969727599
255 -724581014
256 245146586
257 490293182
258 859361976
259 1594801760
260 -1840803558
261 -246001782
262 367358398
263 121356629
264 121356636
265 121356655
266 121356671
267 364069976
268 728139945
269 728139946
270 1456279898
271 -1018337525
272 -2036675048
273 -142452766
274 -1013045482
275 -1155498228
276 -1155498208
277 -1208202434
278 -379729809
279 -617006860
280 -996736661
281 1093291535
282 -520451978
283 -1040903946
284 -1561355909
285 -1561355894
286 -389100427
287 -389100423
288 -389100418
289 4954232
290 1571264371
291 1571264388
292 -1152438520
293 1995044475
294 -1881096933
295 -1038490960
296 -2076981921
297 1179494421
298 -897487490
299 -897487474
300 1602504843
301 1602504856
302 1410034743
303 -577410315
304 -257333158
305 -514666325
306 1663129815
307 1723754762
308 2037474780
309 -533737749
310 1503737040
311 969999307
312 1939998616
313 1939998622
314 555029255
315 -1799939402
316 -1799939387
317 1250117767
318 1250117785
319 -1794731726
320 705503841
321 705503848
322 -383724018
323 -767448039
324 -767448036
325 -507612400
326 -507612389
327 -507612385
328 -1015224760
329 -1015224743
330 1249293036
331 -781156451
332 -781156431
333 -313019837
334 -1875332715
335 1793594900
336 -81737799
337 -163475604
338 -326951215
339 -653902431
340 -1144329245
341 -1798231666
342 698503960
343 -1099727705
344 -1099727699
345 995784190
346 -103943504
347 -103943490
348 -311830497
349 -415773985
350 60292723
351 -355481253
352 -1126736486
353 -1126736483
354 1686013082
355 559276603
356 -8183272
357 1110369942
358 -947490923
359 713972354
360 -233518564
361 -467037114
362 -700555662
363 -700555652
364 -1387694637
365 1039124236
366 -1749681705
367 795603880
368 -2003203862
369 -2003203853
370 -665518230
371 -1331036455
372 -1331036452
373 1632894409
374 301857976
375 -727320502
376 1207431895
377 781969371
378 1262080773
379 -1770805742
380 273244410
381 -1497561320
382 -1497561307
383 1064364112
384 -433197176
385 -433197174
386 -866394343
387 2128981414
388 396192725
389 1225582633
390 -1843802031
391 -1843802030
392 -2065828700
393 -2065828687
394 1996255792
395 1996255797
396 1926682910
397 1787537128
398 1345935656
399 -1161494509
400 184441154
401 -2138547855
402 -1954106697
403 202312761
404 404625516
405 606938294
406 606938311
407 1618502141
408 1618502158
409 -1057962981
410 -1057962976
411 -1057962963
412 63115395
413 63115404
414 -1989695127
415 315577037
416 1689117059
417 78114389
418 93113376
419 171227774
420 264341156
421 528682320
422 793023482
423 1586046974
424 1586046982
425 198832473
426 1784879459
427 1653862092
428 -1780266594
429 1658474972
430 -978017361
431 -1956034715
432 1360915236
433 -1694928447
434 -334013199
435 -2028941640
436 1597999257
437 1835083273
438 -624800752
439 779340155
440 779340172
441 779340182
442 1558680363
443 -398266414
444 -1575872986
445 363881162
446 -51577861
447 312303314
448 -1349532780
449 -1088807320
450 -1813733479
451 303619181
452 346512904
453 650132101
454 1300264201
455 -1694438905
456 906089497
457 906089517
458 117740118
459 1929919149
460 -1341218510
461 706440766
462 1295141419
463 1295141431
464 1955505122
465 -1044320730
466 -2088641461
467 117684366
468 117684379
469 -942088318
470 455285552
471 -369118378
472 86167178
473 -282951185
474 -565902371
475 -565902369
476 -1697707116
477 1268671435
478 -429035677
479 -1423973721
480 1447019865
481 23046161
482 23046163
483 46092333
484 92184667
485 184369335
486 276554011
487 460923365
488 737477377
489 1474954770
490 -2082535131
491 590820390
492 1181640780
493 1164880824
494 1164880842
495 -192744452
496 -192744433
497 779391975
498 393903099
499 787806196
500 1961101279
501 -1152156708
