0 0
1 15
2 24
3 49
4 89
5 181
6 185
7 524
8 984
9 1980
10 3504
11 5504
12 10999
13 22002
14 42027
15 75038
16 139073
17 256139
18 256141
19 768430
20 1280717
21 2305291
22 4866727
23 9221178
24 18442355
25 27663548
26 46105916
27 73769475
28 119875408
29 193644891
30 387289782
31 774579565
32 1161869367
33 1936448933
34 -422069422
35 -1618718417
36 1057530462
37 -561187938
38 -1544445306
39 1206076690
40 -899556548
41 -1237925158
42 -2137481700
43 -318364707
44 907715893
45 589351195
46 -958779300
47 -958779290
48 -420491491
49 -1748698871
50 1166997662
51 1375216015
52 373023316
53 746046646
54 746046653
55 -1054634658
56 -1054634646
57 -1054634641
58 1131063358
59 -2032840567
60 -901777198
61 1436778252
62 -366776152
63 1070002105
64 -794613556
65 275388566
66 184000971
67 459389549
68 124165534
69 124165543
70 891721606
71 1140052688
72 -2139027443
73 -998974754
74 -998974750
75 157990359
76 -1839959139
77 1614023771
78 -2065894502
79 -451870725
80 -451870711
81 -903741424
82 2035613725
83 2035613743
84 2035613751
85 1811873941
86 -1574960839
87 -1574960836
88 -1561787516
89 1158218954
90 741477076
91 741477085
92 741477086
93 1482954178
94 -1329058931
95 -1916640797
96 -1762745541
97 -713477967
98 -97896995
99 -811374943
100 -909271919
101 -1818543839
102 1567151558
103 -1972039135
104 350889025
105 -53998537
106 -1926540915
107 -2034538003
108 -2034537994
109 -2034537991
110 559779703
111 -1248866983
112 1797233337
113 1108146072
114 -1389587885
115 826704263
116 -562883609
117 263820660
118 -299062935
119 -1161009504
120 -1759135374
121 1374822426
122 1374822443
123 -170500007
124 -170499990
125 649509510
126 479009533
127 958019066
128 2086538112
129 2086538130
130 -121891050
131 -121891044
132 1842756052
133 1720865018
134 1111409829
135 258172570
136 -1204519867
137 1885927564
138 939580284
139 939580296
140 -1734399002
141 2030689149
142 -2119516549
143 -1823226392
144 352224357
145 -1471002019
146 1264135857
147 1264135858
148 1057269702
149 -1973561723
150 140977689
151 140977706
152 -1691606319
153 -1550628608
154 1052732386
155 -2048524831
156 56939937
157 -938852497
158 1364529906
159 482617351
160 908294774
161 -1539525256
162 277064290
163 -1262460948
164 1770045396
165 507584467
166 1292233209
167 -1987565162
168 319836975
169 319836987
170 451926481
171 1091600447
172 -2111766400
173 -568239463
174 -816641938
175 1889919952
176 -1606727838
177 -1606727831
178 1586550181
179 -553627460
180 2114434365
181 1540629264
182 -1213708768
183 -1213708752
184 1867549793
185 653841053
186 93973330
187 187946665
188 1589602108
189 97945670
190 97945682
191 1973440130
192 -2125635804
193 43695683
194 87391377
195 76837081
196 -1917711654
197 -1840874570
198 744305226
199 -1096569331
200 2101828637
201 2101828645
202 -443574104
203 -443574097
204 -887148193
205 -1774296381
206 746374527
207 1936323162
208 21253133
209 -1591016457
210 -661362006
211 -294802157
212 -956164143
213 791622549
214 -1120705753
215 -1285247332
216 1889014213
217 603766897
218 1207533792
219 -594652387
220 612881407
221 612881423
222 -1852556146
223 -1852556129
224 589855040
225 589855059
226 -672846012
227 506864100
228 423873161
229 257891254
230 1105637563
231 1621420075
232 -1310018401
233 1417039239
234 1728440917
235 1835461762
236 -731064601
237 -45089963
238 -45089945
239 -1552309112
240 -1642489014
241 1009989274
242 2019978544
243 2019978557
244 -255010190
245 -510020384
246 -510020383
247 744927611
248 234907244
249 -295216087
250 -335421984
251 -160823579
252 -496245557
253 -1052799946
254 -1709869075
255 539807169
256 1415036326
257 244974436
258 244974440
259 -1850174924
260 -1850174921
261 594617464
262 1434209363
263 2028826847
264 -237313602
265 1791513247
266 722268564
267 -2018499068
268 -2018499067
269 -1523216316
270 753251922
271 -511995222
272 -511995219
273 -1793954825
274 -1793954815
275 -316932770
276 -2110887566
277 73192157
278 73192171
279 146384334
280 -2135051671
281 341796726
282 -1793254926
283 928033936
284 1782875698
285 917654717
286 -666402942
287 2034127491
288 2034127492
289 24539476
290 -202172836
291 -404345657
292 -581978999
293 -1188497489
294 1942511809
295 -232310320
296 1710201503
297 1710201515
298 -1106874589
299 -1981438853
300 332089586
301 332089593
302 -1317259671
303 -985170070
304 -1638250557
305 354287016
306 2025833703
307 2025833704
308 -1527263412
309 1240440464
310 -286822935
311 -573645877
312 878541952
313 18073160
314 18073162
315 54219478
316 54219488
317 144585307
318 198804810
319 198804813
320 198804831
321 740999768
322 1138609417
323 1138609429
324 -1276748669
325 -1276748658
326 -276278466
327 -1553027108
328 1050773841
329 -2055280383
330 184406530
331 1921840178
332 -451286929
333 -400320596
334 1254639199
335 403031686
336 1657670901
337 -1379946099
338 -1379946085
339 -1102221276
340 1812799941
341 710578670
342 -1771588669
343 751789956
344 401358627
345 1904938542
346 -1988670118
347 317627065
348 -1671043052
349 952881194
350 -400534784
351 -1118696630
352 -1118696614
353 1657039270
354 -580353969
355 -1160707935
356 -84022620
357 -1286741862
358 1183140918
359 -1348331492
360 1598304306
361 1433113743
362 1579485623
363 150745805
364 -881649310
365 -2013271416
366 268424465
367 268424466
368 268424483
369 268424494
370 805273444
371 1610546892
372 -1342297971
373 268248927
374 536497854
375 536497859
376 1341244652
377 1340191338
378 -272286664
379 -1349320099
380 1596327096
381 247007006
382 1843334113
383 2090341124
384 132721955
385 -2071904202
386 -1939182240
387 416602822
388 -1522579402
389 -1522579392
390 1249808517
391 977037616
392 -818312647
393 -1636625305
394 -1477900329
395 -1477900318
396 -138733681
397 1200432980
398 -1894101337
399 -832402024
400 -832402014
401 -832402001
402 1797761268
403 132957264
404 265914535
405 398871805
406 797743623
407 -901718787
408 -901718783
409 -1803437560
410 1884707597
411 -1722167515
412 162540085
413 325080176
414 487620273
415 1137780630
416 2113021171
417 -68924943
418 -1113090434
419 -1182015368
420 1930936554
421 -364169235
422 1566767325
423 838428858
424 2041026949
425 -1415511479
426 -1264255640
427 1766456028
428 1766456033
429 -2026310856
430 242345574
431 -17509234
432 -17509217
433 -35018449
434 172308686
435 102271792
436 222052830
437 324324626
438 820957945
439 1469607195
440 -1355752895
441 1259136877
442 -1776693529
443 -1776693524
444 644964239
445 1386544501
446 254815232
447 509630459
448 1019260923
449 1528891393
450 -982369284
451 2075413492
452 -653770765
453 -1307541519
454 -1307541515
455 -1307541511
456 372342759
457 -935198741
458 1117028307
459 181829578
460 181829586
461 1480687475
462 2026176216
463 2026176221
464 1601731781
465 1601731793
466 -1334118561
467 -399446050
468 -798892110
469 671006865
470 671006872
471 671006874
472 1214128512
473 -1866710275
474 -652581761
475 -652581742
476 -1957745264
477 379476773
478 379476776
479 1791012094
480 592220382
481 -1152781260
482 -1152781251
483 77669971
484 2067074772
485 991963505
486 1983927001
487 -1319076782
488 1656813737
489 1085734939
490 1085734956
491 -2123497393
492 -1037762428
493 1133707487
494 -2027552326
495 -1931607253
496 -1691744611
497 -1355936878
498 -1355936875
499 -1355936864
500 -1355936848
501 1474442525
