0 0
1 6
2 19
3 30
4 64
5 123
6 138
7 335
8 489
9 1104
10 1605
11 2718
12 5919
13 5931
14 14571
15 26422
16 41000
17 41005
18 128938
19 237375
20 474742
21 923066
22 923068
23 2320883
24 4879140
25 7200035
26 12079190
27 26479252
28 52958508
29 98716991
30 151675503
31 250392510
32 500785009
33 751177535
34 751177536
35 751177552
36 -1540649653
37 -789472088
38 -827766643
39 1888256484
40 1060489856
41 -209142026
42 1911837687
43 356474708
44 -2026654883
45 241657530
46 -1784997334
47 724972629
48 -1060024704
49 -1878391865
50 -1878391857
51 -1581865819
52 -1043682234
53 1669419263
54 -956128775
55 -1912257564
56 470452186
57 -1441805372
58 -971353171
59 -516125394
60 1365683371
61 1365683376
62 -2079725933
63 -2079725932
64 135515437
65 -1292569661
66 344144599
67 -812909610
68 -812909597
69 -1281674588
70 -1281674580
71 1731618136
72 1837417071
73 -2007606666
74 -1001920619
75 559507936
76 1844947962
77 1402535294
78 -1489896715
79 -1977872803
80 -1977872790
81 -1150675010
82 1166419511
83 1166419515
84 -795708761
85 1537130282
86 1907841055
87 687134325
88 207849121
89 -1492142785
90 1310681727
91 -1673603836
92 -1855064876
93 766298604
94 766298612
95 766298631
96 766298636
97 766298655
98 -1996071355
99 -1229772693
100 1835421906
101 -624123484
102 -624123482
103 -1248246954
104 -661072010
105 -661072003
106 1100452855
107 -2094061585
108 -993608713
109 -1987217428
110 1314141170
111 534220748
112 -138855507
113 1709506423
114 1709506429
115 -480589199
116 -1495399141
117 1304169014
118 -671819316
119 632349703
120 -39469599
121 592880105
122 553410509
123 1067351406
124 -2120794874
125 -2120794869
126 53377559
127 1727517029
128 -339900263
129 1494371879
130 1154471621
131 -1986024047
132 2050436227
133 1218883808
134 -1025647241
135 257648756
136 450885338
137 450885339
138 1352656003
139 -2040540608
140 -236999249
141 -236999239
142 1780428215
143 1543428985
144 1543428992
145 98320413
146 1641749417
147 1740069835
148 -2022936948
149 -2022936933
150 -664054627
151 -1328109244
152 -1328109224
153 1638748835
154 1638748849
155 1949388472
156 931918874
157 931918875
158 931918882
159 450177816
160 450177832
161 -1530773874
162 -630418215
163 2133775224
164 872938793
165 -1288253268
166 -415314458
167 -830628926
168 -830628922
169 930141741
170 930141743
171 930141752
172 1959796329
173 455254284
174 -1879916673
175 535133951
176 2000409647
177 1110881226
178 1766508169
179 1766508183
180 348930291
181 -1596697068
182 -898836490
183 1799433754
184 -347169506
185 -347169502
186 206258264
187 -488080727
188 -281822451
189 -769903166
190 -769903162
191 -1539806311
192 445451487
193 1378983697
194 -1255177447
195 569257751
196 1138515506
197 1138515511
198 -2017936269
199 -2017936264
200 -1189583759
201 208026525
202 1295473818
203 1295473835
204 -1495993116
205 1302981069
206 -193012038
207 -193012029
208 -579036096
209 -965060160
210 -627139235
211 -1592199378
212 2075628689
213 -1687806177
214 387822519
215 775645047
216 1163467574
217 -1580209637
218 -416742048
219 -416742042
220 -474581094
221 1406692488
222 98627312
223 613996678
224 1644735394
225 -530915414
226 -530915396
227 1196901279
228 1196901291
229 -1901164716
230 -1901164714
231 1689539160
232 -915888961
233 1266288073
234 138773565
235 1405061641
236 1894234337
237 409390329
238 -586280978
239 -586280958
240 -1172561921
241 -1172561909
242 1186671871
243 14109969
244 1200781852
245 56439875
246 1257221728
247 1257221737
248 -1780523824
249 733919653
250 733919673
251 1467839334
252 -2093208279
253 -938053439
254 -829502691
255 -829502688
256 -1659005374
257 1806459248
258 1845362366
259 1992816252
260 -1138837481
261 210833102
262 421666197
263 421666204
264 -84671959
265 336994262
266 1306487822
267 1643482101
268 -671008857
269 -1763683909
270 -791210664
271 1069063885
272 -513357431
273 1624770332
274 -374417786
275 -374417783
276 -748835565
277 -1123253330
278 2048460625
279 -572463832
280 -770509866
281 -417766399
282 -1188276263
283 -900555733
284 1788368910
285 -718229470
286 -1018692552
287 -2037385103
288 520660181
289 1759549831
290 242824912
291 -1771932357
292 230442401
293 460884802
294 691327209
295 691327228
296 1843539242
297 -377446401
298 1466092859
299 -671454360
300 417192107
301 -254262243
302 580121964
303 71597479
304 651719447
305 1049176649
306 -1942351752
307 -893175093
308 -1786350187
309 -1786350174
310 722266944
311 1444533888
312 -1405899512
313 -1025448839
314 -264547504
315 -529095009
316 -793642503
317 1682233457
318 1682233476
319 -1724142851
320 317586582
321 1164268180
322 1164268199
323 -1966430901
324 679692074
325 1359384146
326 72645336
327 145290674
328 145290693
329 363226714
330 726453420
331 1234970834
332 -1825025624
333 -1825025620
334 644916059
335 -1770164347
336 1344693397
337 -1605580504
338 -260887102
339 -260887099
340 1742141650
341 1220367460
342 -1593345283
343 -1593345263
344 -485068522
345 -485068513
346 138139723
347 138139736
348 138139741
349 -555717816
350 -279438321
351 -420736919
352 -1255893052
353 -1676629960
354 941707384
355 941707401
356 206784827
357 2090199623
358 -114568041
359 -1170843470
360 -1285411493
361 -273838546
362 -1559250032
363 -1559250029
364 902628700
365 1805257398
366 -684452501
367 -1095066447
368 -630882859
369 -605144407
370 -1210288796
371 -1815433183
372 -1061848379
373 -1028630325
374 389055411
375 -639574894
376 138535944
377 -1140613863
378 -1140613851
379 -2142691756
380 9583783
381 19167566
382 -100200808
383 -81033224
384 -181234030
385 -343300486
386 -524534506
387 -1130102232
388 2115796057
389 985693826
390 1446853159
391 -876726472
392 -623350724
393 -1500077193
394 -1553301219
395 1188364859
396 1188364871
397 -676648662
398 146779862
399 293559726
400 952055798
401 715746729
402 1961362260
403 -665802499
404 -1038045266
405 973261231
406 973261242
407 1946522481
408 -2105770102
409 -159247609
410 -318495222
411 1711454370
412 1392959167
413 1392959173
414 -116089801
415 1276869390
416 -1741228533
417 -1741228522
418 1973289831
419 1973289851
420 -2089616117
421 -116326257
422 -116326237
423 -116326236
424 -348978726
425 -697957439
426 -1046936158
427 2084768746
428 2084768764
429 -1172365941
430 912402828
431 -385392885
432 -645355995
433 -645355994
434 -1290711979
435 1328150451
436 -1638666386
437 -1601227898
438 1092511503
439 -508716378
440 -1017432760
441 621435394
442 -904713740
443 -716915969
444 -716915959
445 -1717110264
446 1860941090
447 -573085122
448 1287855982
449 141685738
450 1429541727
451 1429541742
452 -6342092
453 -12684191
454 1410515469
455 -1473936348
456 -82447155
457 -1556383485
458 -1638830621
459 1099753209
460 -539077406
461 -1078154811
462 -517478988
463 -1595633798
464 -1595633795
465 -1031011501
466 1668322004
467 637310519
468 1274621027
469 -1745725238
470 1834528314
471 88803082
472 2089537716
473 2089537717
474 1807439536
475 -397990041
476 1382360725
477 586380649
478 1968741381
479 -357484532
480 -1112959098
481 -1827928161
482 -1827928143
483 -473848088
484 165262906
485 -782433270
486 -451907441
487 -1069077790
488 -2138155591
489 -146606783
490 489219697
491 -1795542659
492 -1795542639
493 -1091660664
494 1407764013
495 1019985360
496 1019985376
497 560531457
498 -1378361752
499 -1665062839
500 1251542722
501 -1231350408
