0 0
1 3
2 13
3 26
4 45
5 101
6 174
7 366
8 559
9 564
10 1508
11 3173
12 5260
13 8439
14 18950
15 32655
16 60062
17 60078
18 60085
19 120164
20 300405
21 300409
22 781078
23 1502058
24 2883957
25 5167101
26 5167106
27 10334223
28 10334227
29 20668451
30 20668461
31 51671153
32 103342305
33 196350380
34 196350394
35 496043085
36 1043757322
37 1043757326
38 -1711409561
39 -667652226
40 204495966
41 -87051164
42 -87051147
43 -87051133
44 -261153434
45 -348204548
46 -783460249
47 -783460241
48 -783460232
49 1944586594
50 1944586599
51 1538792477
52 349538148
53 699076300
54 -1707560353
55 -658945886
56 -658945876
57 -1317891744
58 650699749
59 -1326137857
60 983745696
61 -342392148
62 -684784301
63 -1027176441
64 -1711960726
65 1512399379
66 -199561338
67 -2111083413
68 757584770
69 -1353498626
70 1587970032
71 234471412
72 234471415
73 468942843
74 468942857
75 -1300168719
76 -1300168716
77 -1300168705
78 -1300168690
79 394461203
80 788922398
81 1577844801
82 -1928200083
83 -350355269
84 88211855
85 176423704
86 -2013919784
87 -2013919776
88 443551441
89 887102895
90 1774205791
91 1774205795
92 584098639
93 724645836
94 562188767
95 1870933253
96 -1861845263
97 1295922608
98 -1703122091
99 164077277
100 -234034209
101 -69956916
102 -139913829
103 -209870726
104 -419741455
105 -839482916
106 -1259224364
107 1426734022
108 1426734027
109 1426734036
110 -14765202
111 -1456264430
112 -1471029625
113 1367673253
114 -147651961
115 -1722037961
116 -1869689909
117 1923260722
118 -448445836
119 -394875016
120 -843320849
121 -843320844
122 -1686641679
123 921683928
124 -1608278585
125 1078410129
126 -1294826196
127 -1824694638
128 -2041110701
129 -2041110687
130 -1828364786
131 -440172411
132 -440172401
133 1799003624
134 1358831233
135 -1137132433
136 1580530025
137 1580530035
138 -912208420
139 -1824416839
140 424434805
141 -1399982032
142 -975547217
143 519456018
144 -456091180
145 -912182367
146 -848817513
147 -1697635026
148 1748514764
149 1748514766
150 38394626
151 38394627
152 38394641
153 38394647
154 153578561
155 230367857
156 230367869
157 652708948
158 1113444678
159 1113444688
160 -954633252
161 -954633249
162 -1909266484
163 1431067570
164 -1432832148
165 -1764575
166 -1912795629
167 947574957
168 1895149903
169 929929236
170 929929244
171 -539958901
172 -1079917808
173 239981788
174 -839936005
175 -599954200
176 -599954180
177 -1199908373
178 1295196338
179 -504666206
180 -1609286607
181 -2018664834
182 -2018664814
183 -2018664794
184 924653557
185 1849307106
186 -1521006614
187 1252954053
188 1252954057
189 984901508
190 984901517
191 -1340262769
192 -1340262766
193 -1695624011
194 -1695623996
195 -791904715
196 1726256352
197 -761272349
198 1076798595
199 315526254
200 631052511
201 946578771
202 -1325011145
203 568146393
204 1136292796
205 379428047
206 379428054
207 379428060
208 -2020390332
209 254186633
210 -627919519
211 -1635267086
212 -2008999956
213 650700263
214 927667648
215 -430632037
216 1147735879
217 1644771507
218 -1502459906
219 1290047490
220 -1714872324
221 -1714872318
222 -1997385537
223 -1997385522
224 -1839500897
225 -1539304643
226 1216357994
227 -322946632
228 -187812386
229 -833705647
230 -833705636
231 -961812298
232 1477931347
233 -1151292224
234 -635173168
235 -1786465382
236 -1786465369
237 -1064428831
238 -977565438
239 -1319957721
240 -1319957701
241 1655051885
242 1268109505
243 -1371805887
244 231397813
245 1782753326
246 642345258
247 -1869868707
248 786627702
249 -440895745
250 -881791491
251 1889039070
252 1352979549
253 -1934740158
254 -1934740148
255 -1509253169
256 850973986
257 -232792191
258 -891071372
259 -272889560
260 -545779130
261 -1942532248
262 1533766362
263 -2118505947
264 -584739578
265 637176764
266 -532302397
267 1696596144
268 -901775007
269 -901775004
270 -639256257
271 -639256244
272 -639256230
273 573648556
274 -704863912
275 -704863898
276 -704863895
277 -1540943147
278 -1540943128
279 -196646770
280 311570374
281 311570380
282 311570390
283 738064384
284 1672775538
285 1672775550
286 -949416199
287 -1898832392
288 1446718711
289 271245672
290 1717964398
291 1717964408
292 -1039906492
293 -1039906472
294 -2079812948
295 -2079812941
296 -2079812928
297 270682821
298 -1673788691
299 -1267764428
300 1759438432
301 1303722515
302 1303722526
303 71916197
304 -1123932037
305 251706701
306 -800309131
307 -1600618257
308 1021814573
309 -1127406094
310 -105591514
311 1682856881
312 449859282
313 899718564
314 1799437134
315 -1145952307
316 -609047725
317 944155679
318 944155695
319 1888311392
320 -1462500202
321 1369966905
322 1369966924
323 -1129222270
324 1610711563
325 1758922934
326 -2054555065
327 -2054555048
328 -1868697869
329 1686793813
330 -181904036
331 1876604168
332 1694700140
333 -905567019
334 789133127
335 789133130
336 672699245
337 672699263
338 672699274
339 672699290
340 -1604170219
341 -1604170209
342 -1604170206
343 155155958
344 -1449014246
345 -1449014236
346 -1656245636
347 -259306817
348 -259306800
349 2120108044
350 -54751198
351 1806050052
352 1806050065
353 -682867174
354 -1420485540
355 -1420485523
356 771129069
357 -2069841991
358 -527583855
359 -372300536
360 1325240929
361 952940406
362 1905880801
363 -110905154
364 1794975662
365 1794975675
366 1794975684
367 -1410031909
368 -430977320
369 1748942146
370 -92067078
371 1225897752
372 -1843171793
373 -709341110
374 -709341091
375 -2035956225
376 1549669992
377 1549669994
378 354042673
379 354042678
380 708085362
381 -1329126585
382 -621041217
383 -533997075
384 1810802432
385 -673362432
386 1137440011
387 -2020087274
388 -882647261
389 -1765294522
390 91015838
391 -282045916
392 -191030072
393 -2147354670
394 257969
395 -2147096700
396 -2147096684
397 -2147096670
398 -2146322739
399 -2146322736
400 -2146322734
401 -2143226970
402 -2140905134
403 10835201
404 23992237
405 23992249
406 58819693
407 106804196
408 213608395
409 427216787
410 806449089
411 1233665886
412 -1827635524
413 853304642
414 1065784105
415 91453230
416 2010541991
417 -2101518837
418 -90976828
419 2102471633
420 2011971193
421 -362478124
422 -543002575
423 -1176981994
424 -1719984554
425 492520067
426 1347518248
427 -1599930792
428 -252412542
429 -1852343331
430 -1852343326
431 590280651
432 -671782035
433 256366722
434 765145980
435 1021512721
436 1021512739
437 2043025461
438 -1230429087
439 812596379
440 -1648261798
441 -2066094488
442 1393207406
443 1555985712
444 1555985731
445 790822567
446 -392173276
447 -392173264
448 -1176519817
449 -1960866353
450 1157581135
451 -803285216
452 1119703797
453 1473999728
454 1473999745
455 -1030549226
456 -2061098455
457 976055597
458 -1085042841
459 -108987224
460 -1194030059
461 821864332
462 -372165713
463 -372165711
464 -744331412
465 -666798497
466 2139505979
467 2139505996
468 -1427085217
469 -2109839018
470 -1397418228
471 -655330486
472 -2052748701
473 -1920369123
474 321849484
475 321849490
476 -1276670139
477 -954820630
478 -1909641272
479 797534243
480 -1112107027
481 -160737514
482 -475310294
483 -636047805
484 -1111358082
485 1911513616
486 164107737
487 964263280
488 964263297
489 1928526594
490 -1402177399
491 -1675983770
492 1216806135
493 -1861355015
494 -1794183439
495 -1221926188
496 634308795
497 51811465
498 51811485
499 -483994428
500 -380371465
501 -126434133
