0 0
1 10
2 22
3 27
4 59
5 132
6 230
7 482
8 921
9 1784
10 3201
11 5002
12 8219
13 18223
14 18241
15 18247
16 62950
17 99458
18 162409
19 324827
20 487254
21 1073964
22 2147919
23 3221890
24 6931030
25 6931049
26 20305867
27 27236934
28 64626774
29 126031670
30 217895382
31 217895401
32 561822461
33 561822465
34 1685467399
35 -1267959563
36 1759048178
37 491088624
38 -1627322641
39 1040322009
40 -95911993
41 -191823996
42 -191823978
43 -191823969
44 368938093
45 368938110
46 546052238
47 900280510
48 900280518
49 900280529
50 900280531
51 900280533
52 -693845168
53 206435371
54 -487409778
55 825741504
56 825741508
57 1164073237
58 -1479411038
59 848735445
60 -630675579
61 -1261351153
62 1772264988
63 510913845
64 391152118
65 902065964
66 -718570362
67 1085561583
68 -2123844147
69 -854786956
70 1683327419
71 1683327431
72 1683327444
73 -99771945
74 -199543898
75 1384011603
76 1184467725
77 -1926031855
78 343131639
79 786035226
80 1771614344
81 1771614358
82 1771614373
83 -751738550
84 1054172465
85 1054172472
86 604867829
87 -1581754510
88 -1581754490
89 -1581754477
90 -450296179
91 -2032050645
92 1362324305
93 -1120022515
94 473167787
95 -1766877245
96 -1051407660
97 1949850191
98 -868434708
99 -868434699
100 1689663184
101 1689663194
102 -915640901
103 -915640896
104 -915640887
105 632403710
106 -1198878069
107 -1482115239
108 1330736826
109 -151378409
110 -151378408
111 -454135214
112 -454135196
113 -1211027221
114 2024291277
115 2024291281
116 1929284936
117 17737783
118 1947022733
119 -647306573
120 1299716180
121 652409616
122 652409635
123 -1690431851
124 -385612585
125 -2076044432
126 142878442
127 285756872
128 -1647409106
129 -1361652223
130 -361503142
131 1353038143
132 -1731769437
133 -2101886646
134 461311221
135 461311236
136 -1179264187
137 204669497
138 2141108423
139 2141108436
140 -12750426
141 179168641
142 153667787
143 307335582
144 640172029
145 1101175412
146 -1913447828
147 288902992
148 288903010
149 -234466406
150 -234466393
151 -180029786
152 -180029779
153 -540089342
154 -540089331
155 -540089325
156 -540089319
157 -1080178641
158 -1620267958
159 -1620267947
160 -565836555
161 -591583789
162 -1183167591
163 -1774751363
164 -1440639931
165 -695175363
166 -695175344
167 -310774700
168 -310774690
169 -2011900086
170 271167121
171 271167128
172 542334266
173 542334283
174 1084668550
175 -1583295938
176 586041178
177 1172082343
178 1758123526
179 -1277347632
180 -1277347628
181 961551800
182 961551808
183 1923103621
184 -448760052
185 2120099559
186 1222579443
187 522055278
188 1744634728
189 -2028277289
190 1460992170
191 1177349610
192 -1940268076
193 -1940268073
194 414431148
195 -827763211
196 1941367179
197 1113603983
198 -1239996129
199 -126392131
200 860819693
201 734427564
202 228859007
203 1697714139
204 -899539020
205 798175129
206 1596350261
207 1494986378
208 392719592
209 -912274947
210 -519555343
211 -1039110690
212 -583234990
213 -2141901011
214 11165265
215 22330531
216 22330540
217 44661081
218 -2041413588
219 -1996752498
220 -1996752493
221 -1739951282
222 859725813
223 1674790551
224 -1202187393
225 -1202187380
226 -1202187365
227 -1202187362
228 -513782198
229 -1715969555
230 -1715969535
231 863028225
232 863028226
233 -1705882631
234 -842854401
235 1756317186
236 1756317199
237 -1625187307
238 131129908
239 2018576988
240 -2014130493
241 4446511
242 -2009683962
243 -2000790952
244 293385389
245 293385407
246 293385408
247 293385420
248 293385440
249 1173541676
250 1173541678
251 1173541693
252 -480956793
253 -480956774
254 -1736255804
255 2077754736
256 341498937
257 202041105
258 -1673672510
259 947622281
260 -726050215
261 -908560391
262 1934306466
263 299695867
264 -2060964958
265 -1461573223
266 1072124999
267 2144249995
268 -306163180
269 1838086826
270 1838086829
271 -618793636
272 -1237587274
273 1513629579
274 -342751316
275 1170878271
276 828126975
277 1932296254
278 807212485
279 100795393
280 544342083
281 544342094
282 -365978979
283 722705203
284 1445410403
285 -2126851682
286 -324715036
287 1843400595
288 1843400596
289 -932881128
290 302353365
291 1212872841
292 1515226221
293 1515226227
294 250711369
295 501422738
296 700492103
297 1452626225
298 -2141848951
299 763403503
300 74180785
301 -1304264660
302 -1230083874
303 1760618767
304 63854541
305 -709875219
306 1114598098
307 404722884
308 -1661048213
309 -1256325315
310 -2107927750
311 -2107927733
312 1456705584
313 279492089
314 -371730049
315 1443579441
316 1443579446
317 -1779538438
318 1015382498
319 1015382511
320 1694806020
321 1946032594
322 361253838
323 -1987680860
324 2014411599
325 26730748
326 26730768
327 53461529
328 53461531
329 -2120171104
330 -1959786519
331 321932750
332 -1637853768
333 -1637853753
334 -1637853746
335 -618593965
336 -618593954
337 -618593936
338 -1855781852
339 1820591523
340 -35190310
341 -35190290
342 1750210939
343 1715020660
344 -864925980
345 -1694661659
346 870453687
347 -1689133948
348 1781625385
349 -731716532
350 -731716513
351 -1370941598
352 -1370941595
353 89651070
354 911018665
355 -1741213454
356 -830194773
357 -1570738482
358 1063839269
359 1216659859
360 709760657
361 709760670
362 -594946836
363 -594946817
364 -1189893652
365 1915180003
366 725286367
367 260679084
368 -1393821827
369 -1133142735
370 1768002751
371 -758961806
372 1009040947
373 -508882666
374 -258803508
375 -258803499
376 -258803486
377 -258803482
378 -517606961
379 -517606960
380 -1552820873
381 1706932518
382 -363495299
383 -363495284
384 -363495264
385 -1090485832
386 -474039149
387 -1564524977
388 802422080
389 1968339436
390 -358288425
391 1610051012
392 -272443175
393 979319432
394 -367989003
395 338887264
396 950217711
397 1900435413
398 1900435415
399 -494096464
400 -494096447
401 912242516
402 912242527
403 -1558239737
404 -645997202
405 -379751893
406 -379751892
407 1331226592
408 1331226609
409 1256952230
410 -1135065630
411 -1135065628
412 2024836045
413 -1952083658
414 2097588434
415 145504789
416 1180779989
417 -871094071
418 455190711
419 764876647
420 764876654
421 1984944020
422 -325079263
423 -650158515
424 -650158501
425 -1300316999
426 1694333285
427 -256142206
428 1438191087
429 1576065183
430 157480059
431 1733545249
432 1733545262
433 -670396714
434 235271755
435 -1105521677
436 -1105521674
437 -1975771583
438 -326972584
439 -326972565
440 -653945139
441 1011305432
442 2022610866
443 -1914996133
444 -1914996120
445 464975045
446 929950094
447 1394925143
448 874854173
449 -2025187967
450 1174541461
451 1419132817
452 -1701293005
453 -1701293004
454 -808911711
455 -1617823422
456 1868232171
457 333878338
458 -2092856776
459 -1508569680
460 1277827944
461 -121487993
462 -352229726
463 1497651071
464 1145421363
465 -2004124579
466 165230152
467 451948285
468 451948297
469 1069126751
470 134128910
471 1655203977
472 -1436507642
473 -1436507626
474 -1083682372
475 1774777304
476 1774777308
477 1774777327
478 1029364653
479 -1490825301
480 567904004
481 567904020
482 567904025
483 1242251403
484 1810155436
485 -1242560444
486 -1242560432
487 567285967
488 -675274458
489 -107988487
490 1593869451
491 1485880974
492 1485880985
493 162675629
494 162675636
495 1811232263
496 2136583533
497 -347151482
498 1789432060
499 1257804719
500 1257804725
501 -1779357840
