0 0
1 4
2 21
3 30
4 70
5 136
6 156
7 426
8 587
9 1024
10 2336
11 2337
12 6729
13 11414
14 22823
15 45658
16 79902
17 166532
18 326342
19 492884
20 819244
21 1638482
22 3443497
23 3443506
24 9837618
25 13281131
26 13281149
27 39843422
28 66405711
29 142649032
30 142649050
31 391547227
32 743251024
33 1277447305
34 2020698330
35 -996821642
36 -996821639
37 27055064
38 54110132
39 54110133
40 54110153
41 -807436149
42 -753325984
43 -1452541835
44 1281663340
45 -1677530457
46 -1677530447
47 939906412
48 939906420
49 939906427
50 -535341627
51 404564811
52 -1606024848
53 -796895218
54 1761270418
55 -772426460
56 -1009511280
57 -20667321
58 -1802605048
59 689757190
60 -2143026455
61 1039092998
62 1039093007
63 -64840433
64 -64840427
65 -64840425
66 -64840405
67 -194521255
68 -194521238
69 -389042485
70 -842925369
71 -842925352
72 1831031610
73 988106270
74 -1475829414
75 -342542240
76 -342542226
77 -685084463
78 -1027626681
79 -2055253361
80 184460567
81 1396547823
82 1581008393
83 -1132950500
84 -1132950487
85 -1132950467
86 -421295223
87 -1554245681
88 -1975540894
89 -1975540876
90 1530361468
91 -101293909
92 218707405
93 1991660492
94 -2084599393
95 24474602
96 24474619
97 24474638
98 48949268
99 97898527
100 97898532
101 97898549
102 195797086
103 195797103
104 391594201
105 391594204
106 391594218
107 783188425
108 1174782649
109 -1945401986
110 404163307
111 404163322
112 820895731
113 1225059065
114 -1844849162
115 -619790094
116 -418684440
117 -1658264616
118 978438054
119 -1098510988
120 -1098510986
121 -1098510972
122 999434361
123 -1197587590
124 801281129
125 -396306448
126 -792612893
127 -1585225801
128 -1585225796
129 1124515705
130 1060112065
131 599401977
132 599401991
133 1198803980
134 1198803999
135 -1297957308
136 1099650675
137 -198306613
138 901344081
139 1703534854
140 -2086701595
141 319870730
142 -1766830851
143 -1830126857
144 1017880337
145 -50940939
146 1984819729
147 -645198576
148 1339621165
149 1339621179
150 2034043771
151 2034043774
152 -1842604685
153 191439093
154 -1878045330
155 765756388
156 -920849837
157 -1841699684
158 420128850
159 -1576664272
160 1296732202
161 -1701502896
162 891961512
163 -1089473442
164 -1899014813
165 1306479050
166 -1682009188
167 -1682009180
168 930948945
169 -751060220
170 -1877650582
171 1666256507
172 -962454284
173 -993959614
174 -290157388
175 -1284116998
176 1726733306
177 442616312
178 -398884377
179 486348244
180 -2038153810
181 -1551805555
182 -1551805538
183 -1551805525
184 -1912254883
185 830906897
186 1661813788
187 580465811
188 1160931631
189 -60849164
190 1680548283
191 727943064
192 727943080
193 -1158532868
194 -430589774
195 -430589765
196 -563826258
197 1711428641
198 -872110021
199 275492377
200 -596617643
201 518193368
202 -78424256
203 -753466160
204 -634822311
205 -634822293
206 -2101535001
207 -2101534997
208 -2101534978
209 1015685018
210 -993952658
211 -1987905311
212 -1874275626
213 432786369
214 -1441489255
215 -1441489247
216 -1441489246
217 1411988816
218 -29500413
219 -59000842
220 -118001679
221 -206502927
222 -383505446
223 -708010045
224 -1475020934
225 2111936329
226 636915410
227 636915417
228 636915428
229 -1747305634
230 163440633
231 -310034142
232 -1893899137
233 -1893899122
234 197134901
235 394269805
236 788539607
237 1379944317
238 865989516
239 865989532
240 1731979053
241 1731979064
242 -831009160
243 -1662018326
244 970930632
245 -691087690
246 2081782759
247 -1933341591
248 -1933341580
249 -1784900393
250 576725325
251 576725339
252 576725342
253 -54724379
254 1675451628
255 -944064030
256 1253388573
257 1253388583
258 -1056802526
259 -1056802512
260 -550891909
261 1630470363
262 22775943
263 22775960
264 1676022282
265 -1493814639
266 182207648
267 -1311606979
268 -1129399317
269 542354029
270 1084708041
271 -813944225
272 813117850
273 -826361
274 812291491
275 1895346807
276 1895346810
277 -504273666
278 -197082211
279 -701355869
280 -701355863
281 -1402711720
282 788187978
283 -2017235462
284 961852247
285 -267195233
286 -267195232
287 -1589773672
288 1115419949
289 -46891930
290 -46891913
291 -46891895
292 -93783804
293 -140675689
294 -328243300
295 -562702775
296 -1172297447
297 2091048097
298 2091048101
299 -1285168529
300 1161927462
301 1967807041
302 1844565989
303 -482594264
304 -965188527
305 -965188515
306 -1930377025
307 -48381027
308 -96762042
309 -2075520081
310 2074304158
311 -1215907
312 -1215888
313 -3647702
314 -6079490
315 -6079480
316 -12158968
317 -24317920
318 -42556356
319 -91192208
320 -170225437
321 -170225419
322 -340450843
323 -510676248
324 -1021352491
325 -1021352474
326 1741586088
327 1741586103
328 1440467228
329 -392680346
330 -392680344
331 -156688563
332 498417994
333 341729443
334 290778531
335 632507982
336 1763433968
337 -1899025338
338 787695146
339 1575390304
340 -1931881829
341 -1931881826
342 2006593949
343 -281779389
344 -281779375
345 1874238828
346 -977693264
347 614766197
348 947753017
349 584825960
350 -1251076547
351 -81424620
352 -747675204
353 -547597390
354 -2042947792
355 -375754242
356 -375754227
357 -751508455
358 -1503016915
359 1664687715
360 -1341346118
361 -1341346113
362 1773945885
363 -747075533
364 1026870368
365 2053740740
366 -187485824
367 2146049758
368 -2867784
369 -2867764
370 -288398169
371 -291265923
372 -291265911
373 -582531815
374 -1456329567
375 1385175922
376 -71153627
377 -724839069
378 -1449678149
379 2120450081
380 -54067125
381 2066382966
382 -1611879514
383 400436347
384 854939804
385 -356503347
386 -356503342
387 -356503334
388 -214570218
389 -571073546
390 -1142147078
391 2010673123
392 2010673130
393 -1415768110
394 594905029
395 2058336101
396 -1046821136
397 -2093642263
398 -1902990361
399 -748486462
400 -1496972920
401 1301021459
402 -944437913
403 503101117
404 -637288256
405 -1078625049
406 -1078625039
407 2137717226
408 -656821114
409 1480896126
410 1480896144
411 -1989996137
412 971796147
413 1943592292
414 1943592295
415 -1425982688
416 -861969234
417 2007015381
418 1145046163
419 -2004874968
420 285217343
421 1432403920
422 -287253686
423 1145150251
424 570642866
425 -1148806586
426 1712136767
427 1133973060
428 1697303243
429 -900360800
430 -651915014
431 -1552275808
432 2090776488
433 -1013775132
434 -475274441
435 -950548883
436 -1901097760
437 -45728903
438 -91457806
439 1306133945
440 -1682699392
441 -513752152
442 -1027504307
443 -1027504299
444 -2055008602
445 1212454399
446 -1870058485
447 -657604074
448 1767304738
449 452096579
450 452096598
451 143835365
452 595931965
453 1643960513
454 -1007046271
455 1376681589
456 369635320
457 1746316924
458 -802333444
459 -802333428
460 -802333412
461 1887967024
462 1085633613
463 1368933800
464 1368933815
465 1368933816
466 -1509532512
467 -1697698366
468 -1697698362
469 2127905696
470 -1267491025
471 1759985244
472 922701570
473 922701582
474 170835783
475 1093537374
476 574794258
477 -610396709
478 -610396691
479 618374032
480 1065912272
481 1073889622
482 -2147188048
483 -1073298418
484 -2146596827
485 -1072115979
486 -2144231960
487 -1067977461
488 1085713963
489 -2126495445
490 -1040781471
491 -2081562938
492 -936136045
493 1277268324
494 341132297
495 682264584
496 -1994302084
497 -1994302082
498 1329760023
499 1329760031
500 -646819518
501 -1975903614
